D:\KID metingen\Entropy ADR\LT343chip5_BF_20240530_mapping\S21\Power\KID198_96dBm_.dat
Power at KID:96dBm
resonance Frequency in GHz :6.612978
Q=24047.192726, Qc=26219.146186, Qi=290290.226327  S21min=-21.635361


Temperature in K:0.099964
GHz	dB	Rad
6.612242000	-0.831541777	-0.217644809
6.612243000	-0.837303579	-0.219198914
6.612244000	-0.831068695	-0.218450632
6.612245000	-0.834838092	-0.218955168
6.612246000	-0.835307658	-0.217624852
6.612247000	-0.837203622	-0.219385418
6.612248000	-0.831640065	-0.219379975
6.612249000	-0.836656630	-0.219013108
6.612250000	-0.830588102	-0.219649637
6.612251000	-0.843319237	-0.219749606
6.612252000	-0.834837079	-0.220103423
6.612253000	-0.841325521	-0.219965172
6.612254000	-0.832813442	-0.219993185
6.612255000	-0.846985102	-0.219633275
6.612256000	-0.845267415	-0.221194770
6.612257000	-0.837455332	-0.220321170
6.612258000	-0.840821266	-0.219935944
6.612259000	-0.838813365	-0.221107635
6.612260000	-0.840391278	-0.221725421
6.612261000	-0.843120039	-0.221535754
6.612262000	-0.842812955	-0.220759410
6.612263000	-0.835438788	-0.221416861
6.612264000	-0.842333496	-0.222621126
6.612265000	-0.837758541	-0.221959596
6.612266000	-0.832893670	-0.223303428
6.612267000	-0.843245447	-0.220867434
6.612268000	-0.839941919	-0.223414781
6.612269000	-0.844929993	-0.223016888
6.612270000	-0.838786066	-0.222280857
6.612271000	-0.848506153	-0.222192357
6.612272000	-0.850761235	-0.223304193
6.612273000	-0.840879381	-0.222697658
6.612274000	-0.840679348	-0.222860527
6.612275000	-0.844244540	-0.223898927
6.612276000	-0.839772940	-0.224493511
6.612277000	-0.842726052	-0.224457958
6.612278000	-0.842896402	-0.224637538
6.612279000	-0.839439392	-0.223764271
6.612280000	-0.845692337	-0.224173665
6.612281000	-0.844218791	-0.223950409
6.612282000	-0.843592584	-0.224462119
6.612283000	-0.846240044	-0.224922679
6.612284000	-0.844079137	-0.223800573
6.612285000	-0.841927290	-0.225089110
6.612286000	-0.845860660	-0.224516681
6.612287000	-0.839658499	-0.225508941
6.612288000	-0.849230170	-0.226048398
6.612289000	-0.849094629	-0.225460987
6.612290000	-0.851724207	-0.226056953
6.612291000	-0.850514472	-0.225677336
6.612292000	-0.835486233	-0.226580514
6.612293000	-0.846381724	-0.226052026
6.612294000	-0.845896780	-0.226242825
6.612295000	-0.853575885	-0.226720896
6.612296000	-0.843765140	-0.226312367
6.612297000	-0.849157631	-0.226710476
6.612298000	-0.841820598	-0.227094154
6.612299000	-0.852827489	-0.226936628
6.612300000	-0.851355255	-0.228200415
6.612301000	-0.848909497	-0.227300516
6.612302000	-0.848471642	-0.227469410
6.612303000	-0.851490557	-0.228502501
6.612304000	-0.850410938	-0.228395858
6.612305000	-0.855619431	-0.228873063
6.612306000	-0.848313034	-0.229375535
6.612307000	-0.853750885	-0.228596876
6.612308000	-0.849089384	-0.228911312
6.612309000	-0.857669890	-0.229115377
6.612310000	-0.851599276	-0.229645696
6.612311000	-0.846272528	-0.229467797
6.612312000	-0.859444857	-0.229397789
6.612313000	-0.854810059	-0.230433442
6.612314000	-0.853716969	-0.229951809
6.612315000	-0.855168641	-0.229673393
6.612316000	-0.857527435	-0.229722511
6.612317000	-0.860825121	-0.231580216
6.612318000	-0.845437169	-0.230961347
6.612319000	-0.855523646	-0.231679069
6.612320000	-0.858311236	-0.230795083
6.612321000	-0.848052740	-0.231467181
6.612322000	-0.861625314	-0.231363202
6.612323000	-0.861562490	-0.231226515
6.612324000	-0.852569818	-0.232461256
6.612325000	-0.857966483	-0.232397474
6.612326000	-0.855099797	-0.232370709
6.612327000	-0.861635268	-0.232612590
6.612328000	-0.857376933	-0.231536390
6.612329000	-0.853765965	-0.232813842
6.612330000	-0.857569337	-0.232651656
6.612331000	-0.857464969	-0.233887895
6.612332000	-0.857176840	-0.232979957
6.612333000	-0.849936783	-0.234031939
6.612334000	-0.862838149	-0.234251733
6.612335000	-0.852055132	-0.234263251
6.612336000	-0.853573859	-0.233884316
6.612337000	-0.859755039	-0.235108838
6.612338000	-0.867193162	-0.234549591
6.612339000	-0.860348165	-0.235990610
6.612340000	-0.852229655	-0.235548509
6.612341000	-0.862906516	-0.235333143
6.612342000	-0.858117461	-0.234535509
6.612343000	-0.861939490	-0.236367997
6.612344000	-0.859590113	-0.236552421
6.612345000	-0.862270534	-0.236406247
6.612346000	-0.867814660	-0.236468698
6.612347000	-0.864123225	-0.235858900
6.612348000	-0.863971233	-0.236341715
6.612349000	-0.863453746	-0.236844720
6.612350000	-0.860287011	-0.237124518
6.612351000	-0.870024502	-0.237996637
6.612352000	-0.862643600	-0.238032822
6.612353000	-0.859806895	-0.237757501
6.612354000	-0.861020207	-0.237595132
6.612355000	-0.861568570	-0.237898016
6.612356000	-0.870939016	-0.238070156
6.612357000	-0.869138420	-0.238857953
6.612358000	-0.862424135	-0.239169459
6.612359000	-0.859351635	-0.239107707
6.612360000	-0.870530188	-0.240144210
6.612361000	-0.862099826	-0.239953727
6.612362000	-0.870107532	-0.239747049
6.612363000	-0.861519516	-0.239678273
6.612364000	-0.863288343	-0.240057823
6.612365000	-0.865794539	-0.240518134
6.612366000	-0.857027650	-0.240565771
6.612367000	-0.867722452	-0.241746317
6.612368000	-0.862280726	-0.241182010
6.612369000	-0.868184566	-0.240763378
6.612370000	-0.863324404	-0.240921803
6.612371000	-0.863979161	-0.242495714
6.612372000	-0.866243124	-0.242920838
6.612373000	-0.870497465	-0.242323424
6.612374000	-0.867360413	-0.242980027
6.612375000	-0.861371636	-0.242960702
6.612376000	-0.860966504	-0.242350905
6.612377000	-0.869017780	-0.243260058
6.612378000	-0.873266995	-0.243640191
6.612379000	-0.858830631	-0.243202018
6.612380000	-0.866955519	-0.243493301
6.612381000	-0.866552174	-0.244207494
6.612382000	-0.873792171	-0.244196875
6.612383000	-0.872888863	-0.243799681
6.612384000	-0.872013569	-0.244544934
6.612385000	-0.872765303	-0.245016962
6.612386000	-0.879218042	-0.244846004
6.612387000	-0.876205385	-0.244764378
6.612388000	-0.875006676	-0.244807088
6.612389000	-0.874369383	-0.245434762
6.612390000	-0.870679259	-0.245803643
6.612391000	-0.876633227	-0.246723932
6.612392000	-0.876122534	-0.246213687
6.612393000	-0.877077639	-0.246946439
6.612394000	-0.873617053	-0.246645385
6.612395000	-0.873299956	-0.248269897
6.612396000	-0.878769159	-0.247417719
6.612397000	-0.871185124	-0.247629090
6.612398000	-0.878632605	-0.248600945
6.612399000	-0.872252524	-0.247524744
6.612400000	-0.865310550	-0.248507501
6.612401000	-0.877825975	-0.248836651
6.612402000	-0.871420383	-0.249270796
6.612403000	-0.877855778	-0.249244298
6.612404000	-0.873686731	-0.249096076
6.612405000	-0.879031658	-0.249655357
6.612406000	-0.874192357	-0.250179866
6.612407000	-0.874279976	-0.250569287
6.612408000	-0.885084271	-0.250813515
6.612409000	-0.880947828	-0.251093930
6.612410000	-0.882231116	-0.251061173
6.612411000	-0.873860180	-0.250733854
6.612412000	-0.872316062	-0.251106230
6.612413000	-0.886666715	-0.251663480
6.612414000	-0.880801797	-0.253049489
6.612415000	-0.881157756	-0.251864615
6.612416000	-0.873792171	-0.253090302
6.612417000	-0.884163976	-0.252988103
6.612418000	-0.883548141	-0.252131497
6.612419000	-0.882713318	-0.252673534
6.612420000	-0.872734010	-0.252775966
6.612421000	-0.884137273	-0.253658737
6.612422000	-0.881696224	-0.253937819
6.612423000	-0.880710781	-0.253508268
6.612424000	-0.876924634	-0.255078352
6.612425000	-0.881931067	-0.253854363
6.612426000	-0.878474414	-0.254536448
6.612427000	-0.887779474	-0.256510466
6.612428000	-0.884771943	-0.256273928
6.612429000	-0.889450371	-0.255964335
6.612430000	-0.893611193	-0.255123908
6.612431000	-0.880459368	-0.255964169
6.612432000	-0.884897828	-0.256542125
6.612433000	-0.893710971	-0.256425861
6.612434000	-0.888536453	-0.257168900
6.612435000	-0.897570729	-0.257466175
6.612436000	-0.893873751	-0.257078735
6.612437000	-0.896743059	-0.257130983
6.612438000	-0.882380426	-0.257787119
6.612439000	-0.896732986	-0.258640379
6.612440000	-0.893803358	-0.258107664
6.612441000	-0.891355097	-0.258472450
6.612442000	-0.890356958	-0.258469671
6.612443000	-0.892560184	-0.259385532
6.612444000	-0.892804444	-0.259351144
6.612445000	-0.900942206	-0.259536899
6.612446000	-0.891798913	-0.260237943
6.612447000	-0.899775028	-0.260619042
6.612448000	-0.884871542	-0.261069981
6.612449000	-0.900088310	-0.261913837
6.612450000	-0.893879771	-0.261676882
6.612451000	-0.892898619	-0.261531474
6.612452000	-0.893599868	-0.261623053
6.612453000	-0.900815070	-0.260841432
6.612454000	-0.890363872	-0.262217171
6.612455000	-0.895514309	-0.261602464
6.612456000	-0.897551954	-0.261503827
6.612457000	-0.898701489	-0.262682409
6.612458000	-0.894734740	-0.263647405
6.612459000	-0.892513096	-0.264163975
6.612460000	-0.895484388	-0.263245967
6.612461000	-0.902191997	-0.264139574
6.612462000	-0.897101104	-0.264158616
6.612463000	-0.902182817	-0.264048960
6.612464000	-0.894937456	-0.264812438
6.612465000	-0.901430905	-0.264262146
6.612466000	-0.902804732	-0.265645142
6.612467000	-0.895955980	-0.265791117
6.612468000	-0.897634327	-0.264365710
6.612469000	-0.901192605	-0.266237196
6.612470000	-0.901301265	-0.266170234
6.612471000	-0.904499173	-0.266848325
6.612472000	-0.904278159	-0.267068502
6.612473000	-0.908123434	-0.266306605
6.612474000	-0.901897132	-0.267414064
6.612475000	-0.902698278	-0.267541346
6.612476000	-0.908968747	-0.267829600
6.612477000	-0.909686208	-0.268403362
6.612478000	-0.907461405	-0.268241341
6.612479000	-0.903700948	-0.268580112
6.612480000	-0.903537691	-0.269559123
6.612481000	-0.909186006	-0.268192123
6.612482000	-0.901589215	-0.269971880
6.612483000	-0.906699181	-0.270588602
6.612484000	-0.903842509	-0.270010646
6.612485000	-0.905131400	-0.270531693
6.612486000	-0.909726501	-0.270799424
6.612487000	-0.908162951	-0.271442328
6.612488000	-0.913097382	-0.271490431
6.612489000	-0.917307019	-0.272230307
6.612490000	-0.906537354	-0.273587521
6.612491000	-0.915037155	-0.272047015
6.612492000	-0.911182642	-0.273241709
6.612493000	-0.916244805	-0.272210667
6.612494000	-0.915470600	-0.273271121
6.612495000	-0.916766167	-0.274691235
6.612496000	-0.915673733	-0.274088861
6.612497000	-0.915758133	-0.273998480
6.612498000	-0.918346226	-0.274343442
6.612499000	-0.920563877	-0.275374502
6.612500000	-0.920033753	-0.274789339
6.612501000	-0.911266863	-0.275436470
6.612502000	-0.922218502	-0.275410055
6.612503000	-0.920381844	-0.275902690
6.612504000	-0.918547869	-0.276390165
6.612505000	-0.913648605	-0.276449054
6.612506000	-0.924036503	-0.277564353
6.612507000	-0.924394608	-0.278106755
6.612508000	-0.919280708	-0.278365082
6.612509000	-0.927761495	-0.277674508
6.612510000	-0.919722378	-0.279221804
6.612511000	-0.922274411	-0.278699042
6.612512000	-0.918442011	-0.279583745
6.612513000	-0.922544181	-0.279886446
6.612514000	-0.925230384	-0.279965076
6.612515000	-0.921567082	-0.279803256
6.612516000	-0.929445624	-0.280587723
6.612517000	-0.927832544	-0.281334573
6.612518000	-0.927758396	-0.280751973
6.612519000	-0.929226279	-0.280878573
6.612520000	-0.919456422	-0.281952726
6.612521000	-0.929139197	-0.282414918
6.612522000	-0.933726609	-0.282218476
6.612523000	-0.929931045	-0.281458277
6.612524000	-0.924543917	-0.282781202
6.612525000	-0.926658988	-0.283653188
6.612526000	-0.928841829	-0.283941808
6.612527000	-0.924937606	-0.284677306
6.612528000	-0.926459730	-0.285054943
6.612529000	-0.939059973	-0.285124218
6.612530000	-0.931367338	-0.284961699
6.612531000	-0.937838554	-0.285772465
6.612532000	-0.928036332	-0.286131459
6.612533000	-0.931481004	-0.286439687
6.612534000	-0.919247627	-0.286778407
6.612535000	-0.941486359	-0.288300237
6.612536000	-0.928788543	-0.287389503
6.612537000	-0.940658092	-0.288543650
6.612538000	-0.930878520	-0.288658133
6.612539000	-0.930495501	-0.288583365
6.612540000	-0.944069326	-0.288239384
6.612541000	-0.945719123	-0.289082874
6.612542000	-0.944934189	-0.288724412
6.612543000	-0.935890317	-0.289912149
6.612544000	-0.947117388	-0.290423509
6.612545000	-0.943052828	-0.290707302
6.612546000	-0.949853778	-0.290629105
6.612547000	-0.946438491	-0.291188635
6.612548000	-0.942418933	-0.290682335
6.612549000	-0.942024529	-0.291347227
6.612550000	-0.948251486	-0.292711964
6.612551000	-0.936961353	-0.292900049
6.612552000	-0.947064638	-0.292565922
6.612553000	-0.946502268	-0.294993860
6.612554000	-0.954574823	-0.294960570
6.612555000	-0.949353039	-0.294410628
6.612556000	-0.945070803	-0.294540623
6.612557000	-0.945331752	-0.294106128
6.612558000	-0.962709308	-0.294904744
6.612559000	-0.953399658	-0.296466788
6.612560000	-0.948204696	-0.296203567
6.612561000	-0.954901278	-0.296086422
6.612562000	-0.953998625	-0.296553474
6.612563000	-0.950796783	-0.297333780
6.612564000	-0.954053700	-0.297543703
6.612565000	-0.957886100	-0.297574197
6.612566000	-0.958214283	-0.298064218
6.612567000	-0.966321290	-0.298239754
6.612568000	-0.951900125	-0.298602377
6.612569000	-0.962340653	-0.300022374
6.612570000	-0.958639264	-0.299643772
6.612571000	-0.958875835	-0.300116517
6.612572000	-0.965377867	-0.300305135
6.612573000	-0.958669245	-0.299619970
6.612574000	-0.965325892	-0.302047608
6.612575000	-0.958146334	-0.300680508
6.612576000	-0.963693202	-0.301809854
6.612577000	-0.962631404	-0.304235428
6.612578000	-0.962065637	-0.303898372
6.612579000	-0.968694866	-0.303042998
6.612580000	-0.967040122	-0.303963220
6.612581000	-0.969199717	-0.304123642
6.612582000	-0.970425606	-0.304100173
6.612583000	-0.973187923	-0.305038405
6.612584000	-0.964210689	-0.304862503
6.612585000	-0.969006002	-0.306124142
6.612586000	-0.975584865	-0.306194217
6.612587000	-0.977552593	-0.306227706
6.612588000	-0.981985450	-0.307812586
6.612589000	-0.972899020	-0.307915917
6.612590000	-0.973897398	-0.308293054
6.612591000	-0.986468554	-0.307892048
6.612592000	-0.980843663	-0.308984610
6.612593000	-0.989535630	-0.308829514
6.612594000	-0.979995549	-0.309766315
6.612595000	-0.980461299	-0.309985060
6.612596000	-0.981415689	-0.310377710
6.612597000	-0.976507366	-0.309832927
6.612598000	-0.980438352	-0.311530193
6.612599000	-0.983382702	-0.311574901
6.612600000	-0.984527528	-0.313227558
6.612601000	-0.985465527	-0.311829832
6.612602000	-0.982043505	-0.313192505
6.612603000	-0.981506765	-0.313965920
6.612604000	-0.991706133	-0.313904534
6.612605000	-0.986705124	-0.314850089
6.612606000	-0.989207864	-0.315398734
6.612607000	-0.983870447	-0.315250762
6.612608000	-0.993235946	-0.314503912
6.612609000	-0.996512115	-0.316048745
6.612610000	-0.988531113	-0.317723773
6.612611000	-0.993050218	-0.317025692
6.612612000	-0.993925929	-0.317851439
6.612613000	-0.991735101	-0.317754466
6.612614000	-0.992846549	-0.319117206
6.612615000	-0.999869227	-0.319723341
6.612616000	-1.010817289	-0.320240028
6.612617000	-1.003210425	-0.319325598
6.612618000	-1.008503437	-0.319947579
6.612619000	-1.003961682	-0.321123298
6.612620000	-1.005849481	-0.320762673
6.612621000	-1.012264252	-0.321025128
6.612622000	-1.006570458	-0.322137064
6.612623000	-1.004263520	-0.322579049
6.612624000	-1.015825272	-0.323671178
6.612625000	-1.014194250	-0.324290097
6.612626000	-1.015408874	-0.323651437
6.612627000	-1.020824671	-0.325090044
6.612628000	-1.011715889	-0.326967372
6.612629000	-1.018324375	-0.326027676
6.612630000	-1.019122839	-0.327363651
6.612631000	-1.018395305	-0.327963827
6.612632000	-1.012430906	-0.327105557
6.612633000	-1.014564276	-0.327224501
6.612634000	-1.019409060	-0.328283806
6.612635000	-1.020580292	-0.328394760
6.612636000	-1.022724867	-0.329227897
6.612637000	-1.016705394	-0.329517416
6.612638000	-1.019608378	-0.329900911
6.612639000	-1.020721674	-0.330504250
6.612640000	-1.022766948	-0.329689190
6.612641000	-1.021870732	-0.330816772
6.612642000	-1.027480960	-0.333009253
6.612643000	-1.032303691	-0.332728123
6.612644000	-1.022013426	-0.332443897
6.612645000	-1.032945156	-0.332997735
6.612646000	-1.031278133	-0.333936932
6.612647000	-1.027246475	-0.333939994
6.612648000	-1.029823899	-0.335776344
6.612649000	-1.041402936	-0.335991793
6.612650000	-1.037773848	-0.336014097
6.612651000	-1.045184851	-0.336151849
6.612652000	-1.039146423	-0.337186088
6.612653000	-1.046645641	-0.337441918
6.612654000	-1.044749975	-0.338983555
6.612655000	-1.038883805	-0.339159657
6.612656000	-1.043000698	-0.339859169
6.612657000	-1.048658013	-0.340695269
6.612658000	-1.047735453	-0.341166815
6.612659000	-1.048048735	-0.340668737
6.612660000	-1.043862224	-0.341493185
6.612661000	-1.055307627	-0.342493302
6.612662000	-1.048427224	-0.342539574
6.612663000	-1.046401858	-0.342729358
6.612664000	-1.046634078	-0.343781307
6.612665000	-1.048599720	-0.345577509
6.612666000	-1.054903150	-0.345923220
6.612667000	-1.065521717	-0.345912634
6.612668000	-1.062626481	-0.347011155
6.612669000	-1.053104997	-0.347632237
6.612670000	-1.063606739	-0.347779610
6.612671000	-1.066720724	-0.348741744
6.612672000	-1.072572112	-0.349190386
6.612673000	-1.064942598	-0.349806509
6.612674000	-1.071478486	-0.351109793
6.612675000	-1.075401425	-0.351829879
6.612676000	-1.074262857	-0.352225491
6.612677000	-1.075051665	-0.351796290
6.612678000	-1.076458216	-0.353553809
6.612679000	-1.070806265	-0.353623318
6.612680000	-1.084103465	-0.354379889
6.612681000	-1.079367280	-0.354531789
6.612682000	-1.088359952	-0.355193951
6.612683000	-1.082713962	-0.356299029
6.612684000	-1.080022216	-0.356201158
6.612685000	-1.087101936	-0.357053403
6.612686000	-1.089644670	-0.357194018
6.612687000	-1.096461892	-0.359172547
6.612688000	-1.089506269	-0.360288311
6.612689000	-1.086549163	-0.360711255
6.612690000	-1.104323030	-0.360157617
6.612691000	-1.090930820	-0.359032664
6.612692000	-1.105830193	-0.361210764
6.612693000	-1.095679641	-0.362399166
6.612694000	-1.097000003	-0.361488165
6.612695000	-1.102563143	-0.363330008
6.612696000	-1.098374963	-0.363927521
6.612697000	-1.102656364	-0.364781796
6.612698000	-1.114923596	-0.365317924
6.612699000	-1.112736702	-0.366520941
6.612700000	-1.103835702	-0.366337149
6.612701000	-1.111391544	-0.366652700
6.612702000	-1.115363717	-0.368205457
6.612703000	-1.110922217	-0.368413216
6.612704000	-1.116537690	-0.368737922
6.612705000	-1.116100550	-0.370452931
6.612706000	-1.124975204	-0.370079257
6.612707000	-1.119261861	-0.370843451
6.612708000	-1.131238222	-0.372074863
6.612709000	-1.132575870	-0.371898329
6.612710000	-1.135800004	-0.374444843
6.612711000	-1.134048700	-0.375288932
6.612712000	-1.128181934	-0.374690387
6.612713000	-1.135434389	-0.374211650
6.612714000	-1.144101977	-0.376568515
6.612715000	-1.142258406	-0.377857684
6.612716000	-1.149536490	-0.378501837
6.612717000	-1.139311790	-0.378560193
6.612718000	-1.147120833	-0.378586858
6.612719000	-1.145576954	-0.380900413
6.612720000	-1.149399996	-0.381280579
6.612721000	-1.142131090	-0.381590038
6.612722000	-1.145686984	-0.382451471
6.612723000	-1.156790853	-0.382095140
6.612724000	-1.150899887	-0.382804440
6.612725000	-1.161829472	-0.384544150
6.612726000	-1.165145755	-0.385259308
6.612727000	-1.168655038	-0.385495897
6.612728000	-1.166778207	-0.386340751
6.612729000	-1.167186260	-0.387190899
6.612730000	-1.165871739	-0.389235674
6.612731000	-1.171749830	-0.388407597
6.612732000	-1.180539966	-0.390514258
6.612733000	-1.178186893	-0.391315470
6.612734000	-1.175231099	-0.392754009
6.612735000	-1.174845338	-0.393170095
6.612736000	-1.180424094	-0.393575495
6.612737000	-1.188780665	-0.394096209
6.612738000	-1.187180996	-0.393901998
6.612739000	-1.192208648	-0.395220296
6.612740000	-1.185907483	-0.396552077
6.612741000	-1.200862288	-0.396079033
6.612742000	-1.197371483	-0.399292436
6.612743000	-1.199334264	-0.398690395
6.612744000	-1.201072693	-0.399448164
6.612745000	-1.197889090	-0.399949837
6.612746000	-1.208832741	-0.402400944
6.612747000	-1.207914591	-0.403121429
6.612748000	-1.214289904	-0.403372665
6.612749000	-1.216969967	-0.403712917
6.612750000	-1.227476835	-0.406093983
6.612751000	-1.231902599	-0.405271998
6.612752000	-1.222410321	-0.406870860
6.612753000	-1.222309828	-0.407117303
6.612754000	-1.228338361	-0.408682542
6.612755000	-1.224801421	-0.408665498
6.612756000	-1.231068134	-0.409892050
6.612757000	-1.243419051	-0.411558257
6.612758000	-1.236594319	-0.412293256
6.612759000	-1.245507598	-0.412222283
6.612760000	-1.252955794	-0.413329892
6.612761000	-1.246945620	-0.414223482
6.612762000	-1.253006697	-0.415693680
6.612763000	-1.260282636	-0.417080721
6.612764000	-1.263951898	-0.419046666
6.612765000	-1.265672207	-0.419769715
6.612766000	-1.263923287	-0.419707929
6.612767000	-1.271268368	-0.422213232
6.612768000	-1.268060565	-0.420907084
6.612769000	-1.281596065	-0.424085833
6.612770000	-1.274813056	-0.423616751
6.612771000	-1.282738924	-0.424925794
6.612772000	-1.288571954	-0.425371374
6.612773000	-1.294661403	-0.427063647
6.612774000	-1.294622898	-0.428834516
6.612775000	-1.298457742	-0.428949598
6.612776000	-1.299792767	-0.430011034
6.612777000	-1.306041121	-0.432600559
6.612778000	-1.312042952	-0.433190449
6.612779000	-1.313781857	-0.433313021
6.612780000	-1.317993879	-0.434397626
6.612781000	-1.318705559	-0.437224905
6.612782000	-1.325094938	-0.436283577
6.612783000	-1.324635744	-0.437597081
6.612784000	-1.328734517	-0.437399475
6.612785000	-1.328065872	-0.438287606
6.612786000	-1.333122373	-0.441925617
6.612787000	-1.346565366	-0.442695537
6.612788000	-1.337446690	-0.444750199
6.612789000	-1.352842450	-0.443907908
6.612790000	-1.337954402	-0.445928381
6.612791000	-1.354150534	-0.447503042
6.612792000	-1.356421590	-0.447432801
6.612793000	-1.363250494	-0.449214589
6.612794000	-1.371147394	-0.451054001
6.612795000	-1.365953326	-0.450606191
6.612796000	-1.370227933	-0.453372616
6.612797000	-1.374506712	-0.453732808
6.612798000	-1.387862086	-0.455382104
6.612799000	-1.380593300	-0.455821792
6.612800000	-1.385046244	-0.456530659
6.612801000	-1.388398767	-0.457872859
6.612802000	-1.397085309	-0.459669094
6.612803000	-1.403205395	-0.460042103
6.612804000	-1.410518527	-0.461669095
6.612805000	-1.410760403	-0.462333454
6.612806000	-1.414189219	-0.463360702
6.612807000	-1.418408394	-0.465867036
6.612808000	-1.435738206	-0.468476401
6.612809000	-1.434682488	-0.469729951
6.612810000	-1.443978548	-0.468532627
6.612811000	-1.439467907	-0.471705284
6.612812000	-1.448572993	-0.473139629
6.612813000	-1.462183595	-0.473735146
6.612814000	-1.454288125	-0.473593266
6.612815000	-1.465716362	-0.476125632
6.612816000	-1.471985340	-0.478277899
6.612817000	-1.478035688	-0.479128213
6.612818000	-1.483524084	-0.479943706
6.612819000	-1.478482008	-0.481210639
6.612820000	-1.501815677	-0.484572680
6.612821000	-1.498136640	-0.484170509
6.612822000	-1.494288087	-0.485362640
6.612823000	-1.509919047	-0.487384412
6.612824000	-1.518822193	-0.489384047
6.612825000	-1.518911242	-0.490750348
6.612826000	-1.524490356	-0.493084076
6.612827000	-1.534440756	-0.493758189
6.612828000	-1.544984221	-0.496407768
6.612829000	-1.548528790	-0.497439143
6.612830000	-1.554911852	-0.498885739
6.612831000	-1.558636665	-0.498897058
6.612832000	-1.560302138	-0.499540977
6.612833000	-1.572105169	-0.502490228
6.612834000	-1.575608492	-0.503596505
6.612835000	-1.589099765	-0.506223081
6.612836000	-1.600228310	-0.509257986
6.612837000	-1.612283826	-0.510250346
6.612838000	-1.617255688	-0.513687256
6.612839000	-1.625158548	-0.513996782
6.612840000	-1.622842193	-0.515257555
6.612841000	-1.642274737	-0.518491498
6.612842000	-1.644018650	-0.520322921
6.612843000	-1.646393061	-0.519788857
6.612844000	-1.655705810	-0.522293860
6.612845000	-1.665573835	-0.524465868
6.612846000	-1.671658278	-0.525919454
6.612847000	-1.681016803	-0.527847583
6.612848000	-1.682624936	-0.529591853
6.612849000	-1.695047140	-0.530088966
6.612850000	-1.711093068	-0.533810334
6.612851000	-1.711008430	-0.536824167
6.612852000	-1.731726170	-0.538170594
6.612853000	-1.729159951	-0.539985372
6.612854000	-1.741817713	-0.541077202
6.612855000	-1.753726840	-0.543636333
6.612856000	-1.771343112	-0.545375843
6.612857000	-1.772402644	-0.548141203
6.612858000	-1.790413618	-0.551761638
6.612859000	-1.792940021	-0.552656227
6.612860000	-1.806226373	-0.554716714
6.612861000	-1.818377614	-0.556416510
6.612862000	-1.832235217	-0.558583125
6.612863000	-1.836006403	-0.560416312
6.612864000	-1.842343688	-0.563033533
6.612865000	-1.851652861	-0.563832082
6.612866000	-1.864189625	-0.567492664
6.612867000	-1.872575879	-0.568485424
6.612868000	-1.884901404	-0.570591451
6.612869000	-1.907810807	-0.575352784
6.612870000	-1.929668307	-0.578683533
6.612871000	-1.930355072	-0.578707169
6.612872000	-1.941639423	-0.580615190
6.612873000	-1.958240747	-0.584662396
6.612874000	-1.958152890	-0.582918159
6.612875000	-1.996290207	-0.590538661
6.612876000	-2.000278711	-0.592259995
6.612877000	-2.022293568	-0.596041151
6.612878000	-2.028094769	-0.596885973
6.612879000	-2.044104099	-0.599342073
6.612880000	-2.069622278	-0.605611021
6.612881000	-2.087730408	-0.605300030
6.612882000	-2.082737923	-0.606508040
6.612883000	-2.115343332	-0.612694297
6.612884000	-2.135051489	-0.615529698
6.612885000	-2.132489681	-0.616810679
6.612886000	-2.136175156	-0.618033269
6.612887000	-2.179907560	-0.623283026
6.612888000	-2.203355074	-0.627256728
6.612889000	-2.225383520	-0.630879693
6.612890000	-2.226111889	-0.629140515
6.612891000	-2.263703108	-0.638004581
6.612892000	-2.284113884	-0.641544321
6.612893000	-2.304577827	-0.644085843
6.612894000	-2.327306747	-0.647323847
6.612895000	-2.338621616	-0.649861973
6.612896000	-2.373943806	-0.653913040
6.612897000	-2.398313046	-0.659464599
6.612898000	-2.422744513	-0.663574656
6.612899000	-2.437824965	-0.663163663
6.612900000	-2.451716185	-0.666160119
6.612901000	-2.517181873	-0.675150485
6.612902000	-2.523426533	-0.677146125
6.612903000	-2.537214518	-0.680345180
6.612904000	-2.581835747	-0.685961454
6.612905000	-2.619320869	-0.690088621
6.612906000	-2.638843298	-0.695966751
6.612907000	-2.696644306	-0.701875839
6.612908000	-2.723855734	-0.704975625
6.612909000	-2.754523993	-0.708999595
6.612910000	-2.774325132	-0.715072468
6.612911000	-2.837483644	-0.720998800
6.612912000	-2.879564047	-0.725835167
6.612913000	-2.937564611	-0.734338375
6.612914000	-2.948675156	-0.734623066
6.612915000	-2.973550081	-0.738527261
6.612916000	-3.014380455	-0.744434818
6.612917000	-3.135815382	-0.757013394
6.612918000	-3.196843147	-0.764788426
6.612919000	-3.257753134	-0.772890760
6.612920000	-3.291537285	-0.774316351
6.612921000	-3.386090994	-0.785976269
6.612922000	-3.447086334	-0.792503477
6.612923000	-3.561057806	-0.806028873
6.612924000	-3.648632050	-0.814780087
6.612925000	-3.766868114	-0.826010971
6.612926000	-3.871019125	-0.834744474
6.612927000	-3.931568146	-0.843230704
6.612928000	-4.186300278	-0.862122237
6.612929000	-4.213952541	-0.867773531
6.612930000	-4.259069443	-0.871237238
6.612931000	-4.433444500	-0.886896958
6.612932000	-4.640316963	-0.902409672
6.612933000	-4.821503162	-0.915791257
6.612934000	-5.120985508	-0.937285031
6.612935000	-5.386468887	-0.955890407
6.612936000	-5.669105530	-0.970941529
6.612937000	-6.104947090	-0.997268341
6.612938000	-6.477835178	-1.014939680
6.612939000	-7.037936211	-1.037985943
6.612940000	-7.449815750	-1.055351152
6.612941000	-7.964368343	-1.075166468
6.612942000	-8.352425575	-1.085699603
6.612943000	-8.655124664	-1.091687921
6.612944000	-9.142524719	-1.102483377
6.612945000	-9.994925499	-1.114197025
6.612946000	-10.330204010	-1.122401092
6.612947000	-10.640707016	-1.123925752
6.612948000	-11.076956749	-1.127396117
6.612949000	-11.589599609	-1.126004349
6.612950000	-12.189531326	-1.126136842
6.612951000	-12.328323364	-1.119502774
6.612952000	-12.802359581	-1.121903081
6.612953000	-12.898681641	-1.115141781
6.612954000	-13.612764359	-1.108885750
6.612955000	-14.093196869	-1.097100729
6.612956000	-14.430258751	-1.086657742
6.612957000	-15.027134895	-1.069359313
6.612958000	-15.141256332	-1.066738363
6.612959000	-15.717094421	-1.051129575
6.612960000	-16.309280396	-1.025681140
6.612961000	-16.498739243	-1.014768239
6.612962000	-17.386718750	-0.962608498
6.612963000	-17.680274963	-0.944538017
6.612964000	-17.887119293	-0.928504390
6.612965000	-18.395721436	-0.894209067
6.612966000	-19.002225876	-0.836621204
6.612967000	-19.488496780	-0.813275934
6.612968000	-20.121063232	-0.739636800
6.612969000	-20.514684677	-0.692788667
6.612970000	-20.838050842	-0.620609811
6.612971000	-21.395643234	-0.535998420
6.612972000	-21.446445465	-0.513537786
6.612973000	-21.843931198	-0.419629599
6.612974000	-22.032142639	-0.361125010
6.612975000	-22.190616608	-0.264318172
6.612976000	-22.326236725	-0.187988347
6.612977000	-22.418851852	-0.166442358
6.612978000	-22.459686279	-0.087208872
6.612979000	-22.287084579	-0.026710459
6.612980000	-21.923477173	0.099502323
6.612981000	-22.014617920	0.161628861
6.612982000	-21.774101257	0.219117055
6.612983000	-21.579431534	0.296837533
6.612984000	-21.324008942	0.330081240
6.612985000	-20.737598419	0.419800974
6.612986000	-20.677751541	0.418718265
6.612987000	-20.386863708	0.487101984
6.612988000	-20.092088699	0.521350402
6.612989000	-19.845958710	0.551590097
6.612990000	-19.502012253	0.586276272
6.612991000	-18.886201859	0.634272027
6.612992000	-18.847478867	0.644836454
6.612993000	-18.618343353	0.667201415
6.612994000	-18.067775726	0.710064327
6.612995000	-17.899648666	0.722643502
6.612996000	-17.653577805	0.735016682
6.612997000	-17.437911987	0.744832827
6.612998000	-17.139528275	0.766690522
6.612999000	-16.871488571	0.778794389
6.613000000	-16.714286804	0.785963419
6.613001000	-16.402616501	0.802943135
6.613002000	-16.316167831	0.809976411
6.613003000	-15.955853462	0.820804757
6.613004000	-15.686273575	0.827236557
6.613005000	-15.569113731	0.835163390
6.613006000	-15.351830482	0.848254358
6.613007000	-15.211371422	0.852728468
6.613008000	-14.832075119	0.861113697
6.613009000	-14.766148567	0.868120208
6.613010000	-14.627210617	0.865112434
6.613011000	-14.560036659	0.867521662
6.613012000	-14.298834801	0.880649382
6.613013000	-14.113337517	0.882146744
6.613014000	-13.837430000	0.892104237
6.613015000	-13.718991280	0.890717995
6.613016000	-13.546814919	0.889661786
6.613017000	-13.364280701	0.894493426
6.613018000	-13.266896248	0.896647457
6.613019000	-13.218506813	0.899541714
6.613020000	-12.985515594	0.902429113
6.613021000	-12.804558754	0.905510257
6.613022000	-12.773494720	0.903361486
6.613023000	-12.532497406	0.906858616
6.613024000	-12.494847298	0.906547292
6.613025000	-12.213430405	0.907222071
6.613026000	-12.261878967	0.909359391
6.613027000	-12.094381332	0.910786579
6.613028000	-11.989373207	0.911047568
6.613029000	-11.863600731	0.907290647
6.613030000	-11.763487816	0.911025331
6.613031000	-11.594305038	0.913720783
6.613032000	-11.484333038	0.913019107
6.613033000	-11.311408997	0.910199884
6.613034000	-11.196440697	0.912933752
6.613035000	-11.152347565	0.911146105
6.613036000	-10.982952118	0.911885532
6.613037000	-10.846514702	0.911517084
6.613038000	-10.784259796	0.909072901
6.613039000	-10.692169189	0.909126297
6.613040000	-10.644663811	0.906903690
6.613041000	-10.539104462	0.909012580
6.613042000	-10.405499458	0.906209337
6.613043000	-10.323876381	0.905911130
6.613044000	-10.270179749	0.908191794
6.613045000	-10.126884460	0.903085582
6.613046000	-10.075285912	0.903829803
6.613047000	-9.948456764	0.902628051
6.613048000	-9.892525673	0.902335836
6.613049000	-9.789999008	0.898449884
6.613050000	-9.746925354	0.898578382
6.613051000	-9.666993141	0.898872994
6.613052000	-9.565543175	0.895508090
6.613053000	-9.517868042	0.895888190
6.613054000	-9.448603630	0.895416011
6.613055000	-9.334766388	0.892311964
6.613056000	-9.307018280	0.893183150
6.613057000	-9.178088188	0.890908544
6.613058000	-9.154080391	0.889125358
6.613059000	-9.062287331	0.889347399
6.613060000	-9.020730019	0.888492858
6.613061000	-8.953746796	0.885567508
6.613062000	-8.864871979	0.881010773
6.613063000	-8.773474693	0.880190453
6.613064000	-8.679900169	0.878710268
6.613065000	-8.560193062	0.877458449
6.613066000	-8.557789803	0.877845340
6.613067000	-8.472310066	0.874065782
6.613068000	-8.464494705	0.874630105
6.613069000	-8.356730461	0.871289902
6.613070000	-8.330797195	0.870405666
6.613071000	-8.304139137	0.869020822
6.613072000	-8.215108871	0.868627940
6.613073000	-8.187176704	0.864874547
6.613074000	-8.113953590	0.863984652
6.613075000	-8.033804893	0.862365516
6.613076000	-7.946118832	0.859011931
6.613077000	-7.904877663	0.857863709
6.613078000	-7.868487358	0.855955421
6.613079000	-7.755557060	0.852589252
6.613080000	-7.723207951	0.852900575
6.613081000	-7.667495251	0.851164860
6.613082000	-7.605370045	0.848255090
6.613083000	-7.565743446	0.846517378
6.613084000	-7.510816574	0.843522586
6.613085000	-7.477880955	0.841626216
6.613086000	-7.442683220	0.842597870
6.613087000	-7.357214928	0.840347033
6.613088000	-7.296995163	0.835232166
6.613089000	-7.255329609	0.834315972
6.613090000	-7.194879055	0.833190853
6.613091000	-7.136524677	0.829683337
6.613092000	-7.096459389	0.827693889
6.613093000	-7.033624172	0.825699780
6.613094000	-6.955629349	0.819222972
6.613095000	-6.999652863	0.825794655
6.613096000	-6.935730457	0.822078347
6.613097000	-6.850769997	0.817673412
6.613098000	-6.811065197	0.816634313
6.613099000	-6.782042027	0.815747547
6.613100000	-6.745151043	0.814722696
6.613101000	-6.700760841	0.809702837
6.613102000	-6.648327827	0.806805451
6.613103000	-6.620959282	0.809360555
6.613104000	-6.575165272	0.804973396
6.613105000	-6.527660370	0.804340363
6.613106000	-6.516435146	0.802828752
6.613107000	-6.457315445	0.801668280
6.613108000	-6.424127579	0.800329842
6.613109000	-6.354697227	0.797559622
6.613110000	-6.315013885	0.793060810
6.613111000	-6.294916630	0.793419072
6.613112000	-6.224616528	0.787938819
6.613113000	-6.180052757	0.786813301
6.613114000	-6.161745071	0.784078700
6.613115000	-6.110146999	0.780771187
6.613116000	-6.058583736	0.780038885
6.613117000	-6.036205769	0.776454203
6.613118000	-5.997285843	0.779465639
6.613119000	-5.960054398	0.777326921
6.613120000	-5.938853741	0.773126051
6.613121000	-5.887164593	0.770893523
6.613122000	-5.903960705	0.769477786
6.613123000	-5.808692932	0.767331145
6.613124000	-5.779520988	0.765179977
6.613125000	-5.767560005	0.763579417
6.613126000	-5.705680847	0.760102527
6.613127000	-5.688596725	0.759378281
6.613128000	-5.617204189	0.756251663
6.613129000	-5.596364021	0.753641366
6.613130000	-5.555946350	0.752083882
6.613131000	-5.555961609	0.750339645
6.613132000	-5.516304016	0.747997794
6.613133000	-5.493596554	0.747630678
6.613134000	-5.454803467	0.743817497
6.613135000	-5.420700550	0.743611768
6.613136000	-5.369975567	0.738978200
6.613137000	-5.347241402	0.737449746
6.613138000	-5.314279556	0.736461247
6.613139000	-5.326004982	0.735623616
6.613140000	-5.291577339	0.732741410
6.613141000	-5.242559433	0.730675396
6.613142000	-5.208970547	0.730057942
6.613143000	-5.176170826	0.727446180
6.613144000	-5.148990154	0.725051932
6.613145000	-5.106742859	0.722829258
6.613146000	-5.082050323	0.719234256
6.613147000	-5.031986237	0.717572910
6.613148000	-4.989894867	0.716099516
6.613149000	-4.975416660	0.713609327
6.613150000	-4.931797028	0.711490250
6.613151000	-4.926313400	0.710951892
6.613152000	-4.922187328	0.710957085
6.613153000	-4.873243332	0.706532576
6.613154000	-4.840458870	0.705699539
6.613155000	-4.822284698	0.702349416
6.613156000	-4.776904583	0.698467459
6.613157000	-4.771645069	0.698144018
6.613158000	-4.743149757	0.696910175
6.613159000	-4.707483292	0.694273513
6.613160000	-4.700523376	0.693836222
6.613161000	-4.666231632	0.691984126
6.613162000	-4.647452354	0.688922756
6.613163000	-4.601793289	0.686824585
6.613164000	-4.600902081	0.686616459
6.613165000	-4.569214821	0.683676928
6.613166000	-4.523237705	0.679987584
6.613167000	-4.502400398	0.677332945
6.613168000	-4.466054916	0.676406898
6.613169000	-4.470867634	0.676643719
6.613170000	-4.432875156	0.673067560
6.613171000	-4.428068638	0.671649293
6.613172000	-4.380185127	0.669042125
6.613173000	-4.363795757	0.667491833
6.613174000	-4.337112904	0.664393445
6.613175000	-4.322971344	0.662278628
6.613176000	-4.302741528	0.660407758
6.613177000	-4.280133724	0.661257905
6.613178000	-4.234806061	0.656824408
6.613179000	-4.229645252	0.656867152
6.613180000	-4.217570305	0.653831348
6.613181000	-4.181529999	0.650958396
6.613182000	-4.163934231	0.650497070
6.613183000	-4.118511677	0.648712153
6.613184000	-4.114531994	0.646722172
6.613185000	-4.105152607	0.645085393
6.613186000	-4.092221737	0.644117268
6.613187000	-4.071015358	0.641633937
6.613188000	-4.034146309	0.637127935
6.613189000	-4.002323627	0.636042830
6.613190000	-3.993705750	0.634971440
6.613191000	-3.957866907	0.631321311
6.613192000	-3.936888695	0.628383179
6.613193000	-3.918461561	0.626767439
6.613194000	-3.908824682	0.627741291
6.613195000	-3.877956629	0.624409809
6.613196000	-3.872035265	0.623331628
6.613197000	-3.829962969	0.619510991
6.613198000	-3.823348999	0.618915242
6.613199000	-3.810796976	0.617918354
6.613200000	-3.767122030	0.614491531
6.613201000	-3.758611679	0.611936961
6.613202000	-3.735428333	0.608821728
6.613203000	-3.718421936	0.607960861
6.613204000	-3.699357271	0.606172882
6.613205000	-3.683345318	0.605938656
6.613206000	-3.678218365	0.605167871
6.613207000	-3.662782192	0.600962673
6.613208000	-3.629525185	0.598525481
6.613209000	-3.631484270	0.599006248
6.613210000	-3.598516941	0.598774354
6.613211000	-3.585389137	0.595900603
6.613212000	-3.577519894	0.593792711
6.613213000	-3.547970772	0.591968446
6.613214000	-3.530208349	0.587475693
6.613215000	-3.521808863	0.588495085
6.613216000	-3.496882200	0.583588010
6.613217000	-3.488097191	0.583609848
6.613218000	-3.468446970	0.582857039
6.613219000	-3.440966368	0.579339669
6.613220000	-3.425586224	0.577526589
6.613221000	-3.410444498	0.577077647
6.613222000	-3.397089481	0.574541585
6.613223000	-3.386451483	0.572371641
6.613224000	-3.370953321	0.570921284
6.613225000	-3.357449293	0.570223536
6.613226000	-3.334714413	0.568312385
6.613227000	-3.307377100	0.565980121
6.613228000	-3.298371315	0.564287683
6.613229000	-3.270998478	0.560170369
6.613230000	-3.259021282	0.560383888
6.613231000	-3.253230095	0.559188062
6.613232000	-3.223455429	0.556874341
6.613233000	-3.218090296	0.556378860
6.613234000	-3.210605145	0.553447918
6.613235000	-3.181715488	0.552950273
6.613236000	-3.169825792	0.549562466
6.613237000	-3.156685591	0.547516892
6.613238000	-3.133476973	0.545026736
6.613239000	-3.133308649	0.543662965
6.613240000	-3.102718353	0.541056030
6.613241000	-3.099442720	0.540246329
6.613242000	-3.077220201	0.539647717
6.613243000	-3.067564726	0.538684185
6.613244000	-3.047399044	0.535911568
6.613245000	-3.050361633	0.535094610
6.613246000	-3.019474030	0.532162969
6.613247000	-3.025205851	0.532688977
6.613248000	-3.001566410	0.528833918
6.613249000	-2.985535145	0.528522661
6.613250000	-2.980353117	0.526707550
6.613251000	-2.963669538	0.525508528
6.613252000	-2.941945314	0.522565536
6.613253000	-2.938437462	0.520961414
6.613254000	-2.930645943	0.518903323
6.613255000	-2.915943623	0.516886478
6.613256000	-2.895352364	0.516020717
6.613257000	-2.873034716	0.514186632
6.613258000	-2.871247053	0.513530096
6.613259000	-2.863562584	0.510800189
6.613260000	-2.844876289	0.509438215
6.613261000	-2.811651468	0.506989306
6.613262000	-2.804396152	0.504233733
6.613263000	-2.807229280	0.503805097
6.613264000	-2.782039404	0.501365142
6.613265000	-2.777481079	0.500858542
6.613266000	-2.760307312	0.500114522
6.613267000	-2.742700100	0.497323063
6.613268000	-2.728751183	0.496271713
6.613269000	-2.727601528	0.493388941
6.613270000	-2.719516039	0.493730791
6.613271000	-2.723079681	0.491912785
6.613272000	-2.697351694	0.490918993
6.613273000	-2.696358919	0.489787715
6.613274000	-2.663655519	0.486304633
6.613275000	-2.652186155	0.483752726
6.613276000	-2.654708385	0.483954460
6.613277000	-2.629409552	0.480044407
6.613278000	-2.615710258	0.480653406
6.613279000	-2.613929272	0.479591037
6.613280000	-2.618495464	0.478335057
6.613281000	-2.579446077	0.474154194
6.613282000	-2.583831549	0.475232175
6.613283000	-2.568761349	0.473875294
6.613284000	-2.573465347	0.471254411
6.613285000	-2.549701691	0.468523872
6.613286000	-2.530395031	0.466987095
6.613287000	-2.514150858	0.465178609
6.613288000	-2.517095089	0.465012095
6.613289000	-2.495428801	0.462654331
6.613290000	-2.497437954	0.460834660
6.613291000	-2.478923559	0.461122248
6.613292000	-2.470518351	0.457926122
6.613293000	-2.456138372	0.456304989
6.613294000	-2.462458134	0.457138226
6.613295000	-2.441063404	0.452851402
6.613296000	-2.420110226	0.450880263
6.613297000	-2.413334608	0.449839566
6.613298000	-2.408693314	0.447521817
6.613299000	-2.404506922	0.447370750
6.613300000	-2.390359879	0.445793159
6.613301000	-2.373137712	0.444754726
6.613302000	-2.371354818	0.443865031
6.613303000	-2.362590313	0.440334578
6.613304000	-2.355158329	0.440300423
6.613305000	-2.348046780	0.440823834
6.613306000	-2.334220648	0.438908655
6.613307000	-2.331372023	0.435151800
6.613308000	-2.318554640	0.433515454
6.613309000	-2.302171707	0.431997452
6.613310000	-2.302406549	0.432280713
6.613311000	-2.281361580	0.431021670
6.613312000	-2.291060448	0.429618317
6.613313000	-2.277759552	0.428873365
6.613314000	-2.270066023	0.426739241
6.613315000	-2.261609077	0.424909882
6.613316000	-2.259720087	0.424902492
6.613317000	-2.253318310	0.422262766
6.613318000	-2.239648104	0.421356459
6.613319000	-2.216298819	0.416436802
6.613320000	-2.211007118	0.416393958
6.613321000	-2.213162899	0.417209585
6.613322000	-2.213623047	0.416363332
6.613323000	-2.205687761	0.415103324
6.613324000	-2.185159206	0.411539548
6.613325000	-2.181166887	0.413437750
6.613326000	-2.164868116	0.408809342
6.613327000	-2.154258251	0.407843513
6.613328000	-2.155952930	0.406737369
6.613329000	-2.146866798	0.405383751
6.613330000	-2.144841671	0.406028602
6.613331000	-2.128867149	0.405085011
6.613332000	-2.131230354	0.402515860
6.613333000	-2.116829872	0.401698569
6.613334000	-2.115283012	0.399436380
6.613335000	-2.109835148	0.398696387
6.613336000	-2.088849783	0.396202337
6.613337000	-2.075499058	0.393775798
6.613338000	-2.072297096	0.394353471
6.613339000	-2.071513176	0.394299941
6.613340000	-2.058830261	0.390711565
6.613341000	-2.055185080	0.389986419
6.613342000	-2.041951656	0.387720502
6.613343000	-2.044929743	0.387537742
6.613344000	-2.038657427	0.386686230
6.613345000	-2.026716232	0.384471678
6.613346000	-2.016820669	0.385176484
6.613347000	-2.008906603	0.382200967
6.613348000	-1.988974094	0.379046520
6.613349000	-1.991451263	0.379683381
6.613350000	-1.987146735	0.377968272
6.613351000	-1.976795435	0.377892738
6.613352000	-1.970075488	0.376341514
6.613353000	-1.962504625	0.372428431
6.613354000	-1.971077204	0.373221787
6.613355000	-1.956536412	0.372601969
6.613356000	-1.950594306	0.370251630
6.613357000	-1.940611362	0.370673275
6.613358000	-1.937162280	0.368680764
6.613359000	-1.927578211	0.364925907
6.613360000	-1.911553860	0.363990605
6.613361000	-1.914833784	0.365001774
6.613362000	-1.902688026	0.362495972
6.613363000	-1.908250332	0.361979918
6.613364000	-1.894623160	0.360610720
6.613365000	-1.888446569	0.359975823
6.613366000	-1.889222980	0.358146564
6.613367000	-1.888325334	0.357995529
6.613368000	-1.872754812	0.355565928
6.613369000	-1.863927007	0.354923939
6.613370000	-1.854561567	0.353045678
6.613371000	-1.845581174	0.352479357
6.613372000	-1.848551393	0.351839067
6.613373000	-1.835661888	0.350788583
6.613374000	-1.832729936	0.348370632
6.613375000	-1.820494056	0.347599447
6.613376000	-1.811531663	0.345514225
6.613377000	-1.813395739	0.345208861
6.613378000	-1.814911962	0.344384712
6.613379000	-1.806277514	0.343643088
6.613380000	-1.807287216	0.341442718
6.613381000	-1.795474172	0.340924101
6.613382000	-1.786417603	0.339623113
6.613383000	-1.789551497	0.339364321
6.613384000	-1.781126142	0.338498727
6.613385000	-1.777090311	0.337131194
6.613386000	-1.772335768	0.336778125
6.613387000	-1.772197843	0.335754472
6.613388000	-1.755977988	0.332626690
6.613389000	-1.760038733	0.332145889
6.613390000	-1.744164348	0.331904074
6.613391000	-1.752661824	0.330388802
6.613392000	-1.738725662	0.328184237
6.613393000	-1.729452968	0.326585109
6.613394000	-1.726845026	0.326049847
6.613395000	-1.722060919	0.325846614
6.613396000	-1.718446612	0.326919802
6.613397000	-1.719442964	0.325686059
6.613398000	-1.714700341	0.323882533
6.613399000	-1.700258493	0.322492263
6.613400000	-1.702475667	0.321068604
6.613401000	-1.697894573	0.320312166
6.613402000	-1.694949269	0.320163162
6.613403000	-1.689577341	0.318328311
6.613404000	-1.693056583	0.316688170
6.613405000	-1.666879177	0.316206837
6.613406000	-1.674156308	0.315054554
6.613407000	-1.658112764	0.312180836
6.613408000	-1.656086087	0.312707676
6.613409000	-1.657090187	0.310251609
6.613410000	-1.645952940	0.309142968
6.613411000	-1.661637425	0.310719027
6.613412000	-1.648546457	0.309223130
6.613413000	-1.653280973	0.308040220
6.613414000	-1.628966689	0.306657673
6.613415000	-1.627464533	0.304828115
6.613416000	-1.618497968	0.303514411
6.613417000	-1.613683105	0.303323762
6.613418000	-1.616779804	0.302492722
6.613419000	-1.611991048	0.301289340
6.613420000	-1.611656547	0.300580373
6.613421000	-1.600471735	0.298802247
6.613422000	-1.598626018	0.298737266
6.613423000	-1.596555591	0.298064052
6.613424000	-1.584973335	0.295364172
6.613425000	-1.596724629	0.296684301
6.613426000	-1.583390594	0.294252536
6.613427000	-1.582961321	0.294325872
6.613428000	-1.582081914	0.291807288
6.613429000	-1.570378542	0.292046040
6.613430000	-1.566997409	0.289600126
6.613431000	-1.556895852	0.288143743
6.613432000	-1.548042536	0.287905557
6.613433000	-1.543337107	0.289028712
6.613434000	-1.553014040	0.287239567
6.613435000	-1.554535985	0.286022103
6.613436000	-1.553807616	0.284202132
6.613437000	-1.537920952	0.284196439
6.613438000	-1.537605524	0.283969238
6.613439000	-1.522314906	0.283212335
6.613440000	-1.528893709	0.282096703
6.613441000	-1.526408434	0.280709130
6.613442000	-1.523300886	0.279918837
6.613443000	-1.515267491	0.277299701
6.613444000	-1.509676456	0.277462304
6.613445000	-1.514292479	0.276840156
6.613446000	-1.502269745	0.276159402
6.613447000	-1.498453736	0.275181423
6.613448000	-1.498578548	0.274702104
6.613449000	-1.495897412	0.272324900
6.613450000	-1.484224558	0.272225614
6.613451000	-1.495113254	0.272593596
6.613452000	-1.492533088	0.271460121
6.613453000	-1.480060339	0.269781864
6.613454000	-1.483094811	0.268686655
6.613455000	-1.482620001	0.269859495
6.613456000	-1.481602073	0.269461136
6.613457000	-1.474615574	0.267497720
6.613458000	-1.474622369	0.267103889
6.613459000	-1.466965795	0.265920496
6.613460000	-1.466984987	0.263169584
6.613461000	-1.466706753	0.264601449
6.613462000	-1.453733802	0.264016486
6.613463000	-1.444878221	0.262107965
6.613464000	-1.443407297	0.259857394
6.613465000	-1.435707927	0.259258549
6.613466000	-1.435112119	0.258934975
6.613467000	-1.450476885	0.257856112
6.613468000	-1.430294514	0.258415825
6.613469000	-1.431381941	0.257211993
6.613470000	-1.428686619	0.257453708
6.613471000	-1.430037260	0.255387794
6.613472000	-1.432613492	0.255175091
6.613473000	-1.418188334	0.254929248
6.613474000	-1.416625500	0.253597950
6.613475000	-1.408944964	0.252265970
6.613476000	-1.417827010	0.253057162
6.613477000	-1.412753940	0.250787317
6.613478000	-1.410614967	0.250629874
6.613479000	-1.400068521	0.249723400
6.613480000	-1.397101521	0.248354169
6.613481000	-1.386026740	0.247068861
6.613482000	-1.388638616	0.247060372
6.613483000	-1.383911848	0.246403271
6.613484000	-1.384472013	0.245800714
6.613485000	-1.379917979	0.245093928
6.613486000	-1.380256653	0.244375806
6.613487000	-1.382523417	0.243457681
6.613488000	-1.371484637	0.241254648
6.613489000	-1.368512869	0.241879875
6.613490000	-1.365689158	0.240738627
6.613491000	-1.361169577	0.240017526
6.613492000	-1.365663648	0.239933903
6.613493000	-1.364044189	0.239596947
6.613494000	-1.354796767	0.237200268
6.613495000	-1.350873947	0.237375521
6.613496000	-1.351552367	0.235945020
6.613497000	-1.349310040	0.235401053
6.613498000	-1.352363467	0.235617102
6.613499000	-1.337545514	0.233780936
6.613500000	-1.342662573	0.232951727
6.613501000	-1.334627509	0.232351884
6.613502000	-1.339822769	0.232077794
6.613503000	-1.333372116	0.230338950
6.613504000	-1.324030399	0.229749143
6.613505000	-1.324283361	0.230536556
6.613506000	-1.330232263	0.228836561
6.613507000	-1.314240813	0.227414799
6.613508000	-1.322584987	0.227712707
6.613509000	-1.319745064	0.226918918
6.613510000	-1.322770000	0.225565600
6.613511000	-1.313688278	0.225392478
6.613512000	-1.309778333	0.225204292
6.613513000	-1.310537100	0.225062246
6.613514000	-1.313238025	0.223516813
6.613515000	-1.310920119	0.223284919
6.613516000	-1.313129783	0.221561437
6.613517000	-1.299139857	0.220648372
6.613518000	-1.307860136	0.220907465
6.613519000	-1.296082377	0.220119352
6.613520000	-1.293730974	0.219364479
6.613521000	-1.287094951	0.218599353
6.613522000	-1.284341693	0.217128456
6.613523000	-1.291194081	0.217226011
6.613524000	-1.280332565	0.216269786
6.613525000	-1.283011556	0.217423351
6.613526000	-1.278180718	0.214169184
6.613527000	-1.276685476	0.213574950
6.613528000	-1.275066853	0.212665381
6.613529000	-1.271808386	0.213132715
6.613530000	-1.269435406	0.212813902
6.613531000	-1.278056622	0.211648386
6.613532000	-1.267852664	0.210899705
6.613533000	-1.269026399	0.210266205
6.613534000	-1.260906100	0.209686718
6.613535000	-1.266503096	0.209090153
6.613536000	-1.256584644	0.209401244
6.613537000	-1.255857348	0.208348313
6.613538000	-1.253169060	0.208105167
6.613539000	-1.255558014	0.207524414
6.613540000	-1.257171988	0.205310878
6.613541000	-1.249265909	0.205230434
6.613542000	-1.243656516	0.204364757
6.613543000	-1.241856098	0.203450644
6.613544000	-1.243731976	0.202776697
6.613545000	-1.241694093	0.203202637
6.613546000	-1.240279555	0.202786168
6.613547000	-1.243539095	0.202295015
6.613548000	-1.242385745	0.201240253
6.613549000	-1.237797379	0.200238305
6.613550000	-1.232080340	0.200378787
6.613551000	-1.233097196	0.200419816
6.613552000	-1.217253685	0.198525011
6.613553000	-1.231741071	0.198395331
6.613554000	-1.228506446	0.197867343
6.613555000	-1.227437973	0.196893325
6.613556000	-1.228560328	0.197303302
6.613557000	-1.221486211	0.196155696
6.613558000	-1.216343403	0.194606851
6.613559000	-1.221336007	0.194169444
6.613560000	-1.201933026	0.194108924
6.613561000	-1.212511897	0.194325855
6.613562000	-1.207771182	0.192751760
6.613563000	-1.200919986	0.193216665
6.613564000	-1.212960958	0.191949400
6.613565000	-1.207350016	0.191682534
6.613566000	-1.200148940	0.192133690
6.613567000	-1.203687072	0.189381696
6.613568000	-1.194423556	0.188567285
6.613569000	-1.202190399	0.187684796
6.613570000	-1.196818233	0.189391367
6.613571000	-1.193585634	0.187022468
6.613572000	-1.188971281	0.185638207
6.613573000	-1.186942697	0.187948899
6.613574000	-1.186161518	0.187233341
6.613575000	-1.182214022	0.185550539
6.613576000	-1.185535073	0.184595080
6.613577000	-1.185139537	0.184865557
6.613578000	-1.182568192	0.185304979
6.613579000	-1.178559661	0.183608512
6.613580000	-1.182337642	0.182717951
6.613581000	-1.178834796	0.182357559
6.613582000	-1.172438025	0.181549889
6.613583000	-1.173280358	0.181939792
6.613584000	-1.173870564	0.182003342
6.613585000	-1.173353434	0.180675190
6.613586000	-1.178373694	0.180099348
6.613587000	-1.163396478	0.178885895
6.613588000	-1.168358326	0.179022882
6.613589000	-1.169825792	0.178973114
6.613590000	-1.162817240	0.177768749
6.613591000	-1.161625266	0.177339165
6.613592000	-1.163369894	0.177076860
6.613593000	-1.163922191	0.176382058
6.613594000	-1.154525518	0.175410220
6.613595000	-1.155384541	0.174865404
6.613596000	-1.156378984	0.174741334
6.613597000	-1.161069274	0.175249549
6.613598000	-1.152877927	0.174044868
6.613599000	-1.151142359	0.173572523
6.613600000	-1.150410891	0.172299598
6.613601000	-1.154525757	0.172610040
6.613602000	-1.150634408	0.172762239
6.613603000	-1.146600008	0.171411301
6.613604000	-1.147996187	0.171634757
6.613605000	-1.144948483	0.170227925
6.613606000	-1.143318892	0.168935643
6.613607000	-1.148017168	0.169173280
6.613608000	-1.141507745	0.167362364
6.613609000	-1.136039615	0.168556592
6.613610000	-1.135463357	0.166938006
6.613611000	-1.133863807	0.166827884
6.613612000	-1.135750532	0.167338579
6.613613000	-1.128277063	0.167544075
6.613614000	-1.124982595	0.165706177
6.613615000	-1.127207637	0.165999391
6.613616000	-1.124501467	0.163758891
6.613617000	-1.123367548	0.164040603
6.613618000	-1.114137769	0.163401162
6.613619000	-1.124891281	0.163920844
6.613620000	-1.121508718	0.162975222
6.613621000	-1.123692155	0.161851302
6.613622000	-1.119035482	0.161886222
6.613623000	-1.117279887	0.161521336
6.613624000	-1.115410566	0.162345235
6.613625000	-1.118648767	0.160765681
6.613626000	-1.118698835	0.160479507
6.613627000	-1.117344856	0.160230668
6.613628000	-1.116254449	0.159542874
6.613629000	-1.110785246	0.158817229
6.613630000	-1.109576344	0.157856776
6.613631000	-1.111008883	0.157485049
6.613632000	-1.115371704	0.157624748
6.613633000	-1.107803702	0.157099540
6.613634000	-1.103827119	0.157561948
6.613635000	-1.097759604	0.156111274
6.613636000	-1.095915318	0.155817228
6.613637000	-1.105344772	0.155772986
6.613638000	-1.108806252	0.155462944
6.613639000	-1.104467392	0.154529107
6.613640000	-1.104145646	0.152664777
6.613641000	-1.092744112	0.154047075
6.613642000	-1.105674744	0.152493503
6.613643000	-1.103368402	0.151758986
6.613644000	-1.095006227	0.152315870
6.613645000	-1.096917868	0.153159926
6.613646000	-1.087800264	0.151717175
6.613647000	-1.095785379	0.150858638
6.613648000	-1.079555392	0.150406234
6.613649000	-1.085859537	0.149896788
6.613650000	-1.085748553	0.149531335
6.613651000	-1.091150165	0.150096475
6.613652000	-1.086507201	0.149261457
6.613653000	-1.083200455	0.147161122
6.613654000	-1.085130572	0.148123339
6.613655000	-1.085135818	0.147677059
6.613656000	-1.080232859	0.147818889
6.613657000	-1.084263325	0.145749946
6.613658000	-1.078798056	0.145335625
6.613659000	-1.079610586	0.145181611
6.613660000	-1.071068525	0.144786598
6.613661000	-1.077985287	0.144259109
6.613662000	-1.076236486	0.144509479
6.613663000	-1.072710514	0.143884086
6.613664000	-1.072176814	0.144496346
6.613665000	-1.074393392	0.143257943
6.613666000	-1.067039371	0.143441784
6.613667000	-1.066764116	0.141537508
6.613668000	-1.065481782	0.142386623
6.613669000	-1.062112093	0.141608531
6.613670000	-1.060073614	0.140725810
6.613671000	-1.062706113	0.140401570
6.613672000	-1.069493532	0.139577837
6.613673000	-1.063533545	0.140156259
6.613674000	-1.056715369	0.138867173
6.613675000	-1.059885383	0.138875279
6.613676000	-1.063683987	0.137710928
6.613677000	-1.056810260	0.136791838
6.613678000	-1.058861136	0.137327866
6.613679000	-1.063044190	0.137531206
6.613680000	-1.055932641	0.136405854
6.613681000	-1.056503773	0.135409832
6.613682000	-1.052058816	0.137005656
6.613683000	-1.050535560	0.135243659
6.613684000	-1.051950097	0.134864017
6.613685000	-1.052130103	0.134686709
6.613686000	-1.043911695	0.133699242
6.613687000	-1.049044728	0.133626579
6.613688000	-1.058775187	0.133231832
6.613689000	-1.044749618	0.134848496
6.613690000	-1.045242667	0.133257066
6.613691000	-1.040646076	0.132583919
6.613692000	-1.042497158	0.132367870
6.613693000	-1.038424969	0.132294391
6.613694000	-1.044617891	0.131379279
6.613695000	-1.040872931	0.130746337
6.613696000	-1.037177563	0.131792635
6.613697000	-1.040969253	0.131500428
6.613698000	-1.048148036	0.130689238
6.613699000	-1.032181263	0.129612180
6.613700000	-1.043425202	0.129346880
6.613701000	-1.038642764	0.129156505
6.613702000	-1.041378736	0.128889998
6.613703000	-1.035457611	0.128722218
6.613704000	-1.033322692	0.128315404
6.613705000	-1.035716891	0.127854636
6.613706000	-1.033250332	0.127061846
6.613707000	-1.029355526	0.127386527
6.613708000	-1.033885360	0.126445640
6.613709000	-1.032218218	0.126679216
6.613710000	-1.025787950	0.125922729
6.613711000	-1.027949572	0.126316202
6.613712000	-1.021075010	0.125286624
6.613713000	-1.027869105	0.125765352
6.613714000	-1.023853898	0.124911443
6.613715000	-1.016042590	0.124351838
6.613716000	-1.024231315	0.123799307
6.613717000	-1.023003340	0.124636613
6.613718000	-1.025855303	0.124005369
6.613719000	-1.026099443	0.123273907
6.613720000	-1.020256639	0.124065898
6.613721000	-1.031889677	0.121538308
6.613722000	-1.015691161	0.122887582
6.613723000	-1.021699548	0.122502281
6.613724000	-1.022886276	0.121485994
6.613725000	-1.018076897	0.120462524
6.613726000	-1.005970240	0.120861699
6.613727000	-1.019264698	0.120908104
6.613728000	-1.005616903	0.119199204
6.613729000	-1.010253429	0.119111985
6.613730000	-1.015149474	0.119537675
6.613731000	-1.016139269	0.118694976
6.613732000	-1.015640020	0.118569766
6.613733000	-1.009553909	0.117729505
6.613734000	-1.005626440	0.118959053
6.613735000	-1.005185843	0.116891941
6.613736000	-1.004285216	0.118092977
6.613737000	-1.002236724	0.116649210
6.613738000	-1.008796573	0.117278549
6.613739000	-1.004221439	0.116990020
6.613740000	-1.012053013	0.116471727
6.613741000	-1.007012606	0.115331387
6.613742000	-1.011705041	0.115261146
6.613743000	-1.005445600	0.115670940
6.613744000	-1.005684972	0.114557597
6.613745000	-1.005603671	0.114072918
6.613746000	-1.007562280	0.115554526
6.613747000	-0.993442893	0.113357244
6.613748000	-1.006041050	0.112871591
6.613749000	-0.995159447	0.112605500
6.613750000	-0.990867972	0.112493564
6.613751000	-0.994368494	0.112286145
6.613752000	-0.997492194	0.112382702
6.613753000	-1.003966093	0.111520528
6.613754000	-0.998979330	0.111663423
6.613755000	-0.992021382	0.111045062
6.613756000	-0.991680861	0.110635643
6.613757000	-0.981635511	0.110998757
6.613758000	-0.988411486	0.110810438
6.613759000	-0.989699900	0.110547908
6.613760000	-0.984675884	0.110478109
6.613761000	-0.986109018	0.109353106
6.613762000	-0.990150809	0.109612448
6.613763000	-0.986497998	0.108944411
6.613764000	-0.986247957	0.109560808
6.613765000	-0.987032294	0.108416980
6.613766000	-0.989053309	0.108325292
6.613767000	-0.985155165	0.107823420
6.613768000	-0.987519801	0.106459873
6.613769000	-0.989592850	0.107179609
6.613770000	-0.980912328	0.106828471
6.613771000	-0.975095272	0.105509557
6.613772000	-0.982503176	0.106409631
6.613773000	-0.985832810	0.105721004
6.613774000	-0.980747283	0.104246586
6.613775000	-0.980872571	0.105345090
6.613776000	-0.971919835	0.105095261
6.613777000	-0.973472655	0.103877572
6.613778000	-0.979740798	0.104477266
6.613779000	-0.985474765	0.104218365
6.613780000	-0.984022439	0.105110990
6.613781000	-0.981961727	0.103509115
6.613782000	-0.980341792	0.103396547
6.613783000	-0.972673893	0.103337317
6.613784000	-0.978315413	0.102641499
6.613785000	-0.974138498	0.102233503
6.613786000	-0.968927979	0.101970199
6.613787000	-0.978833318	0.100640675
6.613788000	-0.982179642	0.102809220
6.613789000	-0.981076717	0.101084457
6.613790000	-0.969718814	0.100191549
6.613791000	-0.966119885	0.100118454
6.613792000	-0.972743154	0.099967685
6.613793000	-0.972395062	0.099515231
6.613794000	-0.974507749	0.099100843
6.613795000	-0.967438161	0.099444491
6.613796000	-0.968348503	0.098217306
6.613797000	-0.963938236	0.098062393
6.613798000	-0.962329507	0.098430218
6.613799000	-0.962719619	0.098318190
6.613800000	-0.966565788	0.098412449
6.613801000	-0.958372951	0.098003496
6.613802000	-0.971017182	0.097052107
6.613803000	-0.963116705	0.096717564
6.613804000	-0.956973135	0.096823799
6.613805000	-0.963411391	0.096183641
6.613806000	-0.959700704	0.096552190
6.613807000	-0.961394310	0.096118710
6.613808000	-0.954183757	0.095130561
6.613809000	-0.961848199	0.095401970
6.613810000	-0.957987249	0.095830015
6.613811000	-0.958586097	0.094594192
6.613812000	-0.957461774	0.093455965
6.613813000	-0.961073160	0.093801411
6.613814000	-0.961779296	0.093953652
6.613815000	-0.953910291	0.094455974
6.613816000	-0.960744739	0.093531191
6.613817000	-0.964871705	0.094052605
6.613818000	-0.958974183	0.092242155
6.613819000	-0.957156241	0.092765399
6.613820000	-0.954634488	0.091428218
6.613821000	-0.956516504	0.091924756
6.613822000	-0.955113113	0.091747730
6.613823000	-0.953743875	0.092182059
6.613824000	-0.952921152	0.090865409
6.613825000	-0.950944006	0.090948532
6.613826000	-0.952787995	0.090713226
6.613827000	-0.952923238	0.090774786
6.613828000	-0.941391766	0.089903175
6.613829000	-0.947863698	0.089501446
6.613830000	-0.945634365	0.089868662
6.613831000	-0.948734164	0.089204636
6.613832000	-0.949328780	0.088560010
6.613833000	-0.951149642	0.089138399
6.613834000	-0.948009729	0.088936714
6.613835000	-0.950001538	0.089411281
6.613836000	-0.943219483	0.087514103
6.613837000	-0.947041273	0.087799894
6.613838000	-0.939141512	0.088375186
6.613839000	-0.954336286	0.087434883
6.613840000	-0.948728144	0.087269758
6.613841000	-0.943719804	0.086816788
6.613842000	-0.946457803	0.086704452
6.613843000	-0.941069543	0.085063546
6.613844000	-0.951306880	0.086741712
6.613845000	-0.945880771	0.086765597
6.613846000	-0.948392808	0.086136983
6.613847000	-0.943991482	0.085204843
6.613848000	-0.944669425	0.085242011
6.613849000	-0.936681390	0.085439376
6.613850000	-0.935291946	0.085621078
6.613851000	-0.933379471	0.085356144
6.613852000	-0.947858632	0.084424354
6.613853000	-0.944576085	0.083516124
6.613854000	-0.939725339	0.084433159
6.613855000	-0.934116900	0.083759620
6.613856000	-0.942216098	0.084331651
6.613857000	-0.946922541	0.084610575
6.613858000	-0.943908811	0.082665935
6.613859000	-0.939461768	0.082521742
6.613860000	-0.938674569	0.082622384
6.613861000	-0.935401797	0.082081504
6.613862000	-0.927676082	0.081609209
6.613863000	-0.933299541	0.081775141
6.613864000	-0.940087020	0.082061864
6.613865000	-0.935275733	0.082399003
6.613866000	-0.938365281	0.082026002
6.613867000	-0.929907143	0.081120736
6.613868000	-0.934098423	0.080629416
6.613869000	-0.930030644	0.080747643
6.613870000	-0.935280502	0.080773742
6.613871000	-0.931043029	0.080456735
6.613872000	-0.931460679	0.079239379
6.613873000	-0.928204298	0.079811809
6.613874000	-0.931030750	0.079608793
6.613875000	-0.934341669	0.079584674
6.613876000	-0.935369551	0.079629549
6.613877000	-0.934527695	0.078528448
6.613878000	-0.931171298	0.079558617
6.613879000	-0.939424813	0.078482250
6.613880000	-0.930982709	0.077953938
6.613881000	-0.933032632	0.077740702
6.613882000	-0.933851302	0.078132885
6.613883000	-0.931375086	0.077141349
6.613884000	-0.930083513	0.078012419
6.613885000	-0.935142040	0.076603332
6.613886000	-0.924045265	0.077612920
6.613887000	-0.922461510	0.076610772
6.613888000	-0.925230384	0.076315253
6.613889000	-0.924334347	0.076233868
6.613890000	-0.930386007	0.076055204
6.613891000	-0.925864160	0.075607277
6.613892000	-0.920680881	0.074993693
6.613893000	-0.925414622	0.075637379
6.613894000	-0.928137600	0.076024569
6.613895000	-0.930407226	0.075090607
6.613896000	-0.917593062	0.074604829
6.613897000	-0.920779109	0.073754715
6.613898000	-0.907995224	0.074340586
6.613899000	-0.925881624	0.074649471
6.613900000	-0.922195911	0.074375098
6.613901000	-0.920108676	0.073174762
6.613902000	-0.906049967	0.073412374
6.613903000	-0.918786645	0.072717455
6.613904000	-0.923184454	0.072969049
6.613905000	-0.921034873	0.073538450
6.613906000	-0.926454306	0.072384693
6.613907000	-0.916285336	0.072005176
6.613908000	-0.906988800	0.072099585
6.613909000	-0.919833899	0.072457173
6.613910000	-0.922574222	0.071651608
6.613911000	-0.924041092	0.072046838
6.613912000	-0.912404537	0.070972186
6.613913000	-0.912616313	0.070216223
6.613914000	-0.915769339	0.070215066
6.613915000	-0.914441049	0.071093485
6.613916000	-0.908375323	0.069645458
6.613917000	-0.908105731	0.070563641
6.613918000	-0.915122688	0.069926862
6.613919000	-0.916942477	0.070491078
6.613920000	-0.913203359	0.069554128
6.613921000	-0.924390256	0.069534087
6.613922000	-0.910900950	0.069736987
6.613923000	-0.911777735	0.069207580
6.613924000	-0.908127010	0.068796808
6.613925000	-0.908017814	0.068120107
6.613926000	-0.910624564	0.067477174
6.613927000	-0.907014191	0.066773401
6.613928000	-0.901971638	0.068430848
6.613929000	-0.904727578	0.068360928
6.613930000	-0.908004820	0.066654461
6.613931000	-0.909795403	0.066692137
6.613932000	-0.906526506	0.067117290
6.613933000	-0.903722942	0.067762444
6.613934000	-0.911165893	0.066432982
6.613935000	-0.913262904	0.067579510
6.613936000	-0.909265280	0.066057630
6.613937000	-0.906499088	0.066634708
6.613938000	-0.914254308	0.065610327
6.613939000	-0.913047850	0.066066356
6.613940000	-0.911761403	0.065888794
6.613941000	-0.912754714	0.064528764
6.613942000	-0.906288862	0.065669949
6.613943000	-0.899952769	0.064729387
6.613944000	-0.904662430	0.065481597
6.613945000	-0.905555785	0.064463246
6.613946000	-0.908220589	0.064640454
6.613947000	-0.902273893	0.064657710
6.613948000	-0.910557687	0.064740747
6.613949000	-0.902117968	0.062663935
6.613950000	-0.905833900	0.064460116
6.613951000	-0.904992282	0.062823637
6.613952000	-0.902033448	0.063573725
6.613953000	-0.903123558	0.063026965
6.613954000	-0.905235469	0.064306252
6.613955000	-0.908320963	0.062660294
6.613956000	-0.900261223	0.062003284
6.613957000	-0.903005123	0.061044696
6.613958000	-0.897221386	0.061484105
6.613959000	-0.900484324	0.061442971
6.613960000	-0.902046919	0.062659129
6.613961000	-0.889316320	0.061338621
6.613962000	-0.894628227	0.060611628
6.613963000	-0.892179608	0.060462645
6.613964000	-0.904526472	0.060782578
6.613965000	-0.898036182	0.060537047
6.613966000	-0.889373124	0.060968146
6.613967000	-0.897673666	0.060525404
6.613968000	-0.893997967	0.060403240
6.613969000	-0.891557753	0.059944473
6.613970000	-0.895963490	0.060827003
6.613971000	-0.899897993	0.060723980
6.613972000	-0.894793212	0.060758801
6.613973000	-0.889072895	0.059392262
6.613974000	-0.899762571	0.059869809
6.613975000	-0.892240167	0.059408075
6.613976000	-0.893416047	0.058704280
6.613977000	-0.893223643	0.058724242
6.613978000	-0.900974035	0.057625671
6.613979000	-0.889379680	0.058050017
6.613980000	-0.892709613	0.058743729
6.613981000	-0.898013234	0.058205549
6.613982000	-0.892362475	0.058424411
6.613983000	-0.891243517	0.057135600
6.613984000	-0.890596628	0.057346655
6.613985000	-0.893287361	0.057211225
6.613986000	-0.895253420	0.056843268
6.613987000	-0.895879805	0.057092169
6.613988000	-0.890668750	0.056774013
6.613989000	-0.895360410	0.056304431
6.613990000	-0.890443385	0.056152964
6.613991000	-0.892431915	0.055036950
6.613992000	-0.897903800	0.055734461
6.613993000	-0.890182137	0.056025348
6.613994000	-0.897215426	0.055733591
6.613995000	-0.887845993	0.055162767
6.613996000	-0.889334321	0.052899222
6.613997000	-0.892131448	0.054482833
6.613998000	-0.890124917	0.054186852
6.613999000	-0.888053894	0.054680469
6.614000000	-0.884200454	0.054737452
6.614001000	-0.881927490	0.054564659
6.614002000	-0.889777958	0.054748492
6.614003000	-0.886697650	0.053668309
6.614004000	-0.882806540	0.053852792
6.614005000	-0.878727913	0.054337033
6.614006000	-0.892880261	0.052960861
6.614007000	-0.892294705	0.053785663
6.614008000	-0.882319570	0.053174963
6.614009000	-0.885242820	0.052987202
6.614010000	-0.884881854	0.053061645
6.614011000	-0.881616831	0.052439469
6.614012000	-0.887765765	0.053469721
6.614013000	-0.885961294	0.052109399
6.614014000	-0.882802904	0.051563842
6.614015000	-0.884304464	0.052207237
6.614016000	-0.882366300	0.052076975
6.614017000	-0.879400373	0.050817878
6.614018000	-0.883723021	0.051436568
6.614019000	-0.886407852	0.051265060
6.614020000	-0.894559383	0.051409121
6.614021000	-0.883570254	0.050681695
6.614022000	-0.880945325	0.051606440
6.614023000	-0.880865574	0.050265393
6.614024000	-0.879525185	0.050377624
6.614025000	-0.885632157	0.051224114
6.614026000	-0.883068681	0.049474222
6.614027000	-0.883505702	0.049847102
6.614028000	-0.889574409	0.048744890
6.614029000	-0.885405242	0.050040481
6.614030000	-0.871690691	0.049082745
6.614031000	-0.877728164	0.049531288
6.614032000	-0.873251140	0.049509738
6.614033000	-0.881677091	0.049181653
6.614034000	-0.875376165	0.048501735
6.614035000	-0.883964956	0.048584497
6.614036000	-0.874899805	0.048403689
6.614037000	-0.877021790	0.049208975
6.614038000	-0.877278924	0.047926301
6.614039000	-0.874725878	0.048563321
6.614040000	-0.876579106	0.047239339
6.614041000	-0.876967847	0.047513615
6.614042000	-0.881327033	0.048378227
6.614043000	-0.880644560	0.048068522
6.614044000	-0.877119720	0.047972573
6.614045000	-0.873023748	0.047308410
6.614046000	-0.878359258	0.045562350
6.614047000	-0.870195806	0.047188847
6.614048000	-0.872330964	0.046617607
6.614049000	-0.878937602	0.046609414
6.614050000	-0.878113151	0.046316478
6.614051000	-0.880164087	0.046492455
6.614052000	-0.871818841	0.046029481
6.614053000	-0.868135631	0.046284167
6.614054000	-0.867711842	0.045248988
6.614055000	-0.875619531	0.046058618
6.614056000	-0.881446660	0.046034450
6.614057000	-0.869257212	0.046385067
6.614058000	-0.874355614	0.043929229
6.614059000	-0.872910678	0.045263369
6.614060000	-0.871796608	0.045749067
6.614061000	-0.871839941	0.044834146
6.614062000	-0.871348560	0.043810373
6.614063000	-0.872541189	0.044995784
6.614064000	-0.876740098	0.043040187
6.614065000	-0.870691299	0.043246091
6.614066000	-0.867755115	0.043975061
6.614067000	-0.868636370	0.043976762
6.614068000	-0.864719987	0.043538335
6.614069000	-0.875141978	0.043103225
6.614070000	-0.855460703	0.043701650
6.614071000	-0.874307394	0.042756519
6.614072000	-0.873350203	0.043235513
6.614073000	-0.868890226	0.044121518
6.614074000	-0.857842505	0.042116578
6.614075000	-0.878039956	0.043346679
6.614076000	-0.872344494	0.042290886
6.614077000	-0.871483743	0.042426911
6.614078000	-0.865160167	0.042492658
6.614079000	-0.861165941	0.041808304
6.614080000	-0.867458224	0.042680161
6.614081000	-0.864074349	0.041277070
6.614082000	-0.868843675	0.042145082
6.614083000	-0.869260132	0.041824604
6.614084000	-0.869078934	0.041650088
6.614085000	-0.868854463	0.041781148
6.614086000	-0.867412448	0.041394857
6.614087000	-0.853979707	0.042085281
6.614088000	-0.861688375	0.040375981
6.614089000	-0.867297828	0.040565653
6.614090000	-0.869211376	0.040251229
6.614091000	-0.856449068	0.040583200
6.614092000	-0.872110724	0.040538517
6.614093000	-0.866074562	0.040330608
6.614094000	-0.863625050	0.039859869
6.614095000	-0.863753676	0.040405089
6.614096000	-0.867953956	0.039276691
6.614097000	-0.859306991	0.038401630
6.614098000	-0.861583889	0.039267644
6.614099000	-0.862680376	0.039283856
6.614100000	-0.869304121	0.038970332
6.614101000	-0.868317306	0.039131174
6.614102000	-0.861392021	0.039863864
6.614103000	-0.870692492	0.039460599
6.614104000	-0.864788473	0.039183805
6.614105000	-0.866768122	0.038803035
6.614106000	-0.865193605	0.039064566
6.614107000	-0.862980604	0.038354800
6.614108000	-0.869339406	0.038204348
6.614109000	-0.861405373	0.038132996
6.614110000	-0.868796408	0.039013712
6.614111000	-0.863972247	0.036750458
6.614112000	-0.864439487	0.037187853
6.614113000	-0.860854149	0.037165054
6.614114000	-0.861294806	0.037901289
6.614115000	-0.862101912	0.035551565
6.614116000	-0.861919701	0.037134057
6.614117000	-0.850307286	0.036239073
6.614118000	-0.853167892	0.036707818
6.614119000	-0.854486167	0.036021513
6.614120000	-0.863103092	0.036700078
6.614121000	-0.857937574	0.036705879
6.614122000	-0.864170671	0.035909910
6.614123000	-0.862695038	0.036516924
6.614124000	-0.861763239	0.035542427
6.614125000	-0.855990767	0.034742322
6.614126000	-0.866718411	0.036004203
6.614127000	-0.855489075	0.035450203
6.614128000	-0.856527686	0.035676388
6.614129000	-0.856579900	0.035692334
6.614130000	-0.853770196	0.034278666
6.614131000	-0.863766849	0.035049988
6.614132000	-0.857439816	0.035254627
6.614133000	-0.856970012	0.034890071
6.614134000	-0.855393112	0.034216662
6.614135000	-0.862696052	0.034936138
6.614136000	-0.870110810	0.033969310
6.614137000	-0.849262118	0.033861652
6.614138000	-0.856653035	0.034008482
6.614139000	-0.849144340	0.034324770
6.614140000	-0.848252535	0.034622621
6.614141000	-0.849362612	0.033690371
6.614142000	-0.852012575	0.032831621
6.614143000	-0.852650046	0.033643675
6.614144000	-0.856420338	0.034174513
6.614145000	-0.865886390	0.033010404
6.614146000	-0.853742719	0.033250388
6.614147000	-0.857351065	0.033562673
6.614148000	-0.852581382	0.033108096
6.614149000	-0.850740671	0.033168783
6.614150000	-0.853138506	0.031526952
6.614151000	-0.851721823	0.032406091
6.614152000	-0.850657046	0.032187600
6.614153000	-0.854519665	0.032038604
6.614154000	-0.847199976	0.031808927
6.614155000	-0.855780363	0.032770054
6.614156000	-0.845410049	0.032531343
6.614157000	-0.858001947	0.031291179
6.614158000	-0.845790386	0.031834905
6.614159000	-0.857643008	0.031183207
6.614160000	-0.854693413	0.031569001
6.614161000	-0.852236688	0.032421970
6.614162000	-0.848419845	0.031338363
6.614163000	-0.852391958	0.030705761
6.614164000	-0.858389676	0.031544303
6.614165000	-0.845371902	0.030987648
6.614166000	-0.849893332	0.031075476
6.614167000	-0.853427529	0.030304237
6.614168000	-0.847803950	0.030827515
6.614169000	-0.839850664	0.030182412
6.614170000	-0.844986260	0.028983721
6.614171000	-0.853884876	0.030687447
6.614172000	-0.846948385	0.029570049
6.614173000	-0.848327637	0.029817409
6.614174000	-0.855569303	0.029887415
6.614175000	-0.847531796	0.029237832
6.614176000	-0.841700256	0.029815564
6.614177000	-0.849763632	0.028321788
6.614178000	-0.840733588	0.029036853
6.614179000	-0.843816102	0.029786290
6.614180000	-0.850489616	0.028700096
6.614181000	-0.848131001	0.028895666
6.614182000	-0.847509682	0.028457857
6.614183000	-0.854821920	0.028280923
6.614184000	-0.855412722	0.027753245
6.614185000	-0.843241155	0.027267830
6.614186000	-0.849321008	0.028046596
6.614187000	-0.847561836	0.028514849
6.614188000	-0.856103539	0.028349660
6.614189000	-0.848865211	0.027612291
6.614190000	-0.846686244	0.027291303
6.614191000	-0.855060458	0.027654408
6.614192000	-0.851842284	0.027697614
6.614193000	-0.841209292	0.026662857
6.614194000	-0.848425806	0.027376678
6.614195000	-0.850554585	0.027313245
6.614196000	-0.839224339	0.026569984
6.614197000	-0.844630539	0.026450302
6.614198000	-0.846521139	0.026285935
6.614199000	-0.840687573	0.026673922
6.614200000	-0.842155159	0.026068392
6.614201000	-0.849652708	0.025752445
6.614202000	-0.846845984	0.025543140
6.614203000	-0.843059301	0.025248236
6.614204000	-0.841970801	0.026438894
6.614205000	-0.843433380	0.025585326
6.614206000	-0.834740222	0.025608670
6.614207000	-0.838231683	0.026044093
6.614208000	-0.846804738	0.025453420
6.614209000	-0.840147793	0.026074122
6.614210000	-0.843561947	0.026015131
6.614211000	-0.838103414	0.024825561
6.614212000	-0.847604454	0.025577825
6.614213000	-0.846960306	0.025030441
6.614214000	-0.846656919	0.026201200
6.614215000	-0.831788957	0.026051612
6.614216000	-0.828041911	0.024606591
6.614217000	-0.844553292	0.024038626
6.614218000	-0.835546494	0.024195803
6.614219000	-0.832085729	0.025009142
6.614220000	-0.847323298	0.024061731
6.614221000	-0.835463405	0.024197817
6.614222000	-0.837070107	0.024087077
6.614223000	-0.843742728	0.025342955
6.614224000	-0.841152728	0.023261630
6.614225000	-0.849927425	0.024076936
6.614226000	-0.842599452	0.023240248
6.614227000	-0.832837701	0.022812971
6.614228000	-0.839028537	0.022956886
6.614229000	-0.833801806	0.022992468
6.614230000	-0.843499005	0.023111590
6.614231000	-0.843767405	0.023519299
6.614232000	-0.830451608	0.022648460
6.614233000	-0.835893631	0.023382311
6.614234000	-0.835862517	0.022898964
6.614235000	-0.833790541	0.022195937
6.614236000	-0.824325681	0.023219001
6.614237000	-0.836016834	0.022573675
6.614238000	-0.832845330	0.022635808
6.614239000	-0.835986078	0.022430645
6.614240000	-0.836990058	0.021336633
6.614241000	-0.834715188	0.021999760
6.614242000	-0.833901942	0.022485566
