D:\KID metingen\Entropy ADR\LT343chip5_BF_20240530_mapping\S21\Power\KID185_110dBm_.dat
Power at KID:110dBm
resonance Frequency in GHz :6.530534
Q=32816.753771, Qc=41759.042817, Qi=153248.929751  S21min=-13.386037


Temperature in K:0.099998
GHz	dB	Rad
6.529641000	0.989927948	0.217863488
6.529642000	0.957205653	0.218835426
6.529643000	0.923791468	0.222223499
6.529644000	1.010031819	0.224363399
6.529645000	0.974026144	0.219795462
6.529646000	0.943308175	0.220285184
6.529647000	0.980106592	0.221847827
6.529648000	0.926414013	0.218659124
6.529649000	0.965995431	0.222892901
6.529650000	1.017033458	0.218774672
6.529651000	0.974520147	0.218155071
6.529652000	0.989753723	0.217840785
6.529653000	1.017041922	0.221387849
6.529654000	1.015965700	0.222517579
6.529655000	0.996071458	0.221716733
6.529656000	0.984541416	0.224659759
6.529657000	0.994402587	0.223234918
6.529658000	0.922681928	0.220151576
6.529659000	0.940265298	0.218330973
6.529660000	0.972852111	0.220915088
6.529661000	0.937547147	0.221220952
6.529662000	0.971030176	0.221083799
6.529663000	0.951589286	0.221059248
6.529664000	0.998670518	0.221438998
6.529665000	1.004183054	0.214722256
6.529666000	0.941450298	0.214749487
6.529667000	0.968031585	0.222515698
6.529668000	0.966641545	0.221373851
6.529669000	0.979992628	0.221714120
6.529670000	0.973648369	0.212959727
6.529671000	0.985933840	0.217474251
6.529672000	0.999733627	0.218230505
6.529673000	0.963896871	0.219477197
6.529674000	0.945035696	0.219587302
6.529675000	0.989817202	0.217424067
6.529676000	0.943942904	0.219715234
6.529677000	0.927253008	0.219789303
6.529678000	0.941363275	0.215933579
6.529679000	0.978415310	0.217777635
6.529680000	0.961664677	0.216406939
6.529681000	0.971368492	0.218399782
6.529682000	0.945142627	0.214994032
6.529683000	0.960322917	0.213536700
6.529684000	0.967019320	0.217951606
6.529685000	0.972179890	0.216432472
6.529686000	0.948090553	0.215331804
6.529687000	0.965812743	0.216043417
6.529688000	0.984638751	0.218842816
6.529689000	0.967249930	0.215711005
6.529690000	0.932126284	0.218810858
6.529691000	0.957305849	0.214355389
6.529692000	0.956256926	0.217563982
6.529693000	0.936600626	0.220700670
6.529694000	0.956091583	0.216835525
6.529695000	0.966293156	0.218390511
6.529696000	1.006100774	0.216215741
6.529697000	0.949596167	0.219648622
6.529698000	0.953953683	0.214804199
6.529699000	0.957709968	0.212507971
6.529700000	0.953572989	0.216891401
6.529701000	0.948870957	0.215402977
6.529702000	0.943934977	0.215392474
6.529703000	0.954988182	0.215854100
6.529704000	0.968010485	0.210241671
6.529705000	0.965595663	0.218051524
6.529706000	0.950815201	0.211555026
6.529707000	0.929007888	0.212671040
6.529708000	0.971129060	0.215155253
6.529709000	0.986381412	0.212215340
6.529710000	0.924970686	0.213601016
6.529711000	0.947307706	0.216864886
6.529712000	0.969907522	0.210574599
6.529713000	0.947789788	0.212270717
6.529714000	0.986019969	0.218708226
6.529715000	0.959977686	0.211566993
6.529716000	0.977615535	0.209847873
6.529717000	0.945302367	0.213299113
6.529718000	0.953854680	0.209949556
6.529719000	0.895350456	0.212391441
6.529720000	0.945584953	0.211884059
6.529721000	0.938406050	0.213468956
6.529722000	0.965622604	0.213967383
6.529723000	0.971038580	0.210364642
6.529724000	0.969317913	0.212260131
6.529725000	0.953839600	0.213601182
6.529726000	0.923098505	0.215252092
6.529727000	0.932878911	0.210912122
6.529728000	0.940882862	0.210741729
6.529729000	0.952898026	0.210025672
6.529730000	0.955760300	0.213818430
6.529731000	0.956693709	0.208882960
6.529732000	0.956561863	0.208872124
6.529733000	0.954014122	0.214833593
6.529734000	0.938086092	0.213903168
6.529735000	0.991933405	0.209437629
6.529736000	0.972614229	0.213995080
6.529737000	0.950430036	0.210129136
6.529738000	0.973582089	0.211570156
6.529739000	0.949220300	0.208401343
6.529740000	0.933164895	0.212289908
6.529741000	0.947022200	0.209646205
6.529742000	0.966606319	0.209366739
6.529743000	0.936976552	0.210839251
6.529744000	0.976757944	0.210630676
6.529745000	0.962111175	0.206922057
6.529746000	0.934310794	0.209888852
6.529747000	0.907124162	0.206127353
6.529748000	0.950689793	0.209957845
6.529749000	0.967856169	0.212126540
6.529750000	0.971049190	0.204311710
6.529751000	0.944784522	0.212102255
6.529752000	0.960189700	0.214328292
6.529753000	0.951447606	0.204486879
6.529754000	0.965500534	0.209063988
6.529755000	0.947400510	0.207966982
6.529756000	0.956965864	0.208423731
6.529757000	0.924357951	0.204708188
6.529758000	0.937846959	0.208708073
6.529759000	0.968369663	0.207303539
6.529760000	0.986273468	0.211315075
6.529761000	0.951914072	0.209628628
6.529762000	0.986342430	0.206085026
6.529763000	0.928873241	0.204465841
6.529764000	0.949769974	0.202704725
6.529765000	0.972018421	0.205680458
6.529766000	0.974236906	0.212574417
6.529767000	0.922720671	0.201791161
6.529768000	0.954894900	0.210536333
6.529769000	0.948892117	0.204740412
6.529770000	0.941231191	0.203588778
6.529771000	0.969318867	0.206583253
6.529772000	0.907065928	0.205892629
6.529773000	0.979888320	0.201013202
6.529774000	0.969967246	0.206278055
6.529775000	0.944123507	0.203618506
6.529776000	0.954283953	0.204309113
6.529777000	0.979203939	0.206464243
6.529778000	0.957858860	0.205063454
6.529779000	0.964126527	0.208594373
6.529780000	0.944941878	0.209170315
6.529781000	0.984341264	0.205893511
6.529782000	0.960901678	0.203518438
6.529783000	0.955451429	0.204722087
6.529784000	0.951762497	0.209290140
6.529785000	0.970945835	0.200447413
6.529786000	0.966881156	0.207795957
6.529787000	0.930942118	0.197797502
6.529788000	0.978526652	0.198652193
6.529789000	0.939068973	0.200470084
6.529790000	0.940740585	0.203459565
6.529791000	0.983974755	0.204800899
6.529792000	0.990543127	0.203386445
6.529793000	0.965299726	0.204026402
6.529794000	0.913388073	0.203804711
6.529795000	0.960403800	0.204118514
6.529796000	0.938934207	0.203284862
6.529797000	0.952261686	0.200722168
6.529798000	0.981964529	0.195175270
6.529799000	0.932095826	0.203378738
6.529800000	0.912906229	0.198616390
6.529801000	0.963196099	0.199318699
6.529802000	0.980836391	0.205930879
6.529803000	0.915837586	0.203017663
6.529804000	0.957861364	0.196566905
6.529805000	0.902071357	0.201362392
6.529806000	0.958271742	0.203173708
6.529807000	0.903687716	0.201218948
6.529808000	0.947124243	0.204766461
6.529809000	0.989490926	0.200022556
6.529810000	0.938032985	0.196563276
6.529811000	0.937627077	0.199722085
6.529812000	0.948042035	0.198495383
6.529813000	0.913577318	0.203284396
6.529814000	0.905409098	0.202516806
6.529815000	0.934089363	0.205573316
6.529816000	0.914099038	0.200077001
6.529817000	0.933547080	0.196929494
6.529818000	0.917890906	0.199329918
6.529819000	1.012628436	0.197362774
6.529820000	0.935343325	0.203851083
6.529821000	0.956307709	0.194746118
6.529822000	0.923926532	0.204586498
6.529823000	0.901717663	0.197734634
6.529824000	0.962000906	0.201015665
6.529825000	0.959521055	0.198274341
6.529826000	0.974665165	0.200129965
6.529827000	0.911491275	0.198455835
6.529828000	0.967530549	0.196917127
6.529829000	0.930205226	0.202483001
6.529830000	0.932070851	0.200280433
6.529831000	0.934225619	0.199323976
6.529832000	0.946131706	0.196050634
6.529833000	0.947882831	0.186808783
6.529834000	0.955841362	0.196528056
6.529835000	0.967608392	0.197984988
6.529836000	0.986981452	0.194334410
6.529837000	0.923282146	0.195011236
6.529838000	0.929129362	0.196882622
6.529839000	0.917258978	0.198735933
6.529840000	0.973516345	0.195802478
6.529841000	0.926401913	0.199025801
6.529842000	0.953164637	0.193752726
6.529843000	0.912894070	0.199243199
6.529844000	0.943724692	0.202556787
6.529845000	0.893401742	0.195304250
6.529846000	0.957084060	0.193578106
6.529847000	0.992164254	0.198382515
6.529848000	0.956163049	0.193951597
6.529849000	0.980850041	0.196480319
6.529850000	0.969949007	0.196389888
6.529851000	0.964269578	0.194416136
6.529852000	0.922492385	0.188159821
6.529853000	0.930031419	0.190061867
6.529854000	0.928473890	0.189298872
6.529855000	0.958527684	0.191865676
6.529856000	0.903525710	0.191042676
6.529857000	0.939771712	0.192552905
6.529858000	0.930236638	0.187961665
6.529859000	0.942978144	0.189844570
6.529860000	0.956117749	0.194420913
6.529861000	0.938033879	0.196496348
6.529862000	0.960855484	0.190902711
6.529863000	0.982717454	0.192795536
6.529864000	0.900314093	0.191870370
6.529865000	0.919644833	0.192677724
6.529866000	0.931863308	0.194378419
6.529867000	0.919394612	0.185742553
6.529868000	0.918564141	0.190251118
6.529869000	0.913758695	0.192176933
6.529870000	0.913453043	0.183254195
6.529871000	0.924097002	0.194192447
6.529872000	0.917818189	0.189621480
6.529873000	0.923188210	0.191181127
6.529874000	0.916321516	0.187086551
6.529875000	0.945156932	0.188924282
6.529876000	0.925002396	0.191357712
6.529877000	0.950746775	0.188317347
6.529878000	0.977843523	0.189005192
6.529879000	0.899026752	0.190342648
6.529880000	0.953044593	0.193376238
6.529881000	0.946859419	0.190672164
6.529882000	0.929932117	0.191633931
6.529883000	0.975308418	0.187166362
6.529884000	0.900766373	0.186579052
6.529885000	0.942366183	0.187120073
6.529886000	0.931101859	0.189260372
6.529887000	0.925805211	0.187225351
6.529888000	0.922067642	0.184463387
6.529889000	0.934855342	0.185059519
6.529890000	0.927295506	0.185951511
6.529891000	0.923326910	0.181205326
6.529892000	0.945067525	0.187443697
6.529893000	0.917333007	0.187828857
6.529894000	0.923818171	0.190957255
6.529895000	0.938358665	0.189515220
6.529896000	0.898050427	0.191428951
6.529897000	0.911269784	0.180324951
6.529898000	0.936096132	0.185133288
6.529899000	0.928162277	0.188176383
6.529900000	0.958355963	0.184357027
6.529901000	0.899528205	0.187466750
6.529902000	0.911680400	0.187112700
6.529903000	0.962868154	0.182944769
6.529904000	0.929163158	0.189275319
6.529905000	0.932961881	0.188535710
6.529906000	0.923725605	0.184020786
6.529907000	0.922192216	0.181367212
6.529908000	0.949782312	0.181802639
6.529909000	0.902190506	0.183751025
6.529910000	0.941033006	0.180035049
6.529911000	0.925719261	0.180717634
6.529912000	0.922899127	0.179668465
6.529913000	0.928497732	0.188032689
6.529914000	0.966453195	0.186329647
6.529915000	0.941276073	0.184807184
6.529916000	0.903278589	0.179308839
6.529917000	0.940028489	0.183205826
6.529918000	0.938874900	0.181690487
6.529919000	0.951383948	0.180172868
6.529920000	0.947292686	0.184011898
6.529921000	0.953137875	0.184327715
6.529922000	0.940613031	0.183166810
6.529923000	0.942192316	0.186961965
6.529924000	0.939646721	0.182646512
6.529925000	0.923948050	0.182240363
6.529926000	0.933580875	0.176675239
6.529927000	0.901341677	0.185463853
6.529928000	0.965727210	0.182976394
6.529929000	0.953955591	0.179894085
6.529930000	0.887018561	0.181843902
6.529931000	0.937036693	0.177561489
6.529932000	0.886626959	0.181624773
6.529933000	0.865999699	0.177901042
6.529934000	0.926906884	0.182498673
6.529935000	0.948403478	0.178103359
6.529936000	0.926014423	0.183416831
6.529937000	0.906076670	0.177046666
6.529938000	0.922602236	0.177414216
6.529939000	0.960991323	0.174706796
6.529940000	0.943109870	0.181095903
6.529941000	0.914068162	0.175839056
6.529942000	0.942683995	0.180310420
6.529943000	0.925215900	0.177065591
6.529944000	0.897135437	0.175308870
6.529945000	0.918103933	0.181558244
6.529946000	0.912095547	0.174280208
6.529947000	0.914303839	0.177175447
6.529948000	0.922618926	0.178506395
6.529949000	0.931786180	0.177030271
6.529950000	0.878498495	0.182137665
6.529951000	0.902252614	0.172677468
6.529952000	0.918468356	0.175725921
6.529953000	0.911988556	0.177821580
6.529954000	0.939829111	0.171548703
6.529955000	0.880449772	0.174316560
6.529956000	0.910365343	0.175292775
6.529957000	0.875796199	0.178055655
6.529958000	0.900905311	0.175829369
6.529959000	0.879076123	0.169138759
6.529960000	0.872094691	0.175517629
6.529961000	0.924524605	0.172080437
6.529962000	0.910628200	0.176067605
6.529963000	0.899345756	0.175308837
6.529964000	0.939156055	0.174983349
6.529965000	0.928733051	0.170776337
6.529966000	0.908335090	0.173262448
6.529967000	0.881607413	0.166765017
6.529968000	0.918612123	0.169515247
6.529969000	0.939547181	0.169741216
6.529970000	0.868969142	0.166631443
6.529971000	0.922335505	0.168307254
6.529972000	0.931229174	0.173205489
6.529973000	0.950754762	0.170648921
6.529974000	0.904387653	0.167193886
6.529975000	0.921097815	0.166809109
6.529976000	0.943800867	0.169827769
6.529977000	0.893485129	0.163599217
6.529978000	0.879660904	0.169427146
6.529979000	0.882758975	0.168739268
6.529980000	0.949534178	0.170575285
6.529981000	0.932554960	0.164416442
6.529982000	0.907796621	0.165946145
6.529983000	0.916879237	0.170804034
6.529984000	0.931048751	0.167745127
6.529985000	0.920837581	0.163485867
6.529986000	0.903085947	0.165577630
6.529987000	0.860742152	0.165963106
6.529988000	0.891483963	0.170380857
6.529989000	0.892251611	0.163036392
6.529990000	0.912023604	0.163542309
6.529991000	0.917560577	0.170888972
6.529992000	0.924729705	0.166719161
6.529993000	0.892084837	0.167991919
6.529994000	0.961582065	0.164628579
6.529995000	0.868421018	0.165647205
6.529996000	0.885183752	0.164362180
6.529997000	0.932870269	0.166004002
6.529998000	0.933045030	0.161556673
6.529999000	0.874130130	0.162423948
6.530000000	0.908683002	0.157454023
6.530001000	0.891909242	0.159586633
6.530002000	0.918838143	0.167126308
6.530003000	0.886304200	0.161380255
6.530004000	0.943741679	0.162071895
6.530005000	0.905798912	0.163302858
6.530006000	0.945998192	0.160344119
6.530007000	0.863864481	0.161573967
6.530008000	0.916662812	0.158420917
6.530009000	0.949836910	0.161858892
6.530010000	0.901618302	0.161635003
6.530011000	0.938457191	0.162728980
6.530012000	0.874418437	0.163249644
6.530013000	0.900157332	0.161170348
6.530014000	0.891280890	0.158309547
6.530015000	0.898636103	0.160949605
6.530016000	0.902443111	0.159572435
6.530017000	0.899447799	0.167044016
6.530018000	0.889217257	0.157196812
6.530019000	0.887965024	0.157552460
6.530020000	0.917674124	0.157129284
6.530021000	0.885547996	0.159476211
6.530022000	0.920582175	0.157430854
6.530023000	0.893232346	0.153175755
6.530024000	0.925543189	0.158978616
6.530025000	0.880463898	0.158194831
6.530026000	0.911753654	0.158731924
6.530027000	0.931286514	0.155419285
6.530028000	0.922780454	0.155297345
6.530029000	0.840254486	0.160129019
6.530030000	0.849948466	0.155471999
6.530031000	0.880625844	0.151628958
6.530032000	0.873013973	0.159932727
6.530033000	0.825427175	0.155933225
6.530034000	0.856453955	0.149063335
6.530035000	0.916641712	0.156951302
6.530036000	0.886050045	0.155288723
6.530037000	0.895746589	0.152360345
6.530038000	0.856520236	0.151399376
6.530039000	0.883938074	0.150054180
6.530040000	0.857908249	0.159876052
6.530041000	0.910704970	0.151413158
6.530042000	0.870082796	0.153718291
6.530043000	0.898133755	0.149907523
6.530044000	0.881077528	0.156165453
6.530045000	0.878744423	0.150264304
6.530046000	0.893363416	0.154174706
6.530047000	0.881598711	0.150897687
6.530048000	0.885951042	0.148562228
6.530049000	0.853732288	0.146862881
6.530050000	0.875909865	0.152598082
6.530051000	0.902223110	0.150689394
6.530052000	0.922685444	0.151620668
6.530053000	0.860430598	0.147499027
6.530054000	0.880666912	0.148277153
6.530055000	0.909211099	0.149160973
6.530056000	0.903723717	0.147592587
6.530057000	0.869738102	0.145599045
6.530058000	0.908272028	0.143043226
6.530059000	0.872354746	0.152187689
6.530060000	0.861893892	0.143662760
6.530061000	0.834408283	0.146805257
6.530062000	0.846267045	0.146235341
6.530063000	0.850216091	0.150663661
6.530064000	0.843558788	0.148353003
6.530065000	0.885467410	0.146640990
6.530066000	0.899523795	0.149186223
6.530067000	0.867706895	0.146253317
6.530068000	0.861292303	0.143480933
6.530069000	0.912728548	0.145865627
6.530070000	0.878511488	0.144841875
6.530071000	0.904738843	0.142456615
6.530072000	0.860799313	0.142753241
6.530073000	0.867763996	0.142511526
6.530074000	0.868278742	0.139397858
6.530075000	0.881679237	0.139449556
6.530076000	0.834718049	0.141386190
6.530077000	0.825634956	0.142826827
6.530078000	0.924766541	0.140432695
6.530079000	0.837534308	0.136124941
6.530080000	0.881188691	0.139981456
6.530081000	0.870459020	0.140822432
6.530082000	0.877260268	0.142900630
6.530083000	0.898762465	0.139366582
6.530084000	0.867449701	0.138793170
6.530085000	0.895290256	0.136196314
6.530086000	0.911972940	0.138186203
6.530087000	0.819019973	0.136140321
6.530088000	0.906676412	0.141660829
6.530089000	0.851968884	0.136775077
6.530090000	0.861071706	0.139521886
6.530091000	0.858020902	0.135358916
6.530092000	0.873742819	0.132074448
6.530093000	0.818479240	0.132541899
6.530094000	0.837890089	0.129483566
6.530095000	0.825973332	0.131433608
6.530096000	0.839096427	0.139775461
6.530097000	0.839606702	0.132398471
6.530098000	0.884482622	0.137669100
6.530099000	0.886678696	0.131590593
6.530100000	0.919753432	0.137641145
6.530101000	0.868725479	0.128224557
6.530102000	0.854588091	0.131877915
6.530103000	0.869059920	0.132011880
6.530104000	0.857768953	0.129530205
6.530105000	0.869637311	0.131914333
6.530106000	0.863249242	0.130422056
6.530107000	0.843666434	0.137184787
6.530108000	0.857092559	0.135574449
6.530109000	0.889770567	0.129641650
6.530110000	0.834109843	0.132681607
6.530111000	0.842510998	0.127722027
6.530112000	0.823292494	0.133688465
6.530113000	0.838541985	0.130713006
6.530114000	0.832753956	0.125778277
6.530115000	0.836826622	0.126357614
6.530116000	0.833603382	0.129642008
6.530117000	0.825864196	0.127061247
6.530118000	0.845116019	0.127807722
6.530119000	0.830086350	0.130376865
6.530120000	0.865399420	0.125215518
6.530121000	0.842704117	0.127168597
6.530122000	0.797168612	0.124090415
6.530123000	0.860626996	0.121725021
6.530124000	0.841575742	0.125795363
6.530125000	0.819269121	0.122587386
6.530126000	0.822776616	0.116371509
6.530127000	0.884739161	0.123014232
6.530128000	0.822789729	0.119102872
6.530129000	0.812535167	0.123879160
6.530130000	0.847650349	0.119264584
6.530131000	0.819397271	0.124386617
6.530132000	0.845758975	0.119892541
6.530133000	0.800060689	0.123745253
6.530134000	0.794962049	0.118757827
6.530135000	0.805856109	0.116705878
6.530136000	0.846385062	0.118975640
6.530137000	0.854041755	0.119429359
6.530138000	0.765341520	0.118737886
6.530139000	0.771847188	0.116926787
6.530140000	0.858763933	0.113964028
6.530141000	0.812441826	0.119046746
6.530142000	0.791417420	0.114679428
6.530143000	0.814076781	0.123100585
6.530144000	0.811424732	0.119940370
6.530145000	0.833299100	0.114028352
6.530146000	0.759375811	0.117375737
6.530147000	0.786580801	0.118405815
6.530148000	0.840623617	0.108366297
6.530149000	0.871379793	0.116010709
6.530150000	0.797768414	0.116351377
6.530151000	0.858889520	0.107531113
6.530152000	0.833168805	0.115221873
6.530153000	0.810977221	0.115548826
6.530154000	0.838378072	0.112859441
6.530155000	0.789151192	0.108480946
6.530156000	0.804579258	0.109587023
6.530157000	0.781040728	0.112094772
6.530158000	0.773875475	0.111503975
6.530159000	0.775398910	0.114559053
6.530160000	0.808470368	0.107962071
6.530161000	0.790462971	0.108737308
6.530162000	0.791714430	0.110244200
6.530163000	0.808400214	0.109107271
6.530164000	0.840994835	0.106686142
6.530165000	0.798107505	0.115455773
6.530166000	0.809353828	0.106534633
6.530167000	0.816855133	0.105509657
6.530168000	0.795515060	0.107297512
6.530169000	0.781912923	0.108193557
6.530170000	0.772810757	0.106984491
6.530171000	0.801539242	0.102568811
6.530172000	0.818989754	0.100922737
6.530173000	0.807068348	0.100407332
6.530174000	0.820202112	0.096665973
6.530175000	0.763563633	0.102421855
6.530176000	0.741840422	0.098936093
6.530177000	0.768685937	0.104264238
6.530178000	0.821671665	0.102674189
6.530179000	0.798056781	0.101177351
6.530180000	0.809849679	0.100259160
6.530181000	0.786772847	0.099342500
6.530182000	0.780566156	0.096058464
6.530183000	0.766378939	0.100088268
6.530184000	0.750457525	0.095129645
6.530185000	0.764603317	0.096041520
6.530186000	0.747050464	0.097150577
6.530187000	0.751221836	0.091503028
6.530188000	0.783500850	0.091824596
6.530189000	0.757894039	0.091800586
6.530190000	0.779328227	0.093268470
6.530191000	0.780057907	0.094646623
6.530192000	0.753553987	0.094665007
6.530193000	0.786108613	0.086878615
6.530194000	0.754209995	0.088333575
6.530195000	0.739482284	0.090817596
6.530196000	0.712116599	0.089880330
6.530197000	0.734898508	0.089625948
6.530198000	0.748346627	0.088322148
6.530199000	0.752309680	0.089812311
6.530200000	0.719048738	0.085858067
6.530201000	0.739158154	0.088596512
6.530202000	0.719180882	0.081419742
6.530203000	0.771076024	0.086667576
6.530204000	0.731122434	0.079121634
6.530205000	0.752798796	0.087747280
6.530206000	0.777343035	0.082481486
6.530207000	0.752467036	0.081725656
6.530208000	0.771942914	0.079850924
6.530209000	0.760033250	0.082066557
6.530210000	0.757099748	0.077461652
6.530211000	0.769276440	0.078759943
6.530212000	0.733790517	0.079337175
6.530213000	0.725479126	0.087697620
6.530214000	0.745523989	0.079278219
6.530215000	0.762236297	0.074935627
6.530216000	0.703655839	0.076526516
6.530217000	0.745597541	0.082380045
6.530218000	0.725815952	0.071598004
6.530219000	0.708584785	0.071395737
6.530220000	0.696153343	0.073278850
6.530221000	0.768725514	0.074938898
6.530222000	0.753855348	0.075105537
6.530223000	0.705888987	0.071136045
6.530224000	0.707017481	0.072382521
6.530225000	0.721365929	0.073260873
6.530226000	0.697016120	0.075345221
6.530227000	0.713073313	0.077318241
6.530228000	0.677408516	0.072644784
6.530229000	0.683256388	0.067971669
6.530230000	0.698468864	0.067290279
6.530231000	0.702691734	0.068430045
6.530232000	0.702429295	0.070393906
6.530233000	0.702879131	0.067859704
6.530234000	0.714975476	0.069030987
6.530235000	0.668306947	0.058351982
6.530236000	0.690479338	0.067119158
6.530237000	0.709715605	0.062228749
6.530238000	0.704927683	0.064719433
6.530239000	0.704830110	0.062257624
6.530240000	0.640191615	0.062084589
6.530241000	0.706594050	0.061861033
6.530242000	0.650492430	0.064339617
6.530243000	0.657198310	0.059735373
6.530244000	0.660311341	0.060033681
6.530245000	0.634225905	0.066336143
6.530246000	0.695288002	0.058095652
6.530247000	0.640945733	0.052897174
6.530248000	0.701080203	0.053957912
6.530249000	0.644677579	0.057612022
6.530250000	0.629146159	0.060164196
6.530251000	0.653726220	0.052459313
6.530252000	0.629367709	0.057701213
6.530253000	0.696652472	0.051731788
6.530254000	0.642569065	0.051926415
6.530255000	0.644903183	0.049299764
6.530256000	0.640406847	0.052820667
6.530257000	0.611274600	0.052247218
6.530258000	0.636905313	0.053664481
6.530259000	0.644670844	0.054290882
6.530260000	0.610878825	0.046215212
6.530261000	0.630076110	0.042405393
6.530262000	0.597795546	0.047431249
6.530263000	0.641180217	0.048013199
6.530264000	0.637927115	0.040051496
6.530265000	0.646127880	0.044072391
6.530266000	0.613238156	0.041253876
6.530267000	0.589113116	0.037544059
6.530268000	0.586774647	0.045485551
6.530269000	0.655420184	0.040113718
6.530270000	0.646333992	0.036742498
6.530271000	0.559150875	0.037969345
6.530272000	0.629483044	0.036797987
6.530273000	0.612815619	0.037791363
6.530274000	0.591130078	0.037426306
6.530275000	0.608256042	0.036325047
6.530276000	0.592152059	0.032634416
6.530277000	0.551488698	0.035154317
6.530278000	0.576764762	0.032000710
6.530279000	0.605522394	0.032943022
6.530280000	0.552116632	0.030629480
6.530281000	0.568344295	0.030327350
6.530282000	0.581362069	0.031355224
6.530283000	0.553992867	0.028948107
6.530284000	0.596453011	0.023748496
6.530285000	0.535249889	0.017735617
6.530286000	0.585854053	0.025342137
6.530287000	0.618263781	0.022159672
6.530288000	0.526510775	0.021579711
6.530289000	0.523647189	0.027485468
6.530290000	0.520090938	0.020156060
6.530291000	0.577353179	0.019849024
6.530292000	0.533420384	0.020679250
6.530293000	0.574270725	0.014116852
6.530294000	0.539532959	0.015328468
6.530295000	0.521182954	0.012625164
6.530296000	0.480964959	0.017096616
6.530297000	0.575668037	0.012004577
6.530298000	0.470439643	0.018863266
6.530299000	0.518051326	0.011656868
6.530300000	0.457818061	0.008410721
6.530301000	0.495069206	0.014684812
6.530302000	0.503227770	0.004811256
6.530303000	0.487357587	0.008565623
6.530304000	0.539357543	0.009388471
6.530305000	0.480185419	0.002281304
6.530306000	0.483759969	-0.003332045
6.530307000	0.496601254	0.002727737
6.530308000	0.437057108	-0.000574622
6.530309000	0.481466800	-0.000675833
6.530310000	0.466082901	-0.000407586
6.530311000	0.468921661	0.004002892
6.530312000	0.476385087	-0.004302500
6.530313000	0.461882263	0.001446978
6.530314000	0.415905058	-0.005726079
6.530315000	0.454066873	-0.006447328
6.530316000	0.399605930	-0.016394563
6.530317000	0.409793913	-0.011355791
6.530318000	0.404717952	-0.010357689
6.530319000	0.446207225	-0.006443319
6.530320000	0.438384831	-0.013766253
6.530321000	0.404319525	-0.010902376
6.530322000	0.364769042	-0.021256528
6.530323000	0.414947093	-0.017385608
6.530324000	0.386694878	-0.020158105
6.530325000	0.381134957	-0.015534725
6.530326000	0.376372218	-0.020859975
6.530327000	0.357245624	-0.021790392
6.530328000	0.368977994	-0.018744688
6.530329000	0.392394572	-0.026042790
6.530330000	0.361844987	-0.029718951
6.530331000	0.396142036	-0.022418328
6.530332000	0.375189602	-0.028259641
6.530333000	0.342347920	-0.026306075
6.530334000	0.367692739	-0.031825547
6.530335000	0.316068292	-0.029434956
6.530336000	0.276258677	-0.034745743
6.530337000	0.316318661	-0.038489211
6.530338000	0.300447077	-0.039666511
6.530339000	0.331519574	-0.041186385
6.530340000	0.317079097	-0.041750560
6.530341000	0.318321377	-0.041699269
6.530342000	0.297571927	-0.043327014
6.530343000	0.271573365	-0.042247480
6.530344000	0.298248053	-0.046562700
6.530345000	0.249424443	-0.045834996
6.530346000	0.281767040	-0.045609542
6.530347000	0.242171407	-0.051266421
6.530348000	0.219135299	-0.052772343
6.530349000	0.253110290	-0.049469711
6.530350000	0.242183849	-0.055206268
6.530351000	0.226696461	-0.055294319
6.530352000	0.203431711	-0.060037338
6.530353000	0.247980550	-0.057082428
6.530354000	0.216937870	-0.053038081
6.530355000	0.172722995	-0.057465370
6.530356000	0.211233914	-0.061296714
6.530357000	0.207942739	-0.056578096
6.530358000	0.125117838	-0.068229268
6.530359000	0.192019299	-0.072660913
6.530360000	0.161963075	-0.072552955
6.530361000	0.188742012	-0.065211943
6.530362000	0.193169862	-0.075957332
6.530363000	0.149655849	-0.081638013
6.530364000	0.102346510	-0.078444359
6.530365000	0.109018900	-0.083112730
6.530366000	0.113257572	-0.080560665
6.530367000	0.112867579	-0.082547732
6.530368000	0.052437548	-0.085004207
6.530369000	0.060922790	-0.091590929
6.530370000	0.070706055	-0.088300501
6.530371000	0.099796310	-0.089059228
6.530372000	0.037571315	-0.091685071
6.530373000	-0.030596163	-0.098024651
6.530374000	0.027831366	-0.097969491
6.530375000	-0.026173661	-0.096861100
6.530376000	-0.041690264	-0.102409321
6.530377000	0.034091096	-0.092189066
6.530378000	0.024309421	-0.100388323
6.530379000	-0.054478388	-0.106662498
6.530380000	-0.086283877	-0.101269047
6.530381000	-0.071230315	-0.103525236
6.530382000	-0.042550173	-0.111644765
6.530383000	-0.082658827	-0.102925550
6.530384000	-0.066867866	-0.111100389
6.530385000	-0.099308424	-0.116989979
6.530386000	-0.135082111	-0.113984535
6.530387000	-0.153525829	-0.122685681
6.530388000	-0.189652666	-0.123795004
6.530389000	-0.197229430	-0.131981087
6.530390000	-0.278668046	-0.130603942
6.530391000	-0.251727253	-0.133604159
6.530392000	-0.198620722	-0.135260445
6.530393000	-0.289059192	-0.137059586
6.530394000	-0.290944159	-0.141908420
6.530395000	-0.228035986	-0.140885682
6.530396000	-0.269383073	-0.139747680
6.530397000	-0.318972409	-0.144020772
6.530398000	-0.271118551	-0.150265386
6.530399000	-0.366561592	-0.148994259
6.530400000	-0.287584722	-0.149758503
6.530401000	-0.345829755	-0.146788479
6.530402000	-0.412268490	-0.151928380
6.530403000	-0.407315761	-0.157832159
6.530404000	-0.413999736	-0.159282383
6.530405000	-0.418438673	-0.166226010
6.530406000	-0.450291455	-0.163338427
6.530407000	-0.479954511	-0.169938589
6.530408000	-0.496102631	-0.177246836
6.530409000	-0.549759507	-0.175754850
6.530410000	-0.543967128	-0.180750857
6.530411000	-0.561167896	-0.179663039
6.530412000	-0.566335499	-0.185201748
6.530413000	-0.636655092	-0.180548074
6.530414000	-0.587745607	-0.184817654
6.530415000	-0.613953114	-0.188449573
6.530416000	-0.657812178	-0.193922819
6.530417000	-0.764540672	-0.198674830
6.530418000	-0.823691249	-0.210104968
6.530419000	-0.937810719	-0.214104336
6.530420000	-0.903222442	-0.215706444
6.530421000	-0.953163326	-0.220861642
6.530422000	-0.926440477	-0.220192872
6.530423000	-0.948261619	-0.229268209
6.530424000	-1.035994411	-0.225115509
6.530425000	-0.984075010	-0.224480994
6.530426000	-1.053846478	-0.230742252
6.530427000	-1.078771710	-0.238159788
6.530428000	-1.093769193	-0.232837827
6.530429000	-1.093505025	-0.242130096
6.530430000	-1.185736418	-0.245878378
6.530431000	-1.244496584	-0.250787150
6.530432000	-1.274063468	-0.252275824
6.530433000	-1.242478609	-0.258036058
6.530434000	-1.302361250	-0.258143400
6.530435000	-1.242932677	-0.259345052
6.530436000	-1.355627298	-0.265393224
6.530437000	-1.385636449	-0.266224779
6.530438000	-1.418249011	-0.265041587
6.530439000	-1.378949165	-0.265333869
6.530440000	-1.543821096	-0.272516514
6.530441000	-1.464474678	-0.277753570
6.530442000	-1.585913181	-0.280869752
6.530443000	-1.554893255	-0.283596363
6.530444000	-1.621833563	-0.285675126
6.530445000	-1.696330428	-0.291189867
6.530446000	-1.758699417	-0.295145560
6.530447000	-1.740959406	-0.296703043
6.530448000	-1.693652987	-0.300689396
6.530449000	-1.829948306	-0.307081449
6.530450000	-1.882902980	-0.309549234
6.530451000	-1.888101935	-0.303872206
6.530452000	-1.935066223	-0.312951955
6.530453000	-1.974937916	-0.311696607
6.530454000	-1.965654731	-0.309253856
6.530455000	-1.995317817	-0.315901372
6.530456000	-2.126879454	-0.321936461
6.530457000	-2.189162970	-0.332760014
6.530458000	-2.337677479	-0.342647898
6.530459000	-2.407703638	-0.342435212
6.530460000	-2.443987131	-0.336693037
6.530461000	-2.383551359	-0.342636480
6.530462000	-2.571431398	-0.352492240
6.530463000	-2.721351624	-0.354750035
6.530464000	-2.714954376	-0.354051454
6.530465000	-2.610981941	-0.357674918
6.530466000	-2.852172375	-0.363358470
6.530467000	-2.798635721	-0.367086696
6.530468000	-2.898581982	-0.364180821
6.530469000	-3.023948193	-0.373761543
6.530470000	-3.152234077	-0.381702091
6.530471000	-3.077134609	-0.385301752
6.530472000	-3.132970095	-0.380661128
6.530473000	-3.239974022	-0.385154080
6.530474000	-3.328054190	-0.381366566
6.530475000	-3.353565216	-0.392743423
6.530476000	-3.519667149	-0.404053802
6.530477000	-3.664191961	-0.402181200
6.530478000	-3.668451786	-0.397203020
6.530479000	-3.895978689	-0.403790682
6.530480000	-3.845303774	-0.409062309
6.530481000	-4.074574471	-0.409998011
6.530482000	-4.360351086	-0.420064160
6.530483000	-4.262746334	-0.415974877
6.530484000	-4.437272549	-0.421262716
6.530485000	-4.508320808	-0.426201482
6.530486000	-4.526891708	-0.415596974
6.530487000	-4.690143108	-0.420291594
6.530488000	-4.701200962	-0.418941172
6.530489000	-4.753114223	-0.413383920
6.530490000	-5.082608700	-0.425972949
6.530491000	-5.112819195	-0.431519282
6.530492000	-5.253235340	-0.430114098
6.530493000	-5.254378319	-0.428897400
6.530494000	-5.327750206	-0.426586408
6.530495000	-5.437036037	-0.429662792
6.530496000	-5.769322872	-0.422205409
6.530497000	-6.128085613	-0.424295923
6.530498000	-6.121520996	-0.402894961
6.530499000	-6.128493309	-0.440019160
6.530500000	-6.512492657	-0.438863881
6.530501000	-6.466904640	-0.431512258
6.530502000	-6.629756451	-0.419838691
6.530503000	-6.891071320	-0.418374351
6.530504000	-6.709124565	-0.424057471
6.530505000	-7.118560791	-0.416128707
6.530506000	-7.148766041	-0.418974628
6.530507000	-7.334908009	-0.400625348
6.530508000	-7.676440239	-0.400108129
6.530509000	-7.709737301	-0.387085571
6.530510000	-7.788984299	-0.398653144
6.530511000	-8.174732208	-0.364975608
6.530512000	-8.392416954	-0.381229712
6.530513000	-8.501495361	-0.360520073
6.530514000	-8.480621338	-0.343908572
6.530515000	-8.737886429	-0.350980563
6.530516000	-8.855473518	-0.339790094
6.530517000	-8.825012207	-0.350162340
6.530518000	-9.469340324	-0.324412702
6.530519000	-9.751625061	-0.262222531
6.530520000	-10.265054703	-0.252790430
6.530521000	-10.327567101	-0.220514482
6.530522000	-10.112645149	-0.231353082
6.530523000	-10.470519066	-0.222909995
6.530524000	-10.646037102	-0.181500970
6.530525000	-10.840433121	-0.168137843
6.530526000	-11.132368088	-0.111260054
6.530527000	-11.478469849	-0.059860196
6.530528000	-11.707862854	-0.051278655
6.530529000	-11.753616333	0.013334059
6.530530000	-12.082705498	0.028071726
6.530531000	-11.884264946	0.044443132
6.530532000	-11.935720444	0.055755083
6.530533000	-12.066874504	0.116850587
6.530534000	-12.368994713	0.134785620
6.530535000	-12.352443695	0.149449227
6.530536000	-12.188972473	0.215529128
6.530537000	-12.180002213	0.229072267
6.530538000	-12.125669479	0.292369614
6.530539000	-12.078427315	0.348165136
6.530540000	-12.335723877	0.382384792
6.530541000	-12.171433449	0.406668260
6.530542000	-12.297286987	0.452881063
6.530543000	-12.096764565	0.433821451
6.530544000	-11.819010735	0.504177740
6.530545000	-11.943937302	0.541888966
6.530546000	-11.799387932	0.555248681
6.530547000	-11.766907692	0.589493570
6.530548000	-11.383380890	0.608795629
6.530549000	-11.210455894	0.604261131
6.530550000	-11.405028343	0.648607491
6.530551000	-11.274088860	0.680698049
6.530552000	-10.783414841	0.719609096
6.530553000	-10.886898041	0.738113206
6.530554000	-10.301505089	0.759153510
6.530555000	-10.323249817	0.784545885
6.530556000	-10.101178169	0.793943582
6.530557000	-9.755991936	0.815366782
6.530558000	-9.874916077	0.801333121
6.530559000	-9.709770203	0.853553383
6.530560000	-9.465800285	0.861666636
6.530561000	-9.320396423	0.849515298
6.530562000	-8.966970444	0.884424280
6.530563000	-8.906353951	0.884242919
6.530564000	-8.499376297	0.902909015
6.530565000	-8.569966316	0.895942851
6.530566000	-8.264523506	0.915340984
6.530567000	-7.805166721	0.925172842
6.530568000	-8.030695915	0.934661152
6.530569000	-7.723832130	0.944806398
6.530570000	-7.617837906	0.931027335
6.530571000	-7.594901085	0.919152100
6.530572000	-7.314851761	0.940161911
6.530573000	-7.482026577	0.946921547
6.530574000	-7.219000340	0.945181903
6.530575000	-6.987205029	0.957514070
6.530576000	-6.776365280	0.960285489
6.530577000	-6.665258884	0.961555417
6.530578000	-6.739310265	0.960953410
6.530579000	-6.498043537	0.969910086
6.530580000	-6.430734634	0.962376936
6.530581000	-6.354644299	0.981975005
6.530582000	-5.986617088	0.973048022
6.530583000	-5.963290215	0.968195743
6.530584000	-5.770646572	0.964782503
6.530585000	-5.806441784	0.967053447
6.530586000	-5.959598541	0.979083411
6.530587000	-5.556570530	0.957892639
6.530588000	-5.372928619	0.965920604
6.530589000	-5.315318584	0.972360927
6.530590000	-5.365002632	0.965422527
6.530591000	-5.034205914	0.964071838
6.530592000	-5.009815693	0.962740724
6.530593000	-4.881852150	0.969186572
6.530594000	-5.027767658	0.970366486
6.530595000	-4.780034065	0.960629436
6.530596000	-4.667947292	0.964236222
6.530597000	-4.640186787	0.965248556
6.530598000	-4.567740917	0.958799378
6.530599000	-4.286937237	0.949489100
6.530600000	-4.276724815	0.951877756
6.530601000	-4.258525848	0.952644746
6.530602000	-4.102420330	0.951606913
6.530603000	-4.113776207	0.950097366
6.530604000	-4.024343967	0.947839938
6.530605000	-3.921134710	0.939853051
6.530606000	-3.776854038	0.938877269
6.530607000	-3.781266212	0.939204438
6.530608000	-3.672440052	0.936163707
6.530609000	-3.558700085	0.923192715
6.530610000	-3.425926447	0.924161240
6.530611000	-3.469358921	0.921913998
6.530612000	-3.340623379	0.928150189
6.530613000	-3.341112852	0.917580502
6.530614000	-3.274427891	0.925452340
6.530615000	-3.305474043	0.920121358
6.530616000	-3.166601181	0.920463374
6.530617000	-3.028739929	0.913952278
6.530618000	-3.129004478	0.919178865
6.530619000	-3.060209036	0.908232607
6.530620000	-2.996137619	0.908162566
6.530621000	-2.962575436	0.915417416
6.530622000	-2.929867506	0.903492580
6.530623000	-2.843424320	0.907712825
6.530624000	-2.820638180	0.905407592
6.530625000	-2.816069365	0.904606980
6.530626000	-2.608784437	0.893488682
6.530627000	-2.605616570	0.891658690
6.530628000	-2.456341505	0.880051236
6.530629000	-2.449779272	0.879343235
6.530630000	-2.373290300	0.880471550
6.530631000	-2.356037855	0.873460645
6.530632000	-2.388350248	0.877849201
6.530633000	-2.358528376	0.879109942
6.530634000	-2.263140440	0.870051066
6.530635000	-2.241940498	0.871187637
6.530636000	-2.070970774	0.852512286
6.530637000	-2.133540154	0.863628188
6.530638000	-2.000234604	0.853081271
6.530639000	-2.001718998	0.851163662
6.530640000	-2.061906576	0.858355395
6.530641000	-1.923469424	0.847685706
6.530642000	-1.982389331	0.837560301
6.530643000	-1.963778019	0.847991637
6.530644000	-1.852001548	0.842921977
6.530645000	-1.915987372	0.841103637
6.530646000	-1.860864639	0.835372381
6.530647000	-1.722694755	0.833603776
6.530648000	-1.639560580	0.825013816
6.530649000	-1.588661194	0.823683834
6.530650000	-1.560012460	0.817596114
6.530651000	-1.598466396	0.813654169
6.530652000	-1.441968322	0.811194873
6.530653000	-1.395704746	0.808217259
6.530654000	-1.441768050	0.806515766
6.530655000	-1.384446502	0.812514336
6.530656000	-1.320257425	0.803100395
6.530657000	-1.329249382	0.807161183
6.530658000	-1.341908216	0.794783476
6.530659000	-1.254289627	0.789148893
6.530660000	-1.245197415	0.782667757
6.530661000	-1.240404010	0.792018183
6.530662000	-1.284412622	0.788592692
6.530663000	-1.197486401	0.796624786
6.530664000	-1.178812981	0.791159979
6.530665000	-1.054163575	0.782340854
6.530666000	-1.144763350	0.778470083
6.530667000	-1.091105819	0.786103568
6.530668000	-1.082591772	0.766310023
6.530669000	-1.078509569	0.773475724
6.530670000	-1.023109436	0.769408078
6.530671000	-0.985722601	0.761344226
6.530672000	-1.005839705	0.761525654
6.530673000	-1.003740907	0.766727207
6.530674000	-0.928370297	0.762705701
6.530675000	-0.845169723	0.756974977
6.530676000	-0.895946026	0.759040325
6.530677000	-0.908736706	0.754258620
6.530678000	-0.833530247	0.749905150
6.530679000	-0.811102331	0.746122330
6.530680000	-0.779514909	0.745273647
6.530681000	-0.786295950	0.742237976
6.530682000	-0.772659302	0.734403422
6.530683000	-0.753675461	0.742986258
6.530684000	-0.774994671	0.743984144
6.530685000	-0.672160566	0.737215654
6.530686000	-0.707873404	0.738888518
6.530687000	-0.634452760	0.728909188
6.530688000	-0.682176411	0.733179167
6.530689000	-0.652287126	0.734048023
6.530690000	-0.593448639	0.724941277
6.530691000	-0.617991447	0.723009420
6.530692000	-0.623312116	0.730629057
6.530693000	-0.658615708	0.724056642
6.530694000	-0.571677685	0.719097969
6.530695000	-0.626275539	0.718058670
6.530696000	-0.575609863	0.715309556
6.530697000	-0.609588087	0.722678057
6.530698000	-0.562158823	0.707577534
6.530699000	-0.491314828	0.711480263
6.530700000	-0.494972497	0.709365047
6.530701000	-0.534261405	0.705673107
6.530702000	-0.471636146	0.702234367
6.530703000	-0.433699071	0.711292643
6.530704000	-0.463088006	0.702934312
6.530705000	-0.479401946	0.701737621
6.530706000	-0.358728826	0.695600300
6.530707000	-0.412063837	0.699138109
6.530708000	-0.368211627	0.694402410
6.530709000	-0.378378600	0.693548401
6.530710000	-0.405808002	0.685409048
6.530711000	-0.372375965	0.687018729
6.530712000	-0.315085143	0.687155149
6.530713000	-0.334446877	0.687962354
6.530714000	-0.268321723	0.683627659
6.530715000	-0.290407509	0.687500961
6.530716000	-0.319216073	0.678106860
6.530717000	-0.279595137	0.677138069
6.530718000	-0.298325777	0.675915345
6.530719000	-0.288322121	0.675874066
6.530720000	-0.188390881	0.666860597
6.530721000	-0.277064443	0.673653389
6.530722000	-0.245267674	0.669148985
6.530723000	-0.249781743	0.671278515
6.530724000	-0.217422262	0.663733780
6.530725000	-0.231763065	0.665924629
6.530726000	-0.168922916	0.670905872
6.530727000	-0.136025831	0.665051578
6.530728000	-0.106490396	0.664949379
6.530729000	-0.121242873	0.651625385
6.530730000	-0.135306865	0.660747843
6.530731000	-0.143343166	0.649964105
6.530732000	-0.047997270	0.650207784
6.530733000	-0.117074728	0.655792100
6.530734000	-0.149669066	0.647729646
6.530735000	-0.092170261	0.645234730
6.530736000	-0.068639740	0.646986558
6.530737000	-0.001475436	0.648719144
6.530738000	-0.045316096	0.638723235
6.530739000	-0.041470312	0.644868412
6.530740000	-0.034622330	0.646876569
6.530741000	-0.010404376	0.637846788
6.530742000	-0.042114560	0.645628479
6.530743000	-0.006067267	0.640824136
6.530744000	-0.041939907	0.639623783
6.530745000	0.015944261	0.632528589
6.530746000	0.015393485	0.629110555
6.530747000	0.013945373	0.634453455
6.530748000	0.030853197	0.628301686
6.530749000	0.061619889	0.628796235
6.530750000	0.059212878	0.624276318
6.530751000	0.084190421	0.622619965
6.530752000	0.035207201	0.627983106
6.530753000	0.096991986	0.623119175
6.530754000	0.067742109	0.617705368
6.530755000	0.030593529	0.615677703
6.530756000	0.120369181	0.619758465
6.530757000	0.108619988	0.615327764
6.530758000	0.124679983	0.618319493
6.530759000	0.072798990	0.613665619
6.530760000	0.102437273	0.613558959
6.530761000	0.174432844	0.610290528
6.530762000	0.158162266	0.612710809
6.530763000	0.125740185	0.610473754
6.530764000	0.122009329	0.605247500
6.530765000	0.095401436	0.606585538
6.530766000	0.214898556	0.602559371
6.530767000	0.165775090	0.604453611
6.530768000	0.133805871	0.602959378
6.530769000	0.190174058	0.602849456
6.530770000	0.195591122	0.601419605
6.530771000	0.227281615	0.603946213
6.530772000	0.212859690	0.599081150
6.530773000	0.152082995	0.599324496
6.530774000	0.207138792	0.596777782
6.530775000	0.174259380	0.598564230
6.530776000	0.167702049	0.595313443
6.530777000	0.182181731	0.593138106
6.530778000	0.197915435	0.591906794
6.530779000	0.233255431	0.595866182
6.530780000	0.205730587	0.593133113
6.530781000	0.255613446	0.593130716
6.530782000	0.243694156	0.590971491
6.530783000	0.284275800	0.587717575
6.530784000	0.236954793	0.589264738
6.530785000	0.261604965	0.591323828
6.530786000	0.237387598	0.589096160
6.530787000	0.335433334	0.580573179
6.530788000	0.244168624	0.582067878
6.530789000	0.292028397	0.585909222
6.530790000	0.250691384	0.580102931
6.530791000	0.264075667	0.580949151
6.530792000	0.248327136	0.573803690
6.530793000	0.317237258	0.576687161
6.530794000	0.360758454	0.573682982
6.530795000	0.346929282	0.575535077
6.530796000	0.275437385	0.571800327
6.530797000	0.312659293	0.574494314
6.530798000	0.336740136	0.569991441
6.530799000	0.356807530	0.573716138
6.530800000	0.346134812	0.571402917
6.530801000	0.319750845	0.578542985
6.530802000	0.355885655	0.567256242
6.530803000	0.348890781	0.568518380
6.530804000	0.345472842	0.561849692
6.530805000	0.317465186	0.565005138
6.530806000	0.376402766	0.560064708
6.530807000	0.352957070	0.567247320
6.530808000	0.416128218	0.567848795
6.530809000	0.389033526	0.561374850
6.530810000	0.341568649	0.552396735
6.530811000	0.444396734	0.559597257
6.530812000	0.374465495	0.564123366
6.530813000	0.426589668	0.555960411
6.530814000	0.378055125	0.557782013
6.530815000	0.405975789	0.553801719
6.530816000	0.364233553	0.549512864
6.530817000	0.437289894	0.555517627
6.530818000	0.445636779	0.557408172
6.530819000	0.414881527	0.550877268
6.530820000	0.433452278	0.553813403
6.530821000	0.409617603	0.547580009
6.530822000	0.421303660	0.556608924
6.530823000	0.447585046	0.550027320
6.530824000	0.442218572	0.552276626
6.530825000	0.495723367	0.551606309
6.530826000	0.458776623	0.550126690
6.530827000	0.473941922	0.546545504
6.530828000	0.419522882	0.546525197
6.530829000	0.450994700	0.543582804
6.530830000	0.468067408	0.543412561
6.530831000	0.442981273	0.535497480
6.530832000	0.463456362	0.540579756
6.530833000	0.495178014	0.540231049
6.530834000	0.464977115	0.539398811
6.530835000	0.425953716	0.539629274
6.530836000	0.481040388	0.539198708
6.530837000	0.462580532	0.538204383
6.530838000	0.451519668	0.541093647
6.530839000	0.524414420	0.534175387
6.530840000	0.404756367	0.529122305
6.530841000	0.533798516	0.542993746
6.530842000	0.503514171	0.535201969
6.530843000	0.495186418	0.528445862
6.530844000	0.490413576	0.533729074
6.530845000	0.453031033	0.531863463
6.530846000	0.500819564	0.531551308
6.530847000	0.560189784	0.533594385
6.530848000	0.471996844	0.527870652
6.530849000	0.469094634	0.527853608
6.530850000	0.493346035	0.533597181
6.530851000	0.497845680	0.534665874
6.530852000	0.525759518	0.528575857
6.530853000	0.541144609	0.522881886
6.530854000	0.500445783	0.529931972
6.530855000	0.523980737	0.526502853
6.530856000	0.533285737	0.531275637
6.530857000	0.524763882	0.526910982
6.530858000	0.525389731	0.519642017
6.530859000	0.540210783	0.517995418
6.530860000	0.529928505	0.518539269
6.530861000	0.496068954	0.523210121
6.530862000	0.531016707	0.518201181
6.530863000	0.583164930	0.519701905
6.530864000	0.594917893	0.517502434
6.530865000	0.569689989	0.517489251
6.530866000	0.561756670	0.516094287
6.530867000	0.525427639	0.513300964
6.530868000	0.564171493	0.514216492
6.530869000	0.537380815	0.518916206
6.530870000	0.569188297	0.509361883
6.530871000	0.562647760	0.508126376
6.530872000	0.594103575	0.510414064
6.530873000	0.542013466	0.510534772
6.530874000	0.563155711	0.509495074
6.530875000	0.562287986	0.510858246
6.530876000	0.556332350	0.508744196
6.530877000	0.581641376	0.506292656
6.530878000	0.576612413	0.510121216
6.530879000	0.568010092	0.509770212
6.530880000	0.551535964	0.502139822
6.530881000	0.591355741	0.514005670
6.530882000	0.564262211	0.498947857
6.530883000	0.610241413	0.500195449
6.530884000	0.598049760	0.503462615
6.530885000	0.566117465	0.507395937
6.530886000	0.587722540	0.499174193
6.530887000	0.532637656	0.511062577
6.530888000	0.646342814	0.505338911
6.530889000	0.616148055	0.504192354
6.530890000	0.627581894	0.504194851
6.530891000	0.639142692	0.500535867
6.530892000	0.590320289	0.498705909
6.530893000	0.634889662	0.506461567
6.530894000	0.591371715	0.494205567
6.530895000	0.570039153	0.497184512
6.530896000	0.624957085	0.498411464
6.530897000	0.614449382	0.497063205
6.530898000	0.617569208	0.500180135
6.530899000	0.666817069	0.497289341
6.530900000	0.603610694	0.498784872
6.530901000	0.631842136	0.496784405
6.530902000	0.614287734	0.500874421
6.530903000	0.696480513	0.494503341
6.530904000	0.633366942	0.493934390
6.530905000	0.686656475	0.491816977
6.530906000	0.640527785	0.489793807
6.530907000	0.624950826	0.491760385
6.530908000	0.609330654	0.494466423
6.530909000	0.670888186	0.489980561
6.530910000	0.603376269	0.491469701
6.530911000	0.630851269	0.489044660
6.530912000	0.629655242	0.489241368
6.530913000	0.712950528	0.491346297
6.530914000	0.658460557	0.487187405
6.530915000	0.611758709	0.482481033
6.530916000	0.642817020	0.484564724
6.530917000	0.602225780	0.484731371
6.530918000	0.653046370	0.490780076
6.530919000	0.652535439	0.491964483
6.530920000	0.670694351	0.482546647
6.530921000	0.645592988	0.487933722
6.530922000	0.669859111	0.484894723
6.530923000	0.675433934	0.485425524
6.530924000	0.647479773	0.485844273
6.530925000	0.657845855	0.484368715
6.530926000	0.667601347	0.478191546
6.530927000	0.664793313	0.480540621
6.530928000	0.664450586	0.476846117
6.530929000	0.677778900	0.480681768
6.530930000	0.619917393	0.475123884
6.530931000	0.687700987	0.478739858
6.530932000	0.683721125	0.478790724
6.530933000	0.669289947	0.473503550
6.530934000	0.688747764	0.475020454
6.530935000	0.714387357	0.476571945
6.530936000	0.676633894	0.474406295
6.530937000	0.689055383	0.478143276
6.530938000	0.668366551	0.471264531
6.530939000	0.666855574	0.478712993
6.530940000	0.710515618	0.476915559
6.530941000	0.678707242	0.475085768
6.530942000	0.703078091	0.478789492
6.530943000	0.716469884	0.474671846
6.530944000	0.700598717	0.478938729
6.530945000	0.693609357	0.471198718
6.530946000	0.749051273	0.473468097
6.530947000	0.707006812	0.475126913
6.530948000	0.722152233	0.471669498
6.530949000	0.673268139	0.474995753
6.530950000	0.733618021	0.474727007
6.530951000	0.746654630	0.469680449
6.530952000	0.750588477	0.471621794
6.530953000	0.698222935	0.469092923
6.530954000	0.700180769	0.465717865
6.530955000	0.706247866	0.470008018
6.530956000	0.746982455	0.463346920
6.530957000	0.734566808	0.470382093
6.530958000	0.710708678	0.468750207
6.530959000	0.707599044	0.464834029
6.530960000	0.741229653	0.464909629
6.530961000	0.716019690	0.466843950
6.530962000	0.754409254	0.465980953
6.530963000	0.778497338	0.466278061
6.530964000	0.751580060	0.464691816
6.530965000	0.747785449	0.471081472
6.530966000	0.737539709	0.460754565
6.530967000	0.718065977	0.465888974
6.530968000	0.707150638	0.462902205
6.530969000	0.778789163	0.461980119
6.530970000	0.749499619	0.464971182
6.530971000	0.706517518	0.462855800
6.530972000	0.758925617	0.467087995
6.530973000	0.730784893	0.456019498
6.530974000	0.765558958	0.465236466
6.530975000	0.747193933	0.457158399
6.530976000	0.702217817	0.461522421
6.530977000	0.725219488	0.459781513
6.530978000	0.713680446	0.460737887
6.530979000	0.724002719	0.456589015
6.530980000	0.752895653	0.454276193
6.530981000	0.740313768	0.455039122
6.530982000	0.780132830	0.453912605
6.530983000	0.764262855	0.460008081
6.530984000	0.744739056	0.459225645
6.530985000	0.711484432	0.454426728
6.530986000	0.785313606	0.456803267
6.530987000	0.765738249	0.458663751
6.530988000	0.749530077	0.456638517
6.530989000	0.753404856	0.454398465
6.530990000	0.779626727	0.452579660
6.530991000	0.776252687	0.451481439
6.530992000	0.765278280	0.455330472
6.530993000	0.747662246	0.452097794
6.530994000	0.776892662	0.451394020
6.530995000	0.749186814	0.447245947
6.530996000	0.759803355	0.452070630
6.530997000	0.734255850	0.454993183
6.530998000	0.714525402	0.449398181
6.530999000	0.787275970	0.448431919
6.531000000	0.713766396	0.450126888
6.531001000	0.777571321	0.449383966
6.531002000	0.804666519	0.448583686
6.531003000	0.781482339	0.447517556
6.531004000	0.743460894	0.450614380
6.531005000	0.741990685	0.449080932
6.531006000	0.780870438	0.449941665
6.531007000	0.763328671	0.449258864
6.531008000	0.750985205	0.444793842
6.531009000	0.716021478	0.454389045
6.531010000	0.774386883	0.448211210
6.531011000	0.763502598	0.449827849
6.531012000	0.779022098	0.450234147
6.531013000	0.773424506	0.448442239
6.531014000	0.775572121	0.448661684
6.531015000	0.824728310	0.445065318
6.531016000	0.778383970	0.448579725
6.531017000	0.798019409	0.441855809
6.531018000	0.789166391	0.449106964
6.531019000	0.780898273	0.441283729
6.531020000	0.785114586	0.444340172
6.531021000	0.815753400	0.443410929
6.531022000	0.773851216	0.444412410
6.531023000	0.747849822	0.445938102
6.531024000	0.783032596	0.445687965
6.531025000	0.808186889	0.439721219
6.531026000	0.755083859	0.441642423
6.531027000	0.784026742	0.441803178
6.531028000	0.786819994	0.444952866
6.531029000	0.811423063	0.443656439
6.531030000	0.785336792	0.436825597
6.531031000	0.785859823	0.441012153
6.531032000	0.805688620	0.440132910
6.531033000	0.756489277	0.438072822
6.531034000	0.846928835	0.438913382
6.531035000	0.800318301	0.439430235
6.531036000	0.783541381	0.437977880
6.531037000	0.794233024	0.434384643
6.531038000	0.776118398	0.440077017
6.531039000	0.736440182	0.434775196
6.531040000	0.810259700	0.440202286
6.531041000	0.763114691	0.443583934
6.531042000	0.789525807	0.436598796
6.531043000	0.746351480	0.439202269
6.531044000	0.784125626	0.437118611
6.531045000	0.749930799	0.436489040
6.531046000	0.811068714	0.437887865
6.531047000	0.842483640	0.437627208
6.531048000	0.819184721	0.433741656
6.531049000	0.842540622	0.429832669
6.531050000	0.780101717	0.436662878
6.531051000	0.806030333	0.432147954
6.531052000	0.824996233	0.437006359
6.531053000	0.835246325	0.429952644
6.531054000	0.835272670	0.431143310
6.531055000	0.805658221	0.432681385
6.531056000	0.770711243	0.429158989
6.531057000	0.833168089	0.431593085
6.531058000	0.799080789	0.429134488
6.531059000	0.830825627	0.434182842
6.531060000	0.822864771	0.432261605
6.531061000	0.866294980	0.429942757
6.531062000	0.815996408	0.428021087
6.531063000	0.778167486	0.435975516
6.531064000	0.778039932	0.429165447
6.531065000	0.835863411	0.430341732
6.531066000	0.785348713	0.425025829
6.531067000	0.801443100	0.425957037
6.531068000	0.826461494	0.430139298
6.531069000	0.805621862	0.423308556
6.531070000	0.807449996	0.428638807
6.531071000	0.823588371	0.418764837
6.531072000	0.779042244	0.432213668
6.531073000	0.809376538	0.429870053
6.531074000	0.845260620	0.422873596
6.531075000	0.810477376	0.426655018
6.531076000	0.815125704	0.426813609
6.531077000	0.825397551	0.430922135
6.531078000	0.778081417	0.423224500
6.531079000	0.860631287	0.426009335
6.531080000	0.812331378	0.428768569
6.531081000	0.810703039	0.426017324
6.531082000	0.809974551	0.428032239
6.531083000	0.789766371	0.427070937
6.531084000	0.803254545	0.429243378
6.531085000	0.830836594	0.421396840
6.531086000	0.839787960	0.423647810
6.531087000	0.810136974	0.423081755
6.531088000	0.861435354	0.422225416
6.531089000	0.822142184	0.419712224
6.531090000	0.876618445	0.418922164
6.531091000	0.852557659	0.421967488
6.531092000	0.855465889	0.419145004
6.531093000	0.825215399	0.420493662
6.531094000	0.829425871	0.415715851
6.531095000	0.848334134	0.424416898
6.531096000	0.805944860	0.416810044
6.531097000	0.827274799	0.421939858
6.531098000	0.838023365	0.425033319
6.531099000	0.821549296	0.413598704
6.531100000	0.824885547	0.422165561
6.531101000	0.856539726	0.422888310
6.531102000	0.827614129	0.418744098
6.531103000	0.819766641	0.417516614
6.531104000	0.810118139	0.418737840
6.531105000	0.823113680	0.421707131
6.531106000	0.855098069	0.420472090
6.531107000	0.849271953	0.415746444
6.531108000	0.813579440	0.423188947
6.531109000	0.788421333	0.415971781
6.531110000	0.853107214	0.417180157
6.531111000	0.830481768	0.416670494
6.531112000	0.853866637	0.420986646
6.531113000	0.799992144	0.419441780
6.531114000	0.818443298	0.416502848
6.531115000	0.825116694	0.420477017
6.531116000	0.799190402	0.422678253
6.531117000	0.781824350	0.413746610
6.531118000	0.840484023	0.411282886
6.531119000	0.852525771	0.411438015
6.531120000	0.869220257	0.419357291
6.531121000	0.852533877	0.417351265
6.531122000	0.827144444	0.414122482
6.531123000	0.849720120	0.413213744
6.531124000	0.845147491	0.414883746
6.531125000	0.852387905	0.411503529
6.531126000	0.863698602	0.416175113
6.531127000	0.872131467	0.414460803
6.531128000	0.810652554	0.406797457
6.531129000	0.831265628	0.420060033
6.531130000	0.849310100	0.413807796
6.531131000	0.865587473	0.416246419
6.531132000	0.885413945	0.412332138
6.531133000	0.860825539	0.411908396
6.531134000	0.883191228	0.411789719
6.531135000	0.842431605	0.413908530
6.531136000	0.785814166	0.411262912
6.531137000	0.886969328	0.412433405
6.531138000	0.829117596	0.413134715
6.531139000	0.843303025	0.410901055
6.531140000	0.820833743	0.416827721
6.531141000	0.869746923	0.409553929
6.531142000	0.860669672	0.412559872
6.531143000	0.838245511	0.414935012
6.531144000	0.808782101	0.407371302
6.531145000	0.818755031	0.412966636
6.531146000	0.860782385	0.404376078
6.531147000	0.850584567	0.409021762
6.531148000	0.818216205	0.412739302
6.531149000	0.850652277	0.409455092
6.531150000	0.855966866	0.416592996
6.531151000	0.849408269	0.411155021
6.531152000	0.892103136	0.406484835
6.531153000	0.891082883	0.408525216
6.531154000	0.840212941	0.405767513
6.531155000	0.874934018	0.407835124
6.531156000	0.839483082	0.405144799
6.531157000	0.893649101	0.408780014
6.531158000	0.846762538	0.410425115
6.531159000	0.827581704	0.407673737
6.531160000	0.871964574	0.412917967
6.531161000	0.837903202	0.407689316
6.531162000	0.810069799	0.403775701
6.531163000	0.865020812	0.409400897
6.531164000	0.841291070	0.410567528
6.531165000	0.861231804	0.409941452
6.531166000	0.857847095	0.406213126
6.531167000	0.860034108	0.405422434
6.531168000	0.877023995	0.407793979
6.531169000	0.837170601	0.408470521
6.531170000	0.904527009	0.406328541
6.531171000	0.841999114	0.399811020
6.531172000	0.850581169	0.406082798
6.531173000	0.893052638	0.409270668
6.531174000	0.873628080	0.402525347
6.531175000	0.869422972	0.407468940
6.531176000	0.869840026	0.407177024
6.531177000	0.844834685	0.399411479
6.531178000	0.867277801	0.402858575
6.531179000	0.899096727	0.403485017
6.531180000	0.849125743	0.401462879
6.531181000	0.888410270	0.403266838
6.531182000	0.868915260	0.403317438
6.531183000	0.883737087	0.401709554
6.531184000	0.856571972	0.399023790
6.531185000	0.860776424	0.395638246
6.531186000	0.853169262	0.400550946
6.531187000	0.901699960	0.404517092
6.531188000	0.889888346	0.400041783
6.531189000	0.878159344	0.402732541
6.531190000	0.866059303	0.403696273
6.531191000	0.858945072	0.402636301
6.531192000	0.888636053	0.399066866
6.531193000	0.871215343	0.398421915
6.531194000	0.896569490	0.402362362
6.531195000	0.909939587	0.395214903
6.531196000	0.889268160	0.402676914
6.531197000	0.881735384	0.393101918
6.531198000	0.892058671	0.400849786
6.531199000	0.866545498	0.392783870
6.531200000	0.880914032	0.402105067
6.531201000	0.832654834	0.404452577
6.531202000	0.814266324	0.396681240
6.531203000	0.861043155	0.396943362
6.531204000	0.912511170	0.395206714
6.531205000	0.882501662	0.398110758
6.531206000	0.828685939	0.397540742
6.531207000	0.795849264	0.397792976
6.531208000	0.854557991	0.398776315
6.531209000	0.826384783	0.394923021
6.531210000	0.873598576	0.402969529
6.531211000	0.871202588	0.399552327
6.531212000	0.839813769	0.393119462
6.531213000	0.815033972	0.397669972
6.531214000	0.846779466	0.397141135
6.531215000	0.853133321	0.393494668
6.531216000	0.873136580	0.397552293
6.531217000	0.865059018	0.398150939
6.531218000	0.894268513	0.393086305
6.531219000	0.865477741	0.397827897
6.531220000	0.837131500	0.393979297
6.531221000	0.877888501	0.398131631
6.531222000	0.871594131	0.392917794
6.531223000	0.890011430	0.395627061
6.531224000	0.861064851	0.397791811
6.531225000	0.889140904	0.395071459
6.531226000	0.902120590	0.398863501
6.531227000	0.847822189	0.397577493
6.531228000	0.866451621	0.398993729
6.531229000	0.878740311	0.393135108
6.531230000	0.893723667	0.397355719
6.531231000	0.858348727	0.392899019
6.531232000	0.893117785	0.398157663
6.531233000	0.877565801	0.401042965
6.531234000	0.901447296	0.396231765
6.531235000	0.858259976	0.393305384
6.531236000	0.866413355	0.387784651
6.531237000	0.929402769	0.390497813
6.531238000	0.884580672	0.394114219
6.531239000	0.896163046	0.392637097
6.531240000	0.905724883	0.390270578
6.531241000	0.896469116	0.396688164
6.531242000	0.905531883	0.390184924
6.531243000	0.848602533	0.388951947
6.531244000	0.900451601	0.395228086
6.531245000	0.847086310	0.393759619
6.531246000	0.899361253	0.391210874
6.531247000	0.885685384	0.390427672
6.531248000	0.903671265	0.387868807
6.531249000	0.867244840	0.392606370
6.531250000	0.888675809	0.390754708
6.531251000	0.893212676	0.388160955
6.531252000	0.892861784	0.390768456
6.531253000	0.883688986	0.392409330
6.531254000	0.853745759	0.391573597
6.531255000	0.896487415	0.390079397
6.531256000	0.864508569	0.392482667
6.531257000	0.835287213	0.390612029
6.531258000	0.876626253	0.388896188
6.531259000	0.873085499	0.387202783
6.531260000	0.902292728	0.389494666
6.531261000	0.937975943	0.387848866
6.531262000	0.900530577	0.388302669
6.531263000	0.916406870	0.388340119
6.531264000	0.956059337	0.390183892
6.531265000	0.930304825	0.387136271
6.531266000	0.898845613	0.391457283
6.531267000	0.871984661	0.384865593
6.531268000	0.937651992	0.386695984
6.531269000	0.859032869	0.384127398
6.531270000	0.908166289	0.382531665
6.531271000	0.870768130	0.385410742
6.531272000	0.895135820	0.391244996
6.531273000	0.899630785	0.389425258
6.531274000	0.860095084	0.385622796
6.531275000	0.876761913	0.388131294
6.531276000	0.929368377	0.385971937
6.531277000	0.871626198	0.384773181
6.531278000	0.935155332	0.383700094
6.531279000	0.862437308	0.387969041
6.531280000	0.869310677	0.383268928
6.531281000	0.921252847	0.388186888
6.531282000	0.889446199	0.388466520
6.531283000	0.911103368	0.383547828
6.531284000	0.892438889	0.387322359
6.531285000	0.887775838	0.384340651
6.531286000	0.917196035	0.384128164
6.531287000	0.939420819	0.389162504
6.531288000	0.918666005	0.382665722
6.531289000	0.910171568	0.382912830
6.531290000	0.886157811	0.385769770
6.531291000	0.883871496	0.386226435
6.531292000	0.971018732	0.383886648
6.531293000	0.887072623	0.382245276
6.531294000	0.919517934	0.383180744
6.531295000	0.941752434	0.383310806
6.531296000	0.860161602	0.386106393
6.531297000	0.865751028	0.385314003
6.531298000	0.898034513	0.383392299
6.531299000	0.912877023	0.382020505
6.531300000	0.932958484	0.386697282
6.531301000	0.907621264	0.378974015
6.531302000	0.882445216	0.387521297
6.531303000	0.942324579	0.380845618
6.531304000	0.943293929	0.377521993
6.531305000	0.899182141	0.388847385
6.531306000	0.945362508	0.383382678
6.531307000	0.905990779	0.379697396
6.531308000	0.906843126	0.383528486
6.531309000	0.915405095	0.383784217
6.531310000	0.921175361	0.378257425
6.531311000	0.874327123	0.383576290
6.531312000	0.885225475	0.377561574
6.531313000	0.898746550	0.381565837
6.531314000	0.934631169	0.382579968
6.531315000	0.946196795	0.378973649
6.531316000	0.889682651	0.375778222
6.531317000	0.936639428	0.378256460
6.531318000	0.880528688	0.380932370
6.531319000	0.909418046	0.377893937
6.531320000	0.915072322	0.376428732
6.531321000	0.890252173	0.377252747
6.531322000	0.882992446	0.381124917
6.531323000	0.933390021	0.381562208
6.531324000	0.920002580	0.379052145
6.531325000	0.935187280	0.378643650
6.531326000	0.863869846	0.377358375
6.531327000	0.899593830	0.379463471
6.531328000	0.902347267	0.374773910
6.531329000	0.932307720	0.375449920
6.531330000	0.876684070	0.378596911
6.531331000	0.979113281	0.375584177
6.531332000	0.889172375	0.377156341
6.531333000	0.908177674	0.372377698
6.531334000	0.873913825	0.380961432
6.531335000	0.904759049	0.375982553
6.531336000	0.886504471	0.382291814
6.531337000	0.918561697	0.381738975
6.531338000	0.893732727	0.380757900
6.531339000	0.901406527	0.376782000
6.531340000	0.894574463	0.373376550
6.531341000	0.948552787	0.377316763
6.531342000	0.938866079	0.377210104
6.531343000	0.848673701	0.377561374
6.531344000	0.917055428	0.378002827
6.531345000	0.875502586	0.378149434
6.531346000	0.917462707	0.376578302
6.531347000	0.899912357	0.375271688
6.531348000	0.970763862	0.377542865
6.531349000	0.919602871	0.380038014
6.531350000	0.895004690	0.374775308
6.531351000	0.922917306	0.377104176
6.531352000	0.876802444	0.371211633
6.531353000	0.894344926	0.379099217
6.531354000	0.928722322	0.374995186
6.531355000	0.969619274	0.377659112
6.531356000	0.897942722	0.380811330
6.531357000	0.916540504	0.378464785
6.531358000	0.909808099	0.379406612
6.531359000	0.910574198	0.378717686
6.531360000	0.907796681	0.377835447
6.531361000	0.952614129	0.376628170
6.531362000	0.877998292	0.375116692
6.531363000	0.898171067	0.376584827
6.531364000	0.924171865	0.372460356
6.531365000	0.912132919	0.371980188
6.531366000	0.938909173	0.374752538
6.531367000	0.904787183	0.375344892
6.531368000	0.935413659	0.372670978
6.531369000	0.920448422	0.373039294
6.531370000	0.926559031	0.375311569
6.531371000	0.927306414	0.372028191
6.531372000	0.925171316	0.374727538
6.531373000	0.890026808	0.369957883
6.531374000	0.892748356	0.373369492
6.531375000	0.889044046	0.374013312
6.531376000	0.932399690	0.373926526
6.531377000	0.926224053	0.373286768
6.531378000	0.947175026	0.375546893
6.531379000	0.928242207	0.370351498
6.531380000	0.914640307	0.374639787
6.531381000	0.900606573	0.373319924
6.531382000	0.925450981	0.379018923
6.531383000	0.900491536	0.369936378
6.531384000	0.892643511	0.372329894
6.531385000	0.896891594	0.367607643
6.531386000	0.919488311	0.376218609
6.531387000	0.952057064	0.372157920
6.531388000	0.947642565	0.370811260
6.531389000	0.960502982	0.375537206
6.531390000	0.920087218	0.367946131
6.531391000	0.903822005	0.374284288
6.531392000	0.895635247	0.371283938
6.531393000	0.924927950	0.375477717
6.531394000	0.941568732	0.373786910
6.531395000	0.941751599	0.373353214
6.531396000	0.900262475	0.372443678
6.531397000	0.891360581	0.371317527
6.531398000	0.889182985	0.370023097
6.531399000	0.942877769	0.367426682
6.531400000	0.871362567	0.371009099
6.531401000	0.955511987	0.373122085
6.531402000	0.936051846	0.372649307
6.531403000	0.904114783	0.370975710
6.531404000	0.914488792	0.368574171
6.531405000	0.929833114	0.371767268
6.531406000	0.932642460	0.369028806
6.531407000	0.946126938	0.370566748
6.531408000	0.950220883	0.371300682
6.531409000	0.895480335	0.370343109
6.531410000	0.964629054	0.371723492
6.531411000	0.941647232	0.370487719
6.531412000	0.928899705	0.369577317
6.531413000	0.914690018	0.365184999
6.531414000	0.896117091	0.369897096
6.531415000	0.922659278	0.367820097
6.531416000	0.923739910	0.365974160
6.531417000	0.952498794	0.365777453
6.531418000	0.913989186	0.368517246
6.531419000	0.909047246	0.367755016
6.531420000	0.937167466	0.367916171
6.531421000	0.923412681	0.368478597
6.531422000	0.933070242	0.367690201
6.531423000	0.894653082	0.362630329
6.531424000	0.897103071	0.368161015
6.531425000	0.944627166	0.366721144
6.531426000	0.953094900	0.367438566
6.531427000	0.918079674	0.367983415
6.531428000	0.945786893	0.365603049
6.531429000	0.922062397	0.366974810
6.531430000	0.874039352	0.368659925
6.531431000	0.913344026	0.372457460
6.531432000	0.869527221	0.367377413
6.531433000	0.953126371	0.366075893
6.531434000	0.903873086	0.368240610
6.531435000	0.930727482	0.365681512
6.531436000	0.937359214	0.362837556
6.531437000	0.877970159	0.363512434
6.531438000	0.919597328	0.365893833
6.531439000	0.958962023	0.366407323
6.531440000	0.942513704	0.368179624
6.531441000	0.945014358	0.365613568
6.531442000	0.928601623	0.368223899
6.531443000	0.872319639	0.361066454
6.531444000	0.955174267	0.361446520
6.531445000	0.902765632	0.359758109
6.531446000	0.908580124	0.363491728
6.531447000	0.957375526	0.368634692
6.531448000	0.926340401	0.366971348
6.531449000	0.963578999	0.362904967
6.531450000	0.956330836	0.363710307
6.531451000	0.949002564	0.366026924
6.531452000	0.898614466	0.370132686
6.531453000	0.955303431	0.360864520
6.531454000	0.948628366	0.365295986
6.531455000	0.924821377	0.364959962
6.531456000	0.907307923	0.361896361
6.531457000	0.949982464	0.360845711
6.531458000	0.949215889	0.363775987
6.531459000	0.938574314	0.366399068
6.531460000	0.937889338	0.365324316
6.531461000	0.935789466	0.364092803
6.531462000	0.919349730	0.362498735
6.531463000	0.906355381	0.370069969
6.531464000	0.896253824	0.371426517
6.531465000	0.938097954	0.361777884
6.531466000	0.959017813	0.368401498
6.531467000	0.919459403	0.365263829
6.531468000	0.956196249	0.367571125
6.531469000	0.948922515	0.362286714
6.531470000	0.929889560	0.371814306
6.531471000	0.961890519	0.370185617
6.531472000	0.955673516	0.364271735
6.531473000	0.953749180	0.360584754
6.531474000	0.908131003	0.366355092
6.531475000	0.898933828	0.361569725
6.531476000	0.962613165	0.362796710
6.531477000	0.943784118	0.362831663
6.531478000	0.934369326	0.358173196
6.531479000	0.969294250	0.364679631
6.531480000	0.896800697	0.362895080
6.531481000	0.952794850	0.356976171
6.531482000	0.947405577	0.365473885
6.531483000	0.944220781	0.363269620
6.531484000	0.951988339	0.363592063
6.531485000	0.916144967	0.360480592
6.531486000	0.937478960	0.364613618
6.531487000	0.951580822	0.359400214
6.531488000	0.957464337	0.365951124
6.531489000	0.951130271	0.357339327
6.531490000	0.944964886	0.361040887
6.531491000	0.950544834	0.358253124
6.531492000	0.894232452	0.359254272
6.531493000	0.913009584	0.363878286
6.531494000	0.905440748	0.354795442
6.531495000	0.941409886	0.359383536
6.531496000	0.955087245	0.360931065
6.531497000	0.929846585	0.360343439
6.531498000	0.927565992	0.353976353
6.531499000	0.942621529	0.359103038
6.531500000	0.946503460	0.358512449
6.531501000	0.915085614	0.363596490
6.531502000	0.951214969	0.358176092
6.531503000	0.920111597	0.362719078
6.531504000	0.931814730	0.364324798
6.531505000	0.947230160	0.358476197
6.531506000	0.938835323	0.353445286
6.531507000	0.905461848	0.355306203
6.531508000	0.952378809	0.364170601
6.531509000	1.007370472	0.352747770
6.531510000	0.935100973	0.356026222
6.531511000	0.935762525	0.360311448
6.531512000	0.957637310	0.359921561
6.531513000	0.933645666	0.359329507
6.531514000	0.901270866	0.361767331
6.531515000	0.923566043	0.358517775
6.531516000	0.932868719	0.365215592
6.531517000	0.949722230	0.358531857
6.531518000	0.910656750	0.359037857
6.531519000	0.934781313	0.363530177
6.531520000	0.937014103	0.360599369
6.531521000	0.962061405	0.358948641
6.531522000	0.902087569	0.356790982
6.531523000	0.918751597	0.356075690
6.531524000	0.928006649	0.363972662
6.531525000	0.922930002	0.362302427
6.531526000	0.940091968	0.356482321
6.531527000	0.945523858	0.354907295
6.531528000	0.897149444	0.353289025
6.531529000	0.970696449	0.354828598
6.531530000	0.992584944	0.354964852
6.531531000	0.957823753	0.360563383
6.531532000	0.928149164	0.358688118
6.531533000	0.907726765	0.355700617
6.531534000	0.972950101	0.358568908
6.531535000	0.927362263	0.359919464
6.531536000	0.919666052	0.359791865
6.531537000	0.946561873	0.364345271
6.531538000	0.925207675	0.357103903
6.531539000	0.932323098	0.356719909
6.531540000	0.940594375	0.358084446
6.531541000	0.944617569	0.356098926
6.531542000	0.938464463	0.353972192
6.531543000	0.930245042	0.355448149
6.531544000	0.963966012	0.354485084
6.531545000	0.964752853	0.349585799
6.531546000	0.939703703	0.363813338
6.531547000	0.950866461	0.357296483
6.531548000	0.960563064	0.353794359
6.531549000	0.914360523	0.355928484
6.531550000	0.939985693	0.353917997
6.531551000	0.934784234	0.354627363
6.531552000	0.950896204	0.353021810
6.531553000	0.959429860	0.357320451
6.531554000	0.976232946	0.354090237
6.531555000	0.932915866	0.359238260
6.531556000	0.924557090	0.355261728
6.531557000	0.952988923	0.355925854
6.531558000	0.921770751	0.353166486
6.531559000	0.943514287	0.355860407
6.531560000	0.933404505	0.359601349
6.531561000	0.973144114	0.357891766
6.531562000	0.897721171	0.355438662
6.531563000	0.982641280	0.357812637
6.531564000	0.963120997	0.353778281
6.531565000	0.958153129	0.353670689
6.531566000	0.971662879	0.350861154
6.531567000	0.962527990	0.351997991
6.531568000	0.978286564	0.353068315
6.531569000	0.980466723	0.353723220
6.531570000	0.919298649	0.353271714
6.531571000	0.935447335	0.353154036
6.531572000	0.939459622	0.357307102
6.531573000	0.928997040	0.359006632
6.531574000	0.951431453	0.349341221
6.531575000	0.900385320	0.354991883
6.531576000	0.946278334	0.351712234
6.531577000	0.921592534	0.356787852
6.531578000	0.936295033	0.351145946
6.531579000	0.933473885	0.358955466
6.531580000	0.934720516	0.349821156
6.531581000	0.990124464	0.355389227
6.531582000	0.985514820	0.356872308
6.531583000	0.893763721	0.356700467
6.531584000	0.918809295	0.357856379
6.531585000	0.971209705	0.356836156
6.531586000	0.927419007	0.351386396
6.531587000	1.015033841	0.353493955
6.531588000	0.933365703	0.350895509
6.531589000	0.968338370	0.350769508
6.531590000	0.950900078	0.354026687
6.531591000	0.915172517	0.355638232
6.531592000	0.947863758	0.349128335
6.531593000	0.945110440	0.353179868
6.531594000	0.941985846	0.354887720
6.531595000	0.966729045	0.351847888
6.531596000	0.988323689	0.348937353
6.531597000	0.945206106	0.353575814
6.531598000	0.967447102	0.351075205
6.531599000	0.943491936	0.357164623
6.531600000	0.907959282	0.354481222
6.531601000	0.952020764	0.350632255
6.531602000	0.906336188	0.353490426
6.531603000	0.973489523	0.350756958
6.531604000	0.903241873	0.355806910
6.531605000	0.929225266	0.351522883
6.531606000	1.006512403	0.352935756
6.531607000	0.921458960	0.350931295
6.531608000	0.914265931	0.348343202
6.531609000	0.966645479	0.348973172
6.531610000	0.927498162	0.347499246
6.531611000	0.924470842	0.353588930
6.531612000	0.958929539	0.347991365
6.531613000	0.969895840	0.348383016
6.531614000	0.920087576	0.347945692
6.531615000	0.984756410	0.356628862
6.531616000	0.935464561	0.348851333
6.531617000	0.940862238	0.347008658
6.531618000	0.933397233	0.347160625
6.531619000	0.967001081	0.351525479
6.531620000	0.980113506	0.351956479
6.531621000	0.939068079	0.347101836
6.531622000	0.959062874	0.350732357
6.531623000	0.976833463	0.345317085
6.531624000	0.950052142	0.352155583
6.531625000	0.928439021	0.350657156
6.531626000	0.963548779	0.351209862
6.531627000	0.948789179	0.350305452
6.531628000	0.970524967	0.349160892
6.531629000	0.939509869	0.349055364
6.531630000	0.943812251	0.347223409
6.531631000	0.977365255	0.351836670
6.531632000	0.921829343	0.352388011
6.531633000	0.938970029	0.347107129
6.531634000	0.957783699	0.350468271
6.531635000	0.936531007	0.348462578
6.531636000	0.959266484	0.354415608
6.531637000	0.953701258	0.349717193
6.531638000	0.952832043	0.350024122
6.531639000	0.930973053	0.351257432
6.531640000	0.927190602	0.348909822
6.531641000	0.925624549	0.350357484
