D:\KID metingen\Entropy ADR\LT343chip5_BF_20240530_mapping\S21\Power\KID197_114dBm_.dat
Power at KID:114dBm
resonance Frequency in GHz :6.604546
Q=28224.555557, Qc=31115.775053, Qi=303757.263357  S21min=-20.637991


Temperature in K:0.099984
GHz	dB	Rad
6.603641000	1.261850595	0.195480818
6.603642000	1.186717987	0.200932392
6.603643000	1.188551188	0.195416319
6.603644000	1.163614750	0.200800116
6.603645000	1.198835492	0.198068528
6.603646000	1.164618731	0.194893458
6.603647000	1.137418747	0.195931042
6.603648000	1.192626476	0.200807523
6.603649000	1.168545008	0.194711963
6.603650000	1.166036963	0.198079181
6.603651000	1.214315176	0.203155332
6.603652000	1.158074021	0.192880724
6.603653000	1.247708678	0.203278537
6.603654000	1.145239949	0.196462958
6.603655000	1.140509009	0.191086569
6.603656000	1.177174807	0.195267598
6.603657000	1.156544685	0.198480785
6.603658000	1.194716573	0.195354218
6.603659000	1.135773659	0.194294596
6.603660000	1.217122674	0.201612147
6.603661000	1.231179833	0.196545832
6.603662000	1.181369781	0.192211072
6.603663000	1.175283313	0.192194011
6.603664000	1.121322989	0.197863598
6.603665000	1.169544697	0.199533333
6.603666000	1.141950965	0.192222590
6.603667000	1.129823685	0.193422227
6.603668000	1.171160460	0.201260893
6.603669000	1.188297153	0.191831272
6.603670000	1.184180737	0.203499030
6.603671000	1.187825084	0.197672316
6.603672000	1.191968799	0.198466621
6.603673000	1.215866685	0.201775099
6.603674000	1.180033326	0.190771134
6.603675000	1.100358486	0.200768557
6.603676000	1.211114764	0.190810182
6.603677000	1.133518219	0.198801613
6.603678000	1.237647295	0.189761862
6.603679000	1.152607560	0.189187851
6.603680000	1.159097672	0.197721152
6.603681000	1.201551914	0.194724663
6.603682000	1.163310647	0.195090348
6.603683000	1.125495911	0.191739559
6.603684000	1.160811186	0.198502490
6.603685000	1.148183823	0.185170556
6.603686000	1.145435095	0.196355783
6.603687000	1.166435838	0.195678208
6.603688000	1.138600707	0.186214482
6.603689000	1.129675627	0.189643751
6.603690000	1.175299525	0.195176668
6.603691000	1.193285942	0.191237770
6.603692000	1.152089000	0.193790925
6.603693000	1.214291334	0.197532534
6.603694000	1.132294893	0.199368534
6.603695000	1.190434456	0.197271011
6.603696000	1.173271418	0.186034419
6.603697000	1.126380205	0.181717368
6.603698000	1.172040343	0.197230232
6.603699000	1.214656711	0.185242744
6.603700000	1.199187398	0.184021452
6.603701000	1.119510651	0.186899796
6.603702000	1.121340632	0.190013481
6.603703000	1.164739609	0.188565371
6.603704000	1.095056772	0.187767754
6.603705000	1.151072979	0.186841007
6.603706000	1.237990260	0.189259823
6.603707000	1.197099209	0.181313616
6.603708000	1.139639020	0.191683150
6.603709000	1.220680356	0.186626356
6.603710000	1.216766715	0.189174086
6.603711000	1.213322639	0.190122488
6.603712000	1.161518097	0.186270541
6.603713000	1.071892381	0.190918440
6.603714000	1.180910230	0.187919321
6.603715000	1.119612098	0.190154362
6.603716000	1.214978814	0.192999784
6.603717000	1.231021762	0.192312638
6.603718000	1.194949389	0.197843275
6.603719000	1.187093735	0.188327101
6.603720000	1.136457324	0.192090730
6.603721000	1.175701141	0.190188418
6.603722000	1.172312498	0.188905506
6.603723000	1.122166157	0.191643369
6.603724000	1.115081906	0.187708532
6.603725000	1.178285360	0.188782252
6.603726000	1.214120626	0.185439452
6.603727000	1.168843865	0.184793852
6.603728000	1.218492627	0.194527023
6.603729000	1.174938202	0.185670881
6.603730000	1.206995964	0.189733400
6.603731000	1.166351318	0.192476822
6.603732000	1.204650164	0.182777905
6.603733000	1.146646500	0.190003511
6.603734000	1.190820932	0.184954990
6.603735000	1.137568593	0.187672479
6.603736000	1.241041064	0.183764856
6.603737000	1.161081553	0.189988131
6.603738000	1.146732092	0.184049016
6.603739000	1.102972269	0.187932620
6.603740000	1.238517642	0.184138048
6.603741000	1.202176690	0.183197670
6.603742000	1.172295809	0.184347123
6.603743000	1.202827930	0.191288270
6.603744000	1.155220270	0.188383876
6.603745000	1.138699770	0.182368711
6.603746000	1.198984265	0.187372641
6.603747000	1.120310903	0.182007054
6.603748000	1.192715168	0.174207770
6.603749000	1.164544821	0.176767317
6.603750000	1.169133663	0.180887178
6.603751000	1.186777234	0.175609641
6.603752000	1.250605822	0.178568397
6.603753000	1.171799541	0.185524673
6.603754000	1.179509163	0.184051229
6.603755000	1.092100024	0.179368327
6.603756000	1.119586825	0.179255925
6.603757000	1.122628093	0.186468531
6.603758000	1.168394208	0.176992238
6.603759000	1.188085318	0.178865322
6.603760000	1.208336473	0.185880571
6.603761000	1.130917192	0.171170368
6.603762000	1.115915775	0.174029854
6.603763000	1.106917620	0.171866652
6.603764000	1.180935860	0.190729089
6.603765000	1.165606499	0.177352780
6.603766000	1.167275906	0.174923811
6.603767000	1.125292540	0.179695929
6.603768000	1.184940219	0.175475984
6.603769000	1.148866773	0.179110000
6.603770000	1.157050133	0.173676353
6.603771000	1.176079869	0.177946682
6.603772000	1.191552162	0.179006353
6.603773000	1.169257402	0.178265212
6.603774000	1.123077273	0.183880487
6.603775000	1.144959807	0.180174882
6.603776000	1.221644163	0.182077428
6.603777000	1.140401840	0.175130189
6.603778000	1.136538744	0.171893816
6.603779000	1.205916762	0.171516130
6.603780000	1.153663874	0.178158852
6.603781000	1.204037070	0.178629050
6.603782000	1.161879301	0.170658791
6.603783000	1.160211325	0.173332655
6.603784000	1.139021873	0.174393991
6.603785000	1.139316320	0.179391580
6.603786000	1.148510098	0.176751438
6.603787000	1.157810092	0.175148149
6.603788000	1.142926574	0.170722524
6.603789000	1.200297475	0.177340829
6.603790000	1.170821071	0.170467510
6.603791000	1.197813392	0.175778153
6.603792000	1.166253328	0.167444173
6.603793000	1.161835790	0.175330192
6.603794000	1.113836527	0.178161482
6.603795000	1.109022975	0.177092223
6.603796000	1.171117783	0.170043385
6.603797000	1.134192824	0.180208571
6.603798000	1.165750146	0.178414399
6.603799000	1.109204173	0.174622507
6.603800000	1.103309631	0.166613283
6.603801000	1.146202445	0.173437534
6.603802000	1.227167726	0.174102525
6.603803000	1.153495908	0.163338161
6.603804000	1.126908302	0.176064359
6.603805000	1.116279244	0.173617214
6.603806000	1.205231667	0.179181406
6.603807000	1.181932688	0.170154805
6.603808000	1.137921572	0.178034449
6.603809000	1.272419214	0.164271399
6.603810000	1.133772731	0.172024993
6.603811000	1.177767515	0.170901106
6.603812000	1.159344792	0.176586039
6.603813000	1.224495053	0.173597090
6.603814000	1.152105570	0.175307705
6.603815000	1.177109480	0.182364749
6.603816000	1.118825197	0.173167323
6.603817000	1.171292186	0.170922012
6.603818000	1.203323126	0.169390428
6.603819000	1.154955626	0.170638069
6.603820000	1.217593551	0.164519556
6.603821000	1.202968717	0.173575336
6.603822000	1.128542781	0.167634423
6.603823000	1.169110179	0.164458703
6.603824000	1.171584725	0.167345536
6.603825000	1.233095527	0.172177792
6.603826000	1.143558502	0.170707777
6.603827000	1.153639913	0.168393856
6.603828000	1.170236111	0.164929117
6.603829000	1.137525558	0.173665301
6.603830000	1.190987349	0.165205736
6.603831000	1.152303100	0.177508492
6.603832000	1.089496493	0.164844012
6.603833000	1.175850153	0.165830797
6.603834000	1.145735860	0.162837503
6.603835000	1.155030847	0.168372401
6.603836000	1.196531177	0.169976273
6.603837000	1.120438337	0.163479425
6.603838000	1.190948725	0.164928534
6.603839000	1.233666539	0.163462181
6.603840000	1.159908414	0.158857742
6.603841000	1.189535975	0.161792412
6.603842000	1.155720472	0.167860392
6.603843000	1.200159311	0.161957978
6.603844000	1.082174301	0.166710405
6.603845000	1.131939888	0.167540579
6.603846000	1.185041785	0.157997008
6.603847000	1.159435391	0.162893630
6.603848000	1.209911108	0.167964688
6.603849000	1.118346095	0.169903619
6.603850000	1.156800985	0.166844512
6.603851000	1.090674281	0.157846889
6.603852000	1.136316419	0.163431971
6.603853000	1.211188316	0.155635600
6.603854000	1.155944347	0.153212839
6.603855000	1.227489591	0.163703813
6.603856000	1.170521021	0.164938371
6.603857000	1.126325846	0.156457169
6.603858000	1.172856212	0.161175441
6.603859000	1.132411003	0.163800919
6.603860000	1.204841018	0.164271183
6.603861000	1.149455786	0.162932062
6.603862000	1.167786598	0.159087456
6.603863000	1.111228108	0.156819026
6.603864000	1.176732659	0.159619772
6.603865000	1.159238219	0.165291606
6.603866000	1.130982399	0.156369651
6.603867000	1.199144721	0.161121779
6.603868000	1.172670126	0.157092416
6.603869000	1.106858253	0.155311194
6.603870000	1.120373011	0.158863135
6.603871000	1.197188258	0.156336311
6.603872000	1.153515220	0.160303506
6.603873000	1.183699489	0.155296347
6.603874000	1.171447396	0.157189721
6.603875000	1.159682155	0.165327975
6.603876000	1.105691791	0.161844111
6.603877000	1.119947195	0.158417438
6.603878000	1.179964662	0.152087754
6.603879000	1.109667063	0.167421952
6.603880000	1.206608295	0.160343603
6.603881000	1.156558394	0.156951684
6.603882000	1.084586143	0.156472648
6.603883000	1.094846845	0.154608319
6.603884000	1.118956923	0.161959243
6.603885000	1.190875530	0.155693674
6.603886000	1.131844521	0.157767760
6.603887000	1.093346357	0.152891063
6.603888000	1.190072775	0.158138489
6.603889000	1.112785339	0.153126503
6.603890000	1.169259071	0.154073040
6.603891000	1.179674506	0.152854994
6.603892000	1.150949001	0.153591374
6.603893000	1.188155293	0.152572149
6.603894000	1.131264210	0.157274410
6.603895000	1.194925308	0.146583416
6.603896000	1.157791376	0.158147777
6.603897000	1.189714551	0.162342072
6.603898000	1.194184542	0.156194548
6.603899000	1.151585579	0.158031663
6.603900000	1.125474095	0.152940731
6.603901000	1.086757421	0.149962934
6.603902000	1.149477959	0.151930744
6.603903000	1.157750249	0.147256347
6.603904000	1.203804016	0.140705253
6.603905000	1.152088523	0.155966248
6.603906000	1.153526068	0.151377538
6.603907000	1.227131724	0.151660866
6.603908000	1.205565810	0.150546599
6.603909000	1.184125423	0.152767426
6.603910000	1.182790875	0.155747403
6.603911000	1.153050780	0.148878029
6.603912000	1.142166257	0.144242996
6.603913000	1.143193960	0.148572914
6.603914000	1.156393766	0.147014681
6.603915000	1.151583195	0.152662597
6.603916000	1.199439764	0.154140818
6.603917000	1.147192955	0.149148955
6.603918000	1.180718422	0.150450059
6.603919000	1.189265609	0.140544016
6.603920000	1.189115047	0.150147025
6.603921000	1.151070714	0.146179897
6.603922000	1.142150760	0.145090548
6.603923000	1.155476809	0.151439940
6.603924000	1.142270684	0.140767055
6.603925000	1.174680352	0.142358627
6.603926000	1.131730199	0.144151167
6.603927000	1.192978501	0.148722067
6.603928000	1.131452322	0.143513390
6.603929000	1.115733385	0.151987469
6.603930000	1.135868549	0.144801894
6.603931000	1.169550419	0.141307760
6.603932000	1.170882463	0.144255430
6.603933000	1.155658960	0.145573612
6.603934000	1.160583973	0.147401772
6.603935000	1.125120997	0.144977596
6.603936000	1.220918775	0.138678896
6.603937000	1.150148392	0.150093063
6.603938000	1.204832315	0.142368181
6.603939000	1.061966658	0.131146935
6.603940000	1.160091519	0.144229697
6.603941000	1.105876327	0.137752881
6.603942000	1.136721015	0.137577504
6.603943000	1.129691124	0.140856121
6.603944000	1.139620781	0.140818754
6.603945000	1.193270326	0.136278747
6.603946000	1.156171679	0.135446434
6.603947000	1.145686746	0.138875087
6.603948000	1.136955380	0.144177882
6.603949000	1.220723152	0.131817145
6.603950000	1.136725903	0.139841640
6.603951000	1.115722299	0.138950155
6.603952000	1.144434690	0.136239756
6.603953000	1.109544635	0.142781104
6.603954000	1.134430885	0.130777954
6.603955000	1.148572326	0.135496110
6.603956000	1.194613695	0.144135055
6.603957000	1.094402194	0.132711218
6.603958000	1.147427559	0.133064677
6.603959000	1.161216617	0.137491450
6.603960000	1.177914977	0.131917937
6.603961000	1.131397843	0.133456903
6.603962000	1.149752975	0.131729884
6.603963000	1.106933475	0.136376335
6.603964000	1.125832200	0.135912179
6.603965000	1.129600286	0.133568739
6.603966000	1.158913016	0.130615177
6.603967000	1.169214845	0.134733264
6.603968000	1.111190915	0.134656058
6.603969000	1.079096317	0.134854305
6.603970000	1.136540651	0.138718502
6.603971000	1.095005512	0.133838301
6.603972000	1.099781156	0.127774283
6.603973000	1.147347689	0.123311341
6.603974000	1.181421876	0.128431859
6.603975000	1.147456050	0.134391997
6.603976000	1.160875320	0.132930263
6.603977000	1.164703369	0.134425270
6.603978000	1.110095620	0.128324392
6.603979000	1.174119949	0.124643005
6.603980000	1.124284983	0.126740444
6.603981000	1.101258159	0.122625885
6.603982000	1.127097964	0.130832840
6.603983000	1.109383345	0.133914933
6.603984000	1.115241170	0.130630640
6.603985000	1.114629507	0.125156495
6.603986000	1.143607616	0.130440340
6.603987000	1.172473907	0.131813541
6.603988000	1.198835015	0.117740174
6.603989000	1.140607834	0.118505176
6.603990000	1.115832567	0.126317476
6.603991000	1.113581657	0.131052127
6.603992000	1.105388284	0.120045989
6.603993000	1.095095277	0.124293049
6.603994000	1.249181271	0.126753343
6.603995000	1.092221737	0.124949102
6.603996000	1.039469719	0.122926531
6.603997000	1.108319163	0.107332782
6.603998000	1.179304123	0.122727701
6.603999000	1.180804372	0.124536204
6.604000000	1.117817760	0.113319427
6.604001000	1.093195200	0.115743686
6.604002000	1.135176301	0.120165033
6.604003000	1.129242897	0.126041073
6.604004000	1.125218987	0.123075843
6.604005000	1.114434838	0.120902212
6.604006000	1.139205575	0.121930350
6.604007000	1.087628603	0.122279225
6.604008000	1.144927621	0.114843279
6.604009000	1.137427092	0.118192762
6.604010000	1.058834910	0.126151652
6.604011000	1.139035106	0.110129326
6.604012000	1.082982659	0.117910966
6.604013000	1.134433746	0.122607151
6.604014000	1.130903959	0.107292568
6.604015000	1.143610954	0.111781152
6.604016000	1.058436036	0.121494133
6.604017000	1.128810048	0.109459524
6.604018000	1.096001625	0.123018002
6.604019000	1.157976985	0.121075892
6.604020000	1.166744828	0.121725994
6.604021000	1.029250622	0.117441484
6.604022000	1.143916726	0.107584334
6.604023000	1.148854256	0.105794199
6.604024000	1.113985419	0.120319346
6.604025000	1.086423874	0.111647994
6.604026000	1.151666880	0.109854995
6.604027000	1.067335010	0.112049415
6.604028000	1.164284706	0.111730452
6.604029000	1.155073643	0.113703005
6.604030000	1.191664577	0.110153120
6.604031000	1.100526094	0.104592489
6.604032000	1.094984651	0.109684545
6.604033000	1.151600361	0.113956763
6.604034000	1.088257432	0.112621246
6.604035000	1.123740077	0.105630373
6.604036000	1.116968751	0.114555392
6.604037000	1.174052477	0.109400577
6.604038000	1.169051051	0.109390357
6.604039000	1.163561702	0.113450521
6.604040000	1.142677188	0.110340057
6.604041000	1.079752564	0.107094662
6.604042000	1.102864385	0.111321690
6.604043000	1.089162827	0.110861412
6.604044000	1.117398739	0.106500969
6.604045000	1.087697268	0.109791953
6.604046000	1.153226852	0.104790479
6.604047000	1.117353797	0.100841860
6.604048000	1.125233293	0.102191824
6.604049000	1.115881324	0.100399359
6.604050000	1.098627806	0.105369059
6.604051000	1.140595794	0.096730522
6.604052000	1.083884120	0.103563044
6.604053000	1.080977201	0.101923053
6.604054000	1.054995537	0.102003805
6.604055000	1.038044930	0.108654817
6.604056000	1.158662319	0.097730214
6.604057000	1.126804233	0.113091094
6.604058000	1.137240887	0.100047189
6.604059000	1.120126009	0.103354427
6.604060000	1.034584284	0.097688594
6.604061000	1.070121169	0.104753145
6.604062000	1.127319694	0.105455012
6.604063000	1.074469328	0.110138164
6.604064000	1.125662684	0.100557601
6.604065000	1.063460588	0.089458369
6.604066000	1.156830907	0.100273100
6.604067000	1.178314209	0.102846837
6.604068000	1.133253455	0.096463748
6.604069000	1.082363367	0.104223916
6.604070000	1.095675349	0.095356996
6.604071000	1.110052824	0.105857091
6.604072000	1.120434880	0.101241276
6.604073000	1.038315296	0.096266849
6.604074000	1.088302374	0.092639923
6.604075000	1.057422757	0.094834442
6.604076000	1.087526679	0.094067935
6.604077000	1.137865424	0.092638674
6.604078000	1.088403940	0.087595979
6.604079000	1.061337709	0.085731175
6.604080000	1.045755029	0.096354184
6.604081000	1.137341857	0.099020649
6.604082000	1.144971848	0.093770842
6.604083000	1.125201344	0.089039554
6.604084000	1.041903734	0.087050189
6.604085000	1.081654787	0.092694518
6.604086000	1.097451448	0.075662762
6.604087000	1.051919699	0.086723852
6.604088000	1.151022196	0.086425944
6.604089000	1.044143200	0.090345510
6.604090000	1.124094248	0.087898930
6.604091000	1.069426894	0.088364900
6.604092000	1.103590727	0.090333442
6.604093000	1.078926325	0.081079482
6.604094000	1.076740503	0.090409209
6.604095000	1.127612829	0.081126245
6.604096000	1.081820607	0.081809204
6.604097000	1.074688554	0.088114754
6.604098000	1.134066820	0.078409147
6.604099000	1.097182989	0.080135075
6.604100000	1.051580906	0.079160374
6.604101000	1.096388221	0.087508103
6.604102000	1.100964665	0.091905872
6.604103000	1.072667122	0.083555755
6.604104000	1.088625550	0.080549588
6.604105000	1.058042049	0.073660023
6.604106000	1.057519555	0.082573840
6.604107000	1.054625273	0.076121882
6.604108000	1.058706164	0.080977058
6.604109000	1.050946236	0.066520854
6.604110000	1.113818049	0.077263014
6.604111000	1.054481030	0.078352355
6.604112000	1.039827585	0.079210975
6.604113000	1.045939803	0.076626035
6.604114000	1.076011539	0.076794356
6.604115000	1.087186813	0.072916693
6.604116000	1.062761664	0.073489364
6.604117000	1.085681200	0.069318421
6.604118000	0.995522261	0.069777034
6.604119000	1.026656866	0.078547082
6.604120000	1.021676183	0.069895245
6.604121000	1.080663323	0.078266817
6.604122000	1.096561313	0.071808044
6.604123000	1.080673456	0.076119760
6.604124000	1.004404426	0.073794496
6.604125000	1.096679687	0.083180599
6.604126000	1.103840828	0.079226404
6.604127000	1.086544752	0.067561426
6.604128000	1.013695598	0.069276951
6.604129000	1.146653891	0.067417453
6.604130000	1.048062921	0.064686256
6.604131000	1.068630219	0.067972572
6.604132000	1.104187012	0.063307584
6.604133000	1.033549905	0.070476306
6.604134000	1.037809491	0.070677874
6.604135000	1.097731829	0.064280636
6.604136000	1.102931261	0.062413061
6.604137000	1.053041339	0.066289933
6.604138000	1.014204860	0.063428657
6.604139000	1.122899175	0.075806323
6.604140000	1.044882774	0.067734065
6.604141000	1.029061913	0.065068120
6.604142000	1.000778556	0.068393193
6.604143000	1.013933539	0.065599130
6.604144000	1.073509812	0.065202922
6.604145000	1.004915476	0.057757984
6.604146000	1.038633823	0.055655381
6.604147000	1.093685985	0.053734019
6.604148000	1.014827967	0.055636702
6.604149000	1.037541389	0.053625283
6.604150000	1.113369584	0.054098069
6.604151000	1.033143878	0.051828223
6.604152000	1.060604930	0.058868065
6.604153000	1.021154881	0.051794305
6.604154000	1.017487049	0.050143632
6.604155000	1.035354972	0.049558765
6.604156000	1.013537169	0.056379707
6.604157000	1.015348196	0.054417765
6.604158000	1.044554472	0.048798628
6.604159000	1.058062553	0.051417235
6.604160000	1.051459908	0.053601710
6.604161000	1.011048079	0.051672012
6.604162000	1.037475348	0.043220441
6.604163000	0.984868109	0.048516786
6.604164000	1.016384482	0.048396291
6.604165000	1.013165236	0.043613649
6.604166000	1.062286139	0.047467426
6.604167000	0.905881524	0.044111914
6.604168000	1.056679368	0.049003292
6.604169000	1.044184804	0.038893499
6.604170000	1.015803337	0.041692848
6.604171000	1.017492056	0.043255866
6.604172000	1.025807381	0.043060964
6.604173000	0.967273355	0.046233001
6.604174000	0.933675826	0.042631471
6.604175000	1.000504851	0.036740042
6.604176000	0.968844354	0.033929192
6.604177000	1.028044224	0.039918380
6.604178000	1.054956317	0.040346541
6.604179000	0.970870912	0.034690940
6.604180000	0.999228597	0.031843282
6.604181000	0.971055210	0.040876581
6.604182000	0.970476747	0.029078161
6.604183000	1.008967400	0.038764736
6.604184000	1.064319730	0.030784051
6.604185000	1.036121607	0.033719011
6.604186000	1.000666380	0.031437458
6.604187000	0.969662845	0.028295510
6.604188000	1.055222273	0.030751673
6.604189000	1.015361786	0.041023750
6.604190000	1.049192429	0.031850812
6.604191000	0.993235826	0.044102971
6.604192000	1.010570645	0.024257540
6.604193000	0.928884506	0.021088050
6.604194000	1.004778266	0.019650918
6.604195000	0.940443158	0.020103837
6.604196000	0.967436254	0.022922706
6.604197000	0.990222752	0.030786654
6.604198000	0.979447007	0.018932113
6.604199000	0.978955388	0.023553361
6.604200000	0.962784588	0.015922671
6.604201000	0.991671443	0.018170917
6.604202000	0.961094141	0.023413813
6.604203000	0.956787169	0.027492372
6.604204000	0.969489515	0.014137837
6.604205000	0.971883535	0.010444977
6.604206000	1.003682256	0.015696317
6.604207000	0.959505975	0.012208166
6.604208000	0.960573435	0.022170159
6.604209000	0.956931233	0.011114205
6.604210000	0.982753158	0.010517531
6.604211000	0.964235008	0.003840019
6.604212000	0.966071606	0.004316005
6.604213000	0.908106387	0.010713420
6.604214000	0.879373550	-0.001000065
6.604215000	0.943610728	0.001270349
6.604216000	0.905207157	0.011030674
6.604217000	0.958028197	0.009903689
6.604218000	0.946822882	0.004069072
6.604219000	0.971784115	-0.007564579
6.604220000	0.894573212	0.001415448
6.604221000	0.914739966	-0.001445873
6.604222000	0.922374666	-0.002252168
6.604223000	0.885577857	-0.008978398
6.604224000	0.935311913	0.003044507
6.604225000	0.963574588	-0.006375115
6.604226000	0.948543549	0.003162378
6.604227000	0.882793486	0.001049815
6.604228000	1.024206996	0.006489177
6.604229000	0.914656103	-0.009513384
6.604230000	0.928024769	-0.002687790
6.604231000	0.905144036	-0.009439052
6.604232000	0.897292495	-0.014996390
6.604233000	0.880423844	-0.005044502
6.604234000	0.822952449	-0.009970484
6.604235000	0.914131224	-0.013107481
6.604236000	0.936399102	-0.013977566
6.604237000	0.824547172	-0.019124632
6.604238000	0.905358851	-0.018475707
6.604239000	0.950400710	-0.015224207
6.604240000	0.907484353	-0.013914760
6.604241000	0.888070583	-0.014364311
6.604242000	0.933260143	-0.010810042
6.604243000	0.843065619	-0.019879137
6.604244000	0.858090699	-0.021829157
6.604245000	0.918998301	-0.023013725
6.604246000	0.872663856	-0.025242866
6.604247000	0.827849329	-0.018044188
6.604248000	0.886634171	-0.027246385
6.604249000	0.860805631	-0.036634323
6.604250000	0.769716620	-0.032198843
6.604251000	0.822000444	-0.028560561
6.604252000	0.863266170	-0.032137079
6.604253000	0.838031113	-0.040012081
6.604254000	0.789475501	-0.037705193
6.604255000	0.821277916	-0.042827196
6.604256000	0.862683535	-0.038963424
6.604257000	0.858225763	-0.036457281
6.604258000	0.845617592	-0.034551461
6.604259000	0.882496834	-0.036803463
6.604260000	0.812898636	-0.032239899
6.604261000	0.862297595	-0.030867136
6.604262000	0.842193484	-0.024857057
6.604263000	0.806798875	-0.039744121
6.604264000	0.835820317	-0.038222974
6.604265000	0.818168223	-0.047220305
6.604266000	0.781635046	-0.050789441
6.604267000	0.838353693	-0.042986004
6.604268000	0.775260627	-0.043998588
6.604269000	0.818411648	-0.048338013
6.604270000	0.825318217	-0.045724528
6.604271000	0.744656205	-0.050912728
6.604272000	0.754922509	-0.050873830
6.604273000	0.849432886	-0.046388026
6.604274000	0.785338521	-0.045204001
6.604275000	0.770252645	-0.051543332
6.604276000	0.794888318	-0.055434006
6.604277000	0.789087474	-0.063976079
6.604278000	0.765351593	-0.058020543
6.604279000	0.758049786	-0.065136926
6.604280000	0.734135091	-0.067166337
6.604281000	0.722247481	-0.067070447
6.604282000	0.766448438	-0.056616437
6.604283000	0.715520561	-0.063282296
6.604284000	0.739882827	-0.065608392
6.604285000	0.757913232	-0.061508718
6.604286000	0.757004201	-0.072455392
6.604287000	0.805131376	-0.070983005
6.604288000	0.798053920	-0.052954020
6.604289000	0.727846920	-0.077463716
6.604290000	0.706553161	-0.069722789
6.604291000	0.667821348	-0.090540661
6.604292000	0.739232481	-0.074684907
6.604293000	0.768980742	-0.089170356
6.604294000	0.695810556	-0.082085715
6.604295000	0.612897158	-0.087683422
6.604296000	0.736521304	-0.080013077
6.604297000	0.678282619	-0.073741324
6.604298000	0.682298660	-0.077425175
6.604299000	0.669515491	-0.083077036
6.604300000	0.660111248	-0.084612673
6.604301000	0.672740936	-0.097644069
6.604302000	0.632390380	-0.095324614
6.604303000	0.625942290	-0.098535138
6.604304000	0.658875346	-0.099786740
6.604305000	0.700541794	-0.095317074
6.604306000	0.639164984	-0.093243095
6.604307000	0.614248097	-0.092471469
6.604308000	0.726806641	-0.103781915
6.604309000	0.595604241	-0.103061804
6.604310000	0.636798084	-0.105791328
6.604311000	0.638818920	-0.105843376
6.604312000	0.623851359	-0.099132768
6.604313000	0.628832877	-0.114867348
6.604314000	0.634107888	-0.104557668
6.604315000	0.595518172	-0.106883440
6.604316000	0.684919775	-0.105584958
6.604317000	0.587971747	-0.109488203
6.604318000	0.628076196	-0.111519047
6.604319000	0.606293678	-0.115592768
6.604320000	0.571050882	-0.114419346
6.604321000	0.515234113	-0.122950258
6.604322000	0.635531485	-0.130110266
6.604323000	0.534387171	-0.126887558
6.604324000	0.580373347	-0.123853927
6.604325000	0.610877216	-0.118171332
6.604326000	0.546867728	-0.117017551
6.604327000	0.546189308	-0.125205664
6.604328000	0.584832072	-0.126662646
6.604329000	0.517107725	-0.135295599
6.604330000	0.492476314	-0.136128619
6.604331000	0.445612252	-0.150695453
6.604332000	0.494756132	-0.144212836
6.604333000	0.491994023	-0.145889795
6.604334000	0.458012223	-0.141584596
6.604335000	0.524001241	-0.153691226
6.604336000	0.415457249	-0.145303118
6.604337000	0.488461584	-0.147396545
6.604338000	0.459050536	-0.162165272
6.604339000	0.453669190	-0.154220629
6.604340000	0.422315449	-0.157878331
6.604341000	0.375630021	-0.164712768
6.604342000	0.377199441	-0.151125087
6.604343000	0.362451822	-0.169772292
6.604344000	0.347098678	-0.169497653
6.604345000	0.324468762	-0.177673758
6.604346000	0.293639034	-0.172190658
6.604347000	0.268599421	-0.180293825
6.604348000	0.346426010	-0.167680062
6.604349000	0.317111909	-0.180365165
6.604350000	0.330284983	-0.184276832
6.604351000	0.292057216	-0.191789344
6.604352000	0.353921026	-0.199623098
6.604353000	0.348412573	-0.188123070
6.604354000	0.250038177	-0.189135470
6.604355000	0.315850377	-0.191209440
6.604356000	0.222896487	-0.189073152
6.604357000	0.202117547	-0.193578289
6.604358000	0.226604789	-0.202905245
6.604359000	0.229182363	-0.193630254
6.604360000	0.283688843	-0.200491589
6.604361000	0.238371417	-0.200837666
6.604362000	0.191636622	-0.202988768
6.604363000	0.178202525	-0.210022376
6.604364000	0.143509954	-0.208329804
6.604365000	0.202323154	-0.207871840
6.604366000	0.110586725	-0.211113756
6.604367000	0.139521554	-0.209167568
6.604368000	0.160068750	-0.217656011
6.604369000	0.165719077	-0.221859095
6.604370000	0.103267215	-0.225257422
6.604371000	0.018677000	-0.232314583
6.604372000	0.047146559	-0.233209022
6.604373000	-0.019365139	-0.237446894
6.604374000	0.037526708	-0.235293195
6.604375000	0.038246192	-0.239907671
6.604376000	0.082668595	-0.241837348
6.604377000	0.047777634	-0.234950546
6.604378000	0.059608549	-0.244285159
6.604379000	0.017869962	-0.244729091
6.604380000	-0.054827955	-0.251988951
6.604381000	-0.121518947	-0.265200328
6.604382000	-0.060606919	-0.252511231
6.604383000	-0.032791797	-0.251222644
6.604384000	-0.059624549	-0.251580539
6.604385000	-0.051865608	-0.277074664
6.604386000	-0.170944631	-0.274509307
6.604387000	-0.144604087	-0.257348247
6.604388000	-0.147646487	-0.260986391
6.604389000	-0.206397951	-0.270427231
6.604390000	-0.112409696	-0.264809725
6.604391000	-0.133344010	-0.268970132
6.604392000	-0.092483580	-0.269663303
6.604393000	-0.169091061	-0.279115061
6.604394000	-0.176430479	-0.277224550
6.604395000	-0.240264297	-0.288911566
6.604396000	-0.234961838	-0.284832868
6.604397000	-0.359460205	-0.307340974
6.604398000	-0.309978336	-0.293408347
6.604399000	-0.289208531	-0.293955493
6.604400000	-0.333877802	-0.300700115
6.604401000	-0.368949324	-0.292644153
6.604402000	-0.292106748	-0.307583554
6.604403000	-0.436474025	-0.317277394
6.604404000	-0.356378257	-0.308735238
6.604405000	-0.323377907	-0.313313712
6.604406000	-0.492976546	-0.317620110
6.604407000	-0.570385993	-0.336753657
6.604408000	-0.517469645	-0.328114496
6.604409000	-0.557945073	-0.343612362
6.604410000	-0.570925236	-0.338456649
6.604411000	-0.557809770	-0.335688826
6.604412000	-0.563040793	-0.342735317
6.604413000	-0.630785465	-0.348830394
6.604414000	-0.528486133	-0.346127785
6.604415000	-0.726976097	-0.357376045
6.604416000	-0.746815085	-0.360214442
6.604417000	-0.764068544	-0.363912374
6.604418000	-0.718860269	-0.354610885
6.604419000	-0.702896953	-0.365210565
6.604420000	-0.803017616	-0.360135979
6.604421000	-0.804807365	-0.366463816
6.604422000	-0.851498067	-0.376033652
6.604423000	-0.876693010	-0.397393569
6.604424000	-1.050451279	-0.393069527
6.604425000	-1.088992953	-0.406383802
6.604426000	-1.115803480	-0.414076542
6.604427000	-1.019307613	-0.404463329
6.604428000	-1.149827242	-0.402906246
6.604429000	-1.167320490	-0.425416215
6.604430000	-1.264822125	-0.410809376
6.604431000	-1.148231268	-0.416693298
6.604432000	-1.227687836	-0.415922446
6.604433000	-1.290571928	-0.412470456
6.604434000	-1.194720149	-0.427328232
6.604435000	-1.308798552	-0.435025766
6.604436000	-1.259118557	-0.427609129
6.604437000	-1.379709482	-0.442806258
6.604438000	-1.279027224	-0.430911948
6.604439000	-1.435861349	-0.448993181
6.604440000	-1.535750389	-0.448597601
6.604441000	-1.721335649	-0.473733148
6.604442000	-1.690479755	-0.473647461
6.604443000	-1.714319944	-0.456233850
6.604444000	-1.773877382	-0.463009930
6.604445000	-1.922425747	-0.480635596
6.604446000	-1.941534519	-0.497567474
6.604447000	-1.983113527	-0.496590527
6.604448000	-1.935731769	-0.486526808
6.604449000	-2.053637505	-0.503021196
6.604450000	-2.057717323	-0.512113527
6.604451000	-2.173455715	-0.513183852
6.604452000	-2.188429832	-0.506616729
6.604453000	-2.290852547	-0.535689227
6.604454000	-2.216735601	-0.517144671
6.604455000	-2.412147522	-0.533894856
6.604456000	-2.570652008	-0.535253634
6.604457000	-2.336443186	-0.530192396
6.604458000	-2.561201334	-0.541077967
6.604459000	-2.746540070	-0.562287449
6.604460000	-2.794796467	-0.573157740
6.604461000	-2.933298826	-0.576089348
6.604462000	-2.893615961	-0.566855969
6.604463000	-2.644427538	-0.561408473
6.604464000	-3.007020235	-0.581644768
6.604465000	-2.916615248	-0.564894018
6.604466000	-2.906368732	-0.577509412
6.604467000	-2.949237347	-0.573581982
6.604468000	-3.119608402	-0.582590590
6.604469000	-3.091143847	-0.568890890
6.604470000	-3.345003843	-0.601237178
6.604471000	-3.503797293	-0.615938826
6.604472000	-3.631959200	-0.616936580
6.604473000	-3.625435352	-0.614690203
6.604474000	-3.559764147	-0.618945535
6.604475000	-3.495568037	-0.602337064
6.604476000	-3.777000904	-0.618659179
6.604477000	-3.792695045	-0.629674413
6.604478000	-3.705712795	-0.622330480
6.604479000	-3.764477015	-0.628812414
6.604480000	-3.836114168	-0.630899800
6.604481000	-4.334749699	-0.640885921
6.604482000	-4.185781956	-0.635612796
6.604483000	-4.483439445	-0.672438188
6.604484000	-4.299137592	-0.649713368
6.604485000	-4.566791534	-0.678910735
6.604486000	-4.605770588	-0.675350488
6.604487000	-4.933653831	-0.687443170
6.604488000	-4.849479198	-0.679741775
6.604489000	-5.182818413	-0.680969692
6.604490000	-4.943778038	-0.678814795
6.604491000	-5.303541660	-0.697157783
6.604492000	-5.367256641	-0.694570189
6.604493000	-5.711332321	-0.720567834
6.604494000	-5.848246574	-0.720304781
6.604495000	-6.189147472	-0.720639407
6.604496000	-6.456191540	-0.723670350
6.604497000	-6.264913082	-0.746299829
6.604498000	-6.337371349	-0.714485574
6.604499000	-6.368709087	-0.723244111
6.604500000	-6.935633183	-0.731664428
6.604501000	-6.398467064	-0.745203872
6.604502000	-6.552949905	-0.727137586
6.604503000	-7.247682095	-0.746244835
6.604504000	-7.860803604	-0.754621542
6.604505000	-8.324625015	-0.761289032
6.604506000	-8.565691948	-0.767699128
6.604507000	-8.171777725	-0.763642068
6.604508000	-7.998520374	-0.775380217
6.604509000	-7.941897392	-0.770974683
6.604510000	-8.215478897	-0.768711129
6.604511000	-8.608569145	-0.732773035
6.604512000	-9.633399963	-0.776712130
6.604513000	-8.515654564	-0.769334974
6.604514000	-9.009439468	-0.756029289
6.604515000	-9.518557549	-0.784174574
6.604516000	-9.442135811	-0.774794788
6.604517000	-10.724966049	-0.788024706
6.604518000	-10.644100189	-0.735548049
6.604519000	-10.908197403	-0.729600278
6.604520000	-10.409954071	-0.776445814
6.604521000	-11.050889969	-0.751484338
6.604522000	-10.934391975	-0.788431704
6.604523000	-11.576114655	-0.705111313
6.604524000	-11.984602928	-0.721238951
6.604525000	-11.360358238	-0.755833946
6.604526000	-12.594794273	-0.721043541
6.604527000	-13.228250504	-0.680586596
6.604528000	-14.417832375	-0.641580008
6.604529000	-14.188961029	-0.655321852
6.604530000	-14.866088867	-0.559153241
6.604531000	-14.900309563	-0.576429300
6.604532000	-14.256910324	-0.664355561
6.604533000	-14.777063370	-0.599505125
6.604534000	-15.746572495	-0.527933536
6.604535000	-16.642700195	-0.506157035
6.604536000	-16.070234299	-0.443671519
6.604537000	-16.694974899	-0.504366891
6.604538000	-17.995542526	-0.264738952
6.604539000	-17.891187668	-0.318822893
6.604540000	-18.420196533	-0.208124924
6.604541000	-18.504098892	-0.242870321
6.604542000	-18.845863342	-0.076396579
6.604543000	-18.958557129	-0.155319533
6.604544000	-18.514238358	-0.050436593
6.604545000	-18.923048019	-0.127466904
6.604546000	-19.365571976	0.358584421
6.604547000	-19.252340317	0.181647627
6.604548000	-19.221111298	0.205748785
6.604549000	-18.991577148	0.451115221
6.604550000	-18.651374817	0.600330971
6.604551000	-17.975000381	0.622151382
6.604552000	-17.962450027	0.657521757
6.604553000	-17.468318939	0.714355345
6.604554000	-17.003015518	0.768328166
6.604555000	-15.587765694	0.949464133
6.604556000	-15.364068985	0.978921092
6.604557000	-14.988915443	1.041649587
6.604558000	-14.514974594	1.063321860
6.604559000	-14.139653206	1.061154113
6.604560000	-13.643587112	1.090433505
6.604561000	-13.722459793	1.058404000
6.604562000	-15.086708069	1.080147978
6.604563000	-13.902768135	1.018594069
6.604564000	-13.358224869	1.064469083
6.604565000	-13.026117325	1.109829175
6.604566000	-13.360630989	1.099839724
6.604567000	-12.251976013	1.152412122
6.604568000	-11.717113495	1.129943165
6.604569000	-11.771207809	1.151894403
6.604570000	-11.548815727	1.156434693
6.604571000	-11.617130280	1.137960478
6.604572000	-11.261284828	1.150162416
6.604573000	-11.878624916	1.169438376
6.604574000	-10.739747047	1.181606226
6.604575000	-10.309065819	1.171522699
6.604576000	-10.682158470	1.158910501
6.604577000	-10.240137100	1.187663719
6.604578000	-9.794180870	1.199143009
6.604579000	-9.476686478	1.190506111
6.604580000	-9.100646019	1.179989155
6.604581000	-9.101462364	1.188707945
6.604582000	-8.780769348	1.162724015
6.604583000	-8.860654831	1.180750419
6.604584000	-9.050938606	1.205025932
6.604585000	-8.688913345	1.195430163
6.604586000	-8.696519852	1.191822245
6.604587000	-8.184677124	1.159508381
6.604588000	-7.613512039	1.180662136
6.604589000	-7.338332176	1.184935178
6.604590000	-7.610317707	1.152503202
6.604591000	-7.429115772	1.166418751
6.604592000	-6.822908401	1.164640558
6.604593000	-7.253135204	1.183498935
6.604594000	-6.877817154	1.149320058
6.604595000	-6.748643398	1.157348823
6.604596000	-6.820345879	1.145221187
6.604597000	-6.957336426	1.147796198
6.604598000	-6.718080044	1.135652050
6.604599000	-6.903149128	1.158559630
6.604600000	-6.695743561	1.161454752
6.604601000	-6.146514893	1.156209789
6.604602000	-5.996372700	1.131963439
6.604603000	-5.979213238	1.143136864
6.604604000	-6.584130764	1.157244827
6.604605000	-6.118151188	1.140122965
6.604606000	-6.029791355	1.148393811
6.604607000	-5.848198414	1.135188127
6.604608000	-5.298973560	1.124417105
6.604609000	-5.499423981	1.104212767
6.604610000	-5.513437748	1.120588412
6.604611000	-5.250460625	1.102415600
6.604612000	-4.983160019	1.100264232
6.604613000	-4.946784973	1.100399720
6.604614000	-4.954505444	1.099442380
6.604615000	-4.915840626	1.098783847
6.604616000	-4.771482944	1.099674009
6.604617000	-4.641838551	1.091137179
6.604618000	-4.652068138	1.082807211
6.604619000	-4.714903831	1.110767406
6.604620000	-4.503844261	1.074371715
6.604621000	-4.575019360	1.094226712
6.604622000	-4.526361465	1.068335394
6.604623000	-4.432194710	1.083916417
6.604624000	-4.348683834	1.064392717
6.604625000	-4.087729931	1.063045424
6.604626000	-3.895278215	1.057604119
6.604627000	-3.682651758	1.032567542
6.604628000	-3.691202164	1.046696344
6.604629000	-3.714534283	1.036935326
6.604630000	-3.628575087	1.027271846
6.604631000	-3.535685539	1.035183432
6.604632000	-3.500271797	1.025035124
6.604633000	-3.491079807	1.023447148
6.604634000	-3.291655302	1.019222509
6.604635000	-3.437689066	1.019390354
6.604636000	-3.123899937	1.003951410
6.604637000	-3.325388193	1.027656673
6.604638000	-3.259390116	1.007290149
6.604639000	-3.188887596	1.010454517
6.604640000	-3.088344097	1.011705071
6.604641000	-3.156231642	0.995216442
6.604642000	-3.204183817	1.008421193
6.604643000	-2.915613890	1.000069054
6.604644000	-3.033852339	0.992868266
6.604645000	-2.978219509	0.990047912
6.604646000	-2.972947836	0.973255616
6.604647000	-2.736805439	0.985986391
6.604648000	-2.690062523	0.974802713
6.604649000	-2.649994135	0.965555485
6.604650000	-2.632544994	0.973244098
6.604651000	-2.679105282	0.958923948
6.604652000	-2.662236452	0.955264764
6.604653000	-2.440423489	0.943954253
6.604654000	-2.492280006	0.957816406
6.604655000	-2.417906523	0.958444312
6.604656000	-2.401107311	0.946451432
6.604657000	-2.269620419	0.936739683
6.604658000	-2.235071898	0.933914202
6.604659000	-2.305389881	0.933381836
6.604660000	-2.294429779	0.935964170
6.604661000	-2.294985056	0.937718394
6.604662000	-2.249039173	0.944085347
6.604663000	-2.206640244	0.927552243
6.604664000	-2.069726706	0.917653007
6.604665000	-2.140062809	0.923874484
6.604666000	-2.116047859	0.919530469
6.604667000	-2.010404825	0.912701658
6.604668000	-1.956355810	0.905392146
6.604669000	-1.741582155	0.900730482
6.604670000	-1.722160578	0.899007151
6.604671000	-1.834172606	0.901841553
6.604672000	-1.909684062	0.913113582
6.604673000	-1.925858855	0.894196883
6.604674000	-1.914257526	0.899767350
6.604675000	-1.793122530	0.882467389
6.604676000	-1.643853664	0.870208659
6.604677000	-1.762615681	0.886945228
6.604678000	-1.772930741	0.884697454
6.604679000	-1.488008261	0.873931625
6.604680000	-1.647350907	0.875393967
6.604681000	-1.452621341	0.866103929
6.604682000	-1.446598172	0.855118056
6.604683000	-1.384151697	0.856472673
6.604684000	-1.524097443	0.857866505
6.604685000	-1.428122520	0.862891690
6.604686000	-1.386457443	0.863230045
6.604687000	-1.337018728	0.841686137
6.604688000	-1.313469529	0.831165985
6.604689000	-1.234164000	0.843703948
6.604690000	-1.273628473	0.840850970
6.604691000	-1.233976007	0.830187473
6.604692000	-1.139723301	0.830971108
6.604693000	-1.185319185	0.839574716
6.604694000	-1.138714194	0.836458019
6.604695000	-1.187292814	0.827476774
6.604696000	-1.122937799	0.837827816
6.604697000	-1.107116580	0.821678806
6.604698000	-1.101791620	0.824214535
6.604699000	-1.187690139	0.836185511
6.604700000	-1.224272609	0.840725002
6.604701000	-1.161598325	0.823310925
6.604702000	-1.182351112	0.827750281
6.604703000	-1.167951465	0.823135556
6.604704000	-1.051429510	0.807667650
6.604705000	-0.997651339	0.810140728
6.604706000	-0.924734056	0.810075147
6.604707000	-1.050257206	0.815590088
6.604708000	-1.078318238	0.812413669
6.604709000	-0.988980412	0.812503351
6.604710000	-0.909177661	0.806159435
6.604711000	-0.974034846	0.810960116
6.604712000	-1.022278190	0.807703003
6.604713000	-0.946009398	0.813761428
6.604714000	-0.971318066	0.808083236
6.604715000	-0.912707090	0.794376678
6.604716000	-0.815509737	0.798684008
6.604717000	-0.863811553	0.787609120
6.604718000	-0.829030335	0.779111838
6.604719000	-0.743475497	0.775203916
6.604720000	-0.745718777	0.772653673
6.604721000	-0.663139641	0.778519818
6.604722000	-0.645478010	0.773587909
6.604723000	-0.803072572	0.771027546
6.604724000	-0.804892361	0.775776495
6.604725000	-0.660449743	0.767628021
6.604726000	-0.666323066	0.765505415
6.604727000	-0.651835918	0.767434010
6.604728000	-0.608231723	0.760276964
6.604729000	-0.669368088	0.762587922
6.604730000	-0.546836615	0.760263449
6.604731000	-0.574842870	0.769582915
6.604732000	-0.582574189	0.741046611
6.604733000	-0.643239021	0.750742182
6.604734000	-0.549734354	0.754212947
6.604735000	-0.526745379	0.754890854
6.604736000	-0.533519685	0.751517162
6.604737000	-0.461318165	0.751095450
6.604738000	-0.499136806	0.752401331
6.604739000	-0.574361265	0.750001290
6.604740000	-0.511037230	0.749239160
6.604741000	-0.478638798	0.744735156
6.604742000	-0.447917938	0.733927249
6.604743000	-0.410332769	0.732978298
6.604744000	-0.436635494	0.736815114
6.604745000	-0.332961172	0.725559797
6.604746000	-0.446072876	0.721084621
6.604747000	-0.410814911	0.725803942
6.604748000	-0.321902871	0.736596802
6.604749000	-0.365881920	0.729025701
6.604750000	-0.402699918	0.726226120
6.604751000	-0.304849625	0.735131664
6.604752000	-0.357788503	0.718643234
6.604753000	-0.307107002	0.713285820
6.604754000	-0.354274899	0.720617902
6.604755000	-0.356070310	0.715881803
6.604756000	-0.213644847	0.720346392
6.604757000	-0.289777726	0.712057437
6.604758000	-0.270865411	0.712723160
6.604759000	-0.311702937	0.706941105
6.604760000	-0.229749709	0.711790854
6.604761000	-0.275922775	0.707109749
6.604762000	-0.189547822	0.699927337
6.604763000	-0.183240041	0.693476295
6.604764000	-0.218988836	0.705121500
6.604765000	-0.220867068	0.691053618
6.604766000	-0.175665319	0.700952987
6.604767000	-0.126780957	0.688152104
6.604768000	-0.149361581	0.691419203
6.604769000	-0.168182701	0.694808342
6.604770000	-0.161398366	0.689109577
6.604771000	-0.223030120	0.695834991
6.604772000	-0.092211075	0.694326709
6.604773000	-0.075658903	0.688235194
6.604774000	-0.185890496	0.687269466
6.604775000	-0.134633377	0.686825117
6.604776000	-0.168366194	0.696312562
6.604777000	-0.104216903	0.675964347
6.604778000	-0.110985719	0.679678258
6.604779000	-0.042292472	0.682470849
6.604780000	-0.082248479	0.683601228
6.604781000	-0.055423494	0.673919172
6.604782000	-0.064409137	0.689884157
6.604783000	-0.079466514	0.673819037
6.604784000	-0.146386027	0.681121625
6.604785000	-0.020371910	0.671655951
6.604786000	-0.074649319	0.663244091
6.604787000	-0.065936401	0.671444696
6.604788000	-0.004513388	0.662460922
6.604789000	-0.014444707	0.652539448
6.604790000	0.012692980	0.672478935
6.604791000	0.024617681	0.662175764
6.604792000	-0.047386296	0.665035400
6.604793000	-0.012623948	0.667448223
6.604794000	-0.002493229	0.660061014
6.604795000	0.029310422	0.666635959
6.604796000	0.081866577	0.648757893
6.604797000	0.064424187	0.660646577
6.604798000	0.074109688	0.656591048
6.604799000	0.098961607	0.658312782
6.604800000	0.111246593	0.639747353
6.604801000	0.039186284	0.659510938
6.604802000	0.139933571	0.651975657
6.604803000	0.024978025	0.657666633
6.604804000	0.064985529	0.646192802
6.604805000	0.075421713	0.639581239
6.604806000	0.155564457	0.644871076
6.604807000	0.110107504	0.646617377
6.604808000	0.079993628	0.642250458
6.604809000	0.048311360	0.646823705
6.604810000	0.074430160	0.652359951
6.604811000	0.134704888	0.652141505
6.604812000	0.095496148	0.650146465
6.604813000	0.172999367	0.630764311
6.604814000	0.258145481	0.636246894
6.604815000	0.167208642	0.630497795
6.604816000	0.124790825	0.632864746
6.604817000	0.182206824	0.637508567
6.604818000	0.183701813	0.637572350
6.604819000	0.171877250	0.634373094
6.604820000	0.157714799	0.638151321
6.604821000	0.113591455	0.636170329
6.604822000	0.128693879	0.637247977
6.604823000	0.100082710	0.630345596
6.604824000	0.210922942	0.630555586
6.604825000	0.130695850	0.637783605
6.604826000	0.211574227	0.634034274
6.604827000	0.150075987	0.624727458
6.604828000	0.160563752	0.626263769
6.604829000	0.217455536	0.627611461
6.604830000	0.299067467	0.622773696
6.604831000	0.230163932	0.626667637
6.604832000	0.217466027	0.625475739
6.604833000	0.202136844	0.611963459
6.604834000	0.154921666	0.625148437
6.604835000	0.203966543	0.629300571
6.604836000	0.220658809	0.617363285
6.604837000	0.291477650	0.619620580
6.604838000	0.235649452	0.618124882
6.604839000	0.293158263	0.613956369
6.604840000	0.205135375	0.614222352
6.604841000	0.276463717	0.609550635
6.604842000	0.285506934	0.608731846
6.604843000	0.206813350	0.615211118
6.604844000	0.351296365	0.596636967
6.604845000	0.266822249	0.597960758
6.604846000	0.223316938	0.604025708
6.604847000	0.251186639	0.612354212
6.604848000	0.320927322	0.610693398
6.604849000	0.315162152	0.607210849
6.604850000	0.293468356	0.607830500
6.604851000	0.352947861	0.603201193
6.604852000	0.303137034	0.597365275
6.604853000	0.285721332	0.605231987
6.604854000	0.299485236	0.596994763
6.604855000	0.334302247	0.591964384
6.604856000	0.390883833	0.587385412
6.604857000	0.337293476	0.596631641
6.604858000	0.238121063	0.598922825
6.604859000	0.311784714	0.591656124
6.604860000	0.286605358	0.595242070
6.604861000	0.331979990	0.588445283
6.604862000	0.316338480	0.585890779
6.604863000	0.367756903	0.587374426
6.604864000	0.364630669	0.587977299
6.604865000	0.266233742	0.587150454
6.604866000	0.415419579	0.584518386
6.604867000	0.384330541	0.587603458
6.604868000	0.385243863	0.585726529
6.604869000	0.386111856	0.577814144
6.604870000	0.420864791	0.576848881
6.604871000	0.398209810	0.574350770
6.604872000	0.348471582	0.584576975
6.604873000	0.406314939	0.590656972
6.604874000	0.473425299	0.577295627
6.604875000	0.439492673	0.578053096
6.604876000	0.352216631	0.573060002
6.604877000	0.384177625	0.578609963
6.604878000	0.416602463	0.579202450
6.604879000	0.420862526	0.577952029
6.604880000	0.448398858	0.574333659
6.604881000	0.461823553	0.577126183
6.604882000	0.503161907	0.569111799
6.604883000	0.381259918	0.568709529
6.604884000	0.465915173	0.564728369
6.604885000	0.455354363	0.578054561
6.604886000	0.420460314	0.574042376
6.604887000	0.386968911	0.563906984
6.604888000	0.375900954	0.570205027
6.604889000	0.446752220	0.572389085
6.604890000	0.547704935	0.568319842
6.604891000	0.478775293	0.564409056
6.604892000	0.458391726	0.568333557
6.604893000	0.461116850	0.563351848
6.604894000	0.500684619	0.558654831
6.604895000	0.439091921	0.560928837
6.604896000	0.421154350	0.565217858
6.604897000	0.439147472	0.568752672
6.604898000	0.523436069	0.569196687
6.604899000	0.382125765	0.559084998
6.604900000	0.457465649	0.569251549
6.604901000	0.502321482	0.570544314
6.604902000	0.414768487	0.565334505
6.604903000	0.459858090	0.557802220
6.604904000	0.468640536	0.566819350
6.604905000	0.453257889	0.563215827
6.604906000	0.541526854	0.550389644
6.604907000	0.430456787	0.560439548
6.604908000	0.441073626	0.555936808
6.604909000	0.496948153	0.548769909
6.604910000	0.463426501	0.554464047
6.604911000	0.487038851	0.553024009
6.604912000	0.565792978	0.549358800
6.604913000	0.503690064	0.555367824
6.604914000	0.451120079	0.550099991
6.604915000	0.533351958	0.558473602
6.604916000	0.484490126	0.553951255
6.604917000	0.524318576	0.550014371
6.604918000	0.492404014	0.549741497
6.604919000	0.492202640	0.550455923
6.604920000	0.501472533	0.549539463
6.604921000	0.555894554	0.535544884
6.604922000	0.546070695	0.540144097
6.604923000	0.578216791	0.544914317
6.604924000	0.537137449	0.545067083
6.604925000	0.533468962	0.544495169
6.604926000	0.589516878	0.547820525
6.604927000	0.549996734	0.538067297
6.604928000	0.569110274	0.538389673
6.604929000	0.526893139	0.542006212
6.604930000	0.582103491	0.538957792
6.604931000	0.552434862	0.545989802
6.604932000	0.584853828	0.545159694
6.604933000	0.582145810	0.541344283
6.604934000	0.593184590	0.537168214
6.604935000	0.523935199	0.532009737
6.604936000	0.505629539	0.538741643
6.604937000	0.519346952	0.547660536
6.604938000	0.521731198	0.539107794
6.604939000	0.570762217	0.540582653
6.604940000	0.562795758	0.540192799
6.604941000	0.584045589	0.538703260
6.604942000	0.615191042	0.529904775
6.604943000	0.592007101	0.535200537
6.604944000	0.544028521	0.537030695
6.604945000	0.663226962	0.531189617
6.604946000	0.673009396	0.534414472
6.604947000	0.599054039	0.545460831
6.604948000	0.614921033	0.529416151
6.604949000	0.624801993	0.529646115
6.604950000	0.661393762	0.540713314
6.604951000	0.540463865	0.539237457
6.604952000	0.597849846	0.528720267
6.604953000	0.614973307	0.532016595
6.604954000	0.555724263	0.528067826
6.604955000	0.635831475	0.534052482
6.604956000	0.522029519	0.529599310
6.604957000	0.610930979	0.523519513
6.604958000	0.577037156	0.519440549
6.604959000	0.666082799	0.518479814
6.604960000	0.587649763	0.531547779
6.604961000	0.607567668	0.521194807
6.604962000	0.622781098	0.520814174
6.604963000	0.600940466	0.534257712
6.604964000	0.657745779	0.520767869
6.604965000	0.619918704	0.519394277
6.604966000	0.647184849	0.519765455
6.604967000	0.593050957	0.516890040
6.604968000	0.614581347	0.526828358
6.604969000	0.649495661	0.526413337
6.604970000	0.669625998	0.517125563
6.604971000	0.661109984	0.523539853
6.604972000	0.574851692	0.507425665
6.604973000	0.649530947	0.517246504
6.604974000	0.602648795	0.523834965
6.604975000	0.560426950	0.510889938
6.604976000	0.618869483	0.513487352
6.604977000	0.640317619	0.521627837
6.604978000	0.641891718	0.518676355
6.604979000	0.683969796	0.522568698
6.604980000	0.629670143	0.516434273
6.604981000	0.661382377	0.516934814
6.604982000	0.646348596	0.513503431
6.604983000	0.654046476	0.515129690
6.604984000	0.693959773	0.508189692
6.604985000	0.637823761	0.519035216
6.604986000	0.670552671	0.504236163
6.604987000	0.556276798	0.516730616
6.604988000	0.675784290	0.512501783
6.604989000	0.664830446	0.519021934
6.604990000	0.689454794	0.506093085
6.604991000	0.642368019	0.509471771
6.604992000	0.666976273	0.509385518
6.604993000	0.682545364	0.511102192
6.604994000	0.675662398	0.508619127
6.604995000	0.687249959	0.514674123
6.604996000	0.647768736	0.507061610
6.604997000	0.639189541	0.508091988
6.604998000	0.710115075	0.502022344
6.604999000	0.629354596	0.499483419
6.605000000	0.639468610	0.510800888
6.605001000	0.665533721	0.503375762
6.605002000	0.640925944	0.503845744
6.605003000	0.701031327	0.512396055
6.605004000	0.636952579	0.501477295
6.605005000	0.630458832	0.501989620
6.605006000	0.668754637	0.502964337
6.605007000	0.741505563	0.501873673
6.605008000	0.655200303	0.505218803
6.605009000	0.698200703	0.507727434
6.605010000	0.641150296	0.503577663
6.605011000	0.687540531	0.501074625
6.605012000	0.655852318	0.501818179
6.605013000	0.758922398	0.507899574
6.605014000	0.690987587	0.494426842
6.605015000	0.691717505	0.505395970
6.605016000	0.760982335	0.498493755
6.605017000	0.680567920	0.505299696
6.605018000	0.675329149	0.502438296
6.605019000	0.711469293	0.495551761
6.605020000	0.743211448	0.496620621
6.605021000	0.762273133	0.501787719
6.605022000	0.724372923	0.499794177
6.605023000	0.669827342	0.495734321
6.605024000	0.752248883	0.495497666
6.605025000	0.730346739	0.500413894
6.605026000	0.765697420	0.487917843
6.605027000	0.762645483	0.496611766
6.605028000	0.652649701	0.493272228
6.605029000	0.667615712	0.493414175
6.605030000	0.748502731	0.492457567
6.605031000	0.659270048	0.496571352
6.605032000	0.704579175	0.494330435
6.605033000	0.727912128	0.493407683
6.605034000	0.693452179	0.494710535
6.605035000	0.760766506	0.492436162
6.605036000	0.730656505	0.486727377
6.605037000	0.709135115	0.491348960
6.605038000	0.775614202	0.486313422
6.605039000	0.792104304	0.492927482
6.605040000	0.656966507	0.489045592
6.605041000	0.720457375	0.492592956
6.605042000	0.701282322	0.495865814
6.605043000	0.774434268	0.490097874
6.605044000	0.758035481	0.489087936
6.605045000	0.706960261	0.474125099
6.605046000	0.730215013	0.484147839
6.605047000	0.827368855	0.484117113
6.605048000	0.766234696	0.491671169
6.605049000	0.808648646	0.478397342
6.605050000	0.725975156	0.492712266
6.605051000	0.822187781	0.489716342
6.605052000	0.803198934	0.479771233
6.605053000	0.741844177	0.490874651
6.605054000	0.798712730	0.485455584
6.605055000	0.715279341	0.481742139
6.605056000	0.770070374	0.480648112
6.605057000	0.782900870	0.485577990
6.605058000	0.803801417	0.485334510
6.605059000	0.756358743	0.480423442
6.605060000	0.778872132	0.484795287
6.605061000	0.755833447	0.481986418
6.605062000	0.833908081	0.476777108
6.605063000	0.723291934	0.478452236
6.605064000	0.706423104	0.480857836
6.605065000	0.769849598	0.482612760
6.605066000	0.761790454	0.484570017
6.605067000	0.735253096	0.486400640
6.605068000	0.773994148	0.480098136
6.605069000	0.776709914	0.475690205
6.605070000	0.769155860	0.482209324
6.605071000	0.768760204	0.469265529
6.605072000	0.768402696	0.476514787
6.605073000	0.745642960	0.476487989
6.605074000	0.780337572	0.484751744
6.605075000	0.740511596	0.474972384
6.605076000	0.821746945	0.477097919
6.605077000	0.732668757	0.477364801
6.605078000	0.820798278	0.474536291
6.605079000	0.780982494	0.475044688
6.605080000	0.799598932	0.477938379
6.605081000	0.790949166	0.469213997
6.605082000	0.731540740	0.475812278
6.605083000	0.743524134	0.475947666
6.605084000	0.800842881	0.482946154
6.605085000	0.798709214	0.478850978
6.605086000	0.807464838	0.478140081
6.605087000	0.898040473	0.478831903
6.605088000	0.802898824	0.474850211
6.605089000	0.777906060	0.473739273
6.605090000	0.799383938	0.473108237
6.605091000	0.786204278	0.469371090
6.605092000	0.810380936	0.476430198
6.605093000	0.779894888	0.464769614
6.605094000	0.827940166	0.468345374
6.605095000	0.862129211	0.471856718
6.605096000	0.787532687	0.467270455
6.605097000	0.785312831	0.475292795
6.605098000	0.753635406	0.477789775
6.605099000	0.807973385	0.465779817
6.605100000	0.925768793	0.468807965
6.605101000	0.817534447	0.464883198
6.605102000	0.863142788	0.468773177
6.605103000	0.723039150	0.468671178
6.605104000	0.839531720	0.468691984
6.605105000	0.797709823	0.481325155
6.605106000	0.744817913	0.470108519
6.605107000	0.808876336	0.472157289
6.605108000	0.765423357	0.468126162
6.605109000	0.751084864	0.471391131
6.605110000	0.802292228	0.469574056
6.605111000	0.806362391	0.466848943
6.605112000	0.811211646	0.462360485
6.605113000	0.833199918	0.462154057
6.605114000	0.801417410	0.468917021
6.605115000	0.768548906	0.455396019
6.605116000	0.814603209	0.464543811
6.605117000	0.862746716	0.460218571
6.605118000	0.772334754	0.457473118
6.605119000	0.773403406	0.465061030
6.605120000	0.810350776	0.468725939
6.605121000	0.823977113	0.461070117
6.605122000	0.754659414	0.457891800
6.605123000	0.806661963	0.458592212
6.605124000	0.840225577	0.459021047
6.605125000	0.833688736	0.455989105
6.605126000	0.816946805	0.462523770
6.605127000	0.745510280	0.471423855
6.605128000	0.843688011	0.465229342
6.605129000	0.864025891	0.465985813
6.605130000	0.879548490	0.467690302
6.605131000	0.787746310	0.462283420
6.605132000	0.840852618	0.454980033
6.605133000	0.892680705	0.462529296
6.605134000	0.822985649	0.463179640
6.605135000	0.864577293	0.456183283
6.605136000	0.858980179	0.453659705
6.605137000	0.818007112	0.456837089
6.605138000	0.760955989	0.457239859
6.605139000	0.924925566	0.458037708
6.605140000	0.863043666	0.459118652
6.605141000	0.828578651	0.463945032
6.605142000	0.733072698	0.462253559
6.605143000	0.887206078	0.462661822
6.605144000	0.838650763	0.464747776
6.605145000	0.848898649	0.456551565
6.605146000	0.887801051	0.449016949
6.605147000	0.782503903	0.454049425
6.605148000	0.833837509	0.456007181
6.605149000	0.856003225	0.445488427
6.605150000	0.873395920	0.453316423
6.605151000	0.850782454	0.452905830
6.605152000	0.832753122	0.453744593
6.605153000	0.820302308	0.452129319
6.605154000	0.770866930	0.452646505
6.605155000	0.866240740	0.462553864
6.605156000	0.889781535	0.453549217
6.605157000	0.836124420	0.450822206
6.605158000	0.826856732	0.447870758
6.605159000	0.876810253	0.452914352
6.605160000	0.818593681	0.450618474
6.605161000	0.825967133	0.452600798
6.605162000	0.867326498	0.451969696
6.605163000	0.859970689	0.458148629
6.605164000	0.950198531	0.453893796
6.605165000	0.872986197	0.453897558
6.605166000	0.932462513	0.449941765
6.605167000	0.883579254	0.452725834
6.605168000	0.910292864	0.449116052
6.605169000	0.849033177	0.450441940
6.605170000	0.776457310	0.440578757
6.605171000	0.812495530	0.459301978
6.605172000	0.861405671	0.452114705
6.605173000	0.853631854	0.449859940
6.605174000	0.840170622	0.453670058
6.605175000	0.894468129	0.450819610
6.605176000	0.887348890	0.452587716
6.605177000	0.943328083	0.444858956
6.605178000	0.832146287	0.440552824
6.605179000	0.857587874	0.447161592
6.605180000	0.877652287	0.442744872
6.605181000	0.844061494	0.447249076
6.605182000	0.841817260	0.442161939
6.605183000	0.962119579	0.446615344
6.605184000	0.851309657	0.450579759
6.605185000	0.815831840	0.439820921
6.605186000	0.905131340	0.450846641
6.605187000	0.893978775	0.446091800
6.605188000	0.881294966	0.439539791
6.605189000	0.878894746	0.443002333
6.605190000	0.871480167	0.448205517
6.605191000	0.846014678	0.440435678
6.605192000	0.816987455	0.441382931
6.605193000	0.872234821	0.446443770
6.605194000	0.948393285	0.438061570
6.605195000	0.772576153	0.443499878
6.605196000	0.879975796	0.444376558
6.605197000	0.825535774	0.448010907
6.605198000	0.875767946	0.445290022
6.605199000	0.813448131	0.441443718
6.605200000	0.885394096	0.438056144
6.605201000	0.837194324	0.446611649
6.605202000	0.843636513	0.438655322
6.605203000	0.890524685	0.433711063
6.605204000	0.915643454	0.435952646
6.605205000	0.860505641	0.441732172
6.605206000	0.936927557	0.444299659
6.605207000	0.893996060	0.439224473
6.605208000	0.865671098	0.443759203
6.605209000	0.858691275	0.440558284
6.605210000	0.953939140	0.436833820
6.605211000	0.795782030	0.442079881
6.605212000	0.893826604	0.441751147
6.605213000	0.875526488	0.433086053
6.605214000	0.883201361	0.442239604
6.605215000	0.869125128	0.442538277
6.605216000	0.879129350	0.441489658
6.605217000	0.916058540	0.436712346
6.605218000	0.916379988	0.444958824
6.605219000	0.891629398	0.439260459
6.605220000	0.864997983	0.431075067
6.605221000	0.930898547	0.440193730
6.605222000	0.847984850	0.439345513
6.605223000	0.871323168	0.437740626
6.605224000	0.895891130	0.439074570
6.605225000	0.835636318	0.436197757
6.605226000	0.942918003	0.442902431
6.605227000	0.809568763	0.431238618
6.605228000	0.902076364	0.435457132
6.605229000	0.883614242	0.436497063
6.605230000	0.965470791	0.436435810
6.605231000	0.890699208	0.426619798
6.605232000	0.911123037	0.438289104
6.605233000	0.833152950	0.438339271
6.605234000	0.897217691	0.430876295
6.605235000	0.911691666	0.431122338
6.605236000	0.943039358	0.438098621
6.605237000	0.956249475	0.442186008
6.605238000	0.867829382	0.426886813
6.605239000	0.962856293	0.439699581
6.605240000	0.897030473	0.438104713
6.605241000	0.886738360	0.432024483
6.605242000	0.873067677	0.433846152
6.605243000	0.932972193	0.436337806
6.605244000	0.858515918	0.433144476
6.605245000	0.899928451	0.432602489
6.605246000	0.887955666	0.434284608
6.605247000	0.953236878	0.431744852
6.605248000	0.898209155	0.434079945
6.605249000	0.840080082	0.435166348
6.605250000	0.961747646	0.420808214
6.605251000	0.906872332	0.433459295
6.605252000	0.894582510	0.428965710
6.605253000	0.858435631	0.432712877
6.605254000	0.881723940	0.432739476
6.605255000	0.917502105	0.431957871
6.605256000	0.884739816	0.427609695
6.605257000	0.885205984	0.434714276
6.605258000	0.877866149	0.432296625
6.605259000	0.922842741	0.427453134
6.605260000	0.881215870	0.428123851
6.605261000	0.825577259	0.427595979
6.605262000	0.940736055	0.422910314
6.605263000	0.879658639	0.428242129
6.605264000	0.945962846	0.428844270
6.605265000	0.920559525	0.439761433
6.605266000	0.890327156	0.426041559
6.605267000	0.949768424	0.425873813
6.605268000	0.928851962	0.428874796
6.605269000	0.899117112	0.417759860
6.605270000	0.870235562	0.427700009
6.605271000	0.936419785	0.421517680
6.605272000	0.908878148	0.433545315
6.605273000	0.885038793	0.433162752
6.605274000	0.883702815	0.426328315
6.605275000	0.934661329	0.429912097
6.605276000	0.908093750	0.428571895
6.605277000	0.849374533	0.435053929
6.605278000	0.927476823	0.422428415
6.605279000	0.858223736	0.423640553
6.605280000	0.861878276	0.427152563
6.605281000	0.921957314	0.431994190
6.605282000	0.904363453	0.429417116
6.605283000	0.924740493	0.420877789
6.605284000	0.869958937	0.425385023
6.605285000	0.984141648	0.421617183
6.605286000	0.855199575	0.419750240
6.605287000	0.966143966	0.423413552
6.605288000	0.931551516	0.431924915
6.605289000	0.973547459	0.426650757
6.605290000	0.977155149	0.427013280
6.605291000	0.888328016	0.419631863
6.605292000	0.928402781	0.423568714
6.605293000	0.874711692	0.423359822
6.605294000	0.914456129	0.421404529
6.605295000	0.867465794	0.433778841
6.605296000	0.884426892	0.422617000
6.605297000	0.937787533	0.423857501
6.605298000	0.990176499	0.423623642
6.605299000	0.912654340	0.419251663
6.605300000	0.897393346	0.411525633
6.605301000	0.865108311	0.422327514
6.605302000	0.862966418	0.421069104
6.605303000	0.876692235	0.414267491
6.605304000	0.918762982	0.418682180
6.605305000	0.948829770	0.426395060
6.605306000	0.966032028	0.418708678
6.605307000	0.910966694	0.418927057
6.605308000	0.901159585	0.423852407
6.605309000	0.904130638	0.421424769
6.605310000	0.901306748	0.416694330
6.605311000	0.900442123	0.420504448
6.605312000	0.913637280	0.416443926
6.605313000	0.969039857	0.419965590
6.605314000	0.904945314	0.418204841
6.605315000	0.926652133	0.417114543
6.605316000	0.952453673	0.428621297
6.605317000	0.956930578	0.421404729
6.605318000	0.902364850	0.418816103
6.605319000	0.986625791	0.422194589
6.605320000	0.902550757	0.409656028
6.605321000	0.962609947	0.419596942
6.605322000	0.923745513	0.416847794
6.605323000	0.851943135	0.425095837
6.605324000	0.931503356	0.416136764
6.605325000	0.920546234	0.418713372
6.605326000	0.937062263	0.407587184
6.605327000	0.936208248	0.416230707
6.605328000	0.927096665	0.416670994
6.605329000	0.876272142	0.419104657
6.605330000	0.909946978	0.419584758
6.605331000	0.933324814	0.421250332
6.605332000	0.868023157	0.414980319
6.605333000	0.914522469	0.410931515
6.605334000	0.995432973	0.416902223
6.605335000	0.917685986	0.419288448
6.605336000	0.995986044	0.415070301
6.605337000	0.896116316	0.418184934
6.605338000	0.970704913	0.414793998
6.605339000	0.980631590	0.417870448
6.605340000	0.852441251	0.418346888
6.605341000	0.941176951	0.419246969
6.605342000	0.940520346	0.408573819
6.605343000	0.866333067	0.416178542
6.605344000	0.988006830	0.416954787
6.605345000	0.945093691	0.418139161
6.605346000	0.950837493	0.408083964
6.605347000	1.024443030	0.418061130
6.605348000	0.911096275	0.412356373
6.605349000	0.954829216	0.408708075
6.605350000	0.947353423	0.411776570
6.605351000	0.932312250	0.413807663
6.605352000	0.973870158	0.412658842
6.605353000	0.940566599	0.407218303
6.605354000	0.952577114	0.413955668
6.605355000	0.947838783	0.412119352
6.605356000	0.928350925	0.411196000
6.605357000	0.952968836	0.418021483
6.605358000	0.913131177	0.411037209
6.605359000	0.950201154	0.418293924
6.605360000	0.942441702	0.418868368
6.605361000	0.937197447	0.407001355
6.605362000	0.961363196	0.411778767
6.605363000	0.909116030	0.414094019
6.605364000	0.920829296	0.418757281
6.605365000	0.905552030	0.409238744
6.605366000	0.989954770	0.399764015
6.605367000	0.933991134	0.412376380
6.605368000	0.959333181	0.410693928
6.605369000	0.897536516	0.407907762
6.605370000	0.960931242	0.414488633
6.605371000	0.921132386	0.415417344
6.605372000	0.941559732	0.407204688
6.605373000	0.989058256	0.408280505
6.605374000	0.985089600	0.418994235
6.605375000	0.937835634	0.409083082
6.605376000	0.968534231	0.408158732
6.605377000	0.941705048	0.411298898
6.605378000	0.930285931	0.409463581
6.605379000	0.989828587	0.400521818
6.605380000	0.962688148	0.418064992
6.605381000	0.933594704	0.403585385
6.605382000	0.950616837	0.405544440
6.605383000	0.962593555	0.408452412
6.605384000	0.996133685	0.410275179
6.605385000	0.921965241	0.408833011
6.605386000	0.974716723	0.414300614
6.605387000	0.917941391	0.403890683
6.605388000	0.953660429	0.407510685
6.605389000	1.015769362	0.409310582
6.605390000	1.016712666	0.411443741
6.605391000	0.951640844	0.412658675
6.605392000	0.988780618	0.408206070
6.605393000	0.970245361	0.403187742
6.605394000	0.961586893	0.411926772
6.605395000	0.903543532	0.410425914
6.605396000	1.048760653	0.407553562
6.605397000	0.944782794	0.406875188
6.605398000	0.958629966	0.404930648
6.605399000	0.970134497	0.402701582
6.605400000	0.909405172	0.408061560
6.605401000	0.932127059	0.395572566
6.605402000	1.024278998	0.403690480
6.605403000	0.996758699	0.406088191
6.605404000	1.036352873	0.407520272
6.605405000	0.993974209	0.406274545
6.605406000	0.958980441	0.410002239
6.605407000	0.939386904	0.404979650
6.605408000	1.033869267	0.402969130
6.605409000	1.002019763	0.411841051
6.605410000	0.953956842	0.410867533
6.605411000	0.946932375	0.404416558
6.605412000	0.939033687	0.408350180
6.605413000	0.950159907	0.404919562
6.605414000	1.009052873	0.397039468
6.605415000	0.979800522	0.403519971
6.605416000	0.963699818	0.404498983
6.605417000	0.967252970	0.406576048
6.605418000	1.011004567	0.404944463
6.605419000	0.989016831	0.404248213
6.605420000	0.914460421	0.401946376
6.605421000	0.962285459	0.405941184
6.605422000	0.939907372	0.398894527
6.605423000	0.930508256	0.401583387
6.605424000	0.918991208	0.405735255
6.605425000	0.947695971	0.403974406
6.605426000	0.941324353	0.400990168
6.605427000	0.967305660	0.406239192
6.605428000	0.937656283	0.397731324
6.605429000	0.985443890	0.403707724
6.605430000	0.958936751	0.400282200
6.605431000	0.925706983	0.403342938
6.605432000	0.983070314	0.405365109
6.605433000	0.966598809	0.401792445
6.605434000	1.012251735	0.401283515
6.605435000	0.982333064	0.395359313
6.605436000	0.966764212	0.399050754
6.605437000	0.933177412	0.403269101
6.605438000	0.953114986	0.398212857
6.605439000	1.021723866	0.394050736
6.605440000	0.965641975	0.396563828
6.605441000	0.933397651	0.399590244
6.605442000	0.988940895	0.403381454
6.605443000	1.047169447	0.400065186
6.605444000	0.984124005	0.398829479
6.605445000	0.978157878	0.401880263
6.605446000	1.031129837	0.400881844
6.605447000	0.959746659	0.398457136
6.605448000	0.975574136	0.403733990
6.605449000	0.947293282	0.402382036
6.605450000	0.911547720	0.393193265
6.605451000	0.961448669	0.400094114
6.605452000	0.983216107	0.406995130
6.605453000	0.946127951	0.400824519
6.605454000	0.939373970	0.398080065
6.605455000	1.039282560	0.409072329
6.605456000	1.035447717	0.394803811
6.605457000	1.007134318	0.402704312
6.605458000	0.962801099	0.401333216
6.605459000	0.933172822	0.395005812
6.605460000	0.958293080	0.395535415
6.605461000	1.022457957	0.398571718
6.605462000	1.016928554	0.403068532
6.605463000	0.911705732	0.392967029
6.605464000	1.053180575	0.393763980
6.605465000	0.978323340	0.395440673
6.605466000	0.940416515	0.387205446
6.605467000	0.992208719	0.404617793
6.605468000	1.014345407	0.397270398
6.605469000	0.988693655	0.397153718
6.605470000	1.040294409	0.401665978
6.605471000	0.990792871	0.404151773
6.605472000	0.892931223	0.396870624
6.605473000	0.995791316	0.398952117
6.605474000	0.946837783	0.403334848
6.605475000	1.001461506	0.394544053
6.605476000	0.941365957	0.399326824
6.605477000	0.949694216	0.395267667
6.605478000	1.030344963	0.397268267
6.605479000	0.934722602	0.404862304
6.605480000	0.992178798	0.396960306
6.605481000	0.954790115	0.391600428
6.605482000	0.970045507	0.401845309
6.605483000	0.981577337	0.402143749
6.605484000	1.025592089	0.393834620
6.605485000	1.014488220	0.392223108
6.605486000	1.023046851	0.396299076
6.605487000	0.961778700	0.396633370
6.605488000	0.982400477	0.393020392
6.605489000	1.014154077	0.397819009
6.605490000	0.982743025	0.397171428
6.605491000	0.907308280	0.396645021
6.605492000	0.922145069	0.388595617
6.605493000	1.032615662	0.388310625
6.605494000	0.959750950	0.388408097
6.605495000	1.008421063	0.406756245
6.605496000	0.987201691	0.402694558
6.605497000	1.010033607	0.385487341
6.605498000	1.042022347	0.398902050
6.605499000	0.998806417	0.391847170
6.605500000	1.032595754	0.400779512
6.605501000	0.964501858	0.393758787
6.605502000	0.991109967	0.390379602
6.605503000	0.953849316	0.403216537
6.605504000	0.978737056	0.391037868
6.605505000	0.953121305	0.388344780
6.605506000	0.958969474	0.393458216
6.605507000	0.959902585	0.394050403
6.605508000	0.971575558	0.388794987
6.605509000	0.981564224	0.399515676
6.605510000	0.909172475	0.388237421
6.605511000	1.051835656	0.388307130
6.605512000	0.998512924	0.385658383
6.605513000	0.943119943	0.391129082
6.605514000	1.018556118	0.384262520
6.605515000	0.964753389	0.390151435
6.605516000	1.025544286	0.394767492
6.605517000	1.026907444	0.390862666
6.605518000	1.025043964	0.390478039
6.605519000	0.995017052	0.386993326
6.605520000	1.014033079	0.383627523
6.605521000	0.939728320	0.389928262
6.605522000	1.017390490	0.390213054
6.605523000	0.931009889	0.391532551
6.605524000	1.002934694	0.394660100
6.605525000	0.939101458	0.389333978
6.605526000	1.042763591	0.381100116
6.605527000	0.980109572	0.386158691
6.605528000	0.958987713	0.386001531
6.605529000	0.977495372	0.389160307
6.605530000	1.025707960	0.394263789
6.605531000	0.984899402	0.388902479
6.605532000	0.968062520	0.390337457
6.605533000	0.994713664	0.392937468
6.605534000	1.003582954	0.387875098
6.605535000	1.036922693	0.393637180
6.605536000	0.963517606	0.386049468
6.605537000	0.995099902	0.383962515
6.605538000	0.996390998	0.394518154
6.605539000	1.033383131	0.383808485
6.605540000	0.954733968	0.393935155
6.605541000	0.987091243	0.392763663
6.605542000	0.984048128	0.385699862
6.605543000	0.976888001	0.394725015
6.605544000	0.880022824	0.385195326
6.605545000	0.963998139	0.384015212
6.605546000	1.001565814	0.389731555
6.605547000	1.011669874	0.399926868
6.605548000	0.983140945	0.381380947
6.605549000	0.960591674	0.388208626
6.605550000	0.934156358	0.387714543
6.605551000	1.078801155	0.388737630
6.605552000	0.952937007	0.381818571
6.605553000	1.002599239	0.391595634
6.605554000	1.004338384	0.388236622
6.605555000	1.042855859	0.392586164
6.605556000	1.007216334	0.385525857
6.605557000	1.007792830	0.386278100
6.605558000	0.986821651	0.386933704
6.605559000	0.921030402	0.388036419
6.605560000	0.959637105	0.391609616
6.605561000	0.983415127	0.384105294
6.605562000	1.075197577	0.382866391
6.605563000	0.952235043	0.385827460
6.605564000	1.054026842	0.388828610
6.605565000	0.980804861	0.384281429
6.605566000	1.031056404	0.382858402
6.605567000	0.996096432	0.387279815
6.605568000	1.042480230	0.388514557
6.605569000	0.996051967	0.381174385
6.605570000	1.034986734	0.384807802
6.605571000	1.020797968	0.378623044
6.605572000	0.970174849	0.383046288
6.605573000	0.975373328	0.385354150
6.605574000	0.994225740	0.388529737
6.605575000	1.006196976	0.391091598
6.605576000	0.949803233	0.387093161
6.605577000	0.991669178	0.381939412
6.605578000	1.005598545	0.390185391
6.605579000	1.003620863	0.390392518
6.605580000	1.051191568	0.387821203
6.605581000	0.994958162	0.389077715
6.605582000	0.974931359	0.382608065
6.605583000	1.094930649	0.386309792
6.605584000	0.982728124	0.378317046
6.605585000	1.039854765	0.382369179
6.605586000	1.012237310	0.386396478
6.605587000	1.022766948	0.380120240
6.605588000	1.051016092	0.388281763
6.605589000	1.001537561	0.381619832
6.605590000	0.974012911	0.394703443
6.605591000	1.043659568	0.380856104
6.605592000	0.961621404	0.381698296
6.605593000	1.006107569	0.386931640
6.605594000	1.038478851	0.382361955
6.605595000	0.980256021	0.386973185
6.605596000	1.048754692	0.377442797
6.605597000	0.994168401	0.378860664
6.605598000	1.003824472	0.381078112
6.605599000	1.067366123	0.387915845
6.605600000	1.034644008	0.389020823
6.605601000	1.047779799	0.385275454
6.605602000	1.018741727	0.377038429
6.605603000	1.011422038	0.381167428
6.605604000	1.010759354	0.388793689
6.605605000	1.018702388	0.386972686
6.605606000	1.044770718	0.384690357
6.605607000	1.033340454	0.373256574
6.605608000	0.994820833	0.382119242
6.605609000	1.012893915	0.383599892
6.605610000	0.989630699	0.376864858
6.605611000	0.994033337	0.388340053
6.605612000	1.052720428	0.375587173
6.605613000	0.999193609	0.377035766
6.605614000	0.959420681	0.382040578
6.605615000	1.037999272	0.381669201
6.605616000	1.000601053	0.376721114
6.605617000	0.990781546	0.375166494
6.605618000	1.023332119	0.375044687
6.605619000	1.081874847	0.385191165
6.605620000	1.026969910	0.381674826
6.605621000	1.003018260	0.382414586
6.605622000	0.980963171	0.381259706
6.605623000	0.996340215	0.383464404
6.605624000	0.982915163	0.378705369
6.605625000	1.030543327	0.376257724
6.605626000	0.981541812	0.378042475
6.605627000	1.034006715	0.386031425
6.605628000	1.052573919	0.384325970
6.605629000	1.004104495	0.380424539
6.605630000	1.012987137	0.378912862
6.605631000	0.985735774	0.377261736
6.605632000	0.986609042	0.380215414
6.605633000	1.037952900	0.381255245
6.605634000	0.973741174	0.384543584
6.605635000	1.020223975	0.381804156
6.605636000	1.024361014	0.374330893
6.605637000	1.065245986	0.383531383
6.605638000	1.032040596	0.384432463
6.605639000	0.967450440	0.383170025
6.605640000	0.982061028	0.377986182
6.605641000	0.996016920	0.377859582
