D:\KID metingen\Entropy ADR\LT343chip5_BF_20240530_mapping\S21\Power\KID166_106dBm_.dat
Power at KID:106dBm
resonance Frequency in GHz :6.447899
Q=33408.803111, Qc=35951.630008, Qi=472348.679982  S21min=-23.008036


Temperature in K:0.099986
GHz	dB	Rad
6.447016000	0.745240867	0.226114893
6.447017000	0.775101423	0.225388633
6.447018000	0.745526195	0.228920151
6.447019000	0.767371178	0.225245255
6.447020000	0.765544772	0.222771211
6.447021000	0.782816350	0.222198948
6.447022000	0.779724717	0.222989008
6.447023000	0.758612633	0.219921995
6.447024000	0.759350717	0.222928138
6.447025000	0.752829552	0.222075261
6.447026000	0.758098066	0.221053789
6.447027000	0.775371969	0.219274930
6.447028000	0.730039775	0.219526849
6.447029000	0.746905267	0.218603248
6.447030000	0.788384318	0.213933045
6.447031000	0.752722085	0.216167121
6.447032000	0.744617999	0.212817197
6.447033000	0.783863425	0.214101890
6.447034000	0.760576427	0.212239907
6.447035000	0.755130887	0.211420802
6.447036000	0.778630078	0.213415144
6.447037000	0.749300897	0.207539811
6.447038000	0.752870023	0.213139956
6.447039000	0.714745283	0.212880747
6.447040000	0.745280027	0.214701168
6.447041000	0.754002929	0.211732692
6.447042000	0.756390750	0.211715731
6.447043000	0.730362654	0.209005948
6.447044000	0.743798494	0.209603062
6.447045000	0.739448547	0.206790331
6.447046000	0.739492893	0.204818609
6.447047000	0.743977070	0.211107997
6.447048000	0.729515553	0.209319785
6.447049000	0.722844124	0.207798254
6.447050000	0.747527301	0.209089970
6.447051000	0.735115349	0.203039701
6.447052000	0.737796724	0.205432967
6.447053000	0.727517724	0.203928198
6.447054000	0.725547493	0.206186276
6.447055000	0.720846713	0.208018248
6.447056000	0.750667274	0.207182248
6.447057000	0.723436952	0.203998239
6.447058000	0.721410990	0.199183044
6.447059000	0.739100158	0.203764996
6.447060000	0.742681026	0.201516057
6.447061000	0.717860103	0.201351307
6.447062000	0.734969497	0.202027300
6.447063000	0.746152997	0.201936071
6.447064000	0.744687140	0.198038701
6.447065000	0.713841498	0.201800299
6.447066000	0.727096140	0.199059440
6.447067000	0.707994640	0.196589042
6.447068000	0.748404622	0.198581070
6.447069000	0.747187495	0.198325873
6.447070000	0.726485193	0.196071573
6.447071000	0.737110376	0.196710582
6.447072000	0.725591779	0.197342317
6.447073000	0.730082393	0.198209925
6.447074000	0.741096795	0.198488708
6.447075000	0.740167320	0.195242914
6.447076000	0.732753336	0.191002030
6.447077000	0.722150981	0.193234308
6.447078000	0.686719298	0.192288969
6.447079000	0.706848562	0.194293497
6.447080000	0.713605940	0.196993460
6.447081000	0.735878170	0.191570249
6.447082000	0.701697052	0.192196241
6.447083000	0.743726254	0.190563241
6.447084000	0.725626171	0.187896734
6.447085000	0.713834107	0.188914145
6.447086000	0.727145970	0.188870735
6.447087000	0.712745070	0.183290930
6.447088000	0.698891461	0.190938613
6.447089000	0.732677400	0.188131741
6.447090000	0.733050585	0.184658513
6.447091000	0.724399269	0.188435325
6.447092000	0.714029491	0.187675392
6.447093000	0.697043359	0.185916857
6.447094000	0.703502595	0.188325237
6.447095000	0.742810667	0.185316214
6.447096000	0.693751395	0.186129327
6.447097000	0.701773524	0.185300185
6.447098000	0.709618092	0.184041193
6.447099000	0.676343441	0.183982154
6.447100000	0.697405100	0.183999647
6.447101000	0.753985465	0.185580616
6.447102000	0.695870936	0.184290914
6.447103000	0.719732523	0.184172370
6.447104000	0.707697749	0.181502484
6.447105000	0.705924332	0.180347238
6.447106000	0.697668731	0.184420194
6.447107000	0.701869369	0.179102344
6.447108000	0.687741041	0.178215095
6.447109000	0.689844072	0.181645663
6.447110000	0.722081244	0.180569130
6.447111000	0.665639699	0.178342794
6.447112000	0.699155867	0.178800608
6.447113000	0.706187248	0.177606230
6.447114000	0.680359364	0.174897079
6.447115000	0.685034394	0.178905969
6.447116000	0.710308671	0.181535374
6.447117000	0.694540322	0.179659943
6.447118000	0.699324071	0.175535639
6.447119000	0.688701093	0.173607560
6.447120000	0.679435492	0.175985796
6.447121000	0.699151635	0.174668930
6.447122000	0.692188919	0.171189243
6.447123000	0.675184786	0.174290927
6.447124000	0.673159063	0.175050011
6.447125000	0.660980642	0.173459971
6.447126000	0.683117568	0.171468442
6.447127000	0.694418967	0.168829167
6.447128000	0.714075506	0.169758077
6.447129000	0.705617905	0.169645309
6.447130000	0.706228375	0.171388947
6.447131000	0.665591836	0.171830982
6.447132000	0.707652509	0.172466179
6.447133000	0.670305371	0.169155620
6.447134000	0.684748590	0.169244769
6.447135000	0.678658426	0.168510087
6.447136000	0.707542419	0.173070450
6.447137000	0.667071283	0.166816765
6.447138000	0.671824157	0.166598769
6.447139000	0.642328441	0.169900273
6.447140000	0.676288426	0.165959078
6.447141000	0.655657411	0.165041769
6.447142000	0.665960670	0.167489014
6.447143000	0.668432236	0.168823491
6.447144000	0.680012882	0.166942167
6.447145000	0.680592000	0.165680761
6.447146000	0.690527916	0.163685970
6.447147000	0.664314926	0.163338311
6.447148000	0.692149580	0.164829165
6.447149000	0.693332016	0.162691779
6.447150000	0.691016853	0.164097179
6.447151000	0.628514111	0.165380206
6.447152000	0.650176108	0.163063822
6.447153000	0.678572834	0.163036708
6.447154000	0.674223840	0.163927236
6.447155000	0.667324603	0.159976503
6.447156000	0.653129816	0.161273679
6.447157000	0.651469707	0.160429190
6.447158000	0.657254755	0.160986523
6.447159000	0.668551266	0.156999322
6.447160000	0.691916704	0.156522583
6.447161000	0.681186318	0.159032163
6.447162000	0.674126387	0.159498499
6.447163000	0.657262981	0.155230151
6.447164000	0.673939228	0.156870508
6.447165000	0.669281065	0.158630574
6.447166000	0.643762231	0.155648650
6.447167000	0.666749120	0.155353039
6.447168000	0.661038756	0.155992697
6.447169000	0.667318225	0.154916746
6.447170000	0.645174086	0.155638496
6.447171000	0.626817763	0.156308048
6.447172000	0.668476284	0.154862618
6.447173000	0.659593463	0.155319300
6.447174000	0.651581764	0.152506153
6.447175000	0.647772610	0.152384097
6.447176000	0.671546698	0.147255198
6.447177000	0.655075133	0.155186292
6.447178000	0.662556350	0.151257164
6.447179000	0.643897891	0.151209044
6.447180000	0.642365694	0.146846003
6.447181000	0.641830027	0.147969941
6.447182000	0.675891995	0.149494001
6.447183000	0.663642466	0.150664710
6.447184000	0.629567921	0.153420816
6.447185000	0.628345549	0.151010921
6.447186000	0.646869123	0.154381484
6.447187000	0.653773606	0.147078697
6.447188000	0.640864909	0.150980228
6.447189000	0.643182099	0.150874301
6.447190000	0.607985318	0.143144542
6.447191000	0.658800006	0.147711364
6.447192000	0.660355866	0.145857238
6.447193000	0.629131913	0.147699547
6.447194000	0.628203630	0.144698647
6.447195000	0.667943776	0.147419249
6.447196000	0.659535646	0.140320593
6.447197000	0.646696329	0.141444480
6.447198000	0.606259584	0.141265050
6.447199000	0.655827522	0.143170392
6.447200000	0.650388718	0.145035936
6.447201000	0.627360344	0.141929375
6.447202000	0.595752954	0.143122072
6.447203000	0.629002094	0.141013514
6.447204000	0.608033776	0.140907936
6.447205000	0.622866094	0.141434011
6.447206000	0.606504798	0.142826494
6.447207000	0.641227663	0.143115414
6.447208000	0.612154424	0.142546163
6.447209000	0.613781691	0.140796866
6.447210000	0.577721715	0.140708482
6.447211000	0.606877208	0.141772016
6.447212000	0.619560838	0.139517367
6.447213000	0.605868816	0.138074117
6.447214000	0.614340961	0.137846408
6.447215000	0.606514692	0.140479267
6.447216000	0.622698784	0.139218302
6.447217000	0.607093453	0.139303748
6.447218000	0.632112145	0.137061566
6.447219000	0.627317429	0.138305828
6.447220000	0.585933566	0.135421650
6.447221000	0.606852651	0.139441400
6.447222000	0.590899825	0.135477310
6.447223000	0.609487355	0.136416515
6.447224000	0.604757607	0.138442282
6.447225000	0.589868844	0.132961963
6.447226000	0.605992436	0.136508619
6.447227000	0.617379725	0.131872131
6.447228000	0.593529284	0.130408882
6.447229000	0.590879917	0.135096311
6.447230000	0.601639807	0.134781002
6.447231000	0.620907187	0.129563511
6.447232000	0.605251670	0.134410847
6.447233000	0.575100899	0.130165410
6.447234000	0.607298017	0.132154076
6.447235000	0.592868924	0.130996616
6.447236000	0.572486162	0.128384696
6.447237000	0.617642701	0.128246037
6.447238000	0.626220942	0.130609767
6.447239000	0.603652120	0.131568422
6.447240000	0.581886351	0.128712015
6.447241000	0.584386170	0.125097631
6.447242000	0.572515428	0.126508224
6.447243000	0.604557812	0.129075587
6.447244000	0.595689952	0.127387276
6.447245000	0.575896382	0.127089160
6.447246000	0.595231593	0.123379751
6.447247000	0.556365371	0.125873435
6.447248000	0.580636859	0.129108801
6.447249000	0.586640179	0.128076760
6.447250000	0.587901354	0.126911852
6.447251000	0.575679243	0.125132186
6.447252000	0.585894287	0.122015139
6.447253000	0.589399338	0.122419090
6.447254000	0.574494004	0.123856698
6.447255000	0.590151250	0.120242181
6.447256000	0.586203098	0.122910635
6.447257000	0.551728725	0.123370338
6.447258000	0.565754116	0.123476091
6.447259000	0.603436410	0.125746877
6.447260000	0.590922356	0.121981009
6.447261000	0.560417056	0.121532782
6.447262000	0.585140109	0.122637694
6.447263000	0.564135969	0.119538674
6.447264000	0.552121580	0.118373624
6.447265000	0.565788269	0.118809492
6.447266000	0.569317460	0.117424274
6.447267000	0.571584105	0.118788869
6.447268000	0.564722061	0.120749097
6.447269000	0.561046243	0.118535586
6.447270000	0.565100789	0.120522112
6.447271000	0.554364800	0.118193311
6.447272000	0.585895538	0.118216572
6.447273000	0.553609550	0.119557973
6.447274000	0.569975734	0.117568259
6.447275000	0.512107253	0.113982854
6.447276000	0.525468528	0.117107449
6.447277000	0.588859439	0.115162800
6.447278000	0.561657667	0.118040837
6.447279000	0.557012856	0.113472842
6.447280000	0.550870061	0.113203221
6.447281000	0.559535623	0.116759432
6.447282000	0.570281684	0.111458468
6.447283000	0.505004168	0.113885490
6.447284000	0.533638418	0.109147726
6.447285000	0.575224936	0.114391973
6.447286000	0.548833847	0.109122002
6.447287000	0.539914608	0.112610568
6.447288000	0.540919363	0.111334590
6.447289000	0.527596533	0.114896226
6.447290000	0.547581315	0.113594074
6.447291000	0.539454103	0.108080098
6.447292000	0.528077543	0.108095279
6.447293000	0.524511635	0.108579316
6.447294000	0.540358067	0.112223969
6.447295000	0.553219199	0.111024856
6.447296000	0.518400371	0.111227747
6.447297000	0.572039604	0.111168025
6.447298000	0.540068984	0.111487089
6.447299000	0.548849225	0.109560616
6.447300000	0.539915860	0.115215672
6.447301000	0.534241378	0.109632921
6.447302000	0.504062891	0.105521874
6.447303000	0.569880128	0.105122916
6.447304000	0.547963619	0.104483516
6.447305000	0.530409575	0.108241511
6.447306000	0.528223395	0.105314481
6.447307000	0.523786306	0.109953649
6.447308000	0.532525301	0.105511380
6.447309000	0.566808939	0.106646444
6.447310000	0.516493857	0.108386229
6.447311000	0.536338568	0.107822671
6.447312000	0.506808043	0.104641075
6.447313000	0.525055647	0.102401024
6.447314000	0.529584825	0.106896307
6.447315000	0.503180802	0.101117580
6.447316000	0.491270751	0.104974886
6.447317000	0.529025674	0.099441520
6.447318000	0.508024514	0.104668697
6.447319000	0.474971831	0.105717858
6.447320000	0.523599565	0.101792142
6.447321000	0.490205914	0.099624937
6.447322000	0.499304831	0.099047796
6.447323000	0.486242890	0.100561662
6.447324000	0.490773708	0.102172084
6.447325000	0.520574450	0.099267823
6.447326000	0.470325530	0.102009348
6.447327000	0.509391427	0.096227184
6.447328000	0.531955004	0.092774587
6.447329000	0.517013729	0.096556734
6.447330000	0.489751279	0.099528305
6.447331000	0.506746233	0.098760658
6.447332000	0.496747106	0.093330622
6.447333000	0.481194228	0.092041028
6.447334000	0.462180763	0.096527272
6.447335000	0.472357780	0.097061877
6.447336000	0.470603526	0.097061552
6.447337000	0.520083010	0.094784100
6.447338000	0.476588428	0.094808169
6.447339000	0.481656939	0.095219968
6.447340000	0.493068129	0.094061335
6.447341000	0.474125773	0.092764118
6.447342000	0.476170540	0.093655086
6.447343000	0.494284809	0.093408303
6.447344000	0.467201024	0.091458869
6.447345000	0.479721427	0.089838827
6.447346000	0.495448142	0.091651291
6.447347000	0.490036160	0.091950414
6.447348000	0.489906758	0.089824329
6.447349000	0.476297468	0.091923100
6.447350000	0.458738953	0.089098601
6.447351000	0.466729462	0.088497326
6.447352000	0.485091478	0.087792986
6.447353000	0.492894650	0.090380430
6.447354000	0.465234339	0.084841621
6.447355000	0.496902406	0.089600990
6.447356000	0.430039138	0.087033677
6.447357000	0.493491024	0.085928832
6.447358000	0.467077225	0.087922865
6.447359000	0.456666827	0.083423163
6.447360000	0.461933196	0.084714980
6.447361000	0.468606025	0.085665021
6.447362000	0.468905866	0.088036782
6.447363000	0.458139241	0.084418362
6.447364000	0.473466605	0.084677279
6.447365000	0.436339617	0.084043730
6.447366000	0.435723156	0.083971050
6.447367000	0.469048381	0.082583219
6.447368000	0.446466804	0.084426126
6.447369000	0.462611318	0.081835961
6.447370000	0.449593991	0.081433016
6.447371000	0.456475019	0.084536206
6.447372000	0.412678599	0.079939274
6.447373000	0.450991720	0.076922853
6.447374000	0.437381148	0.082422630
6.447375000	0.460748523	0.080723558
6.447376000	0.455218971	0.082270031
6.447377000	0.407875359	0.076507583
6.447378000	0.407697737	0.079038418
6.447379000	0.467655122	0.077138378
6.447380000	0.434155226	0.078570260
6.447381000	0.450602800	0.074955859
6.447382000	0.471607804	0.078517254
6.447383000	0.417604119	0.078133152
6.447384000	0.428270340	0.077631695
6.447385000	0.415026009	0.077096683
6.447386000	0.434872448	0.074435436
6.447387000	0.422028959	0.078373319
6.447388000	0.436792463	0.071508064
6.447389000	0.422195941	0.076508923
6.447390000	0.421493858	0.073556767
6.447391000	0.392020673	0.070627773
6.447392000	0.418960750	0.073419481
6.447393000	0.418546647	0.075483456
6.447394000	0.360957503	0.075048362
6.447395000	0.453319430	0.073244154
6.447396000	0.408287734	0.071066412
6.447397000	0.397384375	0.071022770
6.447398000	0.383728415	0.072767182
6.447399000	0.425463468	0.071083207
6.447400000	0.373506367	0.075255490
6.447401000	0.415785044	0.068912210
6.447402000	0.427836448	0.065194824
6.447403000	0.402462780	0.072394830
6.447404000	0.431283474	0.072700411
6.447405000	0.387002558	0.070251934
6.447406000	0.370362401	0.068584687
6.447407000	0.384260386	0.066657582
6.447408000	0.390009880	0.068482197
6.447409000	0.411799848	0.065252120
6.447410000	0.366626143	0.064635831
6.447411000	0.380710393	0.068182001
6.447412000	0.409467280	0.068627239
6.447413000	0.405712038	0.063766771
6.447414000	0.356472790	0.065693089
6.447415000	0.379972994	0.068513984
6.447416000	0.373636663	0.064971901
6.447417000	0.411005706	0.061825788
6.447418000	0.366606593	0.063347980
6.447419000	0.354509622	0.060517685
6.447420000	0.364107519	0.064443314
6.447421000	0.417133808	0.066324799
6.447422000	0.375655174	0.060744707
6.447423000	0.394893199	0.061125256
6.447424000	0.350046158	0.061821511
6.447425000	0.382111430	0.057630665
6.447426000	0.374598086	0.058579012
6.447427000	0.351343423	0.063710511
6.447428000	0.366511643	0.060260815
6.447429000	0.362164408	0.059905978
6.447430000	0.366107076	0.057012087
6.447431000	0.356147081	0.057565309
6.447432000	0.333313137	0.059719881
6.447433000	0.354882032	0.061560658
6.447434000	0.377117246	0.056426404
6.447435000	0.340242773	0.059171224
6.447436000	0.372809678	0.060098283
6.447437000	0.409785688	0.056393759
6.447438000	0.374186128	0.054311076
6.447439000	0.373540163	0.059759179
6.447440000	0.368549287	0.056846468
6.447441000	0.370119780	0.054011358
6.447442000	0.380021632	0.051659196
6.447443000	0.352336615	0.051190280
6.447444000	0.339151293	0.051470045
6.447445000	0.325707316	0.051789233
6.447446000	0.327991694	0.052124596
6.447447000	0.366840303	0.052437475
6.447448000	0.330347568	0.055924373
6.447449000	0.342233777	0.055611656
6.447450000	0.341848433	0.048693895
6.447451000	0.342920244	0.050002855
6.447452000	0.382905096	0.051188565
6.447453000	0.332189798	0.053984739
6.447454000	0.338471353	0.053931967
6.447455000	0.333904475	0.052283166
6.447456000	0.288533032	0.052988804
6.447457000	0.326200396	0.049204602
6.447458000	0.330531299	0.046625547
6.447459000	0.319315463	0.051595696
6.447460000	0.328676879	0.051417639
6.447461000	0.290798575	0.048368998
6.447462000	0.291685998	0.049398089
6.447463000	0.320745438	0.047982931
6.447464000	0.299460649	0.044411827
6.447465000	0.311064571	0.044321554
6.447466000	0.290792167	0.051841556
6.447467000	0.309175730	0.043207629
6.447468000	0.288307846	0.045962028
6.447469000	0.306775481	0.044303208
6.447470000	0.294077128	0.043969185
6.447471000	0.297761053	0.040848901
6.447472000	0.318127096	0.041827371
6.447473000	0.281830549	0.040462859
6.447474000	0.280771047	0.042054888
6.447475000	0.291111231	0.038872785
6.447476000	0.291253120	0.038871595
6.447477000	0.304928988	0.034949920
6.447478000	0.305803537	0.041688936
6.447479000	0.248973116	0.038512434
6.447480000	0.280043781	0.037123912
6.447481000	0.252475530	0.034603060
6.447482000	0.267009109	0.039720078
6.447483000	0.233858421	0.039064079
6.447484000	0.268983424	0.036154696
6.447485000	0.263680220	0.034354389
6.447486000	0.242164016	0.032286752
6.447487000	0.276455641	0.033046305
6.447488000	0.228609040	0.028078843
6.447489000	0.284536481	0.033596919
6.447490000	0.251660228	0.033019998
6.447491000	0.251993865	0.032754254
6.447492000	0.264063120	0.028620491
6.447493000	0.248140246	0.032062832
6.447494000	0.233045503	0.034135850
6.447495000	0.204666287	0.031458896
6.447496000	0.228168949	0.027446430
6.447497000	0.229126722	0.033561443
6.447498000	0.235361904	0.033131601
6.447499000	0.252802074	0.027360716
6.447500000	0.238043740	0.023377157
6.447501000	0.236173049	0.025693533
6.447502000	0.220266581	0.025671639
6.447503000	0.211347520	0.025322085
6.447504000	0.234186366	0.028670594
6.447505000	0.261561513	0.029566146
6.447506000	0.225431681	0.024680833
6.447507000	0.184289202	0.024882058
6.447508000	0.196761921	0.020840057
6.447509000	0.192165256	0.027264628
6.447510000	0.213340744	0.027336926
6.447511000	0.228518158	0.023130415
6.447512000	0.208743289	0.018115334
6.447513000	0.194780335	0.019173776
6.447514000	0.209524557	0.024202748
6.447515000	0.231904075	0.022530237
6.447516000	0.228936806	0.016580596
6.447517000	0.193621427	0.016701797
6.447518000	0.200059652	0.021666326
6.447519000	0.181940168	0.019402377
6.447520000	0.157487273	0.017260240
6.447521000	0.195689112	0.013410742
6.447522000	0.171996728	0.011975688
6.447523000	0.165408626	0.018900860
6.447524000	0.173608109	0.011481329
6.447525000	0.164869875	0.015544311
6.447526000	0.159809902	0.017261211
6.447527000	0.188760832	0.011456857
6.447528000	0.161746666	0.014547367
6.447529000	0.142557710	0.015010017
6.447530000	0.136856258	0.014654167
6.447531000	0.179562882	0.010925793
6.447532000	0.140631020	0.008462469
6.447533000	0.157438383	0.010962794
6.447534000	0.165466443	0.010226229
6.447535000	0.129554495	0.007802105
6.447536000	0.148910165	0.009565785
6.447537000	0.121415772	0.005190950
6.447538000	0.155173674	0.011608455
6.447539000	0.147444218	0.012155140
6.447540000	0.126215905	0.009486905
6.447541000	0.144402087	0.005337764
6.447542000	0.122902542	0.005914969
6.447543000	0.099237427	0.008275352
6.447544000	0.132034406	0.010500290
6.447545000	0.122672319	0.001119040
6.447546000	0.098455474	0.002941429
6.447547000	0.123483755	0.002915711
6.447548000	0.100849256	0.003474543
6.447549000	0.079710975	0.003673437
6.447550000	0.140198857	-0.004225180
6.447551000	0.139103875	0.003440190
6.447552000	0.081595324	-0.002277392
6.447553000	0.124179505	-0.001731739
6.447554000	0.081124231	-0.003561626
6.447555000	0.083875068	-0.007120922
6.447556000	0.090422064	-0.000317815
6.447557000	0.121233672	-0.000251796
6.447558000	0.089796811	-0.005077932
6.447559000	0.075251117	-0.006136388
6.447560000	0.076609313	-0.006918502
6.447561000	0.052066527	-0.004174278
6.447562000	0.078421421	-0.003582321
6.447563000	0.103869259	-0.004243847
6.447564000	0.055173129	-0.007209209
6.447565000	0.054837335	-0.006195484
6.447566000	0.076156519	-0.004020163
6.447567000	0.041383121	-0.011352245
6.447568000	0.019281264	-0.010686244
6.447569000	0.032859456	-0.011219013
6.447570000	0.067622758	-0.009496398
6.447571000	0.052433230	-0.012352102
6.447572000	0.062866382	-0.016776109
6.447573000	0.043318115	-0.012682595
6.447574000	0.005521294	-0.014496885
6.447575000	-0.002800952	-0.017035844
6.447576000	0.045161143	-0.015090100
6.447577000	0.024076423	-0.014931077
6.447578000	-0.026987948	-0.015299272
6.447579000	-0.007812901	-0.020350352
6.447580000	0.034951836	-0.018315131
6.447581000	-0.019563014	-0.017184621
6.447582000	0.001741325	-0.016389785
6.447583000	-0.005674010	-0.018026141
6.447584000	0.006107976	-0.017980975
6.447585000	-0.025737274	-0.019935282
6.447586000	-0.008276540	-0.019008683
6.447587000	-0.028543919	-0.026319520
6.447588000	-0.015754819	-0.020675732
6.447589000	-0.038174767	-0.022399885
6.447590000	-0.030121259	-0.020315662
6.447591000	-0.037138604	-0.024307691
6.447592000	0.023558209	-0.030607983
6.447593000	-0.059121594	-0.027162017
6.447594000	-0.005660467	-0.025223061
6.447595000	-0.037049178	-0.028546045
6.447596000	-0.022959884	-0.022270628
6.447597000	-0.030307788	-0.028984120
6.447598000	-0.009689316	-0.027655028
6.447599000	-0.036916967	-0.031360574
6.447600000	-0.033159390	-0.026443546
6.447601000	-0.076503456	-0.031211928
6.447602000	-0.032105897	-0.033920460
6.447603000	-0.059734594	-0.031529930
6.447604000	-0.049948234	-0.029671511
6.447605000	-0.025681764	-0.032124668
6.447606000	-0.106707729	-0.030199983
6.447607000	-0.046417434	-0.031634935
6.447608000	-0.085430034	-0.034710087
6.447609000	-0.087496802	-0.039555786
6.447610000	-0.078169964	-0.033570729
6.447611000	-0.074150957	-0.035639762
6.447612000	-0.091555841	-0.036964073
6.447613000	-0.106546648	-0.038520657
6.447614000	-0.128886819	-0.036372027
6.447615000	-0.104694404	-0.040998816
6.447616000	-0.094764233	-0.043564468
6.447617000	-0.114587076	-0.041476924
6.447618000	-0.079950832	-0.040887675
6.447619000	-0.143488288	-0.045001784
6.447620000	-0.103226185	-0.043898203
6.447621000	-0.173821777	-0.042214952
6.447622000	-0.136067390	-0.044628425
6.447623000	-0.137105361	-0.045042318
6.447624000	-0.128009915	-0.048716752
6.447625000	-0.130560011	-0.046922984
6.447626000	-0.121520832	-0.046568771
6.447627000	-0.126995176	-0.047187690
6.447628000	-0.156950489	-0.052870227
6.447629000	-0.135225594	-0.050193001
6.447630000	-0.165514499	-0.055391167
6.447631000	-0.177089304	-0.053133247
6.447632000	-0.154914141	-0.054560826
6.447633000	-0.181742862	-0.053175179
6.447634000	-0.199955121	-0.055623182
6.447635000	-0.181130260	-0.055938821
6.447636000	-0.198583037	-0.057327106
6.447637000	-0.199830577	-0.055148032
6.447638000	-0.234987706	-0.064652967
6.447639000	-0.177436188	-0.058119954
6.447640000	-0.229558825	-0.063729557
6.447641000	-0.210999534	-0.059544233
6.447642000	-0.207958326	-0.063044451
6.447643000	-0.237042367	-0.063829334
6.447644000	-0.256237239	-0.062879614
6.447645000	-0.254576564	-0.063267753
6.447646000	-0.257431984	-0.068210550
6.447647000	-0.208027646	-0.065090329
6.447648000	-0.262747437	-0.070637185
6.447649000	-0.259627432	-0.069101557
6.447650000	-0.269396454	-0.069011854
6.447651000	-0.282079011	-0.069006474
6.447652000	-0.270744324	-0.067432562
6.447653000	-0.311112165	-0.069462440
6.447654000	-0.303693235	-0.072150893
6.447655000	-0.310958803	-0.073347851
6.447656000	-0.264467537	-0.074342949
6.447657000	-0.310265958	-0.072991087
6.447658000	-0.277775913	-0.074915837
6.447659000	-0.359010011	-0.078559490
6.447660000	-0.301320136	-0.079495866
6.447661000	-0.327463627	-0.079912901
6.447662000	-0.306767970	-0.079608784
6.447663000	-0.370463669	-0.082777147
6.447664000	-0.359129399	-0.085488944
6.447665000	-0.326075315	-0.078347436
6.447666000	-0.370564342	-0.082320240
6.447667000	-0.362356067	-0.077106445
6.447668000	-0.344446927	-0.084869942
6.447669000	-0.376702100	-0.084338866
6.447670000	-0.365024626	-0.084964526
6.447671000	-0.421998948	-0.095798107
6.447672000	-0.440595001	-0.093939654
6.447673000	-0.402144551	-0.095100592
6.447674000	-0.405850470	-0.093830614
6.447675000	-0.486623079	-0.098077948
6.447676000	-0.430495292	-0.100005111
6.447677000	-0.465148956	-0.101476333
6.447678000	-0.440969557	-0.097345312
6.447679000	-0.437122881	-0.101042579
6.447680000	-0.459419221	-0.104890339
6.447681000	-0.461295396	-0.093489912
6.447682000	-0.485947192	-0.104773809
6.447683000	-0.500710666	-0.106408083
6.447684000	-0.477473229	-0.107868951
6.447685000	-0.497030973	-0.105770805
6.447686000	-0.482064754	-0.105808397
6.447687000	-0.473411113	-0.108797529
6.447688000	-0.510407031	-0.105067023
6.447689000	-0.572221279	-0.110627895
6.447690000	-0.545350313	-0.113070213
6.447691000	-0.547246933	-0.112059144
6.447692000	-0.563616037	-0.112672736
6.447693000	-0.544734836	-0.117018932
6.447694000	-0.560958147	-0.114862962
6.447695000	-0.511628807	-0.116168269
6.447696000	-0.584109724	-0.116468756
6.447697000	-0.598638177	-0.118417741
6.447698000	-0.597684085	-0.124030578
6.447699000	-0.630695105	-0.123877637
6.447700000	-0.634325266	-0.125570584
6.447701000	-0.640194952	-0.125639934
6.447702000	-0.673788548	-0.124115158
6.447703000	-0.699683070	-0.125746835
6.447704000	-0.665862083	-0.128855426
6.447705000	-0.687365651	-0.123926423
6.447706000	-0.723740458	-0.137160927
6.447707000	-0.730883002	-0.137591901
6.447708000	-0.719902277	-0.137207033
6.447709000	-0.686319351	-0.132301857
6.447710000	-0.700286090	-0.136519505
6.447711000	-0.746684968	-0.141912880
6.447712000	-0.755985439	-0.139429300
6.447713000	-0.749696016	-0.135739881
6.447714000	-0.760366917	-0.143954493
6.447715000	-0.741648197	-0.145474792
6.447716000	-0.762506664	-0.142754256
6.447717000	-0.788792014	-0.154461712
6.447718000	-0.794363618	-0.146296360
6.447719000	-0.798166633	-0.146101384
6.447720000	-0.793703198	-0.150418501
6.447721000	-0.816200376	-0.149669404
6.447722000	-0.849547088	-0.153077051
6.447723000	-0.858761609	-0.155405803
6.447724000	-0.860296726	-0.157059809
6.447725000	-0.893598497	-0.159164738
6.447726000	-0.872781575	-0.160212242
6.447727000	-0.874102056	-0.157206416
6.447728000	-0.914201260	-0.163013921
6.447729000	-0.928432703	-0.167618627
6.447730000	-0.966337264	-0.171590665
6.447731000	-0.933260739	-0.164933511
6.447732000	-0.979468703	-0.169207036
6.447733000	-0.971786082	-0.177099014
6.447734000	-0.992323756	-0.171019317
6.447735000	-1.031976342	-0.175084849
6.447736000	-1.037529588	-0.175749091
6.447737000	-1.057742357	-0.179799160
6.447738000	-1.086054444	-0.182986431
6.447739000	-1.076408863	-0.182396974
6.447740000	-1.108041286	-0.183137149
6.447741000	-1.144450068	-0.189681585
6.447742000	-1.080075741	-0.184486739
6.447743000	-1.129406333	-0.194347210
6.447744000	-1.145497680	-0.194218230
6.447745000	-1.196175575	-0.191638342
6.447746000	-1.163661122	-0.195391219
6.447747000	-1.191486001	-0.199522781
6.447748000	-1.180978894	-0.195055161
6.447749000	-1.183737159	-0.197509547
6.447750000	-1.246368051	-0.197175703
6.447751000	-1.243728757	-0.199862017
6.447752000	-1.260887146	-0.208494804
6.447753000	-1.243923903	-0.211237960
6.447754000	-1.327045441	-0.207926402
6.447755000	-1.304645896	-0.211265007
6.447756000	-1.358992338	-0.220527249
6.447757000	-1.332153678	-0.212723288
6.447758000	-1.375505686	-0.209934359
6.447759000	-1.402048826	-0.219130121
6.447760000	-1.354967475	-0.218006783
6.447761000	-1.453524470	-0.227660858
6.447762000	-1.482450247	-0.228090510
6.447763000	-1.383761883	-0.223668580
6.447764000	-1.446187377	-0.226587505
6.447765000	-1.500556231	-0.230478616
6.447766000	-1.483847260	-0.230569896
6.447767000	-1.543136954	-0.231711044
6.447768000	-1.512580872	-0.234875994
6.447769000	-1.540610075	-0.235296191
6.447770000	-1.530752659	-0.242019857
6.447771000	-1.591769338	-0.237675692
6.447772000	-1.585048676	-0.239707718
6.447773000	-1.615334392	-0.243529187
6.447774000	-1.648058176	-0.244467952
6.447775000	-1.663916111	-0.252497316
6.447776000	-1.684418797	-0.250293051
6.447777000	-1.697501302	-0.250502708
6.447778000	-1.782428265	-0.265989672
6.447779000	-1.771935105	-0.260506906
6.447780000	-1.818674326	-0.262197148
6.447781000	-1.809424639	-0.261233100
6.447782000	-1.865817904	-0.263082515
6.447783000	-1.962205172	-0.279799094
6.447784000	-1.909448981	-0.270565133
6.447785000	-1.930012465	-0.270889189
6.447786000	-1.889716506	-0.271200030
6.447787000	-2.003664017	-0.287483246
6.447788000	-2.015699863	-0.284501271
6.447789000	-2.102551460	-0.287326919
6.447790000	-2.112155437	-0.289075750
6.447791000	-2.152652502	-0.294260226
6.447792000	-2.136697531	-0.295274424
6.447793000	-2.177414656	-0.295271295
6.447794000	-2.227436066	-0.299006511
6.447795000	-2.249495506	-0.304214456
6.447796000	-2.259915590	-0.301606788
6.447797000	-2.307488680	-0.306693393
6.447798000	-2.254104376	-0.310683341
6.447799000	-2.382008553	-0.318858713
6.447800000	-2.393800259	-0.320587604
6.447801000	-2.434539795	-0.314376113
6.447802000	-2.410667181	-0.312794429
6.447803000	-2.546734333	-0.325430695
6.447804000	-2.481699944	-0.328389367
6.447805000	-2.567260265	-0.330825294
6.447806000	-2.640922785	-0.335223139
6.447807000	-2.570934296	-0.332928825
6.447808000	-2.746362686	-0.340446696
6.447809000	-2.701579094	-0.337681369
6.447810000	-2.742230654	-0.344904861
6.447811000	-2.719914675	-0.343815928
6.447812000	-2.903750420	-0.352516075
6.447813000	-2.789988518	-0.348715145
6.447814000	-2.851469994	-0.356635353
6.447815000	-2.937449217	-0.363326745
6.447816000	-3.065341949	-0.368491114
6.447817000	-3.016780853	-0.361693728
6.447818000	-2.996908903	-0.363385601
6.447819000	-3.075405121	-0.371972631
6.447820000	-3.220767498	-0.371654483
6.447821000	-3.245407820	-0.374207822
6.447822000	-3.340479374	-0.380345543
6.447823000	-3.332738400	-0.385739476
6.447824000	-3.383229017	-0.396026202
6.447825000	-3.436917305	-0.393061005
6.447826000	-3.547423601	-0.408649519
6.447827000	-3.586948633	-0.402151373
6.447828000	-3.765725374	-0.403667011
6.447829000	-3.739738941	-0.416448054
6.447830000	-3.758691788	-0.410457506
6.447831000	-3.856631994	-0.418411336
6.447832000	-3.715896130	-0.409655395
6.447833000	-4.017020226	-0.427227598
6.447834000	-3.888120174	-0.420348919
6.447835000	-3.861941576	-0.425489386
6.447836000	-4.214133263	-0.441728943
6.447837000	-4.232665539	-0.445224042
6.447838000	-4.406347275	-0.443998422
6.447839000	-4.313762188	-0.447460365
6.447840000	-4.449292660	-0.457528346
6.447841000	-4.515633106	-0.463227277
6.447842000	-4.571715832	-0.461811208
6.447843000	-4.720058918	-0.470068605
6.447844000	-4.791484356	-0.474514353
6.447845000	-4.863355637	-0.480954276
6.447846000	-5.133955002	-0.479416667
6.447847000	-4.817734241	-0.470963228
6.447848000	-5.135239124	-0.490508367
6.447849000	-5.415469646	-0.493320465
6.447850000	-5.324436665	-0.499162075
6.447851000	-5.541057587	-0.512835077
6.447852000	-5.783900261	-0.512353112
6.447853000	-5.942305088	-0.515163679
6.447854000	-5.827657223	-0.523416282
6.447855000	-6.257149696	-0.528004177
6.447856000	-6.310213089	-0.531950349
6.447857000	-6.463142395	-0.539869092
6.447858000	-6.505960941	-0.534609449
6.447859000	-6.500391483	-0.544552527
6.447860000	-6.568609238	-0.531206628
6.447861000	-6.756826878	-0.554135147
6.447862000	-7.012848377	-0.554913455
6.447863000	-7.233811378	-0.549224910
6.447864000	-7.545196056	-0.540201787
6.447865000	-7.656455994	-0.568772446
6.447866000	-7.732225895	-0.564077027
6.447867000	-8.262733459	-0.571087665
6.447868000	-8.103084564	-0.580200470
6.447869000	-8.279057503	-0.585899701
6.447870000	-8.186085701	-0.582171409
6.447871000	-8.604867935	-0.599445404
6.447872000	-8.819055557	-0.580381565
6.447873000	-9.028144836	-0.585297294
6.447874000	-9.179608345	-0.585166999
6.447875000	-9.953502655	-0.593334980
6.447876000	-9.954888344	-0.596167652
6.447877000	-10.443904877	-0.592202937
6.447878000	-10.581945419	-0.591386479
6.447879000	-10.821807861	-0.598376611
6.447880000	-11.218067169	-0.590457368
6.447881000	-11.619927406	-0.575066827
6.447882000	-12.378064156	-0.568564986
6.447883000	-12.603903770	-0.572607797
6.447884000	-12.579151154	-0.574580600
6.447885000	-13.947807312	-0.517489617
6.447886000	-14.536618233	-0.524607248
6.447887000	-14.115069389	-0.542797937
6.447888000	-14.739995003	-0.520998365
6.447889000	-15.297195435	-0.511344440
6.447890000	-15.757894516	-0.485763745
6.447891000	-16.446517944	-0.437050068
6.447892000	-17.591445923	-0.351615494
6.447893000	-17.362670898	-0.361950989
6.447894000	-17.472871780	-0.389155979
6.447895000	-17.877330780	-0.319134317
6.447896000	-20.276765823	-0.060876825
6.447897000	-20.558574677	0.125418534
6.447898000	-21.373544693	0.151469750
6.447899000	-21.705104828	0.337243679
6.447900000	-21.429344177	0.512384704
6.447901000	-20.822704315	0.807279694
6.447902000	-21.118124008	0.710494894
6.447903000	-20.940050125	0.906576454
6.447904000	-18.974617004	1.167254052
6.447905000	-19.333972931	1.153179512
6.447906000	-18.141227722	1.214627027
6.447907000	-18.329439163	1.169605090
6.447908000	-17.569566727	1.264295514
6.447909000	-16.338384628	1.350544249
6.447910000	-15.464753151	1.384144021
6.447911000	-15.069934845	1.444893389
6.447912000	-14.419617653	1.422320569
6.447913000	-14.163382530	1.460898854
6.447914000	-12.690896034	1.489412121
6.447915000	-12.158194542	1.493961200
6.447916000	-11.306951523	1.493756136
6.447917000	-11.210151672	1.493452137
6.447918000	-10.915326118	1.503372944
6.447919000	-10.342270851	1.515367156
6.447920000	-10.311839104	1.497378568
6.447921000	-9.809162140	1.506832524
6.447922000	-9.453626633	1.515554909
6.447923000	-8.943804741	1.493328033
6.447924000	-8.591293335	1.509056130
6.447925000	-8.320677757	1.500579288
6.447926000	-7.637503624	1.494008072
6.447927000	-7.855751038	1.487942056
6.447928000	-7.713072777	1.493949082
6.447929000	-7.300243855	1.473600534
6.447930000	-7.342724800	1.475303493
6.447931000	-7.146718025	1.468564630
6.447932000	-6.747720718	1.452024402
6.447933000	-6.490603447	1.452782471
6.447934000	-6.076878548	1.434399203
6.447935000	-6.087898254	1.446114182
6.447936000	-5.756335735	1.423911408
6.447937000	-5.474784851	1.422944414
6.447938000	-5.442371845	1.421458503
6.447939000	-5.237313747	1.409716892
6.447940000	-5.308825493	1.405737065
6.447941000	-4.994290829	1.399422576
6.447942000	-4.819570065	1.386418627
6.447943000	-4.756732464	1.376022845
6.447944000	-4.365048409	1.370722621
6.447945000	-4.313509941	1.363517173
6.447946000	-4.129956722	1.353632850
6.447947000	-4.022648335	1.348456464
6.447948000	-3.887279987	1.343242527
6.447949000	-3.756065130	1.323915435
6.447950000	-3.567650795	1.327106834
6.447951000	-3.389615059	1.302926263
6.447952000	-3.432115555	1.311452107
6.447953000	-3.083707809	1.288143988
6.447954000	-3.066390753	1.287456493
6.447955000	-3.063348770	1.290310869
6.447956000	-2.907994986	1.271959958
6.447957000	-2.804765224	1.269563380
6.447958000	-2.766805410	1.259632052
6.447959000	-2.550530910	1.248618949
6.447960000	-2.384894609	1.228690248
6.447961000	-2.397716045	1.232154488
6.447962000	-2.250010967	1.223467656
6.447963000	-2.214525461	1.218094729
6.447964000	-2.090272188	1.209545582
6.447965000	-2.105083704	1.208378319
6.447966000	-1.842805028	1.184912541
6.447967000	-1.771018624	1.177775935
6.447968000	-1.810953856	1.179309516
6.447969000	-1.625177145	1.166901183
6.447970000	-1.512463331	1.148994487
6.447971000	-1.445961595	1.151271756
6.447972000	-1.446750641	1.145864873
6.447973000	-1.329047203	1.132530293
6.447974000	-1.301009774	1.126792778
6.447975000	-1.274744153	1.122972074
6.447976000	-1.071141839	1.101114512
6.447977000	-1.017622471	1.095993520
6.447978000	-1.028867483	1.091894249
6.447979000	-1.008541346	1.088097247
6.447980000	-0.803831637	1.068618221
6.447981000	-0.796937764	1.070491689
6.447982000	-0.678129435	1.054684030
6.447983000	-0.704298258	1.056408294
6.447984000	-0.691596866	1.051859015
6.447985000	-0.609070480	1.039181370
6.447986000	-0.588718593	1.038420704
6.447987000	-0.506143868	1.021594520
6.447988000	-0.517366588	1.027862935
6.447989000	-0.559035957	1.029552844
6.447990000	-0.390750378	1.007012714
6.447991000	-0.381996125	1.004995236
6.447992000	-0.348612070	0.997747976
6.447993000	-0.294807851	0.993936527
6.447994000	-0.236326158	0.987280288
6.447995000	-0.223868206	0.981425861
6.447996000	-0.173812404	0.980445618
6.447997000	-0.119715258	0.961459543
6.447998000	-0.091420546	0.958759364
6.447999000	-0.043266956	0.951267759
6.448000000	0.011685149	0.943661172
6.448001000	-0.025714699	0.948527300
6.448002000	0.088366188	0.933989436
6.448003000	0.181870550	0.918111004
6.448004000	0.111191198	0.922685516
6.448005000	0.157725781	0.910699360
6.448006000	0.229476705	0.896095450
6.448007000	0.240449265	0.900334737
6.448008000	0.250787646	0.895066538
6.448009000	0.325128525	0.883915083
6.448010000	0.315171689	0.883906162
6.448011000	0.288722724	0.879486779
6.448012000	0.329321712	0.872677875
6.448013000	0.349126756	0.877595469
6.448014000	0.355089843	0.875669404
6.448015000	0.416775614	0.863358542
6.448016000	0.414681017	0.852121467
6.448017000	0.458531648	0.850339147
6.448018000	0.449124604	0.845272816
6.448019000	0.508070827	0.835415924
6.448020000	0.505889595	0.838132481
6.448021000	0.529801726	0.828197093
6.448022000	0.606404006	0.822235407
6.448023000	0.581278145	0.822121557
6.448024000	0.624708235	0.809375402
6.448025000	0.606892407	0.814114364
6.448026000	0.641608298	0.806588337
6.448027000	0.659644127	0.802577350
6.448028000	0.657551527	0.807168973
6.448029000	0.691532433	0.788226374
6.448030000	0.673797667	0.788455805
6.448031000	0.706669271	0.788005332
6.448032000	0.700582922	0.785396765
6.448033000	0.723978996	0.775868974
6.448034000	0.761353910	0.770992393
6.448035000	0.769136429	0.772160389
6.448036000	0.768775821	0.766945786
6.448037000	0.772204101	0.759059500
6.448038000	0.794438958	0.760976444
6.448039000	0.784667492	0.753657345
6.448040000	0.828501999	0.744086077
6.448041000	0.819694459	0.747649253
6.448042000	0.827206492	0.747287995
6.448043000	0.862018824	0.744009711
6.448044000	0.896432281	0.727509697
6.448045000	0.891010284	0.726262538
6.448046000	0.938330412	0.714704619
6.448047000	0.901050508	0.723002163
6.448048000	0.920296490	0.717511258
6.448049000	0.924868166	0.720199319
6.448050000	0.938174963	0.708826623
6.448051000	0.941578567	0.703745511
6.448052000	0.995058835	0.700606909
6.448053000	0.967573822	0.696654845
6.448054000	0.981977820	0.696096779
6.448055000	0.999229491	0.694499216
6.448056000	0.988524795	0.688348978
6.448057000	1.025836825	0.680352970
6.448058000	0.971216083	0.684787200
6.448059000	1.009540677	0.677463640
6.448060000	1.005316615	0.675781721
6.448061000	1.021686077	0.670721781
6.448062000	1.038702846	0.674468582
6.448063000	1.036946416	0.665367962
6.448064000	1.066529036	0.660241576
6.448065000	1.021875381	0.668792853
6.448066000	1.080648065	0.648846642
6.448067000	1.052507758	0.649438597
6.448068000	1.083747983	0.644974739
6.448069000	1.067645192	0.644081648
6.448070000	1.101152778	0.639310861
6.448071000	1.125278592	0.634289072
6.448072000	1.080970287	0.638640011
6.448073000	1.088708997	0.633121941
6.448074000	1.104898214	0.625459428
6.448075000	1.114064097	0.626067893
6.448076000	1.125697494	0.623443015
6.448077000	1.122661114	0.626227017
6.448078000	1.116274595	0.621189914
6.448079000	1.172805905	0.612880186
6.448080000	1.108863950	0.614574156
6.448081000	1.101634741	0.607558058
6.448082000	1.181084037	0.599757260
6.448083000	1.183450818	0.610241925
6.448084000	1.140820861	0.602170084
6.448085000	1.126292467	0.599246399
6.448086000	1.137930751	0.592893095
6.448087000	1.174330473	0.593942048
6.448088000	1.179905057	0.592441357
6.448089000	1.158620119	0.590679676
6.448090000	1.155687451	0.585403953
6.448091000	1.186769247	0.574114614
6.448092000	1.215193152	0.573639905
6.448093000	1.185573816	0.574659430
6.448094000	1.197369337	0.575697863
6.448095000	1.183267951	0.576250469
6.448096000	1.177141309	0.572467382
6.448097000	1.224613667	0.569271456
6.448098000	1.213969946	0.567188131
6.448099000	1.243919253	0.561554414
6.448100000	1.204018354	0.562262215
6.448101000	1.203159809	0.554801170
6.448102000	1.212745905	0.557359702
6.448103000	1.221589804	0.546223161
6.448104000	1.233873725	0.551087458
6.448105000	1.250023484	0.542427025
6.448106000	1.236334801	0.546934259
6.448107000	1.215049982	0.543903848
6.448108000	1.244507432	0.541010256
6.448109000	1.193231344	0.540382583
6.448110000	1.242170691	0.531856140
6.448111000	1.214264631	0.532286174
6.448112000	1.228713632	0.528650526
6.448113000	1.262623906	0.533920722
6.448114000	1.257851601	0.528516003
6.448115000	1.237726927	0.532024085
6.448116000	1.249148607	0.524863444
6.448117000	1.243654132	0.521813759
6.448118000	1.228129387	0.514876723
6.448119000	1.258080125	0.517542381
6.448120000	1.255739927	0.513521907
6.448121000	1.234460950	0.510917668
6.448122000	1.233508348	0.511299798
6.448123000	1.233901620	0.511573139
6.448124000	1.289809942	0.510962842
6.448125000	1.248993874	0.512551384
6.448126000	1.258232474	0.506028837
6.448127000	1.245370030	0.503978203
6.448128000	1.238932967	0.500160628
6.448129000	1.249911070	0.501881729
6.448130000	1.249800324	0.499052087
6.448131000	1.277917504	0.495498398
6.448132000	1.220064759	0.497073758
6.448133000	1.234730124	0.494080797
6.448134000	1.272913694	0.486890029
6.448135000	1.269616127	0.492382799
6.448136000	1.270244598	0.489846305
6.448137000	1.274251699	0.484420980
6.448138000	1.273214102	0.476975613
6.448139000	1.278102636	0.475822498
6.448140000	1.240838051	0.479728989
6.448141000	1.258184791	0.474947683
6.448142000	1.252500653	0.476566618
6.448143000	1.265672922	0.473402017
6.448144000	1.254669189	0.473349486
6.448145000	1.291503310	0.471251981
6.448146000	1.251369953	0.469469461
6.448147000	1.270586371	0.466950010
6.448148000	1.296399236	0.464200929
6.448149000	1.262831092	0.464829535
6.448150000	1.295138359	0.464640650
6.448151000	1.265889168	0.461468126
6.448152000	1.259495497	0.457652349
6.448153000	1.274948597	0.455098111
6.448154000	1.268002629	0.457267922
6.448155000	1.262238622	0.450748836
6.448156000	1.291934848	0.453193685
6.448157000	1.282058120	0.453782576
6.448158000	1.299513102	0.451572818
6.448159000	1.285666943	0.448086607
6.448160000	1.257246971	0.449454240
6.448161000	1.278055429	0.450671338
6.448162000	1.224218369	0.443100870
6.448163000	1.277101755	0.443904779
6.448164000	1.290950179	0.444168465
6.448165000	1.290973425	0.442274924
6.448166000	1.286258340	0.440100353
6.448167000	1.257961273	0.438214302
6.448168000	1.289630294	0.438249589
6.448169000	1.270186901	0.440507850
6.448170000	1.254909873	0.440153350
6.448171000	1.265622377	0.441964965
6.448172000	1.255353451	0.434038699
6.448173000	1.278110266	0.431259324
6.448174000	1.283805490	0.430703689
6.448175000	1.261090398	0.433962765
6.448176000	1.302930951	0.428905889
6.448177000	1.257530093	0.423696479
6.448178000	1.266091347	0.429547411
6.448179000	1.259702682	0.424027177
6.448180000	1.278169870	0.426440334
6.448181000	1.284556746	0.424140961
6.448182000	1.255805016	0.422748527
6.448183000	1.281659365	0.421766320
6.448184000	1.271000266	0.417760260
6.448185000	1.277105451	0.418945133
6.448186000	1.271758556	0.413833995
6.448187000	1.273365259	0.415807564
6.448188000	1.280443192	0.412076508
6.448189000	1.266957402	0.413450167
6.448190000	1.269503236	0.410102706
6.448191000	1.259316444	0.408019515
6.448192000	1.247287035	0.408127440
6.448193000	1.252523303	0.407648736
6.448194000	1.279728889	0.403079385
6.448195000	1.285774589	0.408557507
6.448196000	1.243124723	0.405833925
6.448197000	1.252770901	0.403482920
6.448198000	1.256150126	0.401575098
6.448199000	1.283526897	0.403637816
6.448200000	1.259042263	0.396858340
6.448201000	1.273824930	0.397347030
6.448202000	1.227153420	0.394977982
6.448203000	1.251093626	0.397340705
6.448204000	1.261230826	0.395029847
6.448205000	1.245256305	0.392932474
6.448206000	1.257156730	0.392901848
6.448207000	1.260712147	0.392779542
6.448208000	1.217874408	0.392448145
6.448209000	1.256242156	0.386830440
6.448210000	1.233666539	0.386362856
6.448211000	1.244552374	0.390461893
6.448212000	1.272006631	0.384731270
6.448213000	1.253574252	0.384586294
6.448214000	1.288481593	0.386151134
6.448215000	1.240555048	0.383604853
6.448216000	1.247838259	0.385065630
6.448217000	1.225161195	0.384269012
6.448218000	1.218483090	0.383774762
6.448219000	1.248563051	0.379788842
6.448220000	1.274714828	0.381872566
6.448221000	1.223788619	0.374738623
6.448222000	1.264929414	0.378766588
6.448223000	1.258212566	0.377674725
6.448224000	1.238831043	0.377221355
6.448225000	1.257426500	0.375116559
6.448226000	1.250220776	0.370961395
6.448227000	1.223869562	0.373789772
6.448228000	1.242182493	0.370530696
6.448229000	1.246667147	0.370850608
6.448230000	1.241164327	0.368459522
6.448231000	1.213688374	0.367396921
6.448232000	1.248754740	0.367582943
6.448233000	1.265318751	0.365219454
6.448234000	1.258561015	0.365159033
6.448235000	1.245504379	0.366144436
6.448236000	1.235424638	0.361739468
6.448237000	1.258114219	0.364820712
6.448238000	1.260339975	0.365560238
6.448239000	1.231404066	0.363822093
6.448240000	1.221617341	0.363583707
6.448241000	1.226691484	0.366066938
6.448242000	1.258724093	0.357106966
6.448243000	1.252164125	0.359249312
6.448244000	1.217514515	0.358886856
6.448245000	1.223686934	0.357891600
6.448246000	1.236254692	0.356578428
6.448247000	1.219467402	0.351617858
6.448248000	1.236889005	0.357146048
6.448249000	1.224416137	0.352339408
6.448250000	1.218608618	0.353883808
6.448251000	1.228980303	0.351314490
6.448252000	1.210427403	0.353215621
6.448253000	1.193294644	0.348246562
6.448254000	1.234156132	0.347288324
6.448255000	1.204395413	0.348844176
6.448256000	1.201188207	0.346866146
6.448257000	1.239762425	0.345809537
6.448258000	1.204087853	0.343091481
6.448259000	1.213747263	0.347278470
6.448260000	1.239761591	0.342352055
6.448261000	1.192424417	0.344693306
6.448262000	1.197809219	0.339440720
6.448263000	1.238302231	0.339996023
6.448264000	1.202435493	0.342290769
6.448265000	1.213368177	0.340441403
6.448266000	1.202412009	0.336206411
6.448267000	1.228908896	0.337511460
6.448268000	1.204422593	0.337735398
6.448269000	1.206198692	0.338407447
6.448270000	1.204424739	0.332858185
6.448271000	1.212983727	0.334580817
6.448272000	1.201066971	0.335526606
6.448273000	1.201482534	0.339103364
6.448274000	1.243145108	0.329481596
6.448275000	1.229794025	0.334904292
6.448276000	1.226233959	0.331461523
6.448277000	1.196200132	0.332224452
6.448278000	1.188568830	0.329161151
6.448279000	1.189842582	0.332038963
6.448280000	1.207051754	0.329755902
6.448281000	1.206132174	0.329216712
6.448282000	1.199013233	0.327001328
6.448283000	1.226912618	0.329501370
6.448284000	1.205068350	0.325101295
6.448285000	1.202962995	0.323922447
6.448286000	1.173303962	0.324090393
6.448287000	1.226197600	0.324525287
6.448288000	1.162689924	0.323975544
6.448289000	1.201947451	0.325773444
6.448290000	1.172901750	0.318995200
6.448291000	1.182197213	0.321733062
6.448292000	1.180029035	0.322382141
6.448293000	1.176540613	0.315577998
6.448294000	1.184372187	0.318498254
6.448295000	1.194958687	0.316397253
6.448296000	1.178185701	0.315955268
6.448297000	1.195692539	0.316453279
6.448298000	1.176435471	0.313828867
6.448299000	1.197358608	0.318748092
6.448300000	1.163767934	0.317590582
6.448301000	1.173856497	0.312359634
6.448302000	1.177767277	0.315748174
6.448303000	1.163022876	0.313574735
6.448304000	1.226446867	0.314796360
6.448305000	1.169793129	0.312904417
6.448306000	1.201264024	0.307425363
6.448307000	1.152773023	0.310635604
6.448308000	1.168835163	0.305362511
6.448309000	1.165614486	0.307437680
6.448310000	1.169041634	0.309790150
6.448311000	1.189907074	0.309281819
6.448312000	1.181550026	0.311407321
6.448313000	1.196089745	0.307136310
6.448314000	1.178282738	0.305107281
6.448315000	1.177594900	0.302819625
6.448316000	1.188906670	0.303019096
6.448317000	1.175462365	0.302157297
6.448318000	1.153645039	0.301924537
6.448319000	1.180755496	0.303080881
6.448320000	1.171457529	0.301653594
6.448321000	1.203654528	0.304178770
6.448322000	1.153608084	0.303274527
6.448323000	1.149565816	0.301618972
6.448324000	1.152235508	0.298979613
6.448325000	1.177196741	0.297795638
6.448326000	1.154596090	0.293924900
6.448327000	1.144561887	0.300266719
6.448328000	1.146867871	0.297233678
6.448329000	1.144131303	0.297282447
6.448330000	1.149393201	0.293914647
6.448331000	1.160072923	0.294645219
6.448332000	1.180116415	0.297356017
6.448333000	1.150289178	0.292888997
6.448334000	1.177816510	0.295940048
6.448335000	1.160496116	0.295240102
6.448336000	1.156954050	0.297326523
6.448337000	1.162833571	0.297919176
6.448338000	1.163901925	0.293836383
6.448339000	1.164328814	0.296151836
6.448340000	1.126111627	0.294322643
6.448341000	1.174102902	0.295618171
6.448342000	1.175193667	0.293260741
6.448343000	1.161270738	0.292133558
6.448344000	1.150233030	0.292051566
6.448345000	1.175305724	0.292870988
6.448346000	1.119738460	0.289507715
6.448347000	1.157348037	0.287780721
6.448348000	1.134217620	0.287938913
6.448349000	1.151442289	0.287145990
6.448350000	1.127968311	0.293644802
6.448351000	1.138164401	0.288088982
6.448352000	1.148840785	0.289206944
6.448353000	1.127198339	0.285671731
6.448354000	1.101522207	0.291165533
6.448355000	1.152940392	0.284631267
6.448356000	1.137454629	0.285289334
6.448357000	1.150989294	0.284536059
6.448358000	1.131170154	0.283237135
6.448359000	1.143989325	0.286245675
6.448360000	1.151332736	0.283342796
6.448361000	1.120843649	0.284073834
6.448362000	1.122300148	0.282611459
6.448363000	1.122864723	0.282841190
6.448364000	1.173229933	0.278312118
6.448365000	1.122243285	0.280865657
6.448366000	1.124764323	0.281993373
6.448367000	1.122652769	0.279252148
6.448368000	1.128932834	0.276383008
6.448369000	1.125586867	0.276451434
6.448370000	1.107758522	0.277543164
6.448371000	1.149672151	0.276142608
6.448372000	1.145347357	0.274051344
6.448373000	1.112536430	0.277028974
6.448374000	1.117246270	0.276763806
6.448375000	1.125919461	0.272191109
6.448376000	1.157252908	0.278005655
6.448377000	1.127246857	0.277810312
6.448378000	1.109302521	0.271968635
6.448379000	1.102594733	0.273495292
6.448380000	1.117186785	0.274200447
6.448381000	1.101411700	0.270224781
6.448382000	1.126228094	0.273071866
6.448383000	1.115899205	0.272707346
6.448384000	1.133929014	0.270849109
6.448385000	1.118380189	0.270155555
6.448386000	1.138985872	0.268985179
6.448387000	1.121094584	0.266120583
6.448388000	1.111980677	0.268946713
6.448389000	1.104276419	0.267394756
6.448390000	1.107026935	0.266957814
6.448391000	1.124777555	0.268203441
6.448392000	1.105501533	0.269153657
6.448393000	1.101361632	0.268653898
6.448394000	1.128856301	0.267605345
6.448395000	1.050067067	0.263047512
6.448396000	1.108571529	0.263115405
6.448397000	1.138586402	0.263947693
6.448398000	1.084446192	0.264916967
6.448399000	1.073903799	0.262216505
6.448400000	1.099453092	0.262590030
6.448401000	1.097190142	0.257977219
6.448402000	1.099963784	0.262591096
6.448403000	1.116743803	0.262002138
6.448404000	1.068790913	0.258205186
6.448405000	1.104332209	0.262434718
6.448406000	1.113302946	0.259389610
6.448407000	1.103828192	0.258643026
6.448408000	1.064356327	0.261691164
6.448409000	1.076001763	0.257773753
6.448410000	1.103601933	0.254795674
6.448411000	1.129846811	0.259409850
6.448412000	1.102136374	0.254267253
6.448413000	1.092638254	0.258919279
6.448414000	1.083705783	0.258590978
6.448415000	1.082701445	0.256768460
6.448416000	1.074624181	0.255605042
6.448417000	1.111981630	0.257447450
6.448418000	1.088240862	0.256985941
6.448419000	1.091136694	0.249727944
6.448420000	1.115529418	0.254434915
6.448421000	1.048781157	0.257262377
6.448422000	1.063991308	0.254127154
6.448423000	1.085073471	0.251966148
6.448424000	1.061276555	0.255804962
6.448425000	1.099789739	0.255161892
6.448426000	1.096258044	0.252908208
6.448427000	1.070389628	0.249801714
6.448428000	1.053276539	0.251534400
6.448429000	1.067732930	0.248858972
6.448430000	1.071289778	0.247613261
6.448431000	1.050972939	0.249110723
6.448432000	1.084019780	0.246274457
6.448433000	1.086279273	0.248812150
6.448434000	1.090839386	0.243452072
6.448435000	1.083647251	0.246990664
6.448436000	1.091199875	0.240855190
6.448437000	1.076461673	0.244553689
6.448438000	1.099910378	0.247458315
6.448439000	1.069852948	0.244960387
6.448440000	1.049559116	0.244250022
6.448441000	1.053737521	0.244102216
6.448442000	1.098192215	0.245980893
6.448443000	1.071606040	0.244291218
6.448444000	1.078599811	0.243962534
6.448445000	1.099754572	0.243611079
6.448446000	1.075666547	0.240094958
6.448447000	1.059488058	0.241076150
6.448448000	1.071541548	0.244729824
6.448449000	1.050085902	0.240832137
6.448450000	1.091803551	0.245197658
6.448451000	1.046595931	0.242036003
6.448452000	1.017872810	0.241547163
6.448453000	1.081857085	0.238092028
6.448454000	1.044835091	0.239015978
6.448455000	1.058939934	0.238507631
6.448456000	1.056197762	0.238048102
6.448457000	1.038221359	0.236800378
6.448458000	1.071962357	0.239032723
6.448459000	1.050271749	0.237354232
6.448460000	1.042951822	0.236780670
6.448461000	1.039582372	0.234563372
6.448462000	1.036655664	0.235455665
6.448463000	1.058833241	0.237196673
6.448464000	1.054282665	0.234635245
6.448465000	1.070036888	0.235368030
6.448466000	1.070512772	0.236292030
6.448467000	1.044524550	0.234658880
6.448468000	1.023944974	0.235896568
6.448469000	1.060712337	0.235248188
6.448470000	1.051050901	0.235088331
6.448471000	1.063286424	0.233218143
6.448472000	1.054242611	0.232995353
6.448473000	1.035053611	0.231035899
6.448474000	1.052066684	0.232698211
6.448475000	1.057046056	0.234474972
6.448476000	1.055685997	0.231675590
6.448477000	1.083508492	0.233475105
6.448478000	1.041592836	0.231590386
6.448479000	1.040994406	0.230729053
6.448480000	1.040313482	0.227531379
6.448481000	1.034338474	0.230411438
6.448482000	1.042414784	0.230434624
6.448483000	1.030510426	0.229471425
6.448484000	1.027650595	0.229558078
6.448485000	1.049479246	0.225293391
6.448486000	1.054571152	0.226828770
6.448487000	1.036554575	0.229072717
6.448488000	1.046988726	0.228648525
6.448489000	1.008978128	0.224261100
6.448490000	1.041521430	0.221291210
6.448491000	1.040385246	0.225078275
6.448492000	1.030450106	0.223235384
6.448493000	1.041758657	0.227141009
6.448494000	1.013087988	0.223114559
6.448495000	1.038848758	0.221736707
6.448496000	1.046759248	0.224989025
6.448497000	1.039412498	0.226127776
6.448498000	1.018887877	0.225093505
6.448499000	1.027275085	0.224292459
6.448500000	1.005575776	0.221813206
6.448501000	1.033202410	0.221141840
6.448502000	1.026358604	0.222316443
6.448503000	1.064572930	0.222499303
6.448504000	1.052152395	0.220876888
6.448505000	1.037460923	0.218469224
6.448506000	1.007153749	0.221173032
6.448507000	1.029615879	0.217481125
6.448508000	1.042591572	0.221038109
6.448509000	1.030681729	0.218006850
6.448510000	1.016752601	0.221416611
6.448511000	1.021305203	0.217984912
6.448512000	1.027033448	0.214936408
6.448513000	1.014806509	0.214032098
6.448514000	1.011041760	0.218880183
6.448515000	1.034631491	0.219732861
6.448516000	1.006093264	0.217258485
6.448517000	1.008571386	0.212378641
6.448518000	1.029982328	0.215588300
6.448519000	1.005797029	0.216356372
6.448520000	1.006260991	0.213691580
6.448521000	1.040858030	0.211260846
6.448522000	1.038318396	0.212968132
6.448523000	1.031185627	0.215081067
6.448524000	1.006444454	0.216123662
6.448525000	1.012726784	0.211849022
6.448526000	1.017645836	0.210433086
6.448527000	0.969103277	0.210136842
6.448528000	1.024095178	0.212202007
6.448529000	1.007182121	0.213732726
6.448530000	1.019297719	0.209480540
6.448531000	0.996853530	0.213957513
6.448532000	0.987097681	0.209236195
6.448533000	0.972758412	0.214195350
6.448534000	1.022915244	0.211459501
6.448535000	1.015074015	0.206980697
6.448536000	1.009753942	0.207516009
6.448537000	1.000910163	0.206388743
6.448538000	0.970126092	0.211282817
6.448539000	1.000479937	0.206934308
6.448540000	1.001724124	0.209896842
6.448541000	1.006813407	0.207818311
6.448542000	1.024941683	0.209503210
6.448543000	1.013517261	0.207873522
6.448544000	0.997463644	0.206679443
6.448545000	1.015017748	0.205564960
6.448546000	0.993006349	0.206566642
6.448547000	0.966252029	0.205727363
6.448548000	1.015341997	0.202064568
6.448549000	0.989665568	0.204058210
6.448550000	0.993106246	0.205597468
6.448551000	1.010421872	0.204070977
6.448552000	0.988156974	0.205919544
6.448553000	0.980721414	0.204573199
6.448554000	1.001369715	0.201991015
6.448555000	0.979108632	0.203237141
6.448556000	0.972085834	0.204198942
6.448557000	0.980468452	0.201431218
6.448558000	0.994357526	0.202976900
6.448559000	0.987931550	0.200366586
6.448560000	1.008564353	0.199376689
6.448561000	0.988853335	0.202174590
6.448562000	0.970607579	0.196046273
6.448563000	0.987917244	0.197082326
6.448564000	0.992349446	0.199946872
6.448565000	0.983775079	0.202516556
6.448566000	0.959591806	0.202061089
6.448567000	0.982289076	0.199243565
6.448568000	0.955247760	0.200284028
6.448569000	0.963112950	0.200334096
6.448570000	0.997102916	0.199743557
6.448571000	0.992369115	0.199168980
6.448572000	0.981899083	0.196949035
6.448573000	1.003212571	0.197859237
6.448574000	0.977423608	0.196270229
6.448575000	0.962970674	0.198835585
6.448576000	0.970180094	0.197321312
6.448577000	0.967076480	0.198155197
6.448578000	0.946619391	0.191611394
6.448579000	0.952403605	0.196628540
6.448580000	0.929150701	0.197411160
6.448581000	0.968714416	0.194880641
6.448582000	0.953761101	0.192068426
6.448583000	0.985744476	0.199449643
6.448584000	0.970529795	0.193599411
6.448585000	0.982313812	0.193598179
6.448586000	0.949268997	0.189597512
6.448587000	0.965431869	0.193689709
6.448588000	0.961936533	0.193567569
6.448589000	0.944781899	0.191732369
6.448590000	0.977570176	0.193179946
6.448591000	0.945320606	0.188618967
6.448592000	0.962321579	0.187000331
6.448593000	0.987805605	0.195107526
6.448594000	0.958179533	0.191989580
6.448595000	0.960392356	0.191084022
6.448596000	0.955618918	0.192008472
6.448597000	0.952111483	0.189961550
6.448598000	0.953661740	0.188935900
6.448599000	0.940364540	0.186625574
6.448600000	0.935380220	0.186574541
6.448601000	0.953282893	0.187567684
6.448602000	0.940793276	0.187499540
6.448603000	0.950472355	0.188516219
6.448604000	0.929023743	0.186901777
6.448605000	0.953864157	0.189632599
6.448606000	0.940743864	0.185041626
6.448607000	0.953207195	0.186061317
6.448608000	0.969318867	0.186281477
6.448609000	0.927694082	0.184409524
6.448610000	0.981604695	0.184092808
6.448611000	0.919521868	0.182421009
6.448612000	0.940584719	0.183927592
6.448613000	0.945129991	0.186703322
6.448614000	0.931984067	0.186671064
6.448615000	0.913082540	0.186002894
6.448616000	0.933236241	0.184744201
6.448617000	0.921639621	0.184167460
6.448618000	0.965427935	0.186602122
6.448619000	0.926415145	0.182281492
6.448620000	0.961542010	0.182747029
6.448621000	0.945653021	0.183222570
6.448622000	0.940486073	0.180943187
6.448623000	0.920354486	0.181683147
6.448624000	0.946375191	0.177537021
6.448625000	0.922017992	0.178817585
6.448626000	0.911076665	0.183754453
6.448627000	0.943504632	0.185110801
6.448628000	0.946210504	0.180677537
6.448629000	0.935610175	0.179688988
6.448630000	0.895543754	0.176891104
6.448631000	0.938519835	0.179358706
6.448632000	0.933090210	0.180310653
6.448633000	0.943070889	0.179785328
6.448634000	0.934916079	0.177853221
6.448635000	0.941489518	0.181593065
6.448636000	0.919256866	0.181261834
6.448637000	0.895227730	0.183012763
6.448638000	0.920110703	0.177153026
6.448639000	0.944040477	0.179069337
6.448640000	0.916418672	0.179009566
6.448641000	0.902468085	0.174776238
6.448642000	0.906772971	0.174742666
6.448643000	0.907376289	0.172810509
6.448644000	0.934020758	0.175870415
6.448645000	0.899454236	0.175876373
6.448646000	0.931097746	0.177086447
6.448647000	0.931207716	0.178765154
6.448648000	0.897765517	0.176125196
6.448649000	0.906343699	0.173794264
6.448650000	0.916527271	0.173447487
6.448651000	0.900185287	0.178962561
6.448652000	0.941250145	0.175855667
6.448653000	0.887351036	0.172747659
6.448654000	0.926372111	0.173786375
6.448655000	0.906981409	0.172694295
6.448656000	0.909886599	0.171363980
6.448657000	0.893759906	0.172141390
6.448658000	0.903894663	0.171907664
6.448659000	0.886112452	0.172518277
6.448660000	0.882852495	0.170293922
6.448661000	0.913547397	0.174255440
6.448662000	0.888372660	0.170913939
6.448663000	0.919949234	0.166637152
6.448664000	0.907822132	0.166296134
6.448665000	0.920145810	0.171040206
6.448666000	0.917924941	0.171991953
6.448667000	0.912990212	0.170069201
6.448668000	0.932732463	0.174121400
6.448669000	0.939858258	0.171306589
6.448670000	0.917027116	0.165208083
6.448671000	0.916099429	0.167682126
6.448672000	0.880634665	0.166128987
6.448673000	0.905207992	0.164126007
6.448674000	0.879965901	0.168122913
6.448675000	0.882494032	0.166853034
6.448676000	0.917353928	0.163537199
6.448677000	0.876515687	0.166793796
6.448678000	0.857696056	0.165380872
6.448679000	0.923290670	0.162336846
6.448680000	0.914437950	0.163536800
6.448681000	0.913380504	0.165765116
6.448682000	0.879102230	0.165338644
6.448683000	0.880492270	0.167566246
6.448684000	0.885474920	0.167098528
6.448685000	0.908976316	0.164171098
6.448686000	0.909589231	0.164490994
6.448687000	0.889063537	0.159714365
6.448688000	0.906239808	0.159336678
6.448689000	0.867841005	0.163224394
6.448690000	0.891652882	0.158287093
6.448691000	0.843788505	0.160748154
6.448692000	0.868072212	0.159889767
6.448693000	0.876560628	0.163515261
6.448694000	0.865121841	0.164987923
6.448695000	0.865224838	0.159775368
6.448696000	0.889375627	0.161634437
6.448697000	0.892363906	0.162742295
6.448698000	0.902203560	0.161416491
6.448699000	0.888303339	0.155671819
6.448700000	0.877266109	0.159669274
6.448701000	0.872353137	0.156631822
6.448702000	0.859540164	0.156463976
6.448703000	0.882619023	0.156694107
6.448704000	0.850668371	0.159034443
6.448705000	0.880715966	0.160239190
6.448706000	0.886390448	0.158859240
6.448707000	0.834830403	0.160210511
6.448708000	0.894168139	0.154893111
6.448709000	0.868321240	0.158239955
6.448710000	0.870787799	0.155167833
6.448711000	0.864620626	0.153423096
6.448712000	0.848624587	0.153455270
6.448713000	0.881014109	0.156362011
6.448714000	0.851652980	0.152963501
6.448715000	0.882820189	0.156056163
6.448716000	0.853255451	0.155252238
6.448717000	0.857096553	0.153280001
6.448718000	0.828548074	0.155862019
6.448719000	0.867805779	0.153034957
6.448720000	0.830263078	0.151460696
6.448721000	0.853002191	0.155434831
6.448722000	0.850956261	0.153913617
6.448723000	0.853527784	0.151155198
6.448724000	0.907807708	0.152634617
6.448725000	0.885540545	0.154739047
6.448726000	0.880384445	0.155015150
6.448727000	0.865886152	0.150518236
6.448728000	0.841514289	0.153246528
6.448729000	0.844302177	0.147048737
6.448730000	0.852029085	0.146851746
6.448731000	0.845764339	0.146795770
6.448732000	0.846463501	0.150094344
6.448733000	0.876760721	0.151198225
6.448734000	0.873819530	0.148081078
6.448735000	0.831120074	0.146199255
6.448736000	0.840209365	0.151490357
6.448737000	0.858249009	0.147566805
6.448738000	0.844201982	0.147282229
6.448739000	0.862904429	0.151271445
6.448740000	0.828677654	0.148860751
6.448741000	0.842112780	0.151311725
6.448742000	0.818776786	0.148501957
6.448743000	0.852596283	0.146543302
6.448744000	0.843607426	0.145014414
6.448745000	0.842500031	0.143390385
6.448746000	0.861160278	0.146212105
6.448747000	0.846248329	0.143361374
6.448748000	0.824172735	0.145693337
6.448749000	0.880591035	0.144285707
6.448750000	0.846702933	0.143677408
6.448751000	0.838950098	0.146979744
6.448752000	0.843477070	0.143403335
6.448753000	0.831216037	0.143972286
6.448754000	0.838562608	0.145913331
6.448755000	0.833319187	0.139542492
6.448756000	0.849612236	0.140406863
6.448757000	0.836105049	0.141566653
6.448758000	0.854261220	0.144932522
6.448759000	0.818519473	0.144136237
6.448760000	0.837173998	0.142863845
6.448761000	0.811881423	0.140765457
6.448762000	0.837105930	0.145036003
6.448763000	0.829340279	0.140750560
6.448764000	0.837336183	0.137632473
6.448765000	0.849215031	0.138570430
6.448766000	0.811820507	0.138472592
6.448767000	0.802874744	0.137662067
6.448768000	0.820437729	0.139885100
6.448769000	0.805753291	0.140081791
6.448770000	0.824808061	0.136949422
6.448771000	0.814986408	0.138947143
6.448772000	0.775620282	0.134095179
6.448773000	0.787297308	0.139833767
6.448774000	0.850005805	0.134151713
6.448775000	0.813769996	0.137914452
6.448776000	0.823878825	0.138574633
6.448777000	0.820905566	0.136433976
6.448778000	0.812277198	0.132783531
6.448779000	0.811098635	0.134177271
6.448780000	0.826584101	0.136455223
6.448781000	0.799904048	0.135515360
6.448782000	0.807743132	0.133982927
6.448783000	0.814754605	0.136572493
6.448784000	0.813704371	0.136993140
6.448785000	0.816374600	0.135417147
6.448786000	0.813781261	0.129893377
6.448787000	0.775060952	0.133095462
6.448788000	0.824408114	0.133322005
6.448789000	0.820960879	0.133069188
6.448790000	0.819047511	0.128006386
6.448791000	0.795799315	0.133291354
6.448792000	0.829336107	0.128115908
6.448793000	0.829668462	0.129585016
6.448794000	0.816851735	0.129899069
6.448795000	0.795462310	0.135314558
6.448796000	0.805208027	0.129580946
6.448797000	0.761777282	0.131858898
6.448798000	0.813804388	0.128932242
6.448799000	0.788460195	0.129649972
6.448800000	0.779944599	0.124447986
6.448801000	0.779945493	0.128311651
6.448802000	0.785009921	0.130883723
6.448803000	0.791411042	0.130231989
6.448804000	0.781413436	0.127146917
6.448805000	0.810799539	0.126077516
6.448806000	0.795281887	0.128017155
6.448807000	0.793774188	0.125828403
6.448808000	0.776356637	0.129227911
6.448809000	0.773833156	0.128998055
6.448810000	0.771397650	0.129406443
6.448811000	0.792000413	0.126686623
6.448812000	0.752031803	0.128742625
6.448813000	0.786858976	0.128317568
6.448814000	0.803792655	0.125218838
6.448815000	0.768389046	0.127133701
6.448816000	0.774067760	0.122875390
6.448817000	0.789910316	0.125933764
6.448818000	0.756394148	0.126340911
6.448819000	0.755389273	0.124269213
6.448820000	0.782686770	0.123928370
6.448821000	0.775475383	0.120101891
6.448822000	0.745322585	0.120772882
6.448823000	0.766225040	0.122809335
6.448824000	0.772054195	0.117572021
6.448825000	0.772126079	0.120929659
6.448826000	0.740237117	0.122090573
6.448827000	0.795829117	0.121005468
6.448828000	0.794517815	0.121331555
6.448829000	0.782010436	0.120563516
6.448830000	0.776211083	0.118046504
6.448831000	0.790203691	0.120779166
6.448832000	0.763639033	0.119435509
6.448833000	0.774553418	0.117660463
6.448834000	0.744862139	0.120718379
6.448835000	0.767920077	0.115197729
6.448836000	0.768333137	0.118737570
6.448837000	0.766560674	0.117511700
6.448838000	0.789023519	0.118231569
6.448839000	0.753583312	0.117148412
6.448840000	0.746835649	0.114022335
6.448841000	0.755596399	0.110693292
6.448842000	0.733395815	0.117256811
6.448843000	0.768106699	0.116145590
6.448844000	0.752582192	0.114109603
6.448845000	0.740942061	0.114985550
6.448846000	0.736965477	0.116968332
6.448847000	0.768824756	0.115766056
6.448848000	0.752081156	0.112370842
6.448849000	0.757485747	0.113180119
6.448850000	0.764056861	0.113154785
6.448851000	0.761969626	0.119443973
6.448852000	0.749010444	0.110726382
6.448853000	0.743761778	0.114146638
6.448854000	0.763639510	0.112058503
6.448855000	0.722502828	0.112085285
6.448856000	0.692176104	0.109641293
6.448857000	0.735129416	0.112538338
6.448858000	0.735060692	0.112830812
6.448859000	0.760984719	0.109499439
6.448860000	0.742175460	0.111733390
6.448861000	0.758923829	0.105802447
6.448862000	0.739432991	0.112175940
6.448863000	0.753950238	0.108038095
6.448864000	0.734069049	0.108653111
6.448865000	0.728183270	0.112299120
6.448866000	0.782153130	0.110333915
6.448867000	0.750831664	0.106216685
6.448868000	0.746551216	0.108614820
6.448869000	0.721040964	0.107717418
6.448870000	0.722261906	0.107300217
6.448871000	0.716395795	0.105706739
6.448872000	0.717917383	0.108003691
6.448873000	0.726188838	0.107081463
6.448874000	0.712231874	0.106135009
6.448875000	0.717285395	0.103585040
6.448876000	0.750708938	0.103207546
6.448877000	0.713612735	0.100276579
6.448878000	0.756987333	0.105718241
6.448879000	0.704346061	0.098411434
6.448880000	0.728773117	0.102597624
6.448881000	0.711372435	0.103865263
6.448882000	0.734138072	0.099061628
6.448883000	0.727131069	0.102796087
6.448884000	0.726347446	0.100217024
6.448885000	0.697252691	0.100058974
6.448886000	0.704122365	0.101075003
6.448887000	0.726158559	0.099706829
6.448888000	0.686508656	0.104727853
6.448889000	0.691959620	0.100219945
6.448890000	0.696243763	0.103131837
6.448891000	0.693561018	0.099824940
6.448892000	0.739402950	0.096992860
6.448893000	0.708007634	0.101226537
6.448894000	0.681102991	0.101348809
6.448895000	0.714656472	0.097412632
6.448896000	0.682071149	0.099650861
6.448897000	0.697459221	0.097881273
6.448898000	0.700339437	0.096797508
6.448899000	0.693619788	0.096503321
6.448900000	0.723560750	0.096420305
6.448901000	0.694728553	0.095671174
6.448902000	0.680581629	0.096027297
6.448903000	0.685601771	0.095212511
6.448904000	0.714711607	0.094390810
6.448905000	0.681755841	0.096855840
6.448906000	0.729006350	0.095577864
6.448907000	0.711802959	0.094154080
6.448908000	0.679755688	0.096164425
6.448909000	0.663489878	0.090962364
6.448910000	0.686320126	0.092457321
6.448911000	0.679828286	0.089213075
6.448912000	0.695116401	0.092902103
6.448913000	0.690055192	0.090890184
6.448914000	0.657418609	0.091341790
6.448915000	0.681114912	0.090337345
6.448916000	0.642978847	0.090177914
6.448917000	0.669055879	0.091657283
6.448918000	0.677082598	0.089471668
6.448919000	0.666040480	0.088299603
6.448920000	0.652327240	0.087442173
6.448921000	0.678954661	0.086273287
6.448922000	0.689401686	0.090870186
6.448923000	0.675332665	0.085150406
6.448924000	0.657934070	0.088275776
6.448925000	0.664332449	0.089590162
6.448926000	0.653160751	0.084665162
6.448927000	0.664738953	0.087171987
6.448928000	0.654669940	0.088218509
6.448929000	0.634306610	0.083185410
6.448930000	0.659146428	0.087758032
6.448931000	0.648705304	0.085634020
6.448932000	0.696991384	0.086029183
6.448933000	0.679112077	0.080588395
6.448934000	0.637799919	0.081141367
6.448935000	0.650316596	0.081759819
6.448936000	0.641452134	0.078566981
6.448937000	0.672186553	0.082741519
6.448938000	0.672916532	0.085329729
6.448939000	0.651985109	0.080987045
6.448940000	0.623720646	0.079622158
6.448941000	0.666021109	0.079538635
6.448942000	0.645283163	0.076722142
6.448943000	0.644941330	0.079042946
6.448944000	0.635438442	0.078671917
6.448945000	0.610068917	0.078663462
6.448946000	0.638551176	0.076698099
6.448947000	0.632210135	0.081225032
6.448948000	0.669302404	0.080748168
6.448949000	0.636376679	0.076372994
6.448950000	0.607862651	0.073759076
6.448951000	0.655566275	0.076917943
6.448952000	0.638519168	0.076486502
6.448953000	0.617398024	0.073622090
6.448954000	0.624826074	0.078229983
6.448955000	0.636648417	0.073867375
6.448956000	0.642913878	0.078172933
6.448957000	0.656331241	0.075340203
6.448958000	0.606131196	0.072795819
6.448959000	0.609082460	0.073837639
6.448960000	0.608534038	0.070034262
6.448961000	0.600967765	0.072665133
6.448962000	0.634779274	0.074047421
6.448963000	0.570765257	0.072018326
6.448964000	0.638104081	0.073689676
6.448965000	0.637456954	0.072048320
6.448966000	0.586004913	0.073571415
6.448967000	0.588234365	0.069155315
6.448968000	0.586731195	0.070623870
6.448969000	0.594097257	0.069992143
6.448970000	0.612429440	0.066975131
6.448971000	0.613062263	0.069840900
6.448972000	0.610472620	0.067854153
6.448973000	0.597476006	0.064802208
6.448974000	0.602116346	0.069595598
6.448975000	0.559032083	0.069939812
6.448976000	0.591791749	0.066149563
6.448977000	0.592010260	0.066717195
6.448978000	0.604217947	0.063311628
6.448979000	0.590597034	0.062912296
6.448980000	0.600491643	0.067193764
6.448981000	0.572052836	0.062938386
6.448982000	0.597994328	0.066664240
6.448983000	0.599924862	0.059227388
6.448984000	0.576094568	0.065242628
6.448985000	0.563098609	0.063424230
6.448986000	0.559343338	0.066224644
6.448987000	0.555102944	0.057942467
6.448988000	0.562875628	0.061419556
6.448989000	0.573784769	0.062534684
6.448990000	0.559095562	0.059135604
6.448991000	0.565061688	0.059844530
6.448992000	0.555287540	0.061853701
6.448993000	0.562956989	0.058038590
6.448994000	0.546170652	0.059852365
6.448995000	0.571629047	0.059082678
6.448996000	0.520093799	0.055097374
6.448997000	0.567043900	0.054896834
6.448998000	0.560465574	0.056999425
6.448999000	0.540628672	0.055192449
6.449000000	0.538774312	0.057404999
6.449001000	0.555253148	0.054917532
6.449002000	0.577096820	0.058172281
6.449003000	0.530602038	0.050771352
6.449004000	0.553705931	0.052187846
6.449005000	0.548796713	0.055902427
6.449006000	0.527462184	0.053129086
6.449007000	0.557744384	0.052387354
6.449008000	0.545873106	0.050474942
6.449009000	0.529372752	0.052664884
6.449010000	0.519437194	0.051034422
6.449011000	0.522838056	0.051267141
6.449012000	0.511286736	0.051285296
6.449013000	0.502581179	0.045342082
6.449014000	0.510705471	0.052722076
6.449015000	0.543624878	0.048369476
6.449016000	0.532924473	0.046756545
