D:\KID metingen\Entropy ADR\LT343chip5_BF_20240530_mapping\S21\Power\KID125_106dBm_.dat
Power at KID:106dBm
resonance Frequency in GHz :6.258521
Q=26976.383622, Qc=28907.998009, Qi=403720.975235  S21min=-23.501952


Temperature in K:0.099993
GHz	dB	Rad
6.257617000	0.943894506	-0.092456473
6.257618000	0.942585468	-0.095208292
6.257619000	0.949571133	-0.092963830
6.257620000	0.944650888	-0.097766133
6.257621000	0.971075594	-0.092079153
6.257622000	0.943807006	-0.093127198
6.257623000	0.940948725	-0.095716897
6.257624000	0.943028331	-0.097259134
6.257625000	0.939855278	-0.092441159
6.257626000	0.947394252	-0.094866442
6.257627000	0.915744960	-0.094001106
6.257628000	0.931478620	-0.093197222
6.257629000	0.929044008	-0.096653456
6.257630000	0.952811301	-0.099252810
6.257631000	0.940029919	-0.096827319
6.257632000	0.927194178	-0.098688503
6.257633000	0.936404169	-0.100032758
6.257634000	0.924246550	-0.102645619
6.257635000	0.937288165	-0.099023786
6.257636000	0.931786954	-0.100047014
6.257637000	0.938065588	-0.099798283
6.257638000	0.936369717	-0.100385868
6.257639000	0.917432666	-0.100709600
6.257640000	0.921472192	-0.101349383
6.257641000	0.939111054	-0.103044893
6.257642000	0.913511813	-0.104140210
6.257643000	0.926999271	-0.101062819
6.257644000	0.911328912	-0.101242965
6.257645000	0.925643027	-0.100883347
6.257646000	0.912643909	-0.103557277
6.257647000	0.943557203	-0.099255856
6.257648000	0.931790709	-0.104419334
6.257649000	0.900996089	-0.103024495
6.257650000	0.942999065	-0.105685684
6.257651000	0.936494291	-0.102984106
6.257652000	0.891681433	-0.101013367
6.257653000	0.916067958	-0.102830667
6.257654000	0.920238018	-0.102967079
6.257655000	0.904858410	-0.104333064
6.257656000	0.937176764	-0.104286850
6.257657000	0.899953783	-0.107289547
6.257658000	0.940035105	-0.103158335
6.257659000	0.871434152	-0.105115784
6.257660000	0.896887720	-0.110384715
6.257661000	0.879659593	-0.107019536
6.257662000	0.881112278	-0.111577278
6.257663000	0.906943560	-0.110941632
6.257664000	0.910139740	-0.107769549
6.257665000	0.911105633	-0.109693317
6.257666000	0.897647142	-0.108934083
6.257667000	0.893704474	-0.108094613
6.257668000	0.917242110	-0.112659104
6.257669000	0.902314305	-0.114769427
6.257670000	0.871301293	-0.109768426
6.257671000	0.915187120	-0.111473848
6.257672000	0.915551305	-0.108989352
6.257673000	0.889111876	-0.112832784
6.257674000	0.926642120	-0.114740448
6.257675000	0.902055323	-0.107580614
6.257676000	0.901928246	-0.113174642
6.257677000	0.892109096	-0.113158896
6.257678000	0.892466664	-0.117020289
6.257679000	0.889320552	-0.113041726
6.257680000	0.885386527	-0.117294827
6.257681000	0.885756493	-0.114808733
6.257682000	0.878947675	-0.115333318
6.257683000	0.902878106	-0.113871034
6.257684000	0.935297906	-0.115434942
6.257685000	0.879944086	-0.120050517
6.257686000	0.863443375	-0.116274487
6.257687000	0.893331707	-0.113473923
6.257688000	0.875540495	-0.116102422
6.257689000	0.901433527	-0.116031673
6.257690000	0.889626384	-0.120828900
6.257691000	0.843096495	-0.122173314
6.257692000	0.908049941	-0.119826129
6.257693000	0.866334617	-0.119703140
6.257694000	0.862376213	-0.119781130
6.257695000	0.893280625	-0.121483114
6.257696000	0.883752406	-0.118987308
6.257697000	0.884122550	-0.118127939
6.257698000	0.881091416	-0.117881022
6.257699000	0.910262644	-0.118582041
6.257700000	0.887828588	-0.120717830
6.257701000	0.910656393	-0.121519508
6.257702000	0.912995577	-0.120824997
6.257703000	0.869421244	-0.125272035
6.257704000	0.868594110	-0.126050103
6.257705000	0.887077034	-0.126147657
6.257706000	0.847963989	-0.121749297
6.257707000	0.883277476	-0.121549560
6.257708000	0.845194280	-0.124859686
6.257709000	0.885403931	-0.123348492
6.257710000	0.902678430	-0.128744406
6.257711000	0.882089436	-0.124033782
6.257712000	0.893598258	-0.126641199
6.257713000	0.866018176	-0.127005878
6.257714000	0.860823274	-0.125536653
6.257715000	0.881573021	-0.125379535
6.257716000	0.893310726	-0.129051943
6.257717000	0.854426146	-0.124750979
6.257718000	0.864057362	-0.127618580
6.257719000	0.854676187	-0.128033833
6.257720000	0.879131675	-0.131689255
6.257721000	0.875659347	-0.126607227
6.257722000	0.851934731	-0.130827114
6.257723000	0.879395306	-0.127248658
6.257724000	0.881555796	-0.133999755
6.257725000	0.867394447	-0.132247661
6.257726000	0.866254032	-0.127820689
6.257727000	0.877236724	-0.132371665
6.257728000	0.851738334	-0.132337468
6.257729000	0.842539310	-0.133112756
6.257730000	0.868779540	-0.129453797
6.257731000	0.810533464	-0.131767810
6.257732000	0.849003375	-0.131228794
6.257733000	0.872084200	-0.131359564
6.257734000	0.860704660	-0.135675599
6.257735000	0.851269960	-0.137447566
6.257736000	0.840726018	-0.138671073
6.257737000	0.861840963	-0.134901393
6.257738000	0.843597889	-0.136350660
6.257739000	0.870855570	-0.138982846
6.257740000	0.843147933	-0.138191554
6.257741000	0.832034886	-0.134081514
6.257742000	0.836068213	-0.136905630
6.257743000	0.859475076	-0.138394636
6.257744000	0.829645574	-0.136729154
6.257745000	0.842542648	-0.140038348
6.257746000	0.840239048	-0.140999466
6.257747000	0.825179636	-0.141841258
6.257748000	0.852854669	-0.141015478
6.257749000	0.854280174	-0.141831654
6.257750000	0.823866010	-0.142584862
6.257751000	0.805585384	-0.141590971
6.257752000	0.802680671	-0.144093959
6.257753000	0.833013952	-0.142527172
6.257754000	0.850891352	-0.141989013
6.257755000	0.858614326	-0.144834618
6.257756000	0.820726693	-0.145956191
6.257757000	0.820056260	-0.145295361
6.257758000	0.801718354	-0.146154397
6.257759000	0.794410467	-0.148729624
6.257760000	0.805617690	-0.146747000
6.257761000	0.831959486	-0.148951182
6.257762000	0.828647316	-0.148844739
6.257763000	0.786675453	-0.147102150
6.257764000	0.805383563	-0.150294647
6.257765000	0.818577826	-0.150484797
6.257766000	0.830004454	-0.150795954
6.257767000	0.858516514	-0.151370498
6.257768000	0.831018746	-0.152648532
6.257769000	0.817285299	-0.152686382
6.257770000	0.823341250	-0.149871155
6.257771000	0.825026512	-0.152427390
6.257772000	0.796643376	-0.152468253
6.257773000	0.811644554	-0.155516807
6.257774000	0.811862350	-0.152711133
6.257775000	0.831916988	-0.151856142
6.257776000	0.812453568	-0.150550377
6.257777000	0.811531782	-0.158809006
6.257778000	0.825178385	-0.154651995
6.257779000	0.799241841	-0.155554407
6.257780000	0.789006770	-0.157790164
6.257781000	0.792690754	-0.156590876
6.257782000	0.810570598	-0.155892828
6.257783000	0.779801250	-0.155650331
6.257784000	0.799561679	-0.157468787
6.257785000	0.797336221	-0.157745922
6.257786000	0.796774983	-0.160362362
6.257787000	0.768636346	-0.161446185
6.257788000	0.796392918	-0.160190455
6.257789000	0.765262961	-0.158104633
6.257790000	0.793671608	-0.164605942
6.257791000	0.775771379	-0.162410898
6.257792000	0.779948592	-0.162839035
6.257793000	0.808903337	-0.159783607
6.257794000	0.780511498	-0.161581973
6.257795000	0.784736753	-0.162012107
6.257796000	0.774449229	-0.164068317
6.257797000	0.796997368	-0.167102223
6.257798000	0.776411533	-0.163323963
6.257799000	0.788801730	-0.165701034
6.257800000	0.811649919	-0.167538232
6.257801000	0.774651468	-0.168290126
6.257802000	0.775501072	-0.168356805
6.257803000	0.762698770	-0.167051906
6.257804000	0.770866275	-0.165793496
6.257805000	0.786957264	-0.169221550
6.257806000	0.753846109	-0.169761523
6.257807000	0.796760499	-0.169025974
6.257808000	0.786611021	-0.170395005
6.257809000	0.768306077	-0.166493158
6.257810000	0.767485023	-0.172831914
6.257811000	0.809319437	-0.174833962
6.257812000	0.760716438	-0.172757163
6.257813000	0.764077187	-0.172601950
6.257814000	0.778036535	-0.169910759
6.257815000	0.748538077	-0.173162529
6.257816000	0.742669463	-0.176917153
6.257817000	0.769481838	-0.174259552
6.257818000	0.772170782	-0.174178941
6.257819000	0.749372005	-0.172629697
6.257820000	0.777549207	-0.177406260
6.257821000	0.751997352	-0.179103842
6.257822000	0.728694201	-0.178786693
6.257823000	0.735559165	-0.176896497
6.257824000	0.747142136	-0.176492130
6.257825000	0.729412794	-0.184183389
6.257826000	0.759535313	-0.177409655
6.257827000	0.722804546	-0.178690353
6.257828000	0.692804992	-0.182746763
6.257829000	0.729665756	-0.183141677
6.257830000	0.732168674	-0.187871967
6.257831000	0.721682608	-0.183508444
6.257832000	0.741852224	-0.183448872
6.257833000	0.757841229	-0.182706949
6.257834000	0.699002802	-0.187597711
6.257835000	0.712928534	-0.190419547
6.257836000	0.757467031	-0.181232773
6.257837000	0.673825681	-0.188106724
6.257838000	0.722216308	-0.188470595
6.257839000	0.703475595	-0.186441034
6.257840000	0.716164708	-0.186110236
6.257841000	0.706299424	-0.186296025
6.257842000	0.701707184	-0.189015378
6.257843000	0.721107543	-0.192851379
6.257844000	0.725142002	-0.192886350
6.257845000	0.699579895	-0.188099184
6.257846000	0.707873166	-0.192216248
6.257847000	0.679290473	-0.192517019
6.257848000	0.680814445	-0.194415354
6.257849000	0.704121113	-0.191500807
6.257850000	0.684592545	-0.195528688
6.257851000	0.723334014	-0.191271425
6.257852000	0.665891230	-0.193716390
6.257853000	0.696976483	-0.197895356
6.257854000	0.716241896	-0.197076817
6.257855000	0.696776748	-0.197030045
6.257856000	0.670055449	-0.200798618
6.257857000	0.698985815	-0.199315170
6.257858000	0.669411719	-0.199382049
6.257859000	0.680192053	-0.198945024
6.257860000	0.707779169	-0.199487344
6.257861000	0.687620103	-0.200125421
6.257862000	0.732665241	-0.200340504
6.257863000	0.724055529	-0.202380719
6.257864000	0.669435918	-0.204108278
6.257865000	0.669084370	-0.204832774
6.257866000	0.690333307	-0.209529142
6.257867000	0.680713177	-0.203204767
6.257868000	0.660411060	-0.205594705
6.257869000	0.656042099	-0.207429340
6.257870000	0.650401831	-0.207729461
6.257871000	0.665803850	-0.209024706
6.257872000	0.629305124	-0.210764666
6.257873000	0.644160450	-0.211198861
6.257874000	0.635714412	-0.211517558
6.257875000	0.620383859	-0.211217437
6.257876000	0.667021871	-0.210891050
6.257877000	0.658802986	-0.211182599
6.257878000	0.624792397	-0.211120764
6.257879000	0.617736161	-0.213662851
6.257880000	0.628973126	-0.214534770
6.257881000	0.633375704	-0.214999941
6.257882000	0.651859343	-0.216360117
6.257883000	0.671124458	-0.218029453
6.257884000	0.627165198	-0.216625701
6.257885000	0.628762722	-0.214665747
6.257886000	0.619174123	-0.217700003
6.257887000	0.647758484	-0.215358186
6.257888000	0.606222570	-0.218607842
6.257889000	0.677375197	-0.223384421
6.257890000	0.630745471	-0.221833596
6.257891000	0.635444462	-0.221724123
6.257892000	0.622330189	-0.220259484
6.257893000	0.636221290	-0.225779185
6.257894000	0.631272912	-0.224895965
6.257895000	0.600851834	-0.225634442
6.257896000	0.618969858	-0.224946165
6.257897000	0.593210280	-0.229196570
6.257898000	0.597221136	-0.228562289
6.257899000	0.598942041	-0.225460205
6.257900000	0.573848426	-0.225103924
6.257901000	0.601977348	-0.232704802
6.257902000	0.592307985	-0.231575938
6.257903000	0.608945310	-0.232926793
6.257904000	0.620142758	-0.230633828
6.257905000	0.588812172	-0.235692153
6.257906000	0.590589046	-0.230602103
6.257907000	0.575822055	-0.236553187
6.257908000	0.596403062	-0.232589671
6.257909000	0.562737525	-0.238142278
6.257910000	0.573888600	-0.238405681
6.257911000	0.571418047	-0.239299954
6.257912000	0.542497158	-0.236995038
6.257913000	0.565692186	-0.234874130
6.257914000	0.551116288	-0.244534414
6.257915000	0.539520085	-0.241270577
6.257916000	0.568788409	-0.245496980
6.257917000	0.538459361	-0.239969889
6.257918000	0.516107202	-0.247618671
6.257919000	0.554343998	-0.243542586
6.257920000	0.544992864	-0.242841859
6.257921000	0.562592089	-0.244560397
6.257922000	0.514081776	-0.249481119
6.257923000	0.527479947	-0.245373093
6.257924000	0.515315115	-0.250244747
6.257925000	0.567020655	-0.249271845
6.257926000	0.544936061	-0.249987985
6.257927000	0.549267948	-0.253604175
6.257928000	0.520916700	-0.255391839
6.257929000	0.497234166	-0.253860654
6.257930000	0.529689074	-0.256109777
6.257931000	0.520877898	-0.255887952
6.257932000	0.520260692	-0.256705460
6.257933000	0.500021636	-0.254045544
6.257934000	0.534183323	-0.256174842
6.257935000	0.526012719	-0.257290240
6.257936000	0.497532129	-0.259949423
6.257937000	0.473121732	-0.261507489
6.257938000	0.500319481	-0.265034529
6.257939000	0.506567717	-0.264351578
6.257940000	0.498306662	-0.262550083
6.257941000	0.484437048	-0.260726966
6.257942000	0.486902475	-0.266581926
6.257943000	0.494704247	-0.266749921
6.257944000	0.453862697	-0.267577865
6.257945000	0.476724833	-0.269337748
6.257946000	0.507345557	-0.267996580
6.257947000	0.461305290	-0.266735174
6.257948000	0.459886193	-0.268478363
6.257949000	0.457533777	-0.268629547
6.257950000	0.476505935	-0.272395323
6.257951000	0.461195320	-0.270245703
6.257952000	0.455201715	-0.273869250
6.257953000	0.441808701	-0.280617917
6.257954000	0.469237834	-0.275754102
6.257955000	0.457713008	-0.278453982
6.257956000	0.415778100	-0.278037463
6.257957000	0.439994484	-0.276359971
6.257958000	0.438238412	-0.276179975
6.257959000	0.401500374	-0.281589205
6.257960000	0.426421374	-0.283116727
6.257961000	0.442006499	-0.279557745
6.257962000	0.441188157	-0.281822364
6.257963000	0.427707762	-0.282119340
6.257964000	0.379737407	-0.290915329
6.257965000	0.403741717	-0.287275486
6.257966000	0.403779894	-0.285998834
6.257967000	0.391973615	-0.287593235
6.257968000	0.402387500	-0.279927725
6.257969000	0.392387003	-0.288766524
6.257970000	0.366232038	-0.291477322
6.257971000	0.404740095	-0.289201884
6.257972000	0.361791849	-0.292647615
6.257973000	0.356319636	-0.298975685
6.257974000	0.375802666	-0.295775564
6.257975000	0.332358569	-0.297363541
6.257976000	0.357809842	-0.297611547
6.257977000	0.341007948	-0.303972907
6.257978000	0.326586127	-0.300439492
6.257979000	0.369318515	-0.303823071
6.257980000	0.347490579	-0.302865165
6.257981000	0.358490288	-0.305079417
6.257982000	0.303039789	-0.306283033
6.257983000	0.338791639	-0.306183930
6.257984000	0.335870743	-0.304355071
6.257985000	0.337978780	-0.306856045
6.257986000	0.354963064	-0.311173962
6.257987000	0.337295860	-0.308285996
6.257988000	0.296450019	-0.311625501
6.257989000	0.330417305	-0.306805645
6.257990000	0.267745554	-0.313145000
6.257991000	0.312423766	-0.311867615
6.257992000	0.246941864	-0.312821426
6.257993000	0.301169127	-0.317304092
6.257994000	0.277440071	-0.323353230
6.257995000	0.247597858	-0.319995783
6.257996000	0.278465450	-0.320984281
6.257997000	0.248143822	-0.319556694
6.257998000	0.272875756	-0.318669861
6.257999000	0.225112408	-0.326090360
6.258000000	0.228634700	-0.326444394
6.258001000	0.241951734	-0.326311136
6.258002000	0.219636142	-0.326915507
6.258003000	0.199666679	-0.330131175
6.258004000	0.223058939	-0.335471811
6.258005000	0.216957673	-0.332067659
6.258006000	0.189357787	-0.332971003
6.258007000	0.250866324	-0.331874946
6.258008000	0.197709233	-0.336441635
6.258009000	0.183785707	-0.333704304
6.258010000	0.207666501	-0.338743771
6.258011000	0.214681268	-0.341456167
6.258012000	0.197150588	-0.341962001
6.258013000	0.202246323	-0.336667870
6.258014000	0.185878932	-0.343045908
6.258015000	0.178318501	-0.347986138
6.258016000	0.166239500	-0.347906210
6.258017000	0.178180605	-0.349028766
6.258018000	0.123401761	-0.350894110
6.258019000	0.164062068	-0.348572633
6.258020000	0.147365570	-0.350672835
6.258021000	0.090748668	-0.352357584
6.258022000	0.092663713	-0.351920826
6.258023000	0.099047296	-0.357309998
6.258024000	0.111971036	-0.353296182
6.258025000	0.134466276	-0.353102137
6.258026000	0.096153140	-0.363075909
6.258027000	0.089062586	-0.362824506
6.258028000	0.110125788	-0.362942118
6.258029000	0.042854048	-0.360151858
6.258030000	0.080980726	-0.363918733
6.258031000	0.069500610	-0.362716515
6.258032000	0.054230206	-0.365175046
6.258033000	0.067042068	-0.365210166
6.258034000	0.025308505	-0.375832517
6.258035000	0.063078545	-0.374145804
6.258036000	0.013623297	-0.371368593
6.258037000	0.025076732	-0.372472806
6.258038000	0.068813719	-0.376830770
6.258039000	0.046877857	-0.381637010
6.258040000	0.027139625	-0.377407877
6.258041000	-0.015054625	-0.381903359
6.258042000	0.009218642	-0.382313519
6.258043000	-0.015936898	-0.382069873
6.258044000	-0.028238228	-0.389255082
6.258045000	-0.028220180	-0.390517220
6.258046000	-0.079417810	-0.390281897
6.258047000	-0.069683641	-0.391196493
6.258048000	-0.072145782	-0.395881226
6.258049000	-0.036625370	-0.390251404
6.258050000	-0.091590799	-0.388110921
6.258051000	-0.086508043	-0.394133127
6.258052000	-0.069106407	-0.394674149
6.258053000	-0.107370786	-0.402265955
6.258054000	-0.155196697	-0.402365558
6.258055000	-0.121849962	-0.397836186
6.258056000	-0.119324408	-0.406143418
6.258057000	-0.105058007	-0.408178140
6.258058000	-0.144240409	-0.409983197
6.258059000	-0.187655523	-0.409637186
6.258060000	-0.147798404	-0.408178273
6.258061000	-0.170356244	-0.418073647
6.258062000	-0.178328931	-0.411101059
6.258063000	-0.159567654	-0.413623505
6.258064000	-0.159207031	-0.412373617
6.258065000	-0.202407122	-0.421093006
6.258066000	-0.247722745	-0.421879937
6.258067000	-0.226793587	-0.425205260
6.258068000	-0.233655035	-0.428284706
6.258069000	-0.277277738	-0.426753056
6.258070000	-0.286413997	-0.434894472
6.258071000	-0.237473756	-0.430212768
6.258072000	-0.276323259	-0.434876363
6.258073000	-0.276101768	-0.442115567
6.258074000	-0.272601902	-0.438652825
6.258075000	-0.327257037	-0.441475909
6.258076000	-0.336772680	-0.441324841
6.258077000	-0.305380255	-0.441339955
6.258078000	-0.299533904	-0.438411243
6.258079000	-0.376613498	-0.446070128
6.258080000	-0.336789668	-0.443605140
6.258081000	-0.377324343	-0.451977086
6.258082000	-0.383989364	-0.451358534
6.258083000	-0.352520674	-0.452476063
6.258084000	-0.385078102	-0.450966516
6.258085000	-0.424147308	-0.456974941
6.258086000	-0.434498459	-0.460555727
6.258087000	-0.421475440	-0.458029552
6.258088000	-0.395824075	-0.462061778
6.258089000	-0.468825042	-0.462704232
6.258090000	-0.461795986	-0.459296851
6.258091000	-0.489082515	-0.472457527
6.258092000	-0.485674530	-0.471683313
6.258093000	-0.486488700	-0.473483177
6.258094000	-0.564056039	-0.475556082
6.258095000	-0.533812881	-0.480023135
6.258096000	-0.546891153	-0.476733532
6.258097000	-0.556196511	-0.480607533
6.258098000	-0.556844592	-0.487675795
6.258099000	-0.616675198	-0.488197775
6.258100000	-0.620092988	-0.491867744
6.258101000	-0.639944077	-0.487541072
6.258102000	-0.642264247	-0.490414091
6.258103000	-0.673385441	-0.495282283
6.258104000	-0.698785007	-0.501873074
6.258105000	-0.731705725	-0.497332617
6.258106000	-0.712599874	-0.508399916
6.258107000	-0.717093229	-0.503734190
6.258108000	-0.744455636	-0.505506091
6.258109000	-0.716479719	-0.514296054
6.258110000	-0.759757102	-0.512207703
6.258111000	-0.800548255	-0.506406539
6.258112000	-0.767928720	-0.512555312
6.258113000	-0.827642322	-0.517792818
6.258114000	-0.837336540	-0.518107005
6.258115000	-0.898538411	-0.525790890
6.258116000	-0.809177935	-0.527416484
6.258117000	-0.870612264	-0.527481964
6.258118000	-0.943415403	-0.531879376
6.258119000	-0.952681005	-0.541511297
6.258120000	-1.021253824	-0.534414372
6.258121000	-1.000796080	-0.540421898
6.258122000	-0.964891672	-0.542244931
6.258123000	-0.995748520	-0.539774050
6.258124000	-1.009030104	-0.547913137
6.258125000	-1.009868026	-0.545226806
6.258126000	-0.993598759	-0.546074890
6.258127000	-1.048834443	-0.551623952
6.258128000	-1.095110178	-0.552819545
6.258129000	-1.119099379	-0.559866169
6.258130000	-1.100592494	-0.556650602
6.258131000	-1.125283003	-0.557422453
6.258132000	-1.143254042	-0.559595326
6.258133000	-1.174437165	-0.564370174
6.258134000	-1.280881405	-0.575218694
6.258135000	-1.267004371	-0.578776810
6.258136000	-1.337056279	-0.579643802
6.258137000	-1.290962458	-0.582397777
6.258138000	-1.404487967	-0.594230002
6.258139000	-1.376859665	-0.589937719
6.258140000	-1.386645436	-0.593176123
6.258141000	-1.375427008	-0.594865965
6.258142000	-1.418364525	-0.592150340
6.258143000	-1.415114045	-0.599805397
6.258144000	-1.509701490	-0.605835592
6.258145000	-1.496691942	-0.612286767
6.258146000	-1.480257869	-0.605822276
6.258147000	-1.608925104	-0.617783598
6.258148000	-1.554256797	-0.617776075
6.258149000	-1.656229496	-0.619083953
6.258150000	-1.705812216	-0.627736697
6.258151000	-1.658952236	-0.620347823
6.258152000	-1.744551778	-0.625833668
6.258153000	-1.727074742	-0.631340952
6.258154000	-1.862725496	-0.636398029
6.258155000	-1.917396784	-0.642331285
6.258156000	-1.881575108	-0.639359198
6.258157000	-1.966936231	-0.655718264
6.258158000	-1.998850346	-0.652587785
6.258159000	-2.036182165	-0.658119170
6.258160000	-2.101764441	-0.666462721
6.258161000	-2.026516676	-0.661369425
6.258162000	-2.067290783	-0.660621543
6.258163000	-2.148240805	-0.671639506
6.258164000	-2.150129557	-0.670658664
6.258165000	-2.186910391	-0.676074136
6.258166000	-2.199325085	-0.676778275
6.258167000	-2.287603140	-0.686505871
6.258168000	-2.296002388	-0.683457617
6.258169000	-2.381725788	-0.689889350
6.258170000	-2.352525234	-0.690899354
6.258171000	-2.447994947	-0.692778947
6.258172000	-2.426341295	-0.688374611
6.258173000	-2.495841026	-0.704958248
6.258174000	-2.492761135	-0.705114975
6.258175000	-2.569863081	-0.707403430
6.258176000	-2.553648472	-0.705583492
6.258177000	-2.699981928	-0.717243410
6.258178000	-2.583078623	-0.718411606
6.258179000	-2.766119480	-0.717180493
6.258180000	-2.739620924	-0.730421863
6.258181000	-2.842657089	-0.733993562
6.258182000	-2.942857504	-0.733061522
6.258183000	-3.021441936	-0.739992132
6.258184000	-2.968451738	-0.741486965
6.258185000	-3.170160532	-0.752444008
6.258186000	-3.158565044	-0.753602151
6.258187000	-3.174204111	-0.757280043
6.258188000	-3.192790031	-0.760032153
6.258189000	-3.321946144	-0.772188618
6.258190000	-3.386367559	-0.770533863
6.258191000	-3.399297953	-0.776279234
6.258192000	-3.483137846	-0.780394483
6.258193000	-3.580037355	-0.782638130
6.258194000	-3.579335213	-0.789136243
6.258195000	-3.757472754	-0.786938869
6.258196000	-3.836164474	-0.797528662
6.258197000	-3.823147535	-0.803037078
6.258198000	-3.926324844	-0.807142940
6.258199000	-3.904745340	-0.799967119
6.258200000	-3.947974920	-0.800571058
6.258201000	-4.125247478	-0.808664937
6.258202000	-4.218492985	-0.825750513
6.258203000	-4.353006363	-0.817373274
6.258204000	-4.357707500	-0.817761829
6.258205000	-4.442374706	-0.827454870
6.258206000	-4.609973907	-0.827462859
6.258207000	-4.644673824	-0.841115022
6.258208000	-4.748067379	-0.843125442
6.258209000	-4.788997173	-0.851244488
6.258210000	-4.993979931	-0.856325267
6.258211000	-4.998422146	-0.857946733
6.258212000	-5.243648052	-0.870989098
6.258213000	-5.255538940	-0.858288217
6.258214000	-5.322171688	-0.874278302
6.258215000	-5.815271854	-0.881004714
6.258216000	-5.743452072	-0.879489376
6.258217000	-5.966567993	-0.893611586
6.258218000	-5.945768356	-0.884661834
6.258219000	-6.103915691	-0.897983765
6.258220000	-6.048696518	-0.898689369
6.258221000	-6.202538967	-0.899874409
6.258222000	-6.500190735	-0.910403882
6.258223000	-6.425609112	-0.907577802
6.258224000	-6.857089520	-0.910099150
6.258225000	-6.875956535	-0.913691821
6.258226000	-6.964371681	-0.923514558
6.258227000	-7.120558262	-0.920997138
6.258228000	-7.344861507	-0.923689594
6.258229000	-7.416213036	-0.923854710
6.258230000	-7.516948700	-0.920612178
6.258231000	-7.605324268	-0.922710017
6.258232000	-8.075772285	-0.928225423
6.258233000	-7.902049541	-0.927726813
6.258234000	-8.295433044	-0.926844574
6.258235000	-8.736846924	-0.925042214
6.258236000	-8.954797745	-0.929900219
6.258237000	-9.012180328	-0.930298428
6.258238000	-9.407244682	-0.934848838
6.258239000	-9.632736206	-0.918568535
6.258240000	-9.509121895	-0.929381435
6.258241000	-9.437790871	-0.918787181
6.258242000	-10.436941147	-0.898715934
6.258243000	-10.307756424	-0.915188251
6.258244000	-10.247570992	-0.913165381
6.258245000	-10.506327629	-0.920822435
6.258246000	-11.447550774	-0.894597622
6.258247000	-11.888907433	-0.875903496
6.258248000	-11.831109047	-0.871424392
6.258249000	-12.187471390	-0.869229281
6.258250000	-12.478693008	-0.844107150
6.258251000	-12.562645912	-0.845090456
6.258252000	-12.906496048	-0.821618952
6.258253000	-13.254016876	-0.782311027
6.258254000	-13.923801422	-0.774494982
6.258255000	-14.559757233	-0.749103605
6.258256000	-13.690281868	-0.780269115
6.258257000	-14.767990112	-0.727000766
6.258258000	-15.227818489	-0.659066989
6.258259000	-14.958933830	-0.666433493
6.258260000	-15.102835655	-0.628870870
6.258261000	-16.142669678	-0.549528677
6.258262000	-16.343847275	-0.505504427
6.258263000	-17.098161697	-0.397440208
6.258264000	-17.256237030	-0.350507253
6.258265000	-17.201097488	-0.310793063
6.258266000	-17.584037781	-0.228700856
6.258267000	-17.818962097	-0.116923866
6.258268000	-17.701675415	-0.055114610
6.258269000	-17.751186371	-0.035709720
6.258270000	-17.706670761	-0.056777367
6.258271000	-17.589479446	0.222873310
6.258272000	-17.412698746	0.174587304
6.258273000	-17.055429459	0.321327064
6.258274000	-16.657989502	0.387223889
6.258275000	-16.123880386	0.461455842
6.258276000	-15.916158676	0.478212818
6.258277000	-15.487423897	0.537578540
6.258278000	-14.664535522	0.652970814
6.258279000	-15.021581650	0.564969518
6.258280000	-14.933309555	0.591070361
6.258281000	-14.508452415	0.656270603
6.258282000	-13.755015373	0.710425718
6.258283000	-13.225923538	0.717088547
6.258284000	-12.670043945	0.766906904
6.258285000	-12.383319855	0.755051243
6.258286000	-11.707265854	0.772752143
6.258287000	-11.468796730	0.806345790
6.258288000	-10.930686951	0.816212335
6.258289000	-11.014515877	0.817906772
6.258290000	-10.361166954	0.831849618
6.258291000	-10.256159782	0.829318950
6.258292000	-9.860148430	0.829730008
6.258293000	-9.709058762	0.821027464
6.258294000	-8.913902283	0.841977220
6.258295000	-8.616823196	0.843154471
6.258296000	-8.504817963	0.835669990
6.258297000	-8.584175110	0.838395402
6.258298000	-8.021151543	0.832363608
6.258299000	-7.918689728	0.832833190
6.258300000	-7.824319363	0.834122427
6.258301000	-7.724978447	0.831986904
6.258302000	-7.518016338	0.829470017
6.258303000	-7.021588802	0.820052813
6.258304000	-7.134406567	0.819016111
6.258305000	-6.874505043	0.820072587
6.258306000	-6.517995358	0.805122467
6.258307000	-6.568413734	0.805782997
6.258308000	-6.428576469	0.809523939
6.258309000	-6.254404545	0.806180474
6.258310000	-5.921258926	0.791762453
6.258311000	-5.594212055	0.778724814
6.258312000	-5.877981663	0.782634535
6.258313000	-5.361900330	0.761050879
6.258314000	-5.347475529	0.750189909
6.258315000	-5.265217781	0.760089611
6.258316000	-4.925669670	0.748313712
6.258317000	-5.027152538	0.738739648
6.258318000	-4.691887856	0.735846456
6.258319000	-4.724847317	0.739640196
6.258320000	-4.699837685	0.735657771
6.258321000	-4.610054970	0.732562579
6.258322000	-4.605701447	0.728549661
6.258323000	-3.875217676	0.691275326
6.258324000	-3.842381001	0.685326889
6.258325000	-3.911943197	0.690457003
6.258326000	-3.663159370	0.667718934
6.258327000	-3.854255915	0.675270993
6.258328000	-3.709994316	0.667760812
6.258329000	-3.600245237	0.668320875
6.258330000	-3.482466698	0.655891969
6.258331000	-3.333772421	0.638039069
6.258332000	-3.362045527	0.638092665
6.258333000	-3.164589643	0.611858065
6.258334000	-3.127634525	0.607055586
6.258335000	-3.021117210	0.599082348
6.258336000	-2.829922438	0.577567003
6.258337000	-2.670324564	0.567202179
6.258338000	-2.709611177	0.574098568
6.258339000	-2.610877514	0.566011147
6.258340000	-2.535181284	0.548798937
6.258341000	-2.522915602	0.542499962
6.258342000	-2.411954641	0.536393900
6.258343000	-2.399299860	0.525179395
6.258344000	-2.252802134	0.515234586
6.258345000	-2.217263937	0.518234969
6.258346000	-2.187084675	0.505353992
6.258347000	-2.106657505	0.492876017
6.258348000	-2.051691771	0.488645319
6.258349000	-2.032423496	0.481507215
6.258350000	-1.869912744	0.463472055
6.258351000	-1.871500015	0.459705580
6.258352000	-1.785529852	0.447635534
6.258353000	-1.788433194	0.449896125
6.258354000	-1.752953887	0.432799597
6.258355000	-1.759029508	0.436026183
6.258356000	-1.674323082	0.421244773
6.258357000	-1.611687899	0.408922560
6.258358000	-1.485910535	0.392751080
6.258359000	-1.427364111	0.381656650
6.258360000	-1.501026511	0.387250953
6.258361000	-1.345569611	0.361406107
6.258362000	-1.318821073	0.343781107
6.258363000	-1.330943465	0.349443753
6.258364000	-1.199472547	0.317111746
6.258365000	-1.229465246	0.319991089
6.258366000	-1.226660013	0.325342378
6.258367000	-1.204676151	0.318292824
6.258368000	-1.218673110	0.305092533
6.258369000	-1.113909721	0.284291714
6.258370000	-1.092854977	0.281620264
6.258371000	-1.031574845	0.264459353
6.258372000	-0.998933494	0.254400427
6.258373000	-1.035372257	0.259729479
6.258374000	-0.921501040	0.240911350
6.258375000	-1.033227086	0.241425456
6.258376000	-0.910320103	0.211093000
6.258377000	-0.903234541	0.212082065
6.258378000	-0.936179996	0.238215648
6.258379000	-0.838253975	0.194186189
6.258380000	-0.788025141	0.183697096
6.258381000	-0.854543865	0.180978790
6.258382000	-0.878945172	0.181485756
6.258383000	-0.868345141	0.159620122
6.258384000	-0.834139168	0.150762848
6.258385000	-0.837947845	0.145503770
6.258386000	-0.783631921	0.131700789
6.258387000	-0.809375167	0.135104434
6.258388000	-0.781759322	0.128932808
6.258389000	-0.807713747	0.115300993
6.258390000	-0.791862190	0.106269973
6.258391000	-0.813773572	0.101387333
6.258392000	-0.829369664	0.085725832
6.258393000	-0.814023256	0.068423836
6.258394000	-0.780426145	0.057818405
6.258395000	-0.809786499	0.061082654
6.258396000	-0.823156953	0.037588005
6.258397000	-0.837520361	0.025907891
6.258398000	-0.869772494	0.018681016
6.258399000	-0.862971485	0.000949661
6.258400000	-0.876275241	0.003596986
6.258401000	-0.793710172	-0.006545486
6.258402000	-0.871970057	-0.017436372
6.258403000	-0.836975396	-0.016459303
6.258404000	-0.869493067	-0.033064839
6.258405000	-0.896875679	-0.049177775
6.258406000	-0.883521974	-0.054809657
6.258407000	-0.913668394	-0.065206646
6.258408000	-0.923936963	-0.080238414
6.258409000	-0.991251230	-0.082783888
6.258410000	-1.000042558	-0.092150800
6.258411000	-1.002174020	-0.107942713
6.258412000	-1.014031887	-0.117369063
6.258413000	-1.040836573	-0.131779136
6.258414000	-1.033751249	-0.128305567
6.258415000	-1.133184433	-0.136361837
6.258416000	-1.151664138	-0.144647131
6.258417000	-1.102937937	-0.163858310
6.258418000	-1.184991598	-0.166931581
6.258419000	-1.230138779	-0.164837787
6.258420000	-1.282522678	-0.183854855
6.258421000	-1.308655500	-0.193531334
6.258422000	-1.401434422	-0.205121644
6.258423000	-1.456758857	-0.216396802
6.258424000	-1.370006323	-0.207046627
6.258425000	-1.568862438	-0.241677009
6.258426000	-1.484127879	-0.241716390
6.258427000	-1.550736308	-0.252321014
6.258428000	-1.595153332	-0.259078886
6.258429000	-1.621425629	-0.261252558
6.258430000	-1.734382272	-0.294142647
6.258431000	-1.791891932	-0.309070763
6.258432000	-1.799343228	-0.307154353
6.258433000	-1.906576514	-0.314256005
6.258434000	-1.937898397	-0.323089211
6.258435000	-2.021874189	-0.341738462
6.258436000	-2.054445744	-0.355459734
6.258437000	-2.130895853	-0.352927534
6.258438000	-2.198494673	-0.372449071
6.258439000	-2.449609518	-0.400122543
6.258440000	-2.407274961	-0.398486264
6.258441000	-2.423882246	-0.397116500
6.258442000	-2.377262354	-0.400427342
6.258443000	-2.596786261	-0.419167008
6.258444000	-2.689185619	-0.443125937
6.258445000	-2.788289785	-0.443103034
6.258446000	-2.738327503	-0.444032444
6.258447000	-2.892831802	-0.461329742
6.258448000	-2.911663771	-0.463046349
6.258449000	-2.953840971	-0.471362868
6.258450000	-3.150875568	-0.485464772
6.258451000	-3.185373783	-0.483215500
6.258452000	-3.293516636	-0.508435569
6.258453000	-3.498868465	-0.519178028
6.258454000	-3.645123243	-0.532648197
6.258455000	-3.607981443	-0.537600045
6.258456000	-3.718026161	-0.540547066
6.258457000	-3.805619717	-0.546483652
6.258458000	-3.982876778	-0.562941987
6.258459000	-4.045825005	-0.578570415
6.258460000	-4.014662266	-0.573330646
6.258461000	-4.275929451	-0.587248126
6.258462000	-4.428617954	-0.590374344
6.258463000	-4.561433315	-0.607733893
6.258464000	-4.577087402	-0.611827372
6.258465000	-4.821636677	-0.625392183
6.258466000	-4.919029236	-0.640140569
6.258467000	-4.994666576	-0.644218068
6.258468000	-5.450884819	-0.660433790
6.258469000	-5.441678524	-0.665835080
6.258470000	-5.581173420	-0.668126331
6.258471000	-6.050734520	-0.689426227
6.258472000	-6.294927597	-0.695881463
6.258473000	-6.216077805	-0.709698808
6.258474000	-6.506642818	-0.712176014
6.258475000	-6.355462074	-0.711824344
6.258476000	-6.566666603	-0.723527205
6.258477000	-6.761559963	-0.725811998
6.258478000	-6.970296860	-0.739691994
6.258479000	-6.981356144	-0.731815429
6.258480000	-7.070462227	-0.741991700
6.258481000	-7.526988506	-0.759480679
6.258482000	-7.825825691	-0.767796799
6.258483000	-7.879568100	-0.760462853
6.258484000	-7.860604286	-0.764515984
6.258485000	-8.418005943	-0.768574575
6.258486000	-8.729068756	-0.777314404
6.258487000	-8.652241707	-0.777301022
6.258488000	-8.759540558	-0.800358870
6.258489000	-8.959028244	-0.794349714
6.258490000	-9.307070732	-0.798900923
6.258491000	-9.387518883	-0.805204758
6.258492000	-9.875995636	-0.809778271
6.258493000	-9.715641022	-0.817627473
6.258494000	-10.525833130	-0.809837993
6.258495000	-10.610655785	-0.797505293
6.258496000	-11.686194420	-0.824507217
6.258497000	-11.756371498	-0.824513808
6.258498000	-12.063093185	-0.816523459
6.258499000	-12.016542435	-0.797412149
6.258500000	-12.919278145	-0.807947348
6.258501000	-13.106383324	-0.799787689
6.258502000	-13.995081902	-0.767369695
6.258503000	-14.527708054	-0.751428612
6.258504000	-15.326838493	-0.718060535
6.258505000	-14.767110825	-0.768837363
6.258506000	-15.246232033	-0.753246685
6.258507000	-15.879683495	-0.707428596
6.258508000	-16.260711670	-0.702702750
6.258509000	-16.573179245	-0.701037343
6.258510000	-17.758605957	-0.623350737
6.258511000	-17.872909546	-0.575678888
6.258512000	-19.252380371	-0.461164592
6.258513000	-19.848590851	-0.394647384
6.258514000	-19.777845383	-0.412952855
6.258515000	-19.947698593	-0.388757037
6.258516000	-21.000829697	-0.339223872
6.258517000	-20.664009094	-0.406102938
6.258518000	-20.067440033	-0.369489566
6.258519000	-21.636987686	-0.142223338
6.258520000	-21.292510986	-0.100515248
6.258521000	-22.474079132	0.145915145
6.258522000	-22.214365005	0.261794145
6.258523000	-22.165590286	0.325539552
6.258524000	-22.174945831	0.418641866
6.258525000	-21.720577240	0.533444282
6.258526000	-21.208072662	0.642590145
6.258527000	-21.239639282	0.645382602
6.258528000	-20.337512970	0.823782304
6.258529000	-19.110677719	0.979915716
6.258530000	-19.333930969	0.914637576
6.258531000	-18.345907211	0.980864201
6.258532000	-18.143312454	1.043903820
6.258533000	-18.283683777	1.002520427
6.258534000	-17.681604385	1.093918718
6.258535000	-16.929084778	1.086747757
6.258536000	-15.644856453	1.164967728
6.258537000	-15.476687431	1.163260908
6.258538000	-15.707365990	1.159165499
6.258539000	-15.778661728	1.164514591
6.258540000	-15.211115837	1.175970844
6.258541000	-14.815418243	1.188532975
6.258542000	-13.702801704	1.230992418
6.258543000	-13.842351913	1.239691101
6.258544000	-13.564872742	1.238516913
6.258545000	-13.292937279	1.235156670
6.258546000	-12.491418839	1.276848989
6.258547000	-12.370732307	1.250452802
6.258548000	-12.080690384	1.279721741
6.258549000	-12.244307518	1.262729575
6.258550000	-11.589036942	1.276868963
6.258551000	-11.383722305	1.260691591
6.258552000	-11.809571266	1.252429666
6.258553000	-10.646773338	1.266352673
6.258554000	-10.761041641	1.255995373
6.258555000	-10.562064171	1.261069360
6.258556000	-10.490447998	1.263510414
6.258557000	-10.147604942	1.257781022
6.258558000	-10.175371170	1.267520735
6.258559000	-9.891064644	1.269582421
6.258560000	-9.706098557	1.252781470
6.258561000	-9.366632462	1.256697249
6.258562000	-9.274638176	1.254894023
6.258563000	-9.355185509	1.251001546
6.258564000	-8.710235596	1.245541533
6.258565000	-8.673497200	1.238934231
6.258566000	-8.475862503	1.234178358
6.258567000	-8.325004578	1.236299965
6.258568000	-8.136661530	1.239380710
6.258569000	-8.121158600	1.237513701
6.258570000	-8.221371651	1.244221138
6.258571000	-8.000342369	1.218570902
6.258572000	-7.865281105	1.220586249
6.258573000	-7.524449825	1.224953034
6.258574000	-7.571965218	1.220220730
6.258575000	-7.191834450	1.211959871
6.258576000	-7.035808086	1.203704737
6.258577000	-6.933769703	1.205211554
6.258578000	-6.889216900	1.202983420
6.258579000	-6.782978535	1.198276416
6.258580000	-6.549613953	1.191469376
6.258581000	-6.702621937	1.191995750
6.258582000	-6.442511082	1.184831980
6.258583000	-6.377264500	1.191544744
6.258584000	-6.186436176	1.183044067
6.258585000	-6.257380009	1.180270118
6.258586000	-6.235699177	1.174627679
6.258587000	-5.987791061	1.168551011
6.258588000	-5.944160938	1.168070976
6.258589000	-5.715970039	1.150780403
6.258590000	-5.666289806	1.149919669
6.258591000	-5.742212772	1.151427817
6.258592000	-5.395470142	1.151591602
6.258593000	-5.453675270	1.141951491
6.258594000	-5.442078590	1.136400531
6.258595000	-5.136059761	1.133885043
6.258596000	-5.234529972	1.127730744
6.258597000	-5.171334267	1.134034446
6.258598000	-4.984697819	1.121133161
6.258599000	-4.928493500	1.121075105
6.258600000	-4.728289604	1.104213700
6.258601000	-4.654518127	1.101574906
6.258602000	-4.678487778	1.094806216
6.258603000	-4.632175922	1.103682865
6.258604000	-4.552094936	1.098804220
6.258605000	-4.597201347	1.095709827
6.258606000	-4.501548290	1.091955569
6.258607000	-4.513953686	1.093312383
6.258608000	-4.354169369	1.080000505
6.258609000	-4.282731056	1.072252038
6.258610000	-4.232504845	1.075495369
6.258611000	-4.156584263	1.067172990
6.258612000	-4.029760361	1.067035238
6.258613000	-4.095510483	1.060008754
6.258614000	-3.877131224	1.054805403
6.258615000	-3.813140869	1.050054058
6.258616000	-3.677259207	1.040700570
6.258617000	-3.689099550	1.041618828
6.258618000	-3.658263445	1.040098562
6.258619000	-3.687041283	1.042534622
6.258620000	-3.587246656	1.025998855
6.258621000	-3.584174395	1.031002802
6.258622000	-3.537783384	1.034292605
6.258623000	-3.373593092	1.022812982
6.258624000	-3.410213470	1.024221195
6.258625000	-3.323633432	1.016482116
6.258626000	-3.224867105	1.006464702
6.258627000	-3.218097210	1.005948581
6.258628000	-3.248212337	1.007493881
6.258629000	-3.127546549	1.002568830
6.258630000	-3.070917845	0.997283654
6.258631000	-3.088069439	0.993050426
6.258632000	-2.970763206	0.992522388
6.258633000	-2.943217754	0.984397749
6.258634000	-2.883843899	0.983084012
6.258635000	-2.956689596	0.985715947
6.258636000	-2.855189800	0.973970675
6.258637000	-2.824911118	0.965857954
6.258638000	-2.793357849	0.976273177
6.258639000	-2.764288425	0.975348994
6.258640000	-2.779353857	0.970542521
6.258641000	-2.681494951	0.961738509
6.258642000	-2.644162178	0.955019620
6.258643000	-2.634866238	0.958556764
6.258644000	-2.597702503	0.952091408
6.258645000	-2.444481611	0.946782996
6.258646000	-2.478711843	0.946216808
6.258647000	-2.408943176	0.939801785
6.258648000	-2.464411736	0.944822044
6.258649000	-2.423907042	0.946588052
6.258650000	-2.384800196	0.928311510
6.258651000	-2.396981955	0.934469138
6.258652000	-2.319790363	0.926616874
6.258653000	-2.211444616	0.927092115
6.258654000	-2.248993397	0.925548081
6.258655000	-2.200036764	0.914214067
6.258656000	-2.211346388	0.920014964
6.258657000	-2.208612919	0.918092096
6.258658000	-2.142751455	0.912010035
6.258659000	-2.135789156	0.912649526
6.258660000	-2.129248381	0.906238698
6.258661000	-2.017601013	0.903311685
6.258662000	-2.025694847	0.903549172
6.258663000	-2.010684967	0.894744029
6.258664000	-2.023594618	0.895517145
6.258665000	-1.999225736	0.894743563
6.258666000	-1.916618109	0.887184713
6.258667000	-1.905230522	0.882876584
6.258668000	-1.900582433	0.883587315
6.258669000	-1.847296953	0.879720338
6.258670000	-1.822868943	0.874326305
6.258671000	-1.763236880	0.870575043
6.258672000	-1.747441530	0.869103114
6.258673000	-1.760508657	0.870336957
6.258674000	-1.765223384	0.872238587
6.258675000	-1.701185942	0.863598626
6.258676000	-1.700034857	0.863648095
6.258677000	-1.642692804	0.863815674
6.258678000	-1.641292572	0.860383392
6.258679000	-1.693768740	0.861166694
6.258680000	-1.672789812	0.852483058
6.258681000	-1.570710540	0.850918584
6.258682000	-1.548814774	0.851261999
6.258683000	-1.529504299	0.847979053
6.258684000	-1.532005906	0.845560770
6.258685000	-1.502993226	0.841433603
6.258686000	-1.514321208	0.836058878
6.258687000	-1.490792036	0.841896993
6.258688000	-1.474938512	0.836310546
6.258689000	-1.421469569	0.824906891
6.258690000	-1.350725412	0.819313586
6.258691000	-1.343453288	0.819112984
6.258692000	-1.362056613	0.817936000
6.258693000	-1.308424711	0.812205610
6.258694000	-1.320251346	0.820572529
6.258695000	-1.292496085	0.818707518
6.258696000	-1.305120707	0.812099616
6.258697000	-1.308719516	0.815780371
6.258698000	-1.258816361	0.811369044
6.258699000	-1.254679322	0.803882432
6.258700000	-1.226243138	0.803803070
6.258701000	-1.206489325	0.808228112
6.258702000	-1.186214924	0.803765719
6.258703000	-1.175304532	0.796989372
6.258704000	-1.091282606	0.792429441
6.258705000	-1.079845190	0.792020313
6.258706000	-1.160549402	0.794482339
6.258707000	-1.080225229	0.786863967
6.258708000	-1.121128917	0.788726183
6.258709000	-1.136717081	0.784612597
6.258710000	-1.053159237	0.780902481
6.258711000	-0.993393421	0.782326673
6.258712000	-0.990166306	0.780617590
6.258713000	-1.031101823	0.778532401
6.258714000	-0.984349668	0.771195592
6.258715000	-0.904578984	0.767132407
6.258716000	-0.945274711	0.766944654
6.258717000	-0.932099879	0.757955886
6.258718000	-0.914977193	0.761804620
6.258719000	-0.887943625	0.758463085
6.258720000	-0.845640719	0.757399485
6.258721000	-0.860900164	0.755613170
6.258722000	-0.835471511	0.751444990
6.258723000	-0.816487551	0.751956450
6.258724000	-0.838290811	0.753265660
6.258725000	-0.801645637	0.746368206
6.258726000	-0.828949869	0.749305473
6.258727000	-0.756296515	0.746862156
6.258728000	-0.807550788	0.745461666
6.258729000	-0.797300756	0.742047094
6.258730000	-0.784975588	0.739677480
6.258731000	-0.727379382	0.736998540
6.258732000	-0.751242757	0.738557421
6.258733000	-0.712533474	0.737657406
6.258734000	-0.726489663	0.731880809
6.258735000	-0.704286754	0.731452041
6.258736000	-0.713950515	0.733721253
6.258737000	-0.694893599	0.731224340
6.258738000	-0.643137336	0.727540589
6.258739000	-0.681246817	0.726716274
6.258740000	-0.671113968	0.725115448
6.258741000	-0.640628278	0.722890643
6.258742000	-0.663737237	0.722890177
6.258743000	-0.618682444	0.720804190
6.258744000	-0.632503092	0.719679737
6.258745000	-0.626357436	0.716338868
6.258746000	-0.562263668	0.707349234
6.258747000	-0.565231025	0.715143441
6.258748000	-0.540416539	0.709386752
6.258749000	-0.554413259	0.706631113
6.258750000	-0.520863652	0.704503580
6.258751000	-0.530433834	0.708696794
6.258752000	-0.511515081	0.699584522
6.258753000	-0.517494440	0.699119268
6.258754000	-0.521388173	0.701229490
6.258755000	-0.481146514	0.696773355
6.258756000	-0.500797987	0.696086526
6.258757000	-0.505078197	0.695645440
6.258758000	-0.443637043	0.690294484
6.258759000	-0.451431215	0.692661967
6.258760000	-0.433458060	0.692162292
6.258761000	-0.428459525	0.688688065
6.258762000	-0.439014971	0.685371564
6.258763000	-0.412306935	0.688244382
6.258764000	-0.406915218	0.687244299
6.258765000	-0.361963630	0.682838299
6.258766000	-0.388802797	0.679606153
6.258767000	-0.360422611	0.677984155
6.258768000	-0.370870799	0.677965379
6.258769000	-0.370158494	0.675243829
6.258770000	-0.332496315	0.668802041
6.258771000	-0.297904134	0.669517167
6.258772000	-0.324250400	0.669870568
6.258773000	-0.275856316	0.661824892
6.258774000	-0.282473207	0.664466881
6.258775000	-0.285200715	0.658948878
6.258776000	-0.298109829	0.664040842
6.258777000	-0.300480276	0.660155157
6.258778000	-0.294335157	0.660386452
6.258779000	-0.267675966	0.659835644
6.258780000	-0.279562891	0.655365928
6.258781000	-0.186837211	0.652821477
6.258782000	-0.238692537	0.656297967
6.258783000	-0.237815857	0.653696459
6.258784000	-0.194331706	0.646604128
6.258785000	-0.214575365	0.647816665
6.258786000	-0.227408081	0.653202509
6.258787000	-0.184479058	0.642421633
6.258788000	-0.214087471	0.642834223
6.258789000	-0.206192777	0.644421001
6.258790000	-0.156689897	0.646275893
6.258791000	-0.181773573	0.642083678
6.258792000	-0.170472786	0.639700948
6.258793000	-0.181744874	0.641218084
6.258794000	-0.187297508	0.638797204
6.258795000	-0.115821995	0.628475524
6.258796000	-0.138306975	0.628215333
6.258797000	-0.121313848	0.632523795
6.258798000	-0.135937601	0.631890096
6.258799000	-0.122345686	0.634196260
6.258800000	-0.109856680	0.627932905
6.258801000	-0.074678443	0.627446212
6.258802000	-0.126212984	0.626787879
6.258803000	-0.098835029	0.627809135
6.258804000	-0.074409008	0.620369927
6.258805000	-0.106699236	0.626126483
6.258806000	-0.082051046	0.621076131
6.258807000	-0.106572621	0.623949948
6.258808000	-0.070821077	0.619856203
6.258809000	-0.031964663	0.620104743
6.258810000	-0.055130742	0.613696312
6.258811000	-0.079754591	0.615450602
6.258812000	-0.037602957	0.619193409
6.258813000	-0.042293314	0.621721748
6.258814000	0.004415486	0.606545990
6.258815000	-0.051130019	0.618160102
6.258816000	-0.014491678	0.609464149
6.258817000	-0.026976863	0.610058500
6.258818000	0.018995393	0.609671343
6.258819000	-0.017566772	0.611706464
6.258820000	-0.000589234	0.607434954
6.258821000	0.026482211	0.604133566
6.258822000	0.059731767	0.600968798
6.258823000	-0.003567962	0.603251860
6.258824000	0.058058407	0.598756044
6.258825000	0.005396983	0.599920312
6.258826000	0.030619901	0.598656176
6.258827000	0.007328460	0.603031017
6.258828000	0.082296066	0.588426575
6.258829000	0.095062718	0.586666025
6.258830000	0.074626915	0.586878080
6.258831000	0.016775226	0.597114605
6.258832000	0.079343177	0.592500346
6.258833000	0.051115941	0.591343935
6.258834000	0.133468211	0.587989483
6.258835000	0.085118592	0.591376891
6.258836000	0.094383314	0.585246960
6.258837000	0.099037193	0.587348793
6.258838000	0.140864179	0.580964997
6.258839000	0.113666214	0.583987285
6.258840000	0.109740190	0.583572364
6.258841000	0.109064110	0.584760001
6.258842000	0.121528059	0.581931325
6.258843000	0.139185295	0.576659597
6.258844000	0.160863757	0.575853125
6.258845000	0.117595248	0.581214402
6.258846000	0.133665130	0.578561693
6.258847000	0.141528547	0.579796468
6.258848000	0.147633091	0.578785266
6.258849000	0.124266565	0.576470712
6.258850000	0.150870219	0.574848914
6.258851000	0.173977926	0.565462736
6.258852000	0.146269545	0.572520712
6.258853000	0.194434538	0.571089063
6.258854000	0.129364207	0.576259058
6.258855000	0.176756561	0.568690154
6.258856000	0.166820392	0.568649474
6.258857000	0.185810879	0.567335138
6.258858000	0.179056674	0.562163346
6.258859000	0.186112106	0.563943003
6.258860000	0.192636877	0.564441081
6.258861000	0.182452783	0.559612770
6.258862000	0.213192508	0.562474935
6.258863000	0.209733218	0.555545523
6.258864000	0.196482226	0.559881749
6.258865000	0.202277079	0.559407440
6.258866000	0.212289229	0.552530758
6.258867000	0.225266755	0.554754565
6.258868000	0.200047567	0.558164975
6.258869000	0.225357085	0.556072496
6.258870000	0.221046388	0.552530525
6.258871000	0.231505677	0.556106086
6.258872000	0.257878631	0.553865968
6.258873000	0.229146808	0.552227924
6.258874000	0.255084246	0.548722338
6.258875000	0.272255361	0.550866616
6.258876000	0.278880179	0.547291688
6.258877000	0.288062096	0.546329322
6.258878000	0.258211076	0.549396218
6.258879000	0.243949383	0.546243501
6.258880000	0.275321394	0.545256800
6.258881000	0.265398443	0.543874453
6.258882000	0.247851610	0.542225590
6.258883000	0.263779551	0.541797986
6.258884000	0.286051214	0.539331666
6.258885000	0.288835824	0.539246745
6.258886000	0.276422501	0.542645271
6.258887000	0.305946261	0.535714228
6.258888000	0.286377072	0.534156678
6.258889000	0.321919531	0.535586063
6.258890000	0.283628732	0.535954645
6.258891000	0.309908152	0.533537393
6.258892000	0.293498576	0.535440388
6.258893000	0.315980941	0.532609049
6.258894000	0.332927167	0.534258777
6.258895000	0.333657295	0.534177917
6.258896000	0.322821259	0.531773382
6.258897000	0.329889446	0.530474958
6.258898000	0.298576117	0.539236025
6.258899000	0.362858206	0.527013680
6.258900000	0.333322316	0.526205078
6.258901000	0.352789670	0.526254646
6.258902000	0.347186059	0.525120206
6.258903000	0.378549665	0.525890126
6.258904000	0.374891490	0.524950796
6.258905000	0.366692930	0.522389234
6.258906000	0.358188897	0.519439417
6.258907000	0.378333479	0.521770416
6.258908000	0.364632159	0.521200732
6.258909000	0.359236270	0.520051545
6.258910000	0.347293109	0.521281959
6.258911000	0.366036236	0.518734712
6.258912000	0.383891284	0.515898412
6.258913000	0.367609531	0.514939607
6.258914000	0.376697898	0.511198765
6.258915000	0.402123213	0.517340547
6.258916000	0.412321121	0.513129590
6.258917000	0.392251849	0.510698490
6.258918000	0.419796050	0.513294872
6.258919000	0.412644684	0.515122433
6.258920000	0.383614749	0.511868849
6.258921000	0.414004952	0.508531875
6.258922000	0.438290864	0.510515531
6.258923000	0.452638179	0.506618194
6.258924000	0.415393472	0.506528845
6.258925000	0.454504251	0.505440711
6.258926000	0.418408513	0.503005916
6.258927000	0.413052499	0.508740967
6.258928000	0.403932929	0.504411166
6.258929000	0.426347673	0.502341590
6.258930000	0.444538355	0.502032031
6.258931000	0.475487232	0.501599434
6.258932000	0.422320426	0.501351427
6.258933000	0.439757138	0.496682706
6.258934000	0.450298518	0.497903332
6.258935000	0.472505540	0.500047676
6.258936000	0.415099740	0.498212292
6.258937000	0.498799980	0.496311528
6.258938000	0.445436507	0.497894011
6.258939000	0.444931954	0.495191702
6.258940000	0.473090082	0.496220248
6.258941000	0.452115387	0.494116550
6.258942000	0.422793180	0.495255651
6.258943000	0.427317023	0.493360379
6.258944000	0.461644381	0.494050104
6.258945000	0.423557222	0.495276490
6.258946000	0.483211577	0.494857808
6.258947000	0.478929847	0.497978434
6.258948000	0.464562863	0.493611182
6.258949000	0.487794101	0.489905760
6.258950000	0.481295198	0.489424626
6.258951000	0.464993179	0.490766826
6.258952000	0.467417985	0.489225422
6.258953000	0.492621034	0.491847304
6.258954000	0.494830042	0.488513459
6.258955000	0.508771300	0.487303219
6.258956000	0.499248773	0.489292700
6.258957000	0.485286087	0.485656919
6.258958000	0.499162436	0.488448178
6.258959000	0.484995693	0.485893508
6.258960000	0.480534762	0.483537576
6.258961000	0.462600112	0.487263172
6.258962000	0.505332708	0.483025749
6.258963000	0.522162318	0.481618002
6.258964000	0.506256223	0.482220709
6.258965000	0.514661312	0.484504669
6.258966000	0.516704679	0.479179878
6.258967000	0.529008329	0.477847266
6.258968000	0.504427135	0.475114663
6.258969000	0.512416661	0.478779672
6.258970000	0.543068111	0.474024032
6.258971000	0.511435270	0.477034769
6.258972000	0.515255451	0.478130926
6.258973000	0.542287230	0.473103311
6.258974000	0.556810975	0.474330462
6.258975000	0.551101685	0.475746598
6.258976000	0.516611278	0.474531064
6.258977000	0.525021374	0.468791553
6.258978000	0.515812755	0.474951578
6.258979000	0.525825500	0.471491632
6.258980000	0.541631460	0.471997832
6.258981000	0.530132949	0.471636774
6.258982000	0.524776518	0.473821232
6.258983000	0.530656338	0.473725758
6.258984000	0.571611226	0.470505896
6.258985000	0.540319085	0.467888209
6.258986000	0.529731750	0.469279843
6.258987000	0.588355005	0.469165694
6.258988000	0.561484277	0.463261765
6.258989000	0.536656380	0.468533859
6.258990000	0.532150805	0.465935745
6.258991000	0.563833296	0.469183870
6.258992000	0.575944304	0.462077258
6.258993000	0.580298364	0.465227211
6.258994000	0.550371170	0.462612154
6.258995000	0.562264979	0.465231239
6.258996000	0.555157781	0.465361734
6.258997000	0.564742804	0.460524002
6.258998000	0.578231931	0.463910212
6.258999000	0.573561788	0.463290561
6.259000000	0.576879144	0.459916868
6.259001000	0.577480316	0.460898942
6.259002000	0.577897549	0.456722340
6.259003000	0.581455886	0.458928336
6.259004000	0.575662494	0.457553712
6.259005000	0.570151746	0.456596972
6.259006000	0.580337703	0.460937059
6.259007000	0.592656553	0.453566394
6.259008000	0.602257013	0.457386000
6.259009000	0.619560540	0.454333917
6.259010000	0.604058981	0.457836540
6.259011000	0.607010186	0.458287480
6.259012000	0.610834241	0.456248330
6.259013000	0.590441048	0.451045978
6.259014000	0.595752656	0.451753547
6.259015000	0.599378586	0.452908726
6.259016000	0.594842255	0.451002070
6.259017000	0.635754406	0.451975821
6.259018000	0.593141139	0.453028169
6.259019000	0.602909267	0.443172010
6.259020000	0.612905264	0.450565245
6.259021000	0.625863910	0.449553709
6.259022000	0.600047708	0.448064436
6.259023000	0.593422890	0.446878198
6.259024000	0.642225206	0.444708121
6.259025000	0.629711628	0.446743409
6.259026000	0.608036578	0.446434216
6.259027000	0.628921449	0.446350692
6.259028000	0.635044932	0.446021426
6.259029000	0.637188077	0.443730375
6.259030000	0.663622200	0.445837801
6.259031000	0.632715285	0.441761067
6.259032000	0.632191360	0.442543637
6.259033000	0.598525345	0.439860735
6.259034000	0.641405046	0.439334095
6.259035000	0.615260601	0.444459415
6.259036000	0.639438927	0.437318215
6.259037000	0.640718043	0.434298657
6.259038000	0.645984530	0.437160123
6.259039000	0.636811137	0.437805108
6.259040000	0.647217989	0.439399675
6.259041000	0.692439437	0.437543885
6.259042000	0.637351036	0.436755922
6.259043000	0.644024193	0.441463026
6.259044000	0.639369130	0.435935003
6.259045000	0.669958234	0.436731887
6.259046000	0.681161940	0.436457848
6.259047000	0.666838706	0.437995690
6.259048000	0.656097949	0.436070591
6.259049000	0.637191236	0.431448908
6.259050000	0.627255082	0.440469434
6.259051000	0.672278404	0.434164034
6.259052000	0.667565942	0.435717622
6.259053000	0.688227355	0.430343829
6.259054000	0.681891441	0.432377552
6.259055000	0.671526909	0.428785580
6.259056000	0.674930751	0.429535227
6.259057000	0.677153826	0.430787345
6.259058000	0.661364317	0.427512656
6.259059000	0.681198239	0.429974449
6.259060000	0.691019893	0.429123203
6.259061000	0.682835817	0.430523892
6.259062000	0.654888809	0.432191630
6.259063000	0.685220718	0.430816141
6.259064000	0.677706063	0.426847798
6.259065000	0.698316634	0.429613890
6.259066000	0.678443730	0.428069623
6.259067000	0.690769076	0.426701157
6.259068000	0.669527590	0.421466947
6.259069000	0.667243242	0.422445659
6.259070000	0.673814058	0.425117842
6.259071000	0.651182890	0.425467981
6.259072000	0.688523591	0.422778554
6.259073000	0.694612265	0.422072184
6.259074000	0.693470240	0.421793151
6.259075000	0.670292497	0.421629766
6.259076000	0.677910626	0.422737142
6.259077000	0.692253828	0.422565268
6.259078000	0.668479085	0.421306791
6.259079000	0.684177935	0.427938329
6.259080000	0.720056891	0.419733962
6.259081000	0.673230350	0.420485739
6.259082000	0.659312904	0.424213132
6.259083000	0.701479673	0.419434622
6.259084000	0.693951011	0.420453448
6.259085000	0.644828975	0.422297554
6.259086000	0.690461814	0.416794298
6.259087000	0.700911939	0.416200480
6.259088000	0.698981881	0.418735410
6.259089000	0.689249992	0.417352730
6.259090000	0.731618166	0.416689369
6.259091000	0.718728065	0.414281040
6.259092000	0.700779200	0.411409886
6.259093000	0.718817413	0.416910911
6.259094000	0.708322704	0.417003489
6.259095000	0.714726150	0.413536520
6.259096000	0.713476896	0.414049112
6.259097000	0.718975306	0.410568293
6.259098000	0.699545801	0.411602099
6.259099000	0.695708156	0.416799291
6.259100000	0.718083084	0.407112010
6.259101000	0.705788374	0.414021381
6.259102000	0.714898944	0.415110814
6.259103000	0.714903712	0.412814936
6.259104000	0.712401986	0.408790134
6.259105000	0.732155979	0.413048495
6.259106000	0.715653718	0.413637653
6.259107000	0.736210167	0.409663251
6.259108000	0.720818400	0.410637070
6.259109000	0.713303089	0.410345254
6.259110000	0.721915126	0.410143020
6.259111000	0.693568766	0.406855314
6.259112000	0.752262592	0.407561252
6.259113000	0.742802262	0.410724787
6.259114000	0.749016941	0.405825736
6.259115000	0.740649462	0.409679763
6.259116000	0.722852468	0.404113190
6.259117000	0.713731170	0.406231169
6.259118000	0.726186156	0.402659704
6.259119000	0.744813383	0.403804497
6.259120000	0.747162580	0.402224044
6.259121000	0.755564511	0.403782359
6.259122000	0.767545760	0.405812520
6.259123000	0.764211953	0.404660037
6.259124000	0.745614529	0.400100306
6.259125000	0.755956411	0.403427227
6.259126000	0.754022777	0.404045513
6.259127000	0.757675588	0.400194282
6.259128000	0.750600755	0.405186078
6.259129000	0.755315423	0.403654860
6.259130000	0.750051498	0.401709621
6.259131000	0.795483053	0.400412162
6.259132000	0.763578057	0.401378690
6.259133000	0.765556574	0.396184361
6.259134000	0.747687638	0.402840100
6.259135000	0.720864236	0.397828530
6.259136000	0.738410532	0.397453989
6.259137000	0.740555584	0.401509651
6.259138000	0.785304427	0.395785885
6.259139000	0.759481430	0.397497232
6.259140000	0.750896335	0.395433948
6.259141000	0.768792570	0.396483500
6.259142000	0.748259664	0.397474995
6.259143000	0.794311643	0.390909903
6.259144000	0.774527967	0.396889066
6.259145000	0.758981884	0.396020376
6.259146000	0.771063924	0.393768075
6.259147000	0.766772151	0.391992112
6.259148000	0.780501008	0.396111024
6.259149000	0.762091637	0.395823469
6.259150000	0.770713985	0.395227753
6.259151000	0.775506794	0.392369149
6.259152000	0.754692316	0.394690061
6.259153000	0.767364323	0.391855659
6.259154000	0.755611598	0.391934854
6.259155000	0.795826435	0.394005995
6.259156000	0.806761205	0.395126719
6.259157000	0.789721727	0.393774466
6.259158000	0.772748470	0.391053082
6.259159000	0.775571287	0.389609582
6.259160000	0.766292036	0.392058691
6.259161000	0.761164010	0.391229749
6.259162000	0.763210177	0.386740525
6.259163000	0.775684714	0.389681853
6.259164000	0.771138072	0.388614292
6.259165000	0.780247927	0.390052732
6.259166000	0.766416728	0.386258460
6.259167000	0.746124506	0.388218413
6.259168000	0.784713984	0.385510111
6.259169000	0.781075895	0.384740458
6.259170000	0.792884529	0.386573245
6.259171000	0.790124595	0.386635830
6.259172000	0.785253644	0.387009471
6.259173000	0.797771931	0.384141047
6.259174000	0.811645687	0.388564391
6.259175000	0.783133507	0.388918492
6.259176000	0.790166318	0.384218944
6.259177000	0.803067982	0.380839160
6.259178000	0.783977330	0.383230912
6.259179000	0.809052885	0.384878443
6.259180000	0.792762518	0.384634797
6.259181000	0.804858088	0.378979308
6.259182000	0.796171069	0.383075316
6.259183000	0.786175072	0.377589704
6.259184000	0.813166797	0.377679319
6.259185000	0.808461964	0.378396209
6.259186000	0.810144424	0.380990794
6.259187000	0.817077339	0.383590505
6.259188000	0.814791024	0.378405730
6.259189000	0.785743117	0.378985100
6.259190000	0.820896149	0.375886213
6.259191000	0.803145468	0.379455015
6.259192000	0.819990456	0.377226249
6.259193000	0.809572816	0.377364567
6.259194000	0.833624899	0.377505914
6.259195000	0.804416358	0.378555299
6.259196000	0.823414862	0.376591851
6.259197000	0.788443089	0.381352118
6.259198000	0.800591826	0.377027710
6.259199000	0.811836541	0.377942073
6.259200000	0.794874370	0.374835096
6.259201000	0.794875205	0.377482179
6.259202000	0.807511985	0.377024015
6.259203000	0.785720587	0.378502036
6.259204000	0.785506308	0.377042491
6.259205000	0.819894493	0.376358991
6.259206000	0.809336782	0.373716702
6.259207000	0.815280437	0.375268060
6.259208000	0.790343165	0.373650023
6.259209000	0.820673525	0.375077344
6.259210000	0.820890188	0.375125880
6.259211000	0.849981487	0.375103243
6.259212000	0.840927660	0.371845931
6.259213000	0.820785940	0.371297154
6.259214000	0.825057089	0.372111948
6.259215000	0.848103464	0.371534541
6.259216000	0.819874883	0.373416664
6.259217000	0.829900801	0.370584525
6.259218000	0.839889467	0.368538818
6.259219000	0.820969403	0.369252345
6.259220000	0.829088330	0.370200264
6.259221000	0.798730075	0.369204774
6.259222000	0.814625502	0.370137580
6.259223000	0.836549044	0.370067406
6.259224000	0.817505658	0.370047798
6.259225000	0.828435898	0.370720080
6.259226000	0.841444254	0.368685059
6.259227000	0.854196250	0.369999795
6.259228000	0.825062990	0.370458957
6.259229000	0.806749284	0.366158384
6.259230000	0.851683557	0.364939555
6.259231000	0.829005063	0.370180357
6.259232000	0.858151495	0.365295154
6.259233000	0.826937437	0.370169904
6.259234000	0.803144813	0.366171467
6.259235000	0.840699196	0.366917452
6.259236000	0.832534969	0.367798292
6.259237000	0.838497519	0.366329459
6.259238000	0.850635529	0.360289643
6.259239000	0.822573304	0.368262282
6.259240000	0.833213687	0.366098497
6.259241000	0.878081024	0.366895248
6.259242000	0.834236741	0.363660772
6.259243000	0.818916082	0.365279541
6.259244000	0.813283026	0.358333518
6.259245000	0.845908344	0.360907696
6.259246000	0.857171416	0.362987958
6.259247000	0.845509648	0.368357223
6.259248000	0.850732625	0.364581027
6.259249000	0.829217136	0.361781479
6.259250000	0.836824179	0.360477329
6.259251000	0.847738922	0.363106635
6.259252000	0.853020787	0.364232153
6.259253000	0.869242787	0.361898092
6.259254000	0.852037668	0.359593659
6.259255000	0.866511941	0.362644676
6.259256000	0.856069863	0.357769427
6.259257000	0.855700731	0.359631276
6.259258000	0.840048850	0.359037325
6.259259000	0.839530587	0.358396368
6.259260000	0.858756602	0.359499317
6.259261000	0.855765104	0.357415992
6.259262000	0.852995038	0.359755080
6.259263000	0.834851325	0.356489845
6.259264000	0.880227268	0.357225942
6.259265000	0.824091673	0.356896343
6.259266000	0.861804903	0.358207617
6.259267000	0.863208354	0.352313808
6.259268000	0.882522821	0.356686819
6.259269000	0.840146244	0.358610819
6.259270000	0.846138299	0.356787253
6.259271000	0.878013134	0.356724036
6.259272000	0.866222739	0.356294935
6.259273000	0.860942543	0.356057847
6.259274000	0.858039618	0.353038488
6.259275000	0.826969683	0.355197080
6.259276000	0.888954163	0.351131265
6.259277000	0.876603544	0.356534120
6.259278000	0.877046287	0.356272298
6.259279000	0.864560783	0.351320849
6.259280000	0.868698061	0.354386314
6.259281000	0.878196537	0.353964569
6.259282000	0.846458673	0.353038255
6.259283000	0.898694873	0.352498066
6.259284000	0.833751440	0.352550297
6.259285000	0.877105832	0.354555058
6.259286000	0.890667081	0.351259763
6.259287000	0.867411137	0.347745921
6.259288000	0.875451148	0.348977167
6.259289000	0.850702822	0.351723186
6.259290000	0.865696132	0.350666643
6.259291000	0.882645786	0.348290571
6.259292000	0.903272867	0.353482870
6.259293000	0.859080970	0.349911371
6.259294000	0.878782570	0.349939001
6.259295000	0.867882192	0.351782774
6.259296000	0.829786301	0.352651930
6.259297000	0.870554328	0.349962337
6.259298000	0.872638226	0.348501294
6.259299000	0.878591239	0.347425343
6.259300000	0.849161446	0.346407250
6.259301000	0.890982687	0.350607921
6.259302000	0.878032744	0.345434697
6.259303000	0.851967156	0.348322529
6.259304000	0.885491014	0.345938167
6.259305000	0.847837031	0.349715362
6.259306000	0.883501768	0.345507568
6.259307000	0.889394939	0.347269049
6.259308000	0.863663852	0.343470915
6.259309000	0.863040268	0.345319182
6.259310000	0.891523302	0.344500893
6.259311000	0.887600839	0.344929861
6.259312000	0.881257296	0.341760567
6.259313000	0.898357034	0.344802629
6.259314000	0.905555964	0.343922388
6.259315000	0.866617620	0.347235193
6.259316000	0.879785240	0.343393783
6.259317000	0.922006249	0.345686798
6.259318000	0.878151715	0.341201070
6.259319000	0.866828442	0.341050734
6.259320000	0.875005543	0.343855209
6.259321000	0.889369071	0.346315770
6.259322000	0.877173364	0.344524029
6.259323000	0.894234419	0.343020042
6.259324000	0.879918635	0.344427090
6.259325000	0.873352408	0.341331465
6.259326000	0.880753458	0.339822617
6.259327000	0.903734028	0.338691340
6.259328000	0.896509886	0.343140017
6.259329000	0.903607368	0.337730338
6.259330000	0.873527288	0.339997254
6.259331000	0.887646437	0.341071640
6.259332000	0.886985123	0.341760700
6.259333000	0.901373506	0.340025018
6.259334000	0.885034740	0.342237306
6.259335000	0.899651349	0.337869755
6.259336000	0.903633356	0.339004594
6.259337000	0.888223827	0.340705988
6.259338000	0.870178998	0.336242663
6.259339000	0.885735929	0.336152515
6.259340000	0.873643696	0.339758668
6.259341000	0.909363806	0.341929211
6.259342000	0.898656666	0.338462641
6.259343000	0.878243208	0.337464322
6.259344000	0.882188678	0.336623795
6.259345000	0.907112122	0.338830024
6.259346000	0.886860490	0.338550359
6.259347000	0.912814379	0.336272224
6.259348000	0.898884177	0.334894837
6.259349000	0.925366819	0.336795069
6.259350000	0.897868395	0.334706918
6.259351000	0.892408133	0.334364702
6.259352000	0.913468063	0.335391750
6.259353000	0.903386414	0.335215881
6.259354000	0.872334242	0.335859201
6.259355000	0.900610507	0.335666155
6.259356000	0.892342448	0.334824829
6.259357000	0.904822528	0.336091296
6.259358000	0.893369853	0.335655736
6.259359000	0.919454694	0.336609813
6.259360000	0.897882700	0.331809898
6.259361000	0.918538511	0.335326036
6.259362000	0.929865658	0.331782800
6.259363000	0.912332118	0.329934667
6.259364000	0.909953415	0.333663092
6.259365000	0.917900264	0.331076796
6.259366000	0.916463315	0.333828408
6.259367000	0.914918423	0.332140163
6.259368000	0.904900849	0.334684148
6.259369000	0.893692672	0.331430131
6.259370000	0.923515558	0.334514937
6.259371000	0.893092513	0.334979359
6.259372000	0.912682295	0.332461507
6.259373000	0.923380494	0.332069157
6.259374000	0.927974641	0.336805988
6.259375000	0.912807167	0.330903891
6.259376000	0.923664033	0.329719916
6.259377000	0.935986578	0.328859981
6.259378000	0.897988975	0.331154394
6.259379000	0.942573726	0.328272122
6.259380000	0.933647037	0.326906752
6.259381000	0.895082414	0.332692470
6.259382000	0.907026827	0.327749443
6.259383000	0.916154861	0.330024881
6.259384000	0.906525910	0.330541235
6.259385000	0.891732275	0.330372890
6.259386000	0.926058352	0.332172221
6.259387000	0.935048580	0.326830586
6.259388000	0.933209777	0.323940923
6.259389000	0.905983329	0.328137865
6.259390000	0.928106308	0.328261203
6.259391000	0.902269721	0.324566932
6.259392000	0.930512786	0.329850511
6.259393000	0.905643821	0.328794933
6.259394000	0.893567741	0.327542682
6.259395000	0.935197711	0.329551271
6.259396000	0.899042428	0.323690819
6.259397000	0.907537401	0.330949464
6.259398000	0.932871938	0.325011114
6.259399000	0.916498661	0.329467648
6.259400000	0.917791545	0.325392712
6.259401000	0.908930719	0.325967322
6.259402000	0.896565557	0.323397305
6.259403000	0.899435163	0.327639821
6.259404000	0.899082959	0.322630781
6.259405000	0.927962780	0.324855086
6.259406000	0.908595502	0.324130773
6.259407000	0.924820125	0.324223551
6.259408000	0.929176092	0.325722112
6.259409000	0.903385520	0.327198601
6.259410000	0.942220449	0.323612522
6.259411000	0.916693091	0.319650104
6.259412000	0.904793203	0.323166842
6.259413000	0.915160239	0.325213814
6.259414000	0.919127166	0.325146569
6.259415000	0.936708331	0.322814040
6.259416000	0.909485221	0.320906351
6.259417000	0.920780241	0.323340313
6.259418000	0.912903190	0.322140759
6.259419000	0.911876023	0.323716385
6.259420000	0.922424793	0.321647275
6.259421000	0.912804067	0.320617032
6.259422000	0.904252172	0.322090825
6.259423000	0.933833718	0.320155639
6.259424000	0.909864545	0.319838989
6.259425000	0.942812502	0.321389248
6.259426000	0.934545398	0.326980722
6.259427000	0.940126121	0.323781300
6.259428000	0.911397874	0.321271803
6.259429000	0.937370718	0.322811277
6.259430000	0.930633366	0.320668697
6.259431000	0.927943707	0.322467729
6.259432000	0.921427727	0.318764736
6.259433000	0.914632916	0.319880201
6.259434000	0.935505211	0.318597790
6.259435000	0.923196614	0.317682494
6.259436000	0.940966010	0.317455160
6.259437000	0.917806387	0.323175797
6.259438000	0.900510073	0.320081570
6.259439000	0.923984408	0.319158718
6.259440000	0.934171498	0.319727735
6.259441000	0.921583295	0.317687321
6.259442000	0.944940269	0.317627933
6.259443000	0.916295171	0.318469425
6.259444000	0.885895312	0.319923544
6.259445000	0.908918321	0.319137812
6.259446000	0.952748835	0.318408938
6.259447000	0.930271089	0.313335050
6.259448000	0.932001472	0.318152309
6.259449000	0.941825867	0.315058881
6.259450000	0.916996956	0.314401646
6.259451000	0.955667913	0.312630345
6.259452000	0.935231686	0.314450016
6.259453000	0.918129086	0.318678450
6.259454000	0.940613985	0.316199513
6.259455000	0.917810857	0.313562218
6.259456000	0.936573446	0.317341210
6.259457000	0.914019644	0.318258569
6.259458000	0.919464767	0.317494708
6.259459000	0.934766412	0.313295169
6.259460000	0.938442767	0.314151309
6.259461000	0.934550107	0.316896729
6.259462000	0.949332297	0.313855931
6.259463000	0.945103407	0.311623770
6.259464000	0.930803597	0.314395987
6.259465000	0.942079902	0.310409501
6.259466000	0.967892826	0.316792532
6.259467000	0.950617254	0.313152857
6.259468000	0.943249583	0.311604295
6.259469000	0.962419152	0.314531642
6.259470000	0.918263793	0.314442293
6.259471000	0.941572726	0.308534103
6.259472000	0.937198043	0.310893531
6.259473000	0.941832542	0.312216689
6.259474000	0.916103125	0.315523569
6.259475000	0.939375103	0.314602881
6.259476000	0.952423692	0.311255588
6.259477000	0.933621824	0.310731744
6.259478000	0.946772397	0.309561451
6.259479000	0.930288792	0.311723638
6.259480000	0.953617752	0.308691662
6.259481000	0.959442317	0.310621456
6.259482000	0.917678237	0.312632642
6.259483000	0.945228875	0.307262011
6.259484000	0.928587258	0.310965636
6.259485000	0.939229429	0.309363911
6.259486000	0.967035592	0.308511666
6.259487000	0.971745372	0.311374398
6.259488000	0.933802903	0.314755414
6.259489000	0.944409192	0.310613433
6.259490000	0.941920102	0.312385767
6.259491000	0.953702390	0.307806894
6.259492000	0.964928806	0.308968531
6.259493000	0.951088846	0.306241022
6.259494000	0.940848827	0.309084079
6.259495000	0.941728711	0.306946493
6.259496000	0.944829524	0.306237992
6.259497000	0.917295039	0.306941766
6.259498000	0.951440275	0.310288560
6.259499000	0.929280937	0.306087723
6.259500000	0.929311514	0.308216721
6.259501000	0.950619936	0.308998592
6.259502000	0.964812398	0.306923823
6.259503000	0.945880234	0.302782374
6.259504000	0.956768394	0.306985708
6.259505000	0.962041795	0.305327224
6.259506000	0.972788453	0.307833159
6.259507000	0.905963838	0.304590794
6.259508000	0.938778341	0.308199810
6.259509000	0.962262928	0.303876501
6.259510000	0.962478280	0.304673452
6.259511000	0.959784746	0.306174676
6.259512000	0.956229568	0.306436198
6.259513000	0.954219401	0.304587132
6.259514000	0.957111597	0.304757474
6.259515000	0.963950872	0.307764083
6.259516000	0.960653484	0.305956629
6.259517000	0.959127903	0.302378173
6.259518000	0.929110467	0.304058328
6.259519000	0.983618379	0.302021210
6.259520000	0.957880139	0.301626729
6.259521000	0.951499045	0.307014603
6.259522000	0.936096787	0.304232166
6.259523000	0.951467812	0.303348496
6.259524000	0.945047975	0.304070113
6.259525000	0.960244596	0.304895892
6.259526000	0.955700159	0.302312393
6.259527000	0.923286915	0.304519421
6.259528000	0.960045516	0.303981529
6.259529000	0.961316168	0.304871558
6.259530000	0.949136019	0.302343119
6.259531000	0.949779153	0.301460581
6.259532000	0.958737195	0.301187108
6.259533000	0.961954474	0.303218700
6.259534000	0.975371361	0.304554542
6.259535000	0.961431742	0.302725383
6.259536000	0.963648975	0.304566759
6.259537000	0.978397012	0.305021760
6.259538000	0.965571761	0.302794525
6.259539000	0.965488613	0.298327671
6.259540000	0.967441559	0.304649616
6.259541000	0.938360274	0.300912070
6.259542000	0.980651498	0.303387811
6.259543000	0.967579305	0.298759137
6.259544000	0.936957002	0.304590561
6.259545000	0.947073162	0.302880345
6.259546000	0.926356077	0.302934940
6.259547000	0.980429113	0.300743525
6.259548000	0.940114319	0.297788847
6.259549000	0.948407054	0.300363858
6.259550000	0.958134174	0.301468737
6.259551000	0.985595942	0.300753612
6.259552000	0.955268979	0.300021309
6.259553000	0.954997659	0.296453805
6.259554000	0.947647274	0.295392335
6.259555000	0.982136309	0.300047374
6.259556000	0.964046896	0.301671969
6.259557000	0.951675951	0.299856892
6.259558000	0.979058921	0.297938850
6.259559000	0.952238739	0.301440008
6.259560000	0.962706149	0.299789347
6.259561000	0.954323769	0.299399328
6.259562000	0.971494675	0.296298110
6.259563000	0.971176624	0.296750681
6.259564000	0.965259075	0.297465307
6.259565000	0.987227261	0.302685269
6.259566000	0.973501921	0.296832273
6.259567000	0.982941210	0.294684201
6.259568000	0.975241303	0.298088653
6.259569000	1.003481388	0.298550112
6.259570000	0.964004815	0.297162605
6.259571000	0.959814847	0.299807390
6.259572000	0.989933848	0.295742741
6.259573000	0.982517540	0.294498146
6.259574000	0.963384330	0.295456817
6.259575000	1.000666618	0.294220877
6.259576000	0.980779946	0.294787099
6.259577000	0.966204941	0.294167348
6.259578000	0.990212083	0.296265686
6.259579000	0.992501616	0.293905992
6.259580000	0.951044261	0.296959572
6.259581000	0.964945793	0.297113070
6.259582000	1.013184071	0.290980543
6.259583000	0.993435204	0.292985370
6.259584000	0.979936898	0.293394665
6.259585000	0.947345972	0.296150171
6.259586000	0.959248781	0.293151685
6.259587000	0.990799010	0.292690092
6.259588000	0.984208047	0.294947255
6.259589000	0.974597037	0.293033507
6.259590000	0.977318168	0.293806989
6.259591000	0.994045854	0.294346612
6.259592000	0.959303200	0.293033906
6.259593000	0.997196853	0.289944573
6.259594000	0.981761456	0.293964182
6.259595000	0.973066032	0.293420864
6.259596000	0.970384002	0.290871553
6.259597000	0.965947509	0.294885336
6.259598000	0.988800108	0.291917243
6.259599000	0.983779311	0.294353569
6.259600000	0.975497365	0.294283295
6.259601000	1.027872562	0.292819455
6.259602000	0.982872665	0.291651792
6.259603000	0.962037623	0.290786432
6.259604000	0.945331514	0.293010870
6.259605000	0.945002019	0.291796236
6.259606000	0.969557166	0.292786599
6.259607000	0.977833867	0.294891395
6.259608000	1.019173741	0.292522014
6.259609000	0.975698829	0.292367284
6.259610000	0.964302123	0.290750312
6.259611000	0.979812145	0.294185291
6.259612000	0.995156586	0.291035504
6.259613000	0.972457588	0.290853543
6.259614000	1.020336032	0.287819936
6.259615000	0.960958421	0.291944341
6.259616000	1.000684142	0.289886150
6.259617000	0.989305377	0.293363739
