D:\KID metingen\Entropy ADR\LT343chip5_BF_20240530_mapping\S21\Power\KID128_110dBm_.dat
Power at KID:110dBm
resonance Frequency in GHz :6.274906
Q=51858.727271, Qc=58370.193379, Qi=464872.870239  S21min=-19.050247


Temperature in K:0.099977
GHz	dB	Rad
6.274000000	0.974910498	0.200818475
6.274001000	0.933874130	0.205053650
6.274002000	0.906066120	0.198988384
6.274003000	0.969315529	0.202784088
6.274004000	0.932898164	0.201442187
6.274005000	0.888414145	0.201351989
6.274006000	0.882710099	0.204108694
6.274007000	0.953242123	0.199497697
6.274008000	0.941329718	0.202265004
6.274009000	0.916407466	0.205336561
6.274010000	0.927584112	0.198116249
6.274011000	0.950339615	0.199436910
6.274012000	0.895587265	0.205152220
6.274013000	0.948701680	0.195463274
6.274014000	0.936434329	0.202870840
6.274015000	0.920151412	0.202237890
6.274016000	0.925227106	0.202786301
6.274017000	0.905440629	0.205067998
6.274018000	0.940408349	0.200234344
6.274019000	0.959587932	0.200448445
6.274020000	0.920205295	0.201783488
6.274021000	0.922495127	0.197906891
6.274022000	0.920758545	0.197093561
6.274023000	0.911224663	0.201073656
6.274024000	0.925402999	0.203733954
6.274025000	0.961266160	0.200615076
6.274026000	0.931561947	0.201781391
6.274027000	0.925348759	0.198818008
6.274028000	0.982180297	0.204142283
6.274029000	0.912278891	0.199625146
6.274030000	0.973072112	0.200486828
6.274031000	0.938666523	0.199644470
6.274032000	0.961833596	0.197313572
6.274033000	0.943568528	0.196323791
6.274034000	0.908058226	0.199987835
6.274035000	0.929145694	0.191399923
6.274036000	0.960224152	0.192199054
6.274037000	0.930209637	0.196639775
6.274038000	0.912318408	0.200088220
6.274039000	0.991750836	0.192878909
6.274040000	0.890631318	0.199310527
6.274041000	0.890323877	0.197977182
6.274042000	0.915276468	0.195589025
6.274043000	0.928261518	0.200889648
6.274044000	0.937272310	0.199173257
6.274045000	0.939871073	0.199643621
6.274046000	0.912385523	0.197562461
6.274047000	0.926635325	0.193105511
6.274048000	0.901040435	0.197829010
6.274049000	0.888221860	0.194131444
6.274050000	0.921916842	0.198052449
6.274051000	0.907297015	0.194243047
6.274052000	0.913194478	0.196037252
6.274053000	0.900367737	0.190452004
6.274054000	0.960743368	0.198399809
6.274055000	0.916442633	0.193285274
6.274056000	0.913860679	0.197612112
6.274057000	0.941864312	0.196061886
6.274058000	0.905289054	0.197590591
6.274059000	0.921600103	0.198563710
6.274060000	0.899903536	0.194183858
6.274061000	0.916875839	0.193165332
6.274062000	0.871603072	0.203402956
6.274063000	0.858822048	0.193613093
6.274064000	0.990503609	0.195908272
6.274065000	0.971396923	0.192049102
6.274066000	0.952841341	0.197259426
6.274067000	0.899602234	0.195125918
6.274068000	0.907264173	0.196148988
6.274069000	0.941906631	0.191968108
6.274070000	0.913535893	0.192348957
6.274071000	0.943270147	0.193462757
6.274072000	0.900463760	0.194344131
6.274073000	0.932406664	0.192426988
6.274074000	0.922907889	0.187425704
6.274075000	0.908856988	0.197208327
6.274076000	0.942273617	0.192221175
6.274077000	0.939977348	0.196287489
6.274078000	0.950396061	0.196519883
6.274079000	0.883469045	0.191128131
6.274080000	0.906624675	0.196870938
6.274081000	0.959308624	0.194685398
6.274082000	0.932698846	0.194503904
6.274083000	0.921844661	0.193561061
6.274084000	0.959070146	0.195910219
6.274085000	0.920345604	0.193827527
6.274086000	0.963351071	0.194432448
6.274087000	0.939448595	0.191977729
6.274088000	0.955189109	0.193959171
6.274089000	0.927376151	0.198789496
6.274090000	0.946005225	0.190912181
6.274091000	0.939910710	0.191668053
6.274092000	0.966080427	0.190466934
6.274093000	0.941709042	0.188392232
6.274094000	0.902839959	0.192134739
6.274095000	0.930472732	0.189492916
6.274096000	0.940205038	0.194198323
6.274097000	0.950001061	0.191039364
6.274098000	0.957273304	0.189707051
6.274099000	0.910805941	0.186198420
6.274100000	0.911483526	0.191999350
6.274101000	0.920688987	0.192700311
6.274102000	0.926336467	0.191327918
6.274103000	0.952453911	0.191109638
6.274104000	0.919251800	0.189746300
6.274105000	0.911954045	0.188927977
6.274106000	0.918389857	0.192652857
6.274107000	0.929914534	0.191775811
6.274108000	0.914698243	0.192962682
6.274109000	0.932356894	0.190337721
6.274110000	0.942843318	0.200541972
6.274111000	0.870971024	0.192692022
6.274112000	0.921139419	0.190750028
6.274113000	0.952548802	0.191479035
6.274114000	0.892388821	0.187650591
6.274115000	0.904091775	0.186517882
6.274116000	0.977448642	0.192995140
6.274117000	0.942050040	0.187988347
6.274118000	0.927986622	0.188515420
6.274119000	0.907477915	0.192966211
6.274120000	0.954263508	0.191772532
6.274121000	0.905628324	0.193669535
6.274122000	0.913125753	0.189759615
6.274123000	0.896023452	0.189864594
6.274124000	0.936533809	0.189888596
6.274125000	0.907363713	0.191452870
6.274126000	0.887504876	0.190931656
6.274127000	0.909224510	0.190278948
6.274128000	0.925946951	0.188837712
6.274129000	0.901737392	0.186267862
6.274130000	0.903366983	0.185115645
6.274131000	0.899085939	0.188091228
6.274132000	0.916704774	0.184450554
6.274133000	0.925225437	0.192559347
6.274134000	0.914883852	0.191886865
6.274135000	0.892501771	0.188892473
6.274136000	0.959636152	0.185353182
6.274137000	0.919452488	0.185872049
6.274138000	0.920444071	0.187420211
6.274139000	0.894716203	0.188075865
6.274140000	0.890085280	0.184233706
6.274141000	0.910900712	0.189201716
6.274142000	0.897020280	0.187835032
6.274143000	0.909140468	0.188306744
6.274144000	0.917141080	0.184392264
6.274145000	0.910624146	0.189931273
6.274146000	0.909509182	0.186874746
6.274147000	0.930371284	0.187797798
6.274148000	0.920116544	0.183822963
6.274149000	0.910722017	0.178740370
6.274150000	0.930024385	0.182904722
6.274151000	0.908835173	0.186032488
6.274152000	0.913493872	0.184242677
6.274153000	0.904632330	0.185267312
6.274154000	0.881128907	0.188208690
6.274155000	0.888126373	0.184514137
6.274156000	0.947945893	0.186241480
6.274157000	0.870568335	0.187235588
6.274158000	0.916408837	0.181461655
6.274159000	0.913250744	0.178830468
6.274160000	0.898323119	0.182603136
6.274161000	0.935755730	0.186318678
6.274162000	0.937166274	0.179955820
6.274163000	0.910109758	0.188319444
6.274164000	0.928407788	0.186082239
6.274165000	0.940509021	0.189922801
6.274166000	0.916885138	0.187949881
6.274167000	0.929924369	0.188813411
6.274168000	0.912255645	0.176693132
6.274169000	0.942565441	0.181182273
6.274170000	0.925681174	0.185139630
6.274171000	0.893283010	0.186213700
6.274172000	0.909893692	0.181522375
6.274173000	0.925543904	0.180367711
6.274174000	0.899430513	0.180674907
6.274175000	0.903048396	0.185040610
6.274176000	0.948880970	0.183255693
6.274177000	0.954163730	0.185965576
6.274178000	0.935996592	0.184629518
6.274179000	0.937422574	0.185618400
6.274180000	0.931193709	0.186825078
6.274181000	0.895644844	0.181895733
6.274182000	0.883155525	0.185830804
6.274183000	0.884856522	0.175419774
6.274184000	0.907538354	0.184206159
6.274185000	0.878061354	0.179376250
6.274186000	0.894112408	0.183107855
6.274187000	0.953847826	0.182130707
6.274188000	0.871723950	0.186412538
6.274189000	0.904987514	0.177066657
6.274190000	0.916164756	0.179277397
6.274191000	0.896433532	0.187472409
6.274192000	0.900629580	0.187050615
6.274193000	0.929004014	0.179621477
6.274194000	0.927454770	0.180972199
6.274195000	0.917186499	0.179526852
6.274196000	0.933427811	0.183023049
6.274197000	0.957846284	0.179518396
6.274198000	0.861748695	0.179444926
6.274199000	0.848500073	0.178749858
6.274200000	0.898649096	0.178232705
6.274201000	0.885437489	0.183671829
6.274202000	0.908909559	0.181609161
6.274203000	0.915875793	0.181551004
6.274204000	0.933966458	0.180034683
6.274205000	0.908738434	0.180325700
6.274206000	0.887516558	0.182430929
6.274207000	0.897113919	0.176243557
6.274208000	0.922754407	0.181480613
6.274209000	0.948810518	0.181133637
6.274210000	0.905307353	0.178228477
6.274211000	0.870857120	0.176530612
6.274212000	0.848641694	0.181304145
6.274213000	0.907004833	0.175076393
6.274214000	0.935462356	0.173332123
6.274215000	0.931441367	0.175729733
6.274216000	0.928435504	0.178259953
6.274217000	0.904890835	0.180823362
6.274218000	0.915797532	0.181733547
6.274219000	0.906374574	0.178057486
6.274220000	0.893231273	0.181662391
6.274221000	0.938701987	0.176817585
6.274222000	0.913786590	0.181101163
6.274223000	0.904546738	0.176224898
6.274224000	0.898802042	0.178825408
6.274225000	0.917252779	0.178165377
6.274226000	0.909799814	0.182172968
6.274227000	0.930600464	0.180475170
6.274228000	0.897431076	0.179386703
6.274229000	0.918649912	0.177780101
6.274230000	0.926392972	0.176553798
6.274231000	0.923796892	0.176429462
6.274232000	0.878973424	0.179011730
6.274233000	0.867298663	0.178512254
6.274234000	0.911034882	0.174704682
6.274235000	0.931250155	0.180981620
6.274236000	0.911306381	0.179909498
6.274237000	0.951459885	0.177276980
6.274238000	0.904749751	0.175464249
6.274239000	0.891233504	0.176135882
6.274240000	0.869899571	0.177593330
6.274241000	0.916201115	0.173647674
6.274242000	0.907831252	0.179548157
6.274243000	0.925146818	0.176572074
6.274244000	0.911968470	0.177253844
6.274245000	0.887266219	0.177449303
6.274246000	0.894278526	0.182301549
6.274247000	0.882266462	0.175691833
6.274248000	0.945923150	0.170609273
6.274249000	0.899858952	0.175661157
6.274250000	0.897466600	0.178684893
6.274251000	0.882058740	0.178127044
6.274252000	0.941906393	0.173412034
6.274253000	0.889952600	0.177950110
6.274254000	0.891267538	0.172852054
6.274255000	0.906184494	0.175119553
6.274256000	0.896189928	0.169155487
6.274257000	0.904554605	0.172461186
6.274258000	0.897576809	0.175222201
6.274259000	0.924115062	0.170273782
6.274260000	0.874052763	0.178422422
6.274261000	0.824734449	0.177571492
6.274262000	0.905004561	0.173149646
6.274263000	0.884684861	0.174767899
6.274264000	0.906032264	0.170237912
6.274265000	0.879689813	0.173922346
6.274266000	0.934699476	0.172624221
6.274267000	0.917954564	0.171740701
6.274268000	0.899980485	0.172906250
6.274269000	0.916349709	0.172483406
6.274270000	0.872059882	0.171208668
6.274271000	0.897849023	0.168185514
6.274272000	0.886278808	0.174137546
6.274273000	0.941773355	0.176319340
6.274274000	0.895998478	0.171890820
6.274275000	0.890064538	0.173647824
6.274276000	0.924804747	0.168250811
6.274277000	0.914179802	0.170591996
6.274278000	0.898343146	0.168661138
6.274279000	0.926388741	0.172203774
6.274280000	0.891806304	0.168818064
6.274281000	0.889534235	0.171620825
6.274282000	0.921621740	0.170392542
6.274283000	0.891398072	0.177441547
6.274284000	0.856544375	0.169718562
6.274285000	0.921987116	0.171880500
6.274286000	0.891223013	0.173692049
6.274287000	0.957325459	0.169967718
6.274288000	0.854819059	0.163856962
6.274289000	0.902597249	0.172906067
6.274290000	0.900960684	0.168416426
6.274291000	0.862026930	0.167764285
6.274292000	0.882167935	0.172317342
6.274293000	0.874034405	0.165856430
6.274294000	0.915101349	0.167386765
6.274295000	0.860529840	0.164539363
6.274296000	0.885135949	0.166510086
6.274297000	0.878994584	0.168554145
6.274298000	0.890377462	0.164258183
6.274299000	0.901657462	0.166100508
6.274300000	0.906718254	0.168601516
6.274301000	0.965707302	0.168033015
6.274302000	0.848969340	0.163247281
6.274303000	0.925914168	0.169108049
6.274304000	0.899169803	0.167073328
6.274305000	0.874895930	0.165830014
6.274306000	0.911976695	0.164073676
6.274307000	0.935236692	0.164194650
6.274308000	0.868769050	0.168674304
6.274309000	0.920671642	0.162193052
6.274310000	0.906262457	0.165756078
6.274311000	0.872857213	0.163826335
6.274312000	0.887697697	0.162075473
6.274313000	0.904592454	0.172054421
6.274314000	0.938652456	0.169416044
6.274315000	0.884469986	0.167684207
6.274316000	0.866107583	0.162099608
6.274317000	0.948922992	0.166269952
6.274318000	0.867599905	0.165063706
6.274319000	0.887977302	0.167881081
6.274320000	0.929879904	0.164996495
6.274321000	0.883635759	0.165659522
6.274322000	0.892187774	0.164626315
6.274323000	0.909205258	0.164219185
6.274324000	0.866905749	0.157847306
6.274325000	0.899401307	0.166346917
6.274326000	0.874353349	0.165301144
6.274327000	0.883301258	0.161340424
6.274328000	0.889555752	0.164929100
6.274329000	0.893352151	0.163226042
6.274330000	0.859763145	0.160823738
6.274331000	0.924959123	0.160101422
6.274332000	0.841635227	0.161822223
6.274333000	0.900371790	0.156531887
6.274334000	0.868873954	0.164168085
6.274335000	0.874056935	0.159328889
6.274336000	0.893405139	0.157833374
6.274337000	0.885762155	0.156718708
6.274338000	0.920741916	0.160064121
6.274339000	0.873999178	0.154511480
6.274340000	0.885351360	0.160751366
6.274341000	0.903008580	0.163611335
6.274342000	0.895825565	0.165205636
6.274343000	0.866154969	0.164615297
6.274344000	0.919991136	0.163358185
6.274345000	0.886727214	0.155282149
6.274346000	0.882572889	0.154861802
6.274347000	0.876545846	0.165402677
6.274348000	0.885740399	0.158521035
6.274349000	0.890736878	0.158351958
6.274350000	0.874000669	0.160570005
6.274351000	0.890089452	0.165736687
6.274352000	0.906874359	0.157099440
6.274353000	0.888875365	0.159334465
6.274354000	0.881908655	0.158916531
6.274355000	0.887177646	0.160172761
6.274356000	0.921906352	0.156975037
6.274357000	0.902705252	0.158889617
6.274358000	0.868779659	0.160737401
6.274359000	0.892486274	0.162516559
6.274360000	0.911253393	0.157485848
6.274361000	0.872383595	0.154981728
6.274362000	0.876022875	0.155514443
6.274363000	0.849818826	0.157950620
6.274364000	0.914194643	0.151667390
6.274365000	0.908303142	0.155907659
6.274366000	0.904853225	0.154611831
6.274367000	0.868140340	0.156278537
6.274368000	0.889807224	0.157303605
6.274369000	0.857609928	0.157288191
6.274370000	0.851734281	0.156405354
6.274371000	0.889128089	0.157298345
6.274372000	0.873615801	0.152039783
6.274373000	0.868012249	0.151870573
6.274374000	0.882402360	0.160447966
6.274375000	0.900828242	0.153924602
6.274376000	0.858909190	0.155778129
6.274377000	0.892075956	0.150912018
6.274378000	0.882453799	0.155153535
6.274379000	0.826281309	0.153925834
6.274380000	0.849564612	0.149502507
6.274381000	0.902874649	0.154004947
6.274382000	0.872879446	0.154825300
6.274383000	0.871025801	0.149719105
6.274384000	0.893121719	0.155003466
6.274385000	0.860722840	0.151939732
6.274386000	0.920786262	0.153235509
6.274387000	0.865016520	0.149743123
6.274388000	0.921815634	0.152957409
6.274389000	0.867480636	0.150346396
6.274390000	0.867853463	0.150674048
6.274391000	0.873075902	0.146691773
6.274392000	0.894155204	0.153601112
6.274393000	0.880678952	0.150026800
6.274394000	0.855119586	0.147748665
6.274395000	0.890493035	0.149008107
6.274396000	0.874774158	0.150172974
6.274397000	0.860329926	0.147437908
6.274398000	0.848650515	0.152750115
6.274399000	0.841299593	0.145028596
6.274400000	0.864993274	0.153017213
6.274401000	0.847191453	0.149647715
6.274402000	0.873341084	0.146101417
6.274403000	0.852588773	0.149112686
6.274404000	0.893129230	0.150556403
6.274405000	0.855265319	0.142254664
6.274406000	0.866530716	0.148723981
6.274407000	0.837231278	0.142622063
6.274408000	0.872103393	0.144262338
6.274409000	0.864644587	0.146846902
6.274410000	0.846557856	0.145738977
6.274411000	0.851278961	0.146825547
6.274412000	0.850618720	0.147598746
6.274413000	0.861882210	0.148065914
6.274414000	0.830397248	0.144894256
6.274415000	0.882751644	0.150022272
6.274416000	0.883542717	0.147271244
6.274417000	0.873353779	0.143732252
6.274418000	0.860065103	0.149530120
6.274419000	0.840409458	0.144605586
6.274420000	0.854848921	0.149852995
6.274421000	0.865842044	0.144024301
6.274422000	0.887156367	0.147040464
6.274423000	0.873499990	0.144061902
6.274424000	0.868889987	0.143893556
6.274425000	0.857522130	0.141515437
6.274426000	0.850519180	0.146862798
6.274427000	0.866735220	0.150350341
6.274428000	0.842753470	0.144789477
6.274429000	0.888645828	0.142857836
6.274430000	0.847888649	0.140736046
6.274431000	0.866687119	0.142636378
6.274432000	0.897145450	0.142616571
6.274433000	0.836063683	0.144558981
6.274434000	0.874588251	0.144427287
6.274435000	0.845719278	0.135067749
6.274436000	0.841372192	0.143977696
6.274437000	0.900704145	0.141158956
6.274438000	0.917232811	0.141093908
6.274439000	0.885701299	0.139019539
6.274440000	0.809843719	0.144096306
6.274441000	0.861788154	0.136381595
6.274442000	0.865203977	0.141163417
6.274443000	0.766807735	0.136913328
6.274444000	0.846827328	0.134414792
6.274445000	0.852597296	0.136112665
6.274446000	0.864383876	0.141162435
6.274447000	0.854710102	0.135799711
6.274448000	0.848198771	0.139616278
6.274449000	0.891080618	0.133622934
6.274450000	0.833230317	0.134346440
6.274451000	0.865304947	0.135443946
6.274452000	0.805393338	0.135290281
6.274453000	0.836297214	0.132598316
6.274454000	0.811671436	0.134142284
6.274455000	0.834427714	0.141556216
6.274456000	0.893549025	0.139192927
6.274457000	0.834810078	0.134479998
6.274458000	0.824690819	0.133456129
6.274459000	0.849954188	0.137227048
6.274460000	0.828206420	0.131281916
6.274461000	0.808162987	0.140431264
6.274462000	0.852077782	0.138526646
6.274463000	0.882331192	0.135146354
6.274464000	0.868418396	0.134430471
6.274465000	0.814282775	0.129785610
6.274466000	0.839918911	0.134351808
6.274467000	0.806315482	0.137265681
6.274468000	0.829100013	0.129616117
6.274469000	0.807031155	0.133242635
6.274470000	0.824579895	0.125987310
6.274471000	0.828744173	0.130279335
6.274472000	0.875401676	0.125196085
6.274473000	0.774809420	0.129242093
6.274474000	0.825380504	0.129373478
6.274475000	0.826019108	0.136278630
6.274476000	0.863773227	0.139135961
6.274477000	0.825426400	0.131625464
6.274478000	0.849191070	0.130187157
6.274479000	0.826614261	0.120809942
6.274480000	0.854070246	0.128432317
6.274481000	0.840467036	0.125394224
6.274482000	0.832274437	0.134710744
6.274483000	0.854736745	0.124942228
6.274484000	0.806310594	0.129058259
6.274485000	0.822272897	0.125529829
6.274486000	0.859201431	0.127840088
6.274487000	0.836551011	0.128341420
6.274488000	0.868211627	0.127497955
6.274489000	0.856647313	0.126858996
6.274490000	0.849335432	0.124573638
6.274491000	0.799654782	0.122368241
6.274492000	0.786561489	0.123033232
6.274493000	0.801682472	0.124935811
6.274494000	0.832586348	0.127324899
6.274495000	0.815252423	0.121557982
6.274496000	0.827006757	0.125124546
6.274497000	0.783785224	0.119396020
6.274498000	0.819540739	0.125019884
6.274499000	0.777050138	0.120193811
6.274500000	0.789453983	0.123488866
6.274501000	0.811142266	0.118662827
6.274502000	0.864075720	0.122375739
6.274503000	0.813359022	0.118661187
6.274504000	0.806416214	0.117948084
6.274505000	0.806096315	0.123905126
6.274506000	0.816280067	0.126151311
6.274507000	0.780414581	0.120195085
6.274508000	0.819175959	0.119338296
6.274509000	0.879553616	0.123603190
6.274510000	0.835818172	0.119223097
6.274511000	0.867264688	0.119720667
6.274512000	0.805440903	0.117334051
6.274513000	0.840964317	0.123621008
6.274514000	0.774281383	0.123847410
6.274515000	0.805735946	0.118883544
6.274516000	0.800738692	0.116843713
6.274517000	0.804794252	0.119370162
6.274518000	0.783677518	0.116594283
6.274519000	0.832574069	0.121521039
6.274520000	0.776803017	0.115841324
6.274521000	0.814668417	0.116599817
6.274522000	0.812081158	0.118170783
6.274523000	0.790857852	0.117744918
6.274524000	0.837015331	0.115921876
6.274525000	0.781922221	0.119628231
6.274526000	0.800035357	0.107927142
6.274527000	0.842582464	0.116253148
6.274528000	0.811134517	0.111490942
6.274529000	0.785101533	0.115825045
6.274530000	0.826861501	0.110714714
6.274531000	0.811390460	0.112151323
6.274532000	0.793826222	0.112757899
6.274533000	0.831769705	0.114683307
6.274534000	0.793804109	0.110749917
6.274535000	0.773081005	0.114250285
6.274536000	0.818614125	0.111946226
6.274537000	0.805426180	0.112982895
6.274538000	0.757968009	0.111541176
6.274539000	0.757222652	0.105343368
6.274540000	0.783700109	0.114880114
6.274541000	0.767136335	0.116174935
6.274542000	0.818012953	0.109254877
6.274543000	0.816387236	0.111201481
6.274544000	0.820535123	0.108156972
6.274545000	0.798050880	0.106466597
6.274546000	0.763376772	0.103004297
6.274547000	0.789298475	0.103883531
6.274548000	0.786726654	0.104019951
6.274549000	0.803296089	0.110887753
6.274550000	0.804817140	0.109831701
6.274551000	0.785285354	0.100659242
6.274552000	0.783426583	0.105432126
6.274553000	0.802318096	0.104729293
6.274554000	0.733395755	0.103638420
6.274555000	0.771254003	0.102275256
6.274556000	0.779270589	0.105372937
6.274557000	0.773198605	0.099666698
6.274558000	0.750661373	0.100967511
6.274559000	0.753026724	0.103026908
6.274560000	0.762569487	0.099844872
6.274561000	0.718543828	0.101702136
6.274562000	0.761602938	0.102172175
6.274563000	0.795862436	0.098819505
6.274564000	0.807047188	0.106972948
6.274565000	0.773464382	0.096110804
6.274566000	0.789450467	0.098227343
6.274567000	0.775138676	0.096878760
6.274568000	0.774468482	0.102456260
6.274569000	0.800271988	0.098131386
6.274570000	0.787882864	0.094568201
6.274571000	0.763590753	0.092893397
6.274572000	0.742374301	0.099719529
6.274573000	0.799156666	0.092366599
6.274574000	0.775858879	0.092459044
6.274575000	0.749083281	0.090315025
6.274576000	0.755568027	0.095164433
6.274577000	0.783843637	0.093831363
6.274578000	0.767319798	0.097709258
6.274579000	0.766021848	0.092181052
6.274580000	0.736649394	0.088556406
6.274581000	0.760569274	0.086463103
6.274582000	0.770422697	0.087485524
6.274583000	0.723422647	0.091558213
6.274584000	0.780599713	0.089130642
6.274585000	0.742067397	0.092872175
6.274586000	0.766434669	0.089131799
6.274587000	0.728282511	0.088836063
6.274588000	0.763100326	0.087982911
6.274589000	0.758957803	0.092728207
6.274590000	0.765063643	0.084257407
6.274591000	0.789732695	0.087892555
6.274592000	0.770003378	0.085603901
6.274593000	0.717323720	0.088186909
6.274594000	0.744541883	0.080333380
6.274595000	0.761244297	0.089057155
6.274596000	0.719955206	0.085362119
6.274597000	0.746492982	0.085346057
6.274598000	0.789609015	0.083748394
6.274599000	0.741499245	0.083135866
6.274600000	0.751575232	0.083660717
6.274601000	0.736169755	0.078474119
6.274602000	0.694422543	0.080468186
6.274603000	0.755775988	0.087193251
6.274604000	0.720496356	0.087834265
6.274605000	0.739478230	0.081630897
6.274606000	0.707966864	0.080594736
6.274607000	0.724649668	0.079967071
6.274608000	0.719703794	0.078343292
6.274609000	0.733001053	0.083260394
6.274610000	0.735584080	0.078335993
6.274611000	0.698851645	0.074944582
6.274612000	0.703274071	0.078932416
6.274613000	0.776406288	0.074311907
6.274614000	0.721077621	0.076843191
6.274615000	0.713101923	0.074237230
6.274616000	0.744188607	0.075070500
6.274617000	0.720606983	0.073565689
6.274618000	0.707463443	0.079300299
6.274619000	0.670155883	0.077050910
6.274620000	0.683778465	0.072144901
6.274621000	0.731035709	0.075216999
6.274622000	0.655808866	0.070749987
6.274623000	0.703289449	0.069266527
6.274624000	0.726589382	0.070672472
6.274625000	0.723039746	0.063370655
6.274626000	0.680697858	0.070544657
6.274627000	0.727311790	0.071348790
6.274628000	0.682101011	0.062341605
6.274629000	0.654180110	0.071026248
6.274630000	0.749421537	0.068676308
6.274631000	0.721486449	0.061788462
6.274632000	0.694274962	0.070896819
6.274633000	0.673931897	0.067015478
6.274634000	0.718608737	0.061573670
6.274635000	0.648740590	0.064371458
6.274636000	0.669921219	0.062266720
6.274637000	0.654025018	0.067056253
6.274638000	0.683193028	0.055184926
6.274639000	0.696253479	0.055572694
6.274640000	0.595142066	0.061898934
6.274641000	0.688947976	0.055128271
6.274642000	0.679396510	0.060156361
6.274643000	0.659720957	0.057641633
6.274644000	0.700691581	0.057372954
6.274645000	0.675587296	0.062009796
6.274646000	0.666509926	0.053036687
6.274647000	0.650212884	0.054989812
6.274648000	0.603471100	0.060601945
6.274649000	0.666696072	0.055009382
6.274650000	0.654219031	0.051459871
6.274651000	0.650584579	0.056430578
6.274652000	0.728617251	0.049828206
6.274653000	0.652507424	0.053154323
6.274654000	0.585327208	0.049513308
6.274655000	0.627439260	0.048848034
6.274656000	0.656556845	0.048141518
6.274657000	0.655930579	0.046256661
6.274658000	0.609780729	0.045892894
6.274659000	0.632173777	0.044883818
6.274660000	0.635855734	0.048993251
6.274661000	0.629698455	0.050178266
6.274662000	0.648962259	0.047753911
6.274663000	0.641792417	0.048008276
6.274664000	0.638680995	0.045758242
6.274665000	0.632688701	0.044857362
6.274666000	0.609856129	0.044059046
6.274667000	0.597909451	0.044607690
6.274668000	0.604256272	0.041306927
6.274669000	0.596803725	0.038701952
6.274670000	0.601018667	0.037516495
6.274671000	0.609648347	0.037962999
6.274672000	0.537246943	0.035415182
6.274673000	0.634847820	0.036115527
6.274674000	0.601520360	0.038741712
6.274675000	0.591170192	0.040280336
6.274676000	0.593922317	0.033106889
6.274677000	0.636557996	0.032487449
6.274678000	0.593777955	0.031556428
6.274679000	0.552320540	0.026436772
6.274680000	0.511210024	0.035666751
6.274681000	0.544293046	0.031850745
6.274682000	0.608940721	0.025365392
6.274683000	0.589182258	0.027403984
6.274684000	0.676747620	0.024838889
6.274685000	0.542143703	0.029667219
6.274686000	0.537122726	0.021477552
6.274687000	0.552974582	0.023142339
6.274688000	0.582376003	0.023801443
6.274689000	0.533625722	0.020662173
6.274690000	0.477776498	0.014288220
6.274691000	0.518373072	0.011172965
6.274692000	0.536861539	0.020520690
6.274693000	0.498949140	0.021442048
6.274694000	0.517406285	0.017373986
6.274695000	0.549201012	0.016034201
6.274696000	0.567186773	0.019271720
6.274697000	0.527093768	0.011704084
6.274698000	0.537858069	0.011138125
6.274699000	0.464585215	0.018490078
6.274700000	0.516313314	0.012373333
6.274701000	0.527095258	0.015703256
6.274702000	0.501797676	0.005163098
6.274703000	0.472268909	0.010621462
6.274704000	0.521054387	0.008437163
6.274705000	0.488665223	0.002528551
6.274706000	0.557446361	0.001986038
6.274707000	0.500688851	0.001896492
6.274708000	0.503641427	0.001362328
6.274709000	0.463527054	-0.000618468
6.274710000	0.524164796	0.000252741
6.274711000	0.520866573	-0.000304991
6.274712000	0.457157344	-0.000187995
6.274713000	0.478595674	-0.000766236
6.274714000	0.464847982	-0.003538951
6.274715000	0.439994067	-0.007862348
6.274716000	0.469077289	-0.001751074
6.274717000	0.474324197	-0.006116107
6.274718000	0.473762035	-0.017479781
6.274719000	0.464506060	-0.008983364
6.274720000	0.451173991	-0.012945625
6.274721000	0.445492268	-0.013175940
6.274722000	0.477773339	-0.014349616
6.274723000	0.457284808	-0.015794819
6.274724000	0.432058483	-0.013363480
6.274725000	0.461300880	-0.013782083
6.274726000	0.419124395	-0.024086469
6.274727000	0.384909660	-0.018884211
6.274728000	0.399612546	-0.020558280
6.274729000	0.422165185	-0.023136765
6.274730000	0.404602557	-0.024177968
6.274731000	0.426723361	-0.024741135
6.274732000	0.374715149	-0.023887862
6.274733000	0.348255515	-0.029459884
6.274734000	0.374014020	-0.033005906
6.274735000	0.365685701	-0.036233368
6.274736000	0.389244676	-0.028448615
6.274737000	0.392163128	-0.035780543
6.274738000	0.371367097	-0.039341410
6.274739000	0.368409246	-0.041143188
6.274740000	0.303272933	-0.041730353
6.274741000	0.337658435	-0.042881941
6.274742000	0.355037689	-0.040971260
6.274743000	0.305325419	-0.042150637
6.274744000	0.320725858	-0.043683544
6.274745000	0.340182900	-0.043142473
6.274746000	0.290990770	-0.054994056
6.274747000	0.288805902	-0.061844418
6.274748000	0.286104083	-0.059518288
6.274749000	0.293177724	-0.054104194
6.274750000	0.284856439	-0.060464946
6.274751000	0.282704234	-0.063380117
6.274752000	0.312205493	-0.059087888
6.274753000	0.283762693	-0.064881587
6.274754000	0.231051698	-0.061491948
6.274755000	0.260285020	-0.067514958
6.274756000	0.218976915	-0.070584896
6.274757000	0.242729321	-0.065112712
6.274758000	0.211395338	-0.068808905
6.274759000	0.221534401	-0.070158615
6.274760000	0.191240221	-0.071481690
6.274761000	0.232126191	-0.073014764
6.274762000	0.161509916	-0.071891834
6.274763000	0.169173479	-0.076290402
6.274764000	0.197221518	-0.081473771
6.274765000	0.164137527	-0.082016606
6.274766000	0.127247259	-0.087055174
6.274767000	0.123264089	-0.082801690
6.274768000	0.130226150	-0.086247570
6.274769000	0.114503749	-0.093760115
6.274770000	0.117313616	-0.092350212
6.274771000	0.101360947	-0.088284364
6.274772000	0.061669525	-0.094756512
6.274773000	0.122284606	-0.092715041
6.274774000	0.131112024	-0.094801353
6.274775000	0.073977932	-0.097991495
6.274776000	0.082603820	-0.098868366
6.274777000	0.038835485	-0.109703570
6.274778000	0.014008477	-0.108224716
6.274779000	0.064805895	-0.112838460
6.274780000	0.009557749	-0.112562174
6.274781000	0.017582413	-0.111350910
6.274782000	0.008466971	-0.117421993
6.274783000	0.034255601	-0.120914105
6.274784000	-0.012444542	-0.120356797
6.274785000	-0.068118684	-0.122579113
6.274786000	-0.082501315	-0.118154013
6.274787000	-0.118489750	-0.132615028
6.274788000	-0.052637082	-0.135714714
6.274789000	-0.112219989	-0.132146453
6.274790000	-0.147874698	-0.136292978
6.274791000	-0.154541120	-0.142284491
6.274792000	-0.164675117	-0.147962034
6.274793000	-0.181286648	-0.140152631
6.274794000	-0.195098132	-0.149057842
6.274795000	-0.196686611	-0.150803411
6.274796000	-0.278678149	-0.156849602
6.274797000	-0.248155326	-0.160163673
6.274798000	-0.244124815	-0.154676895
6.274799000	-0.281238675	-0.158599649
6.274800000	-0.260557085	-0.156967663
6.274801000	-0.312068939	-0.166225061
6.274802000	-0.320759118	-0.169297533
6.274803000	-0.364944011	-0.181274767
6.274804000	-0.357610375	-0.179379995
6.274805000	-0.336295635	-0.180777738
6.274806000	-0.333153069	-0.183771664
6.274807000	-0.405614644	-0.191182709
6.274808000	-0.372686386	-0.185211535
6.274809000	-0.446400344	-0.195145576
6.274810000	-0.422275037	-0.187929308
6.274811000	-0.484799296	-0.199550344
6.274812000	-0.537279189	-0.204143715
6.274813000	-0.489462703	-0.198670652
6.274814000	-0.490174323	-0.204370782
6.274815000	-0.567419648	-0.208662799
6.274816000	-0.649806142	-0.212431172
6.274817000	-0.688567698	-0.222140342
6.274818000	-0.587603986	-0.221641915
6.274819000	-0.660239577	-0.227663255
6.274820000	-0.718142569	-0.236220491
6.274821000	-0.679058909	-0.233114197
6.274822000	-0.772032440	-0.231459275
6.274823000	-0.775094151	-0.240214234
6.274824000	-0.812365949	-0.251460614
6.274825000	-0.848026812	-0.251531637
6.274826000	-0.890503943	-0.252793609
6.274827000	-0.935204625	-0.255721805
6.274828000	-0.937344313	-0.262505508
6.274829000	-0.986491919	-0.267494857
6.274830000	-1.022289753	-0.277724658
6.274831000	-1.122038603	-0.288692055
6.274832000	-1.182119370	-0.292283494
6.274833000	-1.235921502	-0.293359311
6.274834000	-1.277048111	-0.290608899
6.274835000	-1.236917138	-0.297698966
6.274836000	-1.256476879	-0.301765280
6.274837000	-1.361252308	-0.310489396
6.274838000	-1.398690939	-0.310574418
6.274839000	-1.395255804	-0.317843849
6.274840000	-1.442431211	-0.316807380
6.274841000	-1.469517231	-0.328002144
6.274842000	-1.516048193	-0.339935269
6.274843000	-1.668435812	-0.350376292
6.274844000	-1.678877115	-0.346123590
6.274845000	-1.825873733	-0.357428509
6.274846000	-1.834666967	-0.363544925
6.274847000	-1.849143147	-0.367042387
6.274848000	-1.865404963	-0.377833017
6.274849000	-1.952197552	-0.383204346
6.274850000	-2.028287172	-0.380224635
6.274851000	-2.143686295	-0.384544316
6.274852000	-2.214503765	-0.397189338
6.274853000	-2.431149483	-0.402575681
6.274854000	-2.384607792	-0.403818678
6.274855000	-2.410331488	-0.399795640
6.274856000	-2.524810076	-0.414884079
6.274857000	-2.630116701	-0.431383361
6.274858000	-2.647073507	-0.432981124
6.274859000	-2.973744869	-0.452084445
6.274860000	-2.832272291	-0.446153785
6.274861000	-2.962757587	-0.457512100
6.274862000	-3.086783409	-0.465117755
6.274863000	-3.108213663	-0.468254460
6.274864000	-3.211469173	-0.477365833
6.274865000	-3.539850950	-0.486367318
6.274866000	-3.504334688	-0.487021390
6.274867000	-3.670129776	-0.501760955
6.274868000	-3.963098764	-0.516605747
6.274869000	-3.948659182	-0.514964341
6.274870000	-4.248599052	-0.534416802
6.274871000	-4.239686966	-0.538932558
6.274872000	-4.628286839	-0.541805343
6.274873000	-4.951325417	-0.558724406
6.274874000	-5.084124565	-0.580717123
6.274875000	-5.273179054	-0.569457744
6.274876000	-5.417400837	-0.572777907
6.274877000	-5.560209751	-0.571344127
6.274878000	-5.601149082	-0.577398425
6.274879000	-6.116822720	-0.595484884
6.274880000	-6.486362934	-0.609874542
6.274881000	-6.641740799	-0.612628983
6.274882000	-6.760254860	-0.620906953
6.274883000	-7.308596611	-0.613934332
6.274884000	-7.173060417	-0.614160101
6.274885000	-7.580615997	-0.628628922
6.274886000	-8.102793694	-0.610932550
6.274887000	-8.451092720	-0.608168188
6.274888000	-7.891107082	-0.612191692
6.274889000	-9.026252747	-0.619800477
6.274890000	-9.328861237	-0.617270074
6.274891000	-9.882228851	-0.613376599
6.274892000	-10.350913048	-0.596068848
6.274893000	-10.837813377	-0.578246442
6.274894000	-10.911577225	-0.605991321
6.274895000	-11.960070610	-0.547251108
6.274896000	-13.531763077	-0.527334458
6.274897000	-13.399120331	-0.517612056
6.274898000	-14.356273651	-0.430388004
6.274899000	-14.354146004	-0.442449760
6.274900000	-16.170835495	-0.282262086
6.274901000	-16.831275940	-0.096157492
6.274902000	-16.277231216	-0.184525072
6.274903000	-16.791406631	-0.165444455
6.274904000	-17.656028748	0.025335596
6.274905000	-17.505781174	-0.026640982
6.274906000	-17.964950562	0.146150286
6.274907000	-17.960964203	0.242600709
6.274908000	-17.602426529	0.413005485
6.274909000	-17.082408905	0.653472820
6.274910000	-17.333375931	0.643831910
6.274911000	-16.570463181	0.754736258
6.274912000	-16.139688492	0.881371032
6.274913000	-15.441367149	0.934708689
6.274914000	-15.078486443	0.952966989
6.274915000	-14.586554527	1.001222403
6.274916000	-13.589443207	1.054763925
6.274917000	-12.762800217	1.106382511
6.274918000	-12.275422096	1.135076940
6.274919000	-11.921956062	1.149904090
6.274920000	-10.948714256	1.189901440
6.274921000	-10.536532402	1.181615680
6.274922000	-10.389698982	1.186521889
6.274923000	-9.644263268	1.202683681
6.274924000	-10.030624390	1.210033607
6.274925000	-8.975174904	1.205581201
6.274926000	-8.810619354	1.217127868
6.274927000	-8.349822998	1.224861821
6.274928000	-8.066159248	1.215354602
6.274929000	-7.844704628	1.214008907
6.274930000	-7.825180531	1.218816579
6.274931000	-7.162892818	1.212879727
6.274932000	-6.992624760	1.208774065
6.274933000	-6.777450085	1.205532864
6.274934000	-6.225551128	1.201459027
6.274935000	-6.147576332	1.199916258
6.274936000	-5.940779209	1.179016568
6.274937000	-5.745285034	1.178118284
6.274938000	-5.479464054	1.163362774
6.274939000	-5.246995926	1.173151222
6.274940000	-5.035645962	1.169215869
6.274941000	-5.095912933	1.168961271
6.274942000	-4.801207066	1.143417695
6.274943000	-4.747910976	1.141302213
6.274944000	-4.463096619	1.120098657
6.274945000	-4.244020462	1.131580210
6.274946000	-4.155230999	1.109609397
6.274947000	-4.185686588	1.118505021
6.274948000	-3.858899355	1.097180757
6.274949000	-3.624763727	1.098284238
6.274950000	-3.673098326	1.093024295
6.274951000	-3.511770964	1.081444538
6.274952000	-3.515538216	1.083127656
6.274953000	-3.173759937	1.063468467
6.274954000	-3.089722872	1.066841161
6.274955000	-2.815425158	1.040967485
6.274956000	-2.956687212	1.050285686
6.274957000	-2.990249157	1.050590884
6.274958000	-2.856760740	1.040542378
6.274959000	-2.708751440	1.023421914
6.274960000	-2.654712200	1.015965463
6.274961000	-2.388215542	1.008677256
6.274962000	-2.547887325	1.007893488
6.274963000	-2.271536350	0.992863472
6.274964000	-2.075098038	0.973700697
6.274965000	-2.158320427	0.988039689
6.274966000	-2.087864876	0.973949769
6.274967000	-2.027755499	0.977408017
6.274968000	-1.932393670	0.964308859
6.274969000	-1.729438663	0.939591728
6.274970000	-1.744170070	0.957681650
6.274971000	-1.710620046	0.950931069
6.274972000	-1.686642647	0.940105119
6.274973000	-1.617710471	0.931757707
6.274974000	-1.540574431	0.927549313
6.274975000	-1.479260802	0.922535313
6.274976000	-1.389641047	0.915635529
6.274977000	-1.324181437	0.910930056
6.274978000	-1.337899923	0.912227349
6.274979000	-1.334347844	0.899048563
6.274980000	-1.261144400	0.892858644
6.274981000	-1.103090763	0.881910788
6.274982000	-1.125354171	0.886396217
6.274983000	-1.081604719	0.879442704
6.274984000	-1.015328288	0.867240699
6.274985000	-1.030479431	0.860911031
6.274986000	-0.980790436	0.862105725
6.274987000	-0.946636617	0.850606728
6.274988000	-0.916677177	0.852652768
6.274989000	-0.844210029	0.842814185
6.274990000	-0.764515102	0.832937187
6.274991000	-0.712509573	0.834955463
6.274992000	-0.668210506	0.823518984
6.274993000	-0.693545699	0.818020023
6.274994000	-0.698961020	0.815937031
6.274995000	-0.678074062	0.820687511
6.274996000	-0.548227966	0.803868517
6.274997000	-0.497004122	0.800023112
6.274998000	-0.448758900	0.796288162
6.274999000	-0.502224267	0.791550864
6.275000000	-0.475179464	0.797994982
6.275001000	-0.452202916	0.786851584
6.275002000	-0.415512770	0.779936886
6.275003000	-0.376099944	0.778469284
6.275004000	-0.347285718	0.770202899
6.275005000	-0.352502555	0.763466632
6.275006000	-0.302495211	0.754288314
6.275007000	-0.174674302	0.751506709
6.275008000	-0.191849083	0.748253791
6.275009000	-0.203679994	0.745576049
6.275010000	-0.190819159	0.749384502
6.275011000	-0.174481183	0.749696225
6.275012000	-0.128176406	0.733380569
6.275013000	-0.180343539	0.743280271
6.275014000	-0.158151492	0.735734603
6.275015000	-0.106911227	0.727253767
6.275016000	-0.088295586	0.723685930
6.275017000	-0.068778649	0.724822301
6.275018000	-0.062956817	0.725354067
6.275019000	0.000960244	0.722494898
6.275020000	0.057934001	0.701773174
6.275021000	0.030797822	0.709904271
6.275022000	-0.020953065	0.704726487
6.275023000	0.067216389	0.706287365
6.275024000	0.066795871	0.690998291
6.275025000	0.076205596	0.687129050
6.275026000	0.106588952	0.684021674
6.275027000	0.047426056	0.684305367
6.275028000	0.095169432	0.679114267
6.275029000	0.123724081	0.681786150
6.275030000	0.162189722	0.669753323
6.275031000	0.202018097	0.674088017
6.275032000	0.232494369	0.667637042
6.275033000	0.199193001	0.662396939
6.275034000	0.240453705	0.666050197
6.275035000	0.226510242	0.661474354
6.275036000	0.204617798	0.658761525
6.275037000	0.224196479	0.654313580
6.275038000	0.228619829	0.647850221
6.275039000	0.310123622	0.648207417
6.275040000	0.323035657	0.649359168
6.275041000	0.288506240	0.645426811
6.275042000	0.290000260	0.651088425
6.275043000	0.313461274	0.641804446
6.275044000	0.362210423	0.639951085
6.275045000	0.336306095	0.634358713
6.275046000	0.365120590	0.630601858
6.275047000	0.357881457	0.619788625
6.275048000	0.357079118	0.628352087
6.275049000	0.424718082	0.624926529
6.275050000	0.374868870	0.618118091
6.275051000	0.393014371	0.619050331
6.275052000	0.425131202	0.612657745
6.275053000	0.397380829	0.610265827
6.275054000	0.456370562	0.612491431
6.275055000	0.455654144	0.614834880
6.275056000	0.448623329	0.599790483
6.275057000	0.442680627	0.604434170
6.275058000	0.490115702	0.607856465
6.275059000	0.502112150	0.598342722
6.275060000	0.525034130	0.596930914
6.275061000	0.502586246	0.596636035
6.275062000	0.496528774	0.591599931
6.275063000	0.530726433	0.591250191
6.275064000	0.492722929	0.590672152
6.275065000	0.527584970	0.587156047
6.275066000	0.494245112	0.585253951
6.275067000	0.511074424	0.586102301
6.275068000	0.528305888	0.581808753
6.275069000	0.567777157	0.580635564
6.275070000	0.533891559	0.577585379
6.275071000	0.572333038	0.573627988
6.275072000	0.549371362	0.574948383
6.275073000	0.573733032	0.568236152
6.275074000	0.644307494	0.570813759
6.275075000	0.611004174	0.559938807
6.275076000	0.584522963	0.561417394
6.275077000	0.594572067	0.563710908
6.275078000	0.614073336	0.557821994
6.275079000	0.649127007	0.561318591
6.275080000	0.592823267	0.563700655
6.275081000	0.589600146	0.560153924
6.275082000	0.657543004	0.557399882
6.275083000	0.607677639	0.558601967
6.275084000	0.637106538	0.551925322
6.275085000	0.591776013	0.553127540
6.275086000	0.606544375	0.552943881
6.275087000	0.624129653	0.545645655
6.275088000	0.685210228	0.542937453
6.275089000	0.645476401	0.540713780
6.275090000	0.686839104	0.538594903
6.275091000	0.678123951	0.535031160
6.275092000	0.708379209	0.537720920
6.275093000	0.728487253	0.532751328
6.275094000	0.677281439	0.528957322
6.275095000	0.692240179	0.531245244
6.275096000	0.637154877	0.525172770
6.275097000	0.685317397	0.529908736
6.275098000	0.711297572	0.527715989
6.275099000	0.659469604	0.529988365
6.275100000	0.687367260	0.522798529
6.275101000	0.699525058	0.524429748
6.275102000	0.695882499	0.521789690
6.275103000	0.721614182	0.518913410
6.275104000	0.701754093	0.517216743
6.275105000	0.685550153	0.515643015
6.275106000	0.678687215	0.519298569
6.275107000	0.740999818	0.510400549
6.275108000	0.706273139	0.518337967
6.275109000	0.784262598	0.515192940
6.275110000	0.729659021	0.505936991
6.275111000	0.763615787	0.510257903
6.275112000	0.727047443	0.510412833
6.275113000	0.731961846	0.511479329
6.275114000	0.726573884	0.513526634
6.275115000	0.708759189	0.505246899
6.275116000	0.761592805	0.508261398
6.275117000	0.726325691	0.505129753
6.275118000	0.734266758	0.503443074
6.275119000	0.760090828	0.498906811
6.275120000	0.726394415	0.498519555
6.275121000	0.807746053	0.496761336
6.275122000	0.741718352	0.498735837
6.275123000	0.774855435	0.494670055
6.275124000	0.769455969	0.498238258
6.275125000	0.796497524	0.491119629
6.275126000	0.772136331	0.492122708
6.275127000	0.813773930	0.489881658
6.275128000	0.796706378	0.491120661
6.275129000	0.804760635	0.488402638
6.275130000	0.749300301	0.485637278
6.275131000	0.793462217	0.484672715
6.275132000	0.801612139	0.485244995
6.275133000	0.826405466	0.485351055
6.275134000	0.799317598	0.485851796
6.275135000	0.804386437	0.480487025
6.275136000	0.853153348	0.481003511
6.275137000	0.827047050	0.481823632
6.275138000	0.815955043	0.478402002
6.275139000	0.807475328	0.474743352
6.275140000	0.810838580	0.476030391
6.275141000	0.810509682	0.476260821
6.275142000	0.840543747	0.473023016
6.275143000	0.833007157	0.474787760
6.275144000	0.834675968	0.470941623
6.275145000	0.801283121	0.474091343
6.275146000	0.834340751	0.465841436
6.275147000	0.820127785	0.469926625
6.275148000	0.842938125	0.460847110
6.275149000	0.866404891	0.467155506
6.275150000	0.896870255	0.463434205
6.275151000	0.828587472	0.464008682
6.275152000	0.834178805	0.466159484
6.275153000	0.888684332	0.463209434
6.275154000	0.833438039	0.459735241
6.275155000	0.874370158	0.456680129
6.275156000	0.866924286	0.456645841
6.275157000	0.840752959	0.456098361
6.275158000	0.849996686	0.457347217
6.275159000	0.876965284	0.450017432
6.275160000	0.858260870	0.452134779
6.275161000	0.906070292	0.456294403
6.275162000	0.847276330	0.454459319
6.275163000	0.850199759	0.455605976
6.275164000	0.888577342	0.447153702
6.275165000	0.918248355	0.448394335
6.275166000	0.887110174	0.448851567
6.275167000	0.869856775	0.448318003
6.275168000	0.830226898	0.448898439
6.275169000	0.906089544	0.446931561
6.275170000	0.873143017	0.443863899
6.275171000	0.899743617	0.447960873
6.275172000	0.865512788	0.441225006
6.275173000	0.885650635	0.445805477
6.275174000	0.878086090	0.447274310
6.275175000	0.834428072	0.444999438
6.275176000	0.885294676	0.444116666
6.275177000	0.916378438	0.443817127
6.275178000	0.880712450	0.441963034
6.275179000	0.848243594	0.436444033
6.275180000	0.910785258	0.434970739
6.275181000	0.898981631	0.434022853
6.275182000	0.898409128	0.436275954
6.275183000	0.846391797	0.439287922
6.275184000	0.861215651	0.440209742
6.275185000	0.876070857	0.437845455
6.275186000	0.855685949	0.435676277
6.275187000	0.887446165	0.430656085
6.275188000	0.875620186	0.431695350
6.275189000	0.891247869	0.433309259
6.275190000	0.932445645	0.429451271
6.275191000	0.861071885	0.427534261
6.275192000	0.907980025	0.426025946
6.275193000	0.884160578	0.425128394
6.275194000	0.891550422	0.429881637
6.275195000	0.923235714	0.433547612
6.275196000	0.906278014	0.423839058
6.275197000	0.907698393	0.430683349
6.275198000	0.959567428	0.424223019
6.275199000	0.904235005	0.425363219
6.275200000	0.929835856	0.420829952
6.275201000	0.869194388	0.422792636
6.275202000	0.922934592	0.428306078
6.275203000	0.899914980	0.422180375
6.275204000	0.902990460	0.419830069
6.275205000	0.952107847	0.420464300
6.275206000	0.904782116	0.421710427
6.275207000	0.901662648	0.424723228
6.275208000	0.902047157	0.419998214
6.275209000	0.955886602	0.416339097
6.275210000	0.919414520	0.416105138
6.275211000	0.903576434	0.420090992
6.275212000	0.883237481	0.418978356
6.275213000	0.893757880	0.415653966
6.275214000	0.925559223	0.411473202
6.275215000	0.907300115	0.411660090
6.275216000	0.917413473	0.408212228
6.275217000	0.907729149	0.412294721
6.275218000	0.932235718	0.410079570
6.275219000	0.935718477	0.415058017
6.275220000	0.943125904	0.409780664
6.275221000	0.915731072	0.407817381
6.275222000	0.943773329	0.411671009
6.275223000	0.939287961	0.409774771
6.275224000	0.939629018	0.410666664
6.275225000	0.948800266	0.409830764
6.275226000	0.913504004	0.407663484
6.275227000	0.911439836	0.407746874
6.275228000	0.914070427	0.404960175
6.275229000	0.915203989	0.409568576
6.275230000	0.953066051	0.404753148
6.275231000	0.932966053	0.406986109
6.275232000	0.905522168	0.405044165
6.275233000	0.929525673	0.402434966
6.275234000	0.899593174	0.402662134
6.275235000	0.938562214	0.400034393
6.275236000	0.953381419	0.404971028
6.275237000	0.920742273	0.399269699
6.275238000	0.926340282	0.404142585
6.275239000	0.969889224	0.401093865
6.275240000	0.951746702	0.402847357
6.275241000	0.931640327	0.401806660
6.275242000	0.930492878	0.394267817
6.275243000	0.961105764	0.399826966
6.275244000	0.962494612	0.401119431
6.275245000	0.963999689	0.397480421
6.275246000	0.981744289	0.394720088
6.275247000	0.919956684	0.396114786
6.275248000	0.954316974	0.397510249
6.275249000	0.924291551	0.400526711
6.275250000	0.919137895	0.397070627
6.275251000	0.911667585	0.393530088
6.275252000	0.936416030	0.395863916
6.275253000	0.951165020	0.396058460
6.275254000	0.952677608	0.392635399
6.275255000	0.933719158	0.394904079
6.275256000	0.949881136	0.394426741
6.275257000	0.951395869	0.389406283
6.275258000	1.002631545	0.393771503
6.275259000	0.915138483	0.385146889
6.275260000	0.953578234	0.392146243
6.275261000	0.907679677	0.388597947
6.275262000	0.947800756	0.391447429
6.275263000	0.939072669	0.391983024
6.275264000	0.965444386	0.386793123
6.275265000	0.957227826	0.384427270
6.275266000	0.940239549	0.392573048
6.275267000	0.942318559	0.383958054
6.275268000	1.023594975	0.388006459
6.275269000	0.957026124	0.389783420
6.275270000	0.993946552	0.385221025
6.275271000	0.988602996	0.385091396
6.275272000	0.957658052	0.387333744
6.275273000	0.917393029	0.388131161
6.275274000	0.930161357	0.382569183
6.275275000	1.001278400	0.387827827
6.275276000	0.936306477	0.385719536
6.275277000	0.975198209	0.382708666
6.275278000	0.978362203	0.382785664
6.275279000	0.937111318	0.380531898
6.275280000	0.964883149	0.383548127
6.275281000	0.979387403	0.377329813
6.275282000	0.951494098	0.386451605
6.275283000	0.924839795	0.381951995
6.275284000	0.946859181	0.379909184
6.275285000	0.968307614	0.382248039
6.275286000	0.954286575	0.378736761
6.275287000	0.968658566	0.380292712
6.275288000	0.982677817	0.377558711
6.275289000	0.959049940	0.380436190
6.275290000	0.946245432	0.378840291
6.275291000	0.956849635	0.377832285
6.275292000	0.948022127	0.379904091
6.275293000	0.996270776	0.377737276
6.275294000	0.966640413	0.372990391
6.275295000	0.936782658	0.377004674
6.275296000	0.941147208	0.376555632
6.275297000	0.961413026	0.371276281
6.275298000	0.966073036	0.372453431
6.275299000	0.963986814	0.377315332
6.275300000	0.995666087	0.377850294
6.275301000	1.010651708	0.370059882
6.275302000	0.944784403	0.370329727
6.275303000	0.994382024	0.366453563
6.275304000	0.976576626	0.371796696
6.275305000	0.979008853	0.369853853
6.275306000	0.946578681	0.370226430
6.275307000	0.987917721	0.368356924
6.275308000	0.959943712	0.373465166
6.275309000	1.013786077	0.369553915
6.275310000	0.977574229	0.370927407
6.275311000	0.957857132	0.367353944
6.275312000	0.967040360	0.366202160
6.275313000	0.951686919	0.371470559
6.275314000	0.961095273	0.369636306
6.275315000	1.037104845	0.372469177
6.275316000	0.985944033	0.371293625
6.275317000	0.997639358	0.369544128
6.275318000	0.972935021	0.368514250
6.275319000	0.997242033	0.364784726
6.275320000	0.951215863	0.367808745
6.275321000	0.974011302	0.362246833
6.275322000	0.984862566	0.361113925
6.275323000	0.928977609	0.367086097
6.275324000	0.994140208	0.366054122
6.275325000	0.973218918	0.364903103
6.275326000	0.958617032	0.364441511
6.275327000	0.947731972	0.364496905
6.275328000	0.968570828	0.360901404
6.275329000	0.957211673	0.363484105
6.275330000	0.944571912	0.361873025
6.275331000	0.943379581	0.361271251
6.275332000	0.999425709	0.360385983
6.275333000	0.998765349	0.363695327
6.275334000	1.022971392	0.357870627
6.275335000	1.006990075	0.364791717
6.275336000	1.008915544	0.365711972
6.275337000	1.009528160	0.359412697
6.275338000	1.046110868	0.361990837
6.275339000	0.989867449	0.363249414
6.275340000	1.000818610	0.356824937
6.275341000	1.001649499	0.360181119
6.275342000	1.013241053	0.353823654
6.275343000	1.032764792	0.361328742
6.275344000	0.966903448	0.364284285
6.275345000	1.021986008	0.361955517
6.275346000	0.998448312	0.358397001
6.275347000	0.949797034	0.361607075
6.275348000	1.019210696	0.354200858
6.275349000	0.950412571	0.358858627
6.275350000	1.007053256	0.358280687
6.275351000	0.995896757	0.363309568
6.275352000	0.960188210	0.352320000
6.275353000	0.986674964	0.354236777
6.275354000	0.984644294	0.358307419
6.275355000	0.980953276	0.356176224
6.275356000	0.958076179	0.350851833
6.275357000	0.971367180	0.354132781
6.275358000	0.963076413	0.354551962
6.275359000	0.990553617	0.357172679
6.275360000	0.996957123	0.357804248
6.275361000	1.004047632	0.356788019
6.275362000	1.013648033	0.352715979
6.275363000	1.007566214	0.352121761
6.275364000	0.985880196	0.347672817
6.275365000	0.989808381	0.353683872
6.275366000	0.967725098	0.359295152
6.275367000	0.940796435	0.351174508
6.275368000	0.959535241	0.347267617
6.275369000	1.004416585	0.352456953
6.275370000	0.980643213	0.350537979
6.275371000	1.002511859	0.350351292
6.275372000	1.016133070	0.351576013
6.275373000	0.946494043	0.347538161
6.275374000	1.008306503	0.350903665
6.275375000	0.998951256	0.351924587
6.275376000	0.988631785	0.346324592
6.275377000	1.016813636	0.349573615
6.275378000	0.997026682	0.342732787
6.275379000	0.979414642	0.350841646
6.275380000	0.981571198	0.346300957
6.275381000	1.013432026	0.346408448
6.275382000	1.012595057	0.348481253
6.275383000	0.974022269	0.345190052
6.275384000	0.988878369	0.345588594
6.275385000	0.959878206	0.347510897
6.275386000	1.010912657	0.349836802
6.275387000	0.957669675	0.341053364
6.275388000	0.985392034	0.348149923
6.275389000	0.991939247	0.344326389
6.275390000	0.953514457	0.349410563
6.275391000	1.014905930	0.346915315
6.275392000	1.025927901	0.342551991
6.275393000	1.015262842	0.343462959
6.275394000	0.950806320	0.344646534
6.275395000	0.973764062	0.344451891
6.275396000	0.977527499	0.345466455
6.275397000	0.983396947	0.345873919
6.275398000	1.018470168	0.342641174
6.275399000	1.006479025	0.342605787
6.275400000	1.002312064	0.346201554
6.275401000	0.994855642	0.342110140
6.275402000	1.004905939	0.343737531
6.275403000	0.989934981	0.342365670
6.275404000	0.961384118	0.338168728
6.275405000	0.957770824	0.341817259
6.275406000	1.041921139	0.344240768
6.275407000	1.021398783	0.343127567
6.275408000	0.996140778	0.339808836
6.275409000	0.999968410	0.338882122
6.275410000	1.022464275	0.341549444
6.275411000	0.983322918	0.339445847
6.275412000	1.000999331	0.344836950
6.275413000	0.984862924	0.339741291
6.275414000	0.949321568	0.332203380
6.275415000	1.027769327	0.340112736
6.275416000	0.995872200	0.341339720
6.275417000	0.973497033	0.338410210
6.275418000	0.990366399	0.339383562
6.275419000	1.051708341	0.341433930
6.275420000	0.991218448	0.337527272
6.275421000	1.017995834	0.336832387
6.275422000	1.001440287	0.337945688
6.275423000	1.007486463	0.338940479
6.275424000	0.944246650	0.338907688
6.275425000	1.050310612	0.337060620
6.275426000	0.952972770	0.336266032
6.275427000	0.994224310	0.336440403
6.275428000	1.025158882	0.339498444
6.275429000	1.020638466	0.336383977
6.275430000	0.946705043	0.337109788
6.275431000	0.999351561	0.338390070
6.275432000	0.950106323	0.339126900
6.275433000	1.038924813	0.335696948
6.275434000	0.996610820	0.335968690
6.275435000	0.990302563	0.332103944
6.275436000	1.018456101	0.335819354
6.275437000	1.011793137	0.336199154
6.275438000	0.978874862	0.335315850
6.275439000	0.992202044	0.334960384
6.275440000	1.038720489	0.331844852
6.275441000	0.969435811	0.330559710
6.275442000	0.963058531	0.339866659
6.275443000	0.987444341	0.335119475
6.275444000	1.013345718	0.335802975
6.275445000	1.016493082	0.331541851
6.275446000	1.033494949	0.329720881
6.275447000	1.022769570	0.333046670
6.275448000	0.980363309	0.335511759
6.275449000	1.005709291	0.329826276
6.275450000	1.015383124	0.336167096
6.275451000	1.053699255	0.334244793
6.275452000	0.990298986	0.332993540
6.275453000	1.062480927	0.329458660
6.275454000	0.989100456	0.333417981
6.275455000	1.034332275	0.332785980
6.275456000	1.002534628	0.333873715
6.275457000	0.977335334	0.331709364
6.275458000	0.983063698	0.330369993
6.275459000	0.970800400	0.325993488
6.275460000	1.017507195	0.330889743
6.275461000	0.965536773	0.328741004
6.275462000	1.001828432	0.330279446
6.275463000	0.938927770	0.330124051
6.275464000	1.026102424	0.329702505
6.275465000	1.035269499	0.326604117
6.275466000	1.020294905	0.329061150
6.275467000	1.020355701	0.323493578
6.275468000	0.980419338	0.327738457
6.275469000	0.979850352	0.328032637
6.275470000	0.994267166	0.328138664
6.275471000	1.008853912	0.325437886
6.275472000	1.009464502	0.334354515
6.275473000	1.000690103	0.324646561
6.275474000	0.990307808	0.329810830
6.275475000	0.986034274	0.326583278
6.275476000	1.047471404	0.327833333
6.275477000	1.007206559	0.327076096
6.275478000	0.953407884	0.328817271
6.275479000	0.978671849	0.327489385
6.275480000	1.029801130	0.327181025
6.275481000	0.992660642	0.326599024
6.275482000	0.986639857	0.326770465
6.275483000	1.017010331	0.325471042
6.275484000	0.978733540	0.325514618
6.275485000	1.023586035	0.325609959
6.275486000	1.026991248	0.325351666
6.275487000	1.024317980	0.326619763
6.275488000	0.976705492	0.323024696
6.275489000	1.012615085	0.325570112
6.275490000	1.001851678	0.323367744
6.275491000	0.990462124	0.324931253
6.275492000	1.035804629	0.327622776
6.275493000	1.023997188	0.319482492
6.275494000	1.007687449	0.326432210
6.275495000	1.000066996	0.320047248
6.275496000	1.041097403	0.323246237
6.275497000	1.020654678	0.325203028
6.275498000	1.014637351	0.324109002
6.275499000	1.016818762	0.323950044
6.275500000	0.986835837	0.320848127
6.275501000	1.003290892	0.322221420
6.275502000	1.023098946	0.322518662
6.275503000	1.020494103	0.319907732
6.275504000	1.033714175	0.324585608
6.275505000	0.970473289	0.326234204
6.275506000	0.986814201	0.319008183
6.275507000	1.031258106	0.322043287
6.275508000	0.997913063	0.321685392
6.275509000	0.989482224	0.322572491
6.275510000	1.050579786	0.323979905
6.275511000	0.988055408	0.323329628
6.275512000	0.966670215	0.322609709
6.275513000	1.019095302	0.317231754
6.275514000	0.980715752	0.317920514
6.275515000	0.949506998	0.322951326
6.275516000	1.039266825	0.312965204
6.275517000	1.017417312	0.320357273
6.275518000	0.994812727	0.318529679
6.275519000	1.022500873	0.322359671
6.275520000	0.971792102	0.319294839
6.275521000	1.038584113	0.321507426
6.275522000	0.987547636	0.315930534
6.275523000	1.006148815	0.315488083
6.275524000	0.967119873	0.315416477
6.275525000	1.004459739	0.322254276
6.275526000	0.995732248	0.322054972
6.275527000	1.010161757	0.318635140
6.275528000	1.013442397	0.317878669
6.275529000	1.054847121	0.321573240
6.275530000	1.031389713	0.317933664
6.275531000	1.047379732	0.316935478
6.275532000	1.000252485	0.320004305
6.275533000	1.009482026	0.325402898
6.275534000	1.038630843	0.311874440
6.275535000	1.009814501	0.318785542
6.275536000	1.010435581	0.316919066
6.275537000	0.997771144	0.316669261
6.275538000	1.026440263	0.319622341
6.275539000	1.032601476	0.316242024
6.275540000	0.996297002	0.313600534
6.275541000	0.988847256	0.320662705
6.275542000	1.008597732	0.317144636
6.275543000	0.994035840	0.318763139
6.275544000	1.000972152	0.313860192
6.275545000	1.014968753	0.316861309
6.275546000	0.990916431	0.317119802
6.275547000	0.980838478	0.313954402
6.275548000	0.965656638	0.314209233
6.275549000	1.002849579	0.311917017
6.275550000	0.992148697	0.311864320
6.275551000	1.018833041	0.314146049
6.275552000	0.990223885	0.313758027
6.275553000	1.012766004	0.312840867
6.275554000	0.983148277	0.312708242
6.275555000	1.041174889	0.312689034
6.275556000	1.007833481	0.316230239
6.275557000	0.992260933	0.317207420
6.275558000	1.037917495	0.311700602
6.275559000	1.001550436	0.311765982
6.275560000	1.002807736	0.311657625
6.275561000	1.032275319	0.314218720
6.275562000	1.018560529	0.316508107
6.275563000	1.053748608	0.311177757
6.275564000	0.989324450	0.316902022
6.275565000	1.007653236	0.315284451
6.275566000	1.018166304	0.313622172
6.275567000	1.040465713	0.314392525
6.275568000	0.985002398	0.312043051
6.275569000	1.005487800	0.312021879
6.275570000	1.016903043	0.311368572
6.275571000	1.021983027	0.311474366
6.275572000	1.021246552	0.309714216
6.275573000	1.028417230	0.307395202
6.275574000	1.008436680	0.309220000
6.275575000	1.023975968	0.314268522
6.275576000	1.009045839	0.310762470
6.275577000	0.992771387	0.309031848
6.275578000	0.993332386	0.307751001
6.275579000	1.056080699	0.307511616
6.275580000	0.997143209	0.312817532
6.275581000	1.066085458	0.309838653
6.275582000	1.050728798	0.308828849
6.275583000	1.040149689	0.303717776
6.275584000	1.018347621	0.309625966
6.275585000	1.011792302	0.309116670
6.275586000	0.963246405	0.306674751
6.275587000	0.986667216	0.307450097
6.275588000	1.007548094	0.310989538
6.275589000	0.999937296	0.308962373
6.275590000	1.017858624	0.306714232
6.275591000	1.041050434	0.311834026
6.275592000	0.996335030	0.307720175
6.275593000	1.011050582	0.307355421
6.275594000	1.009678841	0.304496751
6.275595000	0.995560944	0.313262213
6.275596000	0.992891788	0.309732825
6.275597000	1.017094016	0.309365076
6.275598000	1.015948653	0.308410399
6.275599000	0.980264306	0.308579610
6.275600000	1.005887270	0.308502278
6.275601000	0.991389990	0.306910407
6.275602000	0.994987547	0.308472518
6.275603000	1.037064314	0.307079851
6.275604000	1.004409552	0.307335681
6.275605000	0.994164169	0.305218235
6.275606000	0.979009926	0.305056115
6.275607000	1.009956598	0.304810005
6.275608000	0.981591165	0.300189188
6.275609000	0.962630510	0.302643590
6.275610000	0.985579073	0.307147162
6.275611000	1.030447245	0.308762736
6.275612000	1.009984732	0.305797239
6.275613000	1.009242535	0.311974308
6.275614000	1.025134802	0.300365456
6.275615000	1.018595934	0.309134946
6.275616000	1.012075067	0.304448681
6.275617000	0.983102202	0.306536133
6.275618000	1.015400171	0.305786054
6.275619000	1.040770769	0.300173209
6.275620000	0.985214770	0.302007128
6.275621000	1.027952313	0.303462712
6.275622000	0.992099285	0.308003901
6.275623000	1.009006143	0.302809938
6.275624000	1.014945865	0.305030382
6.275625000	1.030317187	0.307240140
6.275626000	1.020266294	0.300557902
6.275627000	1.046129823	0.306737002
6.275628000	1.019314408	0.309489546
6.275629000	1.085296392	0.303568539
6.275630000	0.998951256	0.301604425
6.275631000	0.966144204	0.304566759
6.275632000	1.003173470	0.304028101
6.275633000	1.014412522	0.300047275
6.275634000	1.040360928	0.299274492
6.275635000	1.006066203	0.304627046
6.275636000	1.027085543	0.304739232
6.275637000	1.008137345	0.301819342
6.275638000	1.013330936	0.299646336
6.275639000	1.020693421	0.303936788
6.275640000	1.030295849	0.296050269
6.275641000	0.995577097	0.303497333
6.275642000	0.998282015	0.304310596
6.275643000	1.021604419	0.301248161
6.275644000	0.990435779	0.298722052
6.275645000	0.999886692	0.300642891
6.275646000	0.991718948	0.302533036
6.275647000	1.017351031	0.297491605
6.275648000	1.024979949	0.297895008
6.275649000	1.016247511	0.300372913
6.275650000	0.964450002	0.298127835
6.275651000	1.002135038	0.302424512
6.275652000	1.018862128	0.299539044
6.275653000	1.014953732	0.302138156
6.275654000	1.036970735	0.300184893
6.275655000	1.019799471	0.299486812
6.275656000	1.004343271	0.295895939
6.275657000	1.036169171	0.299528957
6.275658000	1.008206606	0.303032745
6.275659000	1.000524759	0.300269682
6.275660000	1.052531004	0.306355704
6.275661000	0.984366775	0.297897804
6.275662000	1.064339995	0.295475193
6.275663000	1.004632831	0.299879795
6.275664000	1.003109336	0.303971576
6.275665000	1.023262620	0.297599996
6.275666000	1.029483795	0.296857973
6.275667000	1.035827518	0.299593772
6.275668000	1.022696137	0.303448797
6.275669000	1.012332320	0.297085107
6.275670000	1.032441616	0.295229949
6.275671000	0.969859540	0.301367004
6.275672000	1.049649596	0.298470783
6.275673000	1.011245131	0.295560348
6.275674000	1.013661146	0.297964383
6.275675000	1.009660482	0.298971424
6.275676000	0.968754888	0.298628009
6.275677000	0.986782730	0.296526709
6.275678000	0.969138026	0.296895290
6.275679000	1.010784984	0.295288971
6.275680000	1.006439924	0.295991913
6.275681000	0.991559684	0.297207047
6.275682000	0.989330292	0.298447747
6.275683000	1.012062311	0.298041482
6.275684000	1.025468826	0.294936336
6.275685000	1.021303535	0.297020459
6.275686000	1.021290183	0.295572598
6.275687000	1.015071630	0.290514223
6.275688000	0.985126853	0.298660833
6.275689000	1.027082443	0.293334045
6.275690000	1.024807453	0.294068511
6.275691000	1.044331074	0.294920556
6.275692000	1.032576919	0.300630440
6.275693000	0.994493365	0.298157462
6.275694000	1.027816772	0.296978514
6.275695000	0.996305346	0.297409680
6.275696000	1.025978565	0.293161172
6.275697000	1.035890102	0.294196243
6.275698000	1.015475750	0.292788696
6.275699000	1.027727365	0.291524726
6.275700000	1.023534060	0.293782754
6.275701000	1.007864356	0.293546665
6.275702000	0.958044231	0.296441954
6.275703000	1.053323269	0.292529404
6.275704000	1.001728296	0.293679024
6.275705000	1.023385882	0.295106245
6.275706000	0.987696648	0.290996921
6.275707000	1.035775304	0.294237622
6.275708000	0.992119014	0.290947353
6.275709000	0.997849941	0.294282496
6.275710000	0.999840677	0.295562644
6.275711000	1.035486102	0.291637078
6.275712000	1.009720564	0.293484380
6.275713000	1.053709507	0.294130796
6.275714000	1.012157202	0.294015947
6.275715000	0.957121730	0.292971355
6.275716000	1.003629327	0.296869591
6.275717000	0.971422315	0.297786284
6.275718000	1.008388758	0.292347111
6.275719000	1.026564121	0.292049069
6.275720000	1.022549748	0.292301937
6.275721000	1.035234690	0.295843974
6.275722000	0.990122497	0.298256565
6.275723000	0.928433359	0.296461228
6.275724000	1.008256674	0.291454053
6.275725000	0.987738311	0.292570383
6.275726000	1.020939946	0.295045625
6.275727000	1.004410267	0.288968724
6.275728000	1.025467873	0.290969025
6.275729000	1.010415316	0.291406382
6.275730000	0.945854306	0.293062302
6.275731000	1.053657413	0.293183343
6.275732000	1.066873431	0.289011867
6.275733000	0.954780400	0.288594051
6.275734000	0.983467996	0.294004729
6.275735000	1.032064557	0.287694668
6.275736000	1.027372122	0.290764727
6.275737000	1.043878317	0.290327469
6.275738000	1.045491576	0.291041629
6.275739000	1.044528604	0.291849898
6.275740000	0.973306715	0.289151384
6.275741000	0.996270955	0.291790676
6.275742000	0.959615767	0.292490122
6.275743000	1.054437995	0.293852196
6.275744000	1.018187046	0.289070823
6.275745000	0.993142068	0.284330862
6.275746000	0.992354989	0.290882372
6.275747000	1.027713895	0.287958720
6.275748000	1.009860516	0.287651458
6.275749000	1.066548109	0.294430035
6.275750000	0.995902538	0.291035837
6.275751000	1.012914658	0.287778125
6.275752000	1.032971859	0.291092162
6.275753000	1.039177060	0.291534114
6.275754000	1.044395566	0.285509278
6.275755000	1.017913461	0.292424775
6.275756000	1.041483045	0.287274388
6.275757000	1.039941669	0.290159290
6.275758000	0.998310626	0.287494432
6.275759000	0.996279836	0.287967309
6.275760000	1.013350129	0.284989795
6.275761000	0.984737217	0.290049368
6.275762000	1.011775255	0.290178598
6.275763000	1.023942828	0.288281362
6.275764000	1.014824271	0.286825645
6.275765000	1.042477965	0.284928842
6.275766000	1.000987768	0.284781802
6.275767000	1.008478642	0.288596348
6.275768000	1.015709519	0.283722497
6.275769000	1.001780748	0.284091311
6.275770000	1.024651527	0.286732801
6.275771000	0.978346050	0.287647597
6.275772000	1.003955841	0.290057458
6.275773000	1.001382947	0.283267362
6.275774000	0.999458015	0.286279797
6.275775000	1.013620853	0.289835883
6.275776000	1.053801179	0.289836748
6.275777000	1.031930447	0.285657083
6.275778000	0.996740699	0.286404300
6.275779000	1.022085905	0.289369929
6.275780000	1.031031609	0.289646232
6.275781000	1.027346134	0.291508514
6.275782000	1.036790967	0.284317647
6.275783000	0.985266149	0.285365700
6.275784000	1.018413544	0.285999499
6.275785000	1.071192265	0.286202865
6.275786000	0.999878824	0.282672179
6.275787000	1.034384131	0.291833087
6.275788000	1.006714582	0.283950963
6.275789000	1.037119746	0.282715788
6.275790000	0.986614645	0.287016594
6.275791000	1.054160833	0.285808351
6.275792000	0.999364197	0.283504317
6.275793000	1.036408186	0.286862064
6.275794000	0.985676408	0.283530216
6.275795000	1.007970452	0.288840027
6.275796000	1.041143298	0.278799444
6.275797000	0.983489573	0.288210955
6.275798000	1.000177026	0.288152532
6.275799000	1.010239005	0.285354349
6.275800000	1.040975451	0.284115479
6.275801000	1.069874406	0.287823432
6.275802000	1.049175262	0.289395729
6.275803000	1.056721807	0.283428683
6.275804000	1.018745065	0.286960468
6.275805000	1.041331053	0.290322376
6.275806000	1.001135230	0.288425506
6.275807000	0.992480159	0.280678404
6.275808000	1.000402808	0.286002063
6.275809000	1.018184066	0.283676024
6.275810000	1.014142275	0.284470279
6.275811000	0.991136849	0.283577021
6.275812000	0.990131259	0.286535627
6.275813000	1.036254764	0.287975365
6.275814000	0.996866405	0.283346924
6.275815000	0.989581525	0.284259290
6.275816000	1.033526540	0.280784997
6.275817000	1.017080426	0.284013247
6.275818000	1.069419622	0.283263501
6.275819000	1.023906708	0.287054344
6.275820000	1.002301693	0.285075316
6.275821000	1.003623724	0.281143558
6.275822000	1.023985028	0.280700375
6.275823000	1.007680416	0.285204879
6.275824000	1.006419063	0.282158788
6.275825000	1.064293027	0.282745316
6.275826000	1.023990989	0.278928407
6.275827000	1.022300839	0.284519448
6.275828000	1.007638931	0.280809631
6.275829000	1.052057028	0.284945686
6.275830000	1.011694074	0.284272806
6.275831000	1.029549122	0.282463953
6.275832000	1.006990671	0.283387471
6.275833000	1.000218511	0.279322455
6.275834000	1.023327351	0.282310855
6.275835000	1.023960233	0.282299969
6.275836000	1.065077305	0.286645582
6.275837000	0.975030124	0.279406511
6.275838000	1.017676711	0.286340018
6.275839000	1.034891367	0.283541002
6.275840000	1.045597792	0.282195307
6.275841000	0.998803556	0.281842838
6.275842000	1.037526488	0.280616885
6.275843000	1.007836819	0.287367732
6.275844000	1.024766445	0.281868903
6.275845000	1.035702705	0.283471627
6.275846000	1.001845956	0.281642601
6.275847000	1.030410886	0.282815424
6.275848000	1.044098377	0.283849596
6.275849000	1.048989058	0.282212651
6.275850000	1.012528062	0.283916907
6.275851000	1.023165703	0.284018008
6.275852000	0.997308850	0.282523209
6.275853000	1.022239685	0.280904905
6.275854000	1.026658416	0.280468780
6.275855000	1.045677543	0.286162984
6.275856000	1.023527741	0.282717952
6.275857000	1.031155467	0.283853990
6.275858000	1.005540729	0.283449123
6.275859000	1.052652478	0.279208938
6.275860000	1.019055247	0.277109235
6.275861000	1.018513441	0.281936115
6.275862000	1.017453074	0.283790441
6.275863000	1.066344976	0.283648394
6.275864000	1.011836410	0.278245872
6.275865000	1.040271163	0.274870166
6.275866000	1.035968304	0.280884100
6.275867000	1.012291312	0.275698942
6.275868000	0.998620093	0.278703986
6.275869000	0.996618032	0.278751440
6.275870000	1.027021408	0.279594397
6.275871000	1.001824617	0.288012316
6.275872000	0.990465224	0.275773743
6.275873000	0.991059482	0.285062766
6.275874000	1.007879734	0.280123967
6.275875000	0.949896097	0.282933136
6.275876000	1.015526295	0.279766903
6.275877000	1.013413429	0.283466367
6.275878000	1.008121252	0.279152046
6.275879000	1.029974699	0.277359639
6.275880000	1.030509114	0.283337637
6.275881000	1.020679116	0.273992088
6.275882000	0.980935812	0.278552302
6.275883000	1.017008424	0.286203997
6.275884000	1.036725760	0.281048883
6.275885000	1.016447306	0.276169755
6.275886000	1.041770577	0.275793950
6.275887000	1.017763853	0.278992872
6.275888000	1.005762935	0.275866937
6.275889000	1.042418003	0.278905987
6.275890000	1.056982756	0.276610908
6.275891000	1.020452499	0.277386786
6.275892000	1.009507060	0.285622662
6.275893000	1.014755607	0.278797280
6.275894000	1.012680054	0.276799676
6.275895000	1.055907488	0.277562838
6.275896000	1.008636236	0.276796081
6.275897000	1.013948083	0.276970335
6.275898000	1.011203885	0.276418594
6.275899000	1.047469020	0.277165927
6.275900000	1.008625627	0.278335005
6.275901000	1.042046785	0.273206439
6.275902000	1.031301260	0.276110982
6.275903000	1.055172563	0.278456512
6.275904000	1.012317181	0.277493446
6.275905000	1.037803054	0.280185785
6.275906000	1.019318461	0.273777005
6.275907000	1.027858853	0.278547492
6.275908000	1.016915441	0.276750174
6.275909000	1.021969914	0.273537703
6.275910000	0.979874909	0.273285835
6.275911000	1.013838768	0.273626869
6.275912000	1.009545207	0.278939676
6.275913000	1.011779547	0.275577168
6.275914000	1.009874701	0.276515666
6.275915000	1.029094934	0.271905718
6.275916000	0.981759608	0.271584075
6.275917000	1.009068847	0.273918485
6.275918000	1.041840911	0.271098947
6.275919000	1.033362150	0.278336769
6.275920000	0.981892586	0.272045101
6.275921000	0.954369843	0.279412204
6.275922000	1.032324791	0.280442181
6.275923000	0.988333881	0.280393512
6.275924000	1.003533125	0.275882483
6.275925000	1.008375764	0.275971916
6.275926000	1.030509353	0.277822579
6.275927000	1.022316456	0.271887009
6.275928000	1.004710317	0.276724824
6.275929000	1.015013337	0.280607896
6.275930000	1.004003525	0.278037846
6.275931000	1.003748536	0.275521109
6.275932000	1.012733459	0.273806632
6.275933000	1.052993417	0.277067224
6.275934000	0.979178250	0.276975461
6.275935000	1.010816455	0.277651438
6.275936000	0.983845651	0.274745763
6.275937000	1.015424848	0.278020236
6.275938000	1.055800796	0.277603301
6.275939000	1.042947531	0.278432227
6.275940000	1.033597112	0.273125596
6.275941000	0.996898770	0.275034350
6.275942000	1.006469011	0.274023414
6.275943000	0.992081463	0.277896416
6.275944000	0.988899767	0.276791453
6.275945000	1.037317634	0.274066091
6.275946000	1.039908648	0.278846631
6.275947000	0.998163044	0.273858464
6.275948000	0.953762889	0.275163147
6.275949000	1.004082441	0.271220387
6.275950000	1.033969164	0.272023596
6.275951000	1.034157991	0.270683493
6.275952000	1.015012860	0.272598989
6.275953000	1.052985430	0.271930519
6.275954000	0.997636259	0.267070000
6.275955000	0.946619987	0.270956401
6.275956000	1.007322907	0.266677300
6.275957000	1.002862811	0.270907881
6.275958000	1.008008242	0.275728519
6.275959000	1.004572392	0.269527415
6.275960000	1.003906369	0.272100179
6.275961000	1.003345728	0.272565167
6.275962000	0.982894182	0.271663021
6.275963000	1.032373548	0.274317327
6.275964000	1.030089736	0.271792500
6.275965000	0.998126745	0.273081370
6.275966000	0.973329246	0.273251713
6.275967000	1.010481954	0.272578333
6.275968000	1.007912755	0.274240794
6.275969000	1.041101098	0.271519493
6.275970000	1.008713722	0.276121702
6.275971000	0.989963949	0.270538335
6.275972000	1.012655735	0.275395008
6.275973000	1.011613846	0.273271803
6.275974000	0.992081404	0.272559407
6.275975000	1.009469032	0.268537785
6.275976000	1.005214572	0.270272135
6.275977000	0.984244883	0.273327713
6.275978000	1.019821286	0.270710708
6.275979000	1.038938880	0.272296287
6.275980000	0.952672780	0.277704651
6.275981000	1.012131453	0.269034065
6.275982000	1.026836038	0.272728185
6.275983000	1.041321039	0.269270071
6.275984000	1.018999577	0.273484556
6.275985000	1.017094851	0.274341728
6.275986000	1.009795308	0.273850109
6.275987000	1.007573247	0.272977957
6.275988000	1.084107757	0.268267008
6.275989000	1.040781379	0.271122050
6.275990000	1.043265581	0.270587503
6.275991000	1.028755426	0.267328377
6.275992000	1.033765316	0.269850440
6.275993000	0.982180476	0.270686273
6.275994000	1.021674633	0.270198499
6.275995000	1.018984318	0.269994650
6.275996000	1.001144171	0.269715218
6.275997000	1.040404916	0.271496207
6.275998000	1.031931639	0.268181470
6.275999000	0.990388811	0.272925592
6.276000000	1.021992087	0.272352497
