D:\KID metingen\Entropy ADR\LT343chip5_BF_20240530_mapping\S21\Power\KID28_116dBm_.dat
Power at KID:116dBm
resonance Frequency in GHz :5.779685
Q=30907.406416, Qc=33258.874039, Qi=437150.623174  S21min=-23.011371


Temperature in K:0.100020
GHz	dB	Rad
5.778766000	0.965143383	0.111006039
5.778767000	0.959112704	0.117242979
5.778768000	0.961291611	0.112599000
5.778769000	0.933375657	0.116322540
5.778770000	0.896716058	0.113409350
5.778771000	0.864886105	0.104514301
5.778772000	0.953463972	0.115558438
5.778773000	0.909658611	0.113132215
5.778774000	0.911902070	0.117402327
5.778775000	0.871586323	0.115698237
5.778776000	0.923860073	0.128197809
5.778777000	0.980867922	0.110293402
5.778778000	0.896591425	0.113571112
5.778779000	0.907085180	0.108758098
5.778780000	1.000688314	0.109725907
5.778781000	0.866709828	0.107307923
5.778782000	0.897451639	0.120010211
5.778783000	0.906710505	0.114367098
5.778784000	0.915388644	0.111361829
5.778785000	0.985310495	0.120166739
5.778786000	0.883612812	0.113489794
5.778787000	0.904521167	0.110130832
5.778788000	0.907595277	0.112363552
5.778789000	0.887429953	0.115692362
5.778790000	0.866901100	0.117489388
5.778791000	0.916188300	0.112828015
5.778792000	0.826946914	0.110804104
5.778793000	0.951781869	0.110154118
5.778794000	0.933215439	0.113288551
5.778795000	0.892523468	0.106595935
5.778796000	0.971475959	0.101380759
5.778797000	0.955606520	0.113152472
5.778798000	0.939138651	0.113542566
5.778799000	0.965491295	0.112792520
5.778800000	0.835319102	0.108215320
5.778801000	0.861602187	0.108721363
5.778802000	0.952612936	0.114007255
5.778803000	0.892814040	0.115024616
5.778804000	0.894273341	0.107404013
5.778805000	0.833010674	0.100306173
5.778806000	0.903230131	0.097635672
5.778807000	0.967764139	0.109781084
5.778808000	0.918306112	0.102399884
5.778809000	0.952615678	0.109579383
5.778810000	0.948442161	0.107430961
5.778811000	0.888688266	0.110399712
5.778812000	0.958150804	0.115828749
5.778813000	0.866792321	0.106356343
5.778814000	0.897948802	0.121247108
5.778815000	0.859224319	0.107428340
5.778816000	0.883901834	0.105703926
5.778817000	1.014157414	0.112026562
5.778818000	0.917919457	0.102427264
5.778819000	0.978243649	0.120771518
5.778820000	0.863069236	0.107408924
5.778821000	0.937619209	0.105923354
5.778822000	0.908748448	0.105476983
5.778823000	0.900704324	0.106501227
5.778824000	0.849886239	0.107158312
5.778825000	0.957780063	0.111482253
5.778826000	0.950373054	0.110805511
5.778827000	0.875053227	0.112971318
5.778828000	0.993553221	0.109418969
5.778829000	0.806636512	0.106870383
5.778830000	0.941189110	0.102161905
5.778831000	0.939478576	0.104915140
5.778832000	0.893690407	0.110345317
5.778833000	0.941875696	0.108872738
5.778834000	0.916399777	0.105617964
5.778835000	1.012868643	0.103831741
5.778836000	0.959084570	0.111673152
5.778837000	0.943727136	0.105629391
5.778838000	0.976445496	0.103500127
5.778839000	0.972913146	0.103862467
5.778840000	0.867813706	0.109941140
5.778841000	0.921659350	0.111482212
5.778842000	0.857218564	0.099172624
5.778843000	1.026188612	0.101705997
5.778844000	0.887973130	0.101261166
5.778845000	0.910468400	0.110238824
5.778846000	0.830335021	0.111976220
5.778847000	0.917104721	0.108526095
5.778848000	0.907634556	0.109778729
5.778849000	0.898933351	0.104198974
5.778850000	0.794289589	0.101356882
5.778851000	0.988833368	0.109245648
5.778852000	0.891651154	0.105438717
5.778853000	0.928554058	0.104221569
5.778854000	0.913173497	0.109573574
5.778855000	0.933316171	0.104431984
5.778856000	0.952029526	0.107066566
5.778857000	0.921377182	0.105792468
5.778858000	0.926216662	0.097342524
5.778859000	0.879722893	0.111963845
5.778860000	0.900814652	0.111714556
5.778861000	0.909682870	0.100245628
5.778862000	0.863924623	0.103897879
5.778863000	0.876753330	0.098047430
5.778864000	0.939176679	0.109157422
5.778865000	0.888563812	0.103423403
5.778866000	0.922175348	0.091552471
5.778867000	0.847425759	0.100092804
5.778868000	0.865600765	0.100781706
5.778869000	0.957797706	0.105211774
5.778870000	0.922386110	0.103375666
5.778871000	0.952506602	0.094693994
5.778872000	0.911952019	0.096021022
5.778873000	0.866722345	0.103071675
5.778874000	0.880879164	0.106564776
5.778875000	0.852792680	0.109362785
5.778876000	0.870623887	0.098314087
5.778877000	0.870659769	0.101594086
5.778878000	0.925269127	0.100953929
5.778879000	0.913281560	0.112797314
5.778880000	0.920624852	0.107443486
5.778881000	0.908972085	0.105123041
5.778882000	0.873147726	0.093450214
5.778883000	0.857798457	0.092188733
5.778884000	0.869487286	0.100751362
5.778885000	0.905486047	0.097568727
5.778886000	0.893794060	0.096296767
5.778887000	0.934444845	0.097690133
5.778888000	0.879441321	0.097869422
5.778889000	0.833972335	0.100060530
5.778890000	0.914103150	0.097897693
5.778891000	0.857165515	0.103994918
5.778892000	0.867602110	0.112780029
5.778893000	0.880480587	0.098191199
5.778894000	0.898913443	0.103126702
5.778895000	0.823293507	0.101808154
5.778896000	0.920207977	0.094635979
5.778897000	0.915234208	0.092389727
5.778898000	0.907141984	0.099177825
5.778899000	0.877828717	0.104440165
5.778900000	0.881454885	0.100764062
5.778901000	0.877403200	0.094464097
5.778902000	0.819601357	0.090354764
5.778903000	0.905363023	0.100778410
5.778904000	0.873866618	0.101439448
5.778905000	0.905497909	0.103048089
5.778906000	0.984152198	0.092226866
5.778907000	0.946140468	0.089175957
5.778908000	0.874398589	0.100426590
5.778909000	0.915497124	0.094051614
5.778910000	0.891636670	0.094968042
5.778911000	0.891263366	0.094271517
5.778912000	0.886409938	0.095357013
5.778913000	0.883064747	0.108781417
5.778914000	0.903838038	0.095370512
5.778915000	0.920056939	0.098113318
5.778916000	0.967539668	0.097403544
5.778917000	0.939471126	0.094416401
5.778918000	0.806414366	0.093581542
5.778919000	0.871814787	0.096430117
5.778920000	0.816581070	0.096091221
5.778921000	0.887929797	0.092265532
5.778922000	0.877650797	0.102171659
5.778923000	0.892517626	0.095215699
5.778924000	0.927844822	0.101681030
5.778925000	0.906255782	0.104704392
5.778926000	0.849938631	0.096930317
5.778927000	0.878906965	0.096408312
5.778928000	0.893931925	0.091033446
5.778929000	0.892104566	0.086058261
5.778930000	0.870446205	0.089826509
5.778931000	0.915656090	0.102865463
5.778932000	0.884195030	0.096346036
5.778933000	0.788994253	0.094790575
5.778934000	0.908293307	0.081787375
5.778935000	0.888607085	0.097117079
5.778936000	0.829202175	0.095178456
5.778937000	0.939604223	0.087933118
5.778938000	0.927621603	0.097617213
5.778939000	0.868705034	0.104094778
5.778940000	0.858158588	0.100323376
5.778941000	0.873470426	0.090537623
5.778942000	0.956803560	0.099808844
5.778943000	0.867719591	0.094443024
5.778944000	0.840577126	0.091829215
5.778945000	0.864846110	0.088806019
5.778946000	0.819531560	0.091683290
5.778947000	0.866411626	0.089696680
5.778948000	0.955727935	0.085234695
5.778949000	0.967529178	0.096405782
5.778950000	0.820037544	0.084978075
5.778951000	0.917967737	0.096713785
5.778952000	0.953076124	0.093503752
5.778953000	0.914337575	0.097471222
5.778954000	0.820936680	0.088283507
5.778955000	0.877033889	0.096175094
5.778956000	0.913358390	0.087841697
5.778957000	0.889980972	0.087744259
5.778958000	0.861530542	0.097721634
5.778959000	0.902175426	0.087681358
5.778960000	0.849772573	0.085800184
5.778961000	0.900650024	0.083121693
5.778962000	0.951025605	0.095989430
5.778963000	0.905747235	0.088736203
5.778964000	0.886823535	0.095828808
5.778965000	0.980446041	0.092172638
5.778966000	0.930818141	0.088529242
5.778967000	0.773619890	0.099721043
5.778968000	0.924228609	0.088287144
5.778969000	0.930178165	0.092543541
5.778970000	0.874568522	0.093832686
5.778971000	0.923337162	0.082613204
5.778972000	0.877047122	0.092611502
5.778973000	0.856972456	0.079104024
5.778974000	0.892205715	0.081880652
5.778975000	0.828110218	0.081888850
5.778976000	0.913392246	0.090592784
5.778977000	0.917541802	0.089469879
5.778978000	0.792690039	0.074800547
5.778979000	0.836975634	0.093242438
5.778980000	0.888343453	0.085421733
5.778981000	0.856661737	0.086470802
5.778982000	0.855450451	0.080376024
5.778983000	0.907599926	0.090040503
5.778984000	0.858088017	0.084922248
5.778985000	0.878739417	0.090108413
5.778986000	0.904209197	0.084861245
5.778987000	0.862425923	0.087648934
5.778988000	0.827933431	0.082273227
5.778989000	0.929481566	0.074518202
5.778990000	0.894775033	0.072900581
5.778991000	0.873675287	0.085485798
5.778992000	0.935241222	0.087505764
5.778993000	0.840594530	0.078794614
5.778994000	0.914377987	0.079506769
5.778995000	0.894058764	0.072486351
5.778996000	0.769325018	0.083701563
5.778997000	0.854170382	0.081585149
5.778998000	0.904921830	0.079538161
5.778999000	0.860273302	0.082449420
5.779000000	0.929836392	0.079852538
5.779001000	0.847361624	0.084541907
5.779002000	0.811442733	0.082781316
5.779003000	0.839768708	0.076931816
5.779004000	0.871481538	0.072798732
5.779005000	0.959979475	0.081491764
5.779006000	0.902178764	0.073642529
5.779007000	0.928052247	0.083606289
5.779008000	0.954405546	0.081933591
5.779009000	0.970358551	0.076339121
5.779010000	0.894465208	0.082797861
5.779011000	0.841395557	0.073892425
5.779012000	0.933182836	0.081547682
5.779013000	0.908698380	0.078435803
5.779014000	0.796038330	0.082747569
5.779015000	0.808863819	0.076560031
5.779016000	0.834589243	0.075678916
5.779017000	0.930109680	0.077631545
5.779018000	0.920459151	0.075125111
5.779019000	0.840243280	0.082964991
5.779020000	0.861024201	0.074138610
5.779021000	0.919550598	0.078902655
5.779022000	0.914315701	0.076373543
5.779023000	0.806814909	0.071307803
5.779024000	0.920590997	0.075262372
5.779025000	0.884759426	0.082477084
5.779026000	0.809469581	0.077026209
5.779027000	0.878371954	0.084613080
5.779028000	0.829014599	0.069996986
5.779029000	0.855937243	0.075892243
5.779030000	0.875968933	0.074018068
5.779031000	0.806658924	0.077300606
5.779032000	0.866181672	0.080425318
5.779033000	0.889094234	0.070140997
5.779034000	0.821753085	0.073655213
5.779035000	0.890435219	0.070763428
5.779036000	0.840902865	0.076248765
5.779037000	0.892191768	0.066214511
5.779038000	0.846223414	0.078513784
5.779039000	0.809335351	0.069935992
5.779040000	0.871765018	0.069687228
5.779041000	0.946640611	0.073704623
5.779042000	0.898118615	0.076956950
5.779043000	0.898696125	0.074015979
5.779044000	0.940249562	0.055782318
5.779045000	0.910121381	0.069470184
5.779046000	0.927422702	0.070938913
5.779047000	0.851907372	0.074792982
5.779048000	0.978402138	0.074368507
5.779049000	0.817591608	0.062998303
5.779050000	0.852857053	0.068086202
5.779051000	0.933612645	0.064172133
5.779052000	0.840553224	0.067866324
5.779053000	0.868291318	0.074282229
5.779054000	0.846578181	0.074978612
5.779055000	0.836772621	0.076716999
5.779056000	0.886871278	0.067313144
5.779057000	0.817290008	0.077848984
5.779058000	0.905171990	0.069943973
5.779059000	0.867285192	0.069609026
5.779060000	0.864407301	0.055425334
5.779061000	0.805679202	0.068396048
5.779062000	0.907347023	0.068558022
5.779063000	0.897217512	0.064351559
5.779064000	0.964370847	0.077313156
5.779065000	0.923348725	0.058944660
5.779066000	0.874439836	0.064716704
5.779067000	0.821585178	0.074419457
5.779068000	0.903913856	0.066158452
5.779069000	0.942933261	0.070661662
5.779070000	0.948607326	0.068836689
5.779071000	0.894326270	0.070872967
5.779072000	0.819170833	0.063839741
5.779073000	0.849706948	0.057419983
5.779074000	0.835663617	0.069099480
5.779075000	0.876856625	0.065628820
5.779076000	0.894395173	0.070790234
5.779077000	0.835921228	0.071829524
5.779078000	0.852023482	0.060013773
5.779079000	0.840553582	0.067028769
5.779080000	0.852858067	0.072084514
5.779081000	0.862978756	0.073793705
5.779082000	0.765556037	0.065945311
5.779083000	0.802504539	0.067752920
5.779084000	0.868230104	0.064517632
5.779085000	0.893774509	0.056472997
5.779086000	0.859637916	0.053596371
5.779087000	0.876924694	0.069667786
5.779088000	0.770990252	0.057446174
5.779089000	0.750531912	0.065204928
5.779090000	0.875850916	0.064272027
5.779091000	0.854324222	0.065338552
5.779092000	0.937977374	0.065524802
5.779093000	0.921897769	0.061469907
5.779094000	0.896932602	0.060922444
5.779095000	0.829827011	0.062320608
5.779096000	0.903814614	0.063330545
5.779097000	0.769265592	0.071385392
5.779098000	0.949368894	0.053222234
5.779099000	0.846040010	0.063948095
5.779100000	0.870437980	0.059782486
5.779101000	0.895361543	0.062829950
5.779102000	0.840822875	0.063756376
5.779103000	0.893065155	0.065115749
5.779104000	0.918426752	0.047034142
5.779105000	0.821030796	0.061697682
5.779106000	0.806883276	0.058486854
5.779107000	0.804660320	0.052622827
5.779108000	0.903393328	0.058363263
5.779109000	0.892876029	0.060765305
5.779110000	0.812191784	0.052480411
5.779111000	0.860706210	0.050507632
5.779112000	0.868433356	0.055632432
5.779113000	0.859155536	0.056267958
5.779114000	0.857197106	0.053494655
5.779115000	0.801259935	0.065392943
5.779116000	0.804597914	0.060922444
5.779117000	0.934355617	0.050991695
5.779118000	0.758236468	0.041489407
5.779119000	0.891241312	0.050717360
5.779120000	0.793361604	0.055007842
5.779121000	0.873239875	0.052491359
5.779122000	0.854968309	0.058364702
5.779123000	0.857353210	0.050681990
5.779124000	0.771521628	0.053642185
5.779125000	0.823860705	0.060072184
5.779126000	0.787396789	0.054686332
5.779127000	0.810797274	0.044239858
5.779128000	0.793186843	0.055724266
5.779129000	0.822822690	0.060169344
5.779130000	0.822092116	0.056210213
5.779131000	0.874170184	0.056363507
5.779132000	0.864132404	0.051952709
5.779133000	0.915423989	0.054051855
5.779134000	0.838198960	0.056367257
5.779135000	0.948675871	0.053433722
5.779136000	0.850801587	0.043407146
5.779137000	0.804763198	0.048913793
5.779138000	0.883228481	0.046993466
5.779139000	0.899841011	0.047981949
5.779140000	0.801830590	0.046289218
5.779141000	0.767310560	0.046477383
5.779142000	0.861828148	0.057109047
5.779143000	0.850900590	0.040453230
5.779144000	0.859857082	0.038567974
5.779145000	0.821130753	0.048821735
5.779146000	0.897575557	0.043721178
5.779147000	0.893995821	0.051886330
5.779148000	0.904190838	0.056929891
5.779149000	0.772283018	0.038808636
5.779150000	0.791356206	0.052095259
5.779151000	0.859748185	0.046482106
5.779152000	0.869374931	0.048662153
5.779153000	0.803505301	0.043034956
5.779154000	0.835793853	0.042487086
5.779155000	0.860882580	0.044790882
5.779156000	0.858970344	0.036932044
5.779157000	0.849809468	0.049370783
5.779158000	0.773040414	0.046931244
5.779159000	0.695004523	0.039501878
5.779160000	0.890271842	0.044332656
5.779161000	0.832499325	0.051430081
5.779162000	0.772012711	0.034875919
5.779163000	0.928281069	0.043533633
5.779164000	0.785807967	0.031870850
5.779165000	0.830878973	0.041263355
5.779166000	0.814970553	0.048874723
5.779167000	0.851185679	0.042275980
5.779168000	0.851870716	0.040609370
5.779169000	0.835085630	0.041877759
5.779170000	0.841514826	0.043612841
5.779171000	0.863743007	0.029607046
5.779172000	0.765912116	0.037128169
5.779173000	0.714083433	0.036766503
5.779174000	0.759207726	0.043657454
5.779175000	0.850671291	0.041943655
5.779176000	0.855583847	0.043977233
5.779177000	0.899052441	0.030144813
5.779178000	0.851072133	0.037661887
5.779179000	0.837271631	0.039047709
5.779180000	0.751202703	0.034784123
5.779181000	0.827831388	0.046359605
5.779182000	0.712056100	0.044357894
5.779183000	0.857921898	0.033541638
5.779184000	0.697017431	0.033025016
5.779185000	0.796559095	0.030237028
5.779186000	0.804527819	0.041904586
5.779187000	0.822861075	0.031956115
5.779188000	0.864676535	0.030861718
5.779189000	0.877322376	0.032371052
5.779190000	0.839665711	0.029114233
5.779191000	0.845310092	0.039475729
5.779192000	0.882336080	0.037292744
5.779193000	0.691485524	0.040831428
5.779194000	0.799867690	0.042181925
5.779195000	0.813073099	0.032222976
5.779196000	0.809956968	0.037281521
5.779197000	0.828523338	0.023426936
5.779198000	0.852740169	0.036719295
5.779199000	0.800418735	0.030379001
5.779200000	0.727007687	0.017118661
5.779201000	0.758457601	0.021846851
5.779202000	0.852230728	0.029168586
5.779203000	0.853307188	0.026847275
5.779204000	0.799101055	0.036732323
5.779205000	0.805641413	0.031736452
5.779206000	0.836112022	0.032076641
5.779207000	0.829788923	0.027271387
5.779208000	0.814920306	0.027936622
5.779209000	0.780622244	0.029663903
5.779210000	0.857521594	0.022813934
5.779211000	0.757784784	0.026936093
5.779212000	0.866913199	0.031826906
5.779213000	0.797236562	0.032966010
5.779214000	0.843328834	0.033139532
5.779215000	0.788882613	0.022732816
5.779216000	0.738802433	0.024154877
5.779217000	0.770057917	0.021401787
5.779218000	0.749348342	0.026370234
5.779219000	0.839064837	0.018988451
5.779220000	0.855381966	0.018020080
5.779221000	0.824371159	0.016974721
5.779222000	0.837998688	0.015330695
5.779223000	0.821640849	0.041436465
5.779224000	0.832539618	0.028892535
5.779225000	0.861134470	0.013905235
5.779226000	0.850053728	0.018093215
5.779227000	0.842690289	0.021483331
5.779228000	0.781488419	0.029696481
5.779229000	0.745372176	0.010471857
5.779230000	0.810905516	0.016603811
5.779231000	0.838060975	0.022746579
5.779232000	0.682863235	0.027898799
5.779233000	0.851536095	0.018909214
5.779234000	0.803569436	0.022998398
5.779235000	0.762694359	0.018120955
5.779236000	0.854830563	0.021834224
5.779237000	0.853885353	0.018589004
5.779238000	0.811835468	0.019502356
5.779239000	0.745709896	0.010189990
5.779240000	0.734255791	0.009748296
5.779241000	0.815791249	0.018307254
5.779242000	0.770467460	0.008334598
5.779243000	0.799443126	0.003761337
5.779244000	0.805141687	0.014947657
5.779245000	0.743530929	0.012698580
5.779246000	0.821788549	0.008301089
5.779247000	0.718400478	0.010227161
5.779248000	0.746103227	0.001188877
5.779249000	0.794300497	0.010243469
5.779250000	0.731028199	0.014821539
5.779251000	0.815609753	0.009278240
5.779252000	0.796878934	0.010231824
5.779253000	0.776333392	0.019800490
5.779254000	0.852247596	0.004055184
5.779255000	0.789992929	0.013384210
5.779256000	0.824211836	0.011619690
5.779257000	0.784287751	0.020900817
5.779258000	0.800520897	0.012463323
5.779259000	0.794765830	0.020298562
5.779260000	0.724824786	0.008952811
5.779261000	0.766031206	-0.001457212
5.779262000	0.792994440	0.005830730
5.779263000	0.723478377	0.008838166
5.779264000	0.769916296	0.005716176
5.779265000	0.705700636	0.014673687
5.779266000	0.760012150	0.006707572
5.779267000	0.750230193	-0.001666528
5.779268000	0.881626725	0.002168825
5.779269000	0.745004356	0.004725944
5.779270000	0.692135394	-0.002384993
5.779271000	0.759205282	-0.004245156
5.779272000	0.811904848	-0.000098162
5.779273000	0.815368593	-0.000411368
5.779274000	0.763020217	-0.000961948
5.779275000	0.777244925	-0.006347672
5.779276000	0.697179317	0.004081147
5.779277000	0.801949799	-0.002902965
5.779278000	0.697204590	0.004038775
5.779279000	0.735174060	-0.003028018
5.779280000	0.676789284	-0.002962597
5.779281000	0.736821830	-0.007097208
5.779282000	0.795124054	-0.007732447
5.779283000	0.693238974	-0.004502606
5.779284000	0.711080432	0.002596570
5.779285000	0.727954268	0.007154687
5.779286000	0.784213543	0.004350395
5.779287000	0.832517087	-0.004118268
5.779288000	0.722100258	-0.006381726
5.779289000	0.827225626	-0.000744777
5.779290000	0.747075915	-0.010408385
5.779291000	0.781367362	-0.009690021
5.779292000	0.798679411	-0.008803954
5.779293000	0.732868195	-0.006840050
5.779294000	0.702141523	-0.006115940
5.779295000	0.785150588	-0.016129609
5.779296000	0.799751222	-0.007274027
5.779297000	0.690438151	-0.010760968
5.779298000	0.724398255	-0.008695019
5.779299000	0.690007806	-0.011944686
5.779300000	0.723341465	-0.015981931
5.779301000	0.737527430	-0.006326876
5.779302000	0.688094616	-0.016610446
5.779303000	0.761413455	-0.010931769
5.779304000	0.786436915	-0.013608439
5.779305000	0.676263213	-0.016441254
5.779306000	0.717026293	-0.022495593
5.779307000	0.804450631	-0.004542636
5.779308000	0.772203624	-0.007812842
5.779309000	0.773918390	-0.023601832
5.779310000	0.793527901	-0.018047065
5.779311000	0.700755119	-0.014944758
5.779312000	0.763006032	-0.023028006
5.779313000	0.713937998	-0.029599929
5.779314000	0.686424673	-0.025476421
5.779315000	0.822483778	-0.021269450
5.779316000	0.688229203	-0.021416347
5.779317000	0.689984739	-0.021131923
5.779318000	0.706424654	-0.027325693
5.779319000	0.683632433	-0.028167676
5.779320000	0.727566183	-0.022319510
5.779321000	0.760133386	-0.020360747
5.779322000	0.679709554	-0.023939001
5.779323000	0.724978209	-0.031071591
5.779324000	0.783491969	-0.029325315
5.779325000	0.614995480	-0.028348842
5.779326000	0.632885218	-0.019395638
5.779327000	0.723845303	-0.027024531
5.779328000	0.734548569	-0.029468602
5.779329000	0.737727761	-0.025445872
5.779330000	0.712802231	-0.031920020
5.779331000	0.748453915	-0.026678197
5.779332000	0.779821634	-0.027468405
5.779333000	0.723907232	-0.031093762
5.779334000	0.642537594	-0.034962836
5.779335000	0.692162335	-0.038912778
5.779336000	0.697181821	-0.023427599
5.779337000	0.703833342	-0.038550742
5.779338000	0.620320380	-0.031703591
5.779339000	0.697377205	-0.036756646
5.779340000	0.742478728	-0.037139142
5.779341000	0.711684644	-0.030226731
5.779342000	0.641671479	-0.037866884
5.779343000	0.722660720	-0.049801470
5.779344000	0.623599470	-0.045838932
5.779345000	0.706823647	-0.035711767
5.779346000	0.652900755	-0.030833761
5.779347000	0.698560476	-0.045236379
5.779348000	0.635803401	-0.042546349
5.779349000	0.643263996	-0.040467544
5.779350000	0.604738712	-0.041551384
5.779351000	0.685239315	-0.042783263
5.779352000	0.714297533	-0.052459921
5.779353000	0.665863395	-0.045748043
5.779354000	0.561161816	-0.045711878
5.779355000	0.633308887	-0.044429246
5.779356000	0.698750198	-0.050276503
5.779357000	0.671909750	-0.055469734
5.779358000	0.665838480	-0.044373041
5.779359000	0.605856180	-0.047964967
5.779360000	0.657663584	-0.049261856
5.779361000	0.666386068	-0.067661269
5.779362000	0.650802016	-0.055271416
5.779363000	0.597770691	-0.060692572
5.779364000	0.683587790	-0.048478699
5.779365000	0.560349405	-0.049987683
5.779366000	0.630174756	-0.057276073
5.779367000	0.573360384	-0.041613544
5.779368000	0.670918226	-0.055844803
5.779369000	0.647786081	-0.050435573
5.779370000	0.611237764	-0.053761042
5.779371000	0.607014298	-0.053320867
5.779372000	0.619147360	-0.049292490
5.779373000	0.623854458	-0.060854280
5.779374000	0.605234683	-0.055026626
5.779375000	0.622272551	-0.057452412
5.779376000	0.669885218	-0.064417327
5.779377000	0.620649099	-0.070000191
5.779378000	0.578413427	-0.060350476
5.779379000	0.639704704	-0.067453414
5.779380000	0.694581568	-0.066218847
5.779381000	0.606741667	-0.071462299
5.779382000	0.703613281	-0.050649329
5.779383000	0.615317106	-0.066076971
5.779384000	0.592620969	-0.069740395
5.779385000	0.571787775	-0.071540455
5.779386000	0.626441479	-0.069078729
5.779387000	0.482407331	-0.072408129
5.779388000	0.600724459	-0.063648293
5.779389000	0.632613361	-0.067630343
5.779390000	0.517594397	-0.073752659
5.779391000	0.467388809	-0.061538462
5.779392000	0.555534899	-0.065466217
5.779393000	0.549517035	-0.086753862
5.779394000	0.621702015	-0.078670811
5.779395000	0.627259552	-0.071082516
5.779396000	0.571412086	-0.088584819
5.779397000	0.564727664	-0.075627883
5.779398000	0.484441817	-0.076790244
5.779399000	0.506213486	-0.078151586
5.779400000	0.600960493	-0.085555373
5.779401000	0.591372252	-0.090335797
5.779402000	0.552585185	-0.079208802
5.779403000	0.595164359	-0.081701646
5.779404000	0.505213439	-0.082721104
5.779405000	0.506745756	-0.078663054
5.779406000	0.629854918	-0.085980963
5.779407000	0.528730690	-0.085591209
5.779408000	0.486641645	-0.086962671
5.779409000	0.534306884	-0.082839515
5.779410000	0.595727086	-0.091189141
5.779411000	0.465125859	-0.095588641
5.779412000	0.515285909	-0.085064636
5.779413000	0.581031322	-0.096964114
5.779414000	0.485419512	-0.097892375
5.779415000	0.504893601	-0.103882266
5.779416000	0.519994736	-0.102995142
5.779417000	0.473634183	-0.100122232
5.779418000	0.449395001	-0.103917544
5.779419000	0.550736964	-0.100261598
5.779420000	0.517404079	-0.099970914
5.779421000	0.575003326	-0.102902472
5.779422000	0.525751531	-0.102158468
5.779423000	0.434116989	-0.102015307
5.779424000	0.504126370	-0.095819554
5.779425000	0.393625736	-0.102050377
5.779426000	0.527630091	-0.101949901
5.779427000	0.507193387	-0.111250367
5.779428000	0.474394739	-0.110063380
5.779429000	0.478991807	-0.107853455
5.779430000	0.496759742	-0.116301768
5.779431000	0.469939232	-0.113297922
5.779432000	0.433353752	-0.109885763
5.779433000	0.477250159	-0.117113965
5.779434000	0.455707550	-0.114899622
5.779435000	0.511515081	-0.121061095
5.779436000	0.477949262	-0.117874772
5.779437000	0.360603631	-0.110013445
5.779438000	0.502495408	-0.121802327
5.779439000	0.420910954	-0.124688903
5.779440000	0.431247503	-0.132179992
5.779441000	0.362727284	-0.119986676
5.779442000	0.409032375	-0.126638894
5.779443000	0.480550021	-0.121315768
5.779444000	0.400072843	-0.128077609
5.779445000	0.351999551	-0.133216295
5.779446000	0.372630358	-0.127282281
5.779447000	0.290840834	-0.137298388
5.779448000	0.381880492	-0.133346606
5.779449000	0.305342883	-0.135844668
5.779450000	0.447437227	-0.131155757
5.779451000	0.396321267	-0.128873145
5.779452000	0.404215783	-0.146422378
5.779453000	0.323012888	-0.133416831
5.779454000	0.328039825	-0.147287439
5.779455000	0.358231246	-0.146264852
5.779456000	0.292948872	-0.148144128
5.779457000	0.304871857	-0.148938566
5.779458000	0.352111846	-0.148606603
5.779459000	0.309621215	-0.155866113
5.779460000	0.354995877	-0.138364584
5.779461000	0.377968878	-0.149065249
5.779462000	0.390770644	-0.153174856
5.779463000	0.260986269	-0.153710784
5.779464000	0.214882225	-0.148056460
5.779465000	0.343607157	-0.139267354
5.779466000	0.318031698	-0.155569254
5.779467000	0.325942934	-0.160625598
5.779468000	0.338737935	-0.149301854
5.779469000	0.336814612	-0.159119697
5.779470000	0.282496333	-0.160602562
5.779471000	0.227633953	-0.159286777
5.779472000	0.352642715	-0.178655382
5.779473000	0.251921833	-0.177588786
5.779474000	0.258615851	-0.169398217
5.779475000	0.232146457	-0.167557324
5.779476000	0.258365721	-0.179222236
5.779477000	0.250105381	-0.165891883
5.779478000	0.256477296	-0.177978140
5.779479000	0.194282755	-0.174551700
5.779480000	0.246557206	-0.170924142
5.779481000	0.204974294	-0.179182571
5.779482000	0.223593980	-0.169858279
5.779483000	0.237799570	-0.189605252
5.779484000	0.203262731	-0.177675971
5.779485000	0.131293833	-0.183044205
5.779486000	0.190504238	-0.175896197
5.779487000	0.177467316	-0.184643100
5.779488000	0.199242607	-0.202363425
5.779489000	0.110562250	-0.191172073
5.779490000	0.116949499	-0.190293030
5.779491000	0.204334065	-0.188280362
5.779492000	0.058864150	-0.194179647
5.779493000	0.047556449	-0.201190668
5.779494000	0.058111094	-0.208403341
5.779495000	0.098935872	-0.199500044
5.779496000	0.144119561	-0.195512143
5.779497000	0.130796418	-0.205281001
5.779498000	0.133669347	-0.203115085
5.779499000	0.020813961	-0.202033642
5.779500000	0.086859770	-0.211402060
5.779501000	0.166842863	-0.214539547
5.779502000	0.164519683	-0.210792646
5.779503000	-0.006304993	-0.221877721
5.779504000	0.061445091	-0.209052536
5.779505000	-0.004873712	-0.203257631
5.779506000	0.122664131	-0.223711307
5.779507000	-0.009661411	-0.225147134
5.779508000	-0.037527386	-0.232348721
5.779509000	-0.107719414	-0.223438533
5.779510000	-0.034942657	-0.231703054
5.779511000	0.003705681	-0.230291496
5.779512000	-0.049722642	-0.231419577
5.779513000	-0.114164218	-0.235251367
5.779514000	-0.051471952	-0.246328136
5.779515000	-0.025557144	-0.244826962
5.779516000	-0.010872238	-0.249984407
5.779517000	-0.123737857	-0.251112472
5.779518000	-0.148011416	-0.245754342
5.779519000	-0.020777140	-0.248051168
5.779520000	-0.075652547	-0.262221332
5.779521000	-0.099359058	-0.248131829
5.779522000	-0.172012031	-0.258311362
5.779523000	-0.151064232	-0.257189839
5.779524000	-0.193194762	-0.256590578
5.779525000	-0.124584995	-0.257478742
5.779526000	-0.267286092	-0.266300480
5.779527000	-0.150977120	-0.264280805
5.779528000	-0.220476791	-0.280827241
5.779529000	-0.242079139	-0.272502033
5.779530000	-0.328646064	-0.283885682
5.779531000	-0.252143264	-0.288702774
5.779532000	-0.442927241	-0.271632045
5.779533000	-0.160242468	-0.279928058
5.779534000	-0.274720818	-0.291394797
5.779535000	-0.235819906	-0.280888960
5.779536000	-0.286116630	-0.289251552
5.779537000	-0.296101868	-0.301392870
5.779538000	-0.315667689	-0.293507383
5.779539000	-0.345212966	-0.297042896
5.779540000	-0.379138917	-0.294040448
5.779541000	-0.532746375	-0.303682556
5.779542000	-0.344692647	-0.312787804
5.779543000	-0.419929653	-0.311252092
5.779544000	-0.366835207	-0.302361828
5.779545000	-0.403324097	-0.311639249
5.779546000	-0.512629628	-0.313532624
5.779547000	-0.542276025	-0.323747278
5.779548000	-0.459157109	-0.318352246
5.779549000	-0.565171421	-0.325575604
5.779550000	-0.486230522	-0.343239719
5.779551000	-0.527778983	-0.338328284
5.779552000	-0.532961905	-0.327668649
5.779553000	-0.635343134	-0.328551587
5.779554000	-0.609241009	-0.337263619
5.779555000	-0.621855974	-0.349583136
5.779556000	-0.672576010	-0.342991946
5.779557000	-0.718731880	-0.354415642
5.779558000	-0.583845377	-0.354548900
5.779559000	-0.715989292	-0.359991868
5.779560000	-0.764408946	-0.354845842
5.779561000	-0.790028751	-0.373282740
5.779562000	-0.782579482	-0.352076155
5.779563000	-0.812159061	-0.368590749
5.779564000	-0.786281407	-0.372971450
5.779565000	-0.908396006	-0.377922732
5.779566000	-0.809188068	-0.398152403
5.779567000	-0.849921227	-0.394495417
5.779568000	-0.894626260	-0.388771785
5.779569000	-0.855980992	-0.384263286
5.779570000	-0.889239013	-0.395813782
5.779571000	-0.944322169	-0.390458198
5.779572000	-1.038760900	-0.394449078
5.779573000	-1.031228304	-0.397787151
5.779574000	-1.066585183	-0.401616843
5.779575000	-1.126420259	-0.408971928
5.779576000	-1.228814960	-0.425670348
5.779577000	-1.194801927	-0.418034599
5.779578000	-1.193213701	-0.420690969
5.779579000	-1.271002889	-0.440713313
5.779580000	-1.284545898	-0.430253615
5.779581000	-1.303495526	-0.436603190
5.779582000	-1.307292938	-0.444857192
5.779583000	-1.384630680	-0.436673564
5.779584000	-1.259529352	-0.437133325
5.779585000	-1.506347656	-0.452223828
5.779586000	-1.514938712	-0.459578347
5.779587000	-1.588660121	-0.456673737
5.779588000	-1.597777724	-0.469983251
5.779589000	-1.713869452	-0.469591167
5.779590000	-1.573289394	-0.466452432
5.779591000	-1.592697859	-0.462403362
5.779592000	-1.733646393	-0.486391419
5.779593000	-1.628107309	-0.490005196
5.779594000	-1.873759627	-0.508228375
5.779595000	-1.866005421	-0.495837418
5.779596000	-1.920401096	-0.484028330
5.779597000	-1.912932396	-0.505776535
5.779598000	-1.950540066	-0.511965222
5.779599000	-2.111475706	-0.512503880
5.779600000	-2.184356213	-0.526004675
5.779601000	-1.977865815	-0.509988924
5.779602000	-2.093736172	-0.547319352
5.779603000	-2.182264328	-0.527282061
5.779604000	-2.360837698	-0.550196431
5.779605000	-2.431807041	-0.546565411
5.779606000	-2.296541929	-0.539143447
5.779607000	-2.406568527	-0.553909843
5.779608000	-2.426852703	-0.573396293
5.779609000	-2.633523464	-0.570322139
5.779610000	-2.683146238	-0.568147935
5.779611000	-2.680406094	-0.566627602
5.779612000	-2.743315220	-0.561347020
5.779613000	-2.900854349	-0.591250657
5.779614000	-2.775012255	-0.581243097
5.779615000	-3.001418591	-0.594201640
5.779616000	-2.869727612	-0.604906748
5.779617000	-2.969150782	-0.604937907
5.779618000	-3.236472845	-0.608200612
5.779619000	-3.127941608	-0.629953246
5.779620000	-3.247560263	-0.611374435
5.779621000	-3.327275276	-0.632281314
5.779622000	-3.426772833	-0.608668130
5.779623000	-3.547756195	-0.658261516
5.779624000	-3.660869360	-0.667591235
5.779625000	-3.600772142	-0.638847804
5.779626000	-3.824630499	-0.658744747
5.779627000	-3.782644749	-0.653017619
5.779628000	-3.984306335	-0.664980205
5.779629000	-4.062924862	-0.683749632
5.779630000	-4.343451500	-0.676954310
5.779631000	-4.305152416	-0.692949655
5.779632000	-4.559121609	-0.719952245
5.779633000	-4.856814861	-0.721479101
5.779634000	-4.647296906	-0.719247372
5.779635000	-4.751246452	-0.709180624
5.779636000	-5.021551132	-0.731780342
5.779637000	-5.348013401	-0.719768353
5.779638000	-5.151042938	-0.750245103
5.779639000	-5.080126762	-0.730823734
5.779640000	-5.720112324	-0.744476563
5.779641000	-5.474848747	-0.740362978
5.779642000	-5.758174896	-0.740648668
5.779643000	-5.776220322	-0.760500537
5.779644000	-6.314690113	-0.770630735
5.779645000	-6.007493019	-0.771042460
5.779646000	-6.337147713	-0.792076639
5.779647000	-6.506800652	-0.798183401
5.779648000	-6.686239719	-0.797717614
5.779649000	-6.744162560	-0.809368211
5.779650000	-6.982563972	-0.796193820
5.779651000	-7.309433460	-0.831072641
5.779652000	-7.406416893	-0.836267004
5.779653000	-7.524347305	-0.826207379
5.779654000	-7.802284241	-0.801630197
5.779655000	-8.327977180	-0.840584454
5.779656000	-8.308375359	-0.834969645
5.779657000	-8.386702538	-0.843261530
5.779658000	-8.840735435	-0.850959064
5.779659000	-9.099098206	-0.814122087
5.779660000	-9.437306404	-0.832808822
5.779661000	-9.977692604	-0.840131983
5.779662000	-9.705719948	-0.839420253
5.779663000	-10.340877533	-0.866667320
5.779664000	-10.908526421	-0.874844357
5.779665000	-11.370453835	-0.830623965
5.779666000	-11.874525070	-0.818515104
5.779667000	-11.415632248	-0.831413859
5.779668000	-12.286071777	-0.850646542
5.779669000	-12.250931740	-0.837865633
5.779670000	-12.808532715	-0.819103396
5.779671000	-13.468547821	-0.794223946
5.779672000	-13.561299324	-0.773489905
5.779673000	-14.441649437	-0.802807780
5.779674000	-14.180280685	-0.827563327
5.779675000	-14.956976891	-0.737192018
5.779676000	-15.160687447	-0.724166031
5.779677000	-16.713928223	-0.635191351
5.779678000	-16.876518250	-0.620102546
5.779679000	-17.295946121	-0.640941315
5.779680000	-17.819509506	-0.574544448
5.779681000	-19.247575760	-0.371470425
5.779682000	-19.539037704	-0.470899911
5.779683000	-19.493961334	-0.363866834
5.779684000	-20.290084839	-0.213966501
5.779685000	-21.940349579	-0.067502944
5.779686000	-21.647836685	-0.075289337
5.779687000	-21.715333939	0.132477883
5.779688000	-21.927740097	0.133634436
5.779689000	-21.145170212	0.438146791
5.779690000	-20.723155975	0.483682951
5.779691000	-21.091312408	0.752709725
5.779692000	-19.205951691	0.771162103
5.779693000	-19.810188293	0.718498425
5.779694000	-19.591270447	0.771054111
5.779695000	-17.525585175	0.973149822
5.779696000	-17.822662354	0.918559813
5.779697000	-18.694656372	0.902160267
5.779698000	-17.359758377	1.081184613
5.779699000	-16.258682251	1.140695944
5.779700000	-15.804785728	1.110286240
5.779701000	-14.966575623	1.066115849
5.779702000	-14.581280708	1.190804119
5.779703000	-14.116950989	1.166504105
5.779704000	-13.154795647	1.190241659
5.779705000	-13.553262711	1.196701156
5.779706000	-12.775443077	1.192639703
5.779707000	-12.152003288	1.225444521
5.779708000	-12.316385269	1.194165028
5.779709000	-11.361005783	1.231507340
5.779710000	-11.309111595	1.189658427
5.779711000	-10.728568077	1.226903267
5.779712000	-10.509020805	1.220207281
5.779713000	-9.698470116	1.230337547
5.779714000	-9.609321594	1.270695489
5.779715000	-9.637717247	1.249166229
5.779716000	-9.200576782	1.193735993
5.779717000	-9.134495735	1.192394425
5.779718000	-8.847471237	1.230948609
5.779719000	-8.712309837	1.218429888
5.779720000	-8.155357361	1.207546347
5.779721000	-7.918503761	1.224668076
5.779722000	-8.171817780	1.219521784
5.779723000	-7.878529072	1.208243696
5.779724000	-7.926288605	1.209140782
5.779725000	-7.570568562	1.203503402
5.779726000	-7.363792419	1.179177956
5.779727000	-7.127797604	1.190742467
5.779728000	-6.905728340	1.172920726
5.779729000	-6.630402565	1.162837199
5.779730000	-6.748074532	1.140465314
5.779731000	-6.413229465	1.158770286
5.779732000	-6.145547390	1.172555207
5.779733000	-5.974099159	1.140187680
5.779734000	-5.801145554	1.146117607
5.779735000	-5.452978134	1.136189875
5.779736000	-5.476815701	1.149146820
5.779737000	-5.445421219	1.145207472
5.779738000	-5.336984634	1.138192839
5.779739000	-5.237872124	1.133398217
5.779740000	-5.064879894	1.107779606
5.779741000	-4.831708431	1.101474439
5.779742000	-4.841606140	1.126789582
5.779743000	-4.754565239	1.112948402
5.779744000	-4.696210384	1.107296708
5.779745000	-4.411303520	1.072237124
5.779746000	-4.521765709	1.061804657
5.779747000	-4.287577152	1.073851732
5.779748000	-4.092429161	1.064498111
5.779749000	-4.012707710	1.043231638
5.779750000	-4.093241692	1.038178090
5.779751000	-3.968039274	1.054103394
5.779752000	-3.577816963	1.044335052
5.779753000	-3.391770840	1.035127306
5.779754000	-3.581792355	1.031841631
5.779755000	-3.370842695	1.015346677
5.779756000	-3.323022127	1.006192727
5.779757000	-3.469091177	1.018363706
5.779758000	-3.258645058	1.020634051
5.779759000	-3.353657007	1.007625374
5.779760000	-3.218175888	0.996629448
5.779761000	-3.194374800	0.999562854
5.779762000	-2.995157003	0.977647501
5.779763000	-2.827359915	0.974632404
5.779764000	-2.793932915	0.972613594
5.779765000	-2.725134850	0.983996411
5.779766000	-2.756081104	0.978447116
5.779767000	-2.733134985	0.948245471
5.779768000	-2.577929735	0.951646927
5.779769000	-2.636585474	0.952931036
5.779770000	-2.610032320	0.950067006
5.779771000	-2.480193138	0.950260618
5.779772000	-2.442723751	0.937337895
5.779773000	-2.380657434	0.935927285
5.779774000	-2.321681023	0.927563761
5.779775000	-2.220254183	0.911566951
5.779776000	-2.221893549	0.913016310
5.779777000	-2.133598328	0.914449624
5.779778000	-2.274273872	0.906765805
5.779779000	-2.130387306	0.919332995
5.779780000	-2.177000523	0.908905788
5.779781000	-2.007289410	0.891732194
5.779782000	-1.978315234	0.895195968
5.779783000	-1.950428963	0.879131913
5.779784000	-1.846007586	0.876598648
5.779785000	-1.721323133	0.863740107
5.779786000	-1.807918429	0.869251785
5.779787000	-1.773588419	0.862200400
5.779788000	-1.645222306	0.859080174
5.779789000	-1.660290003	0.848154423
5.779790000	-1.476208568	0.835170514
5.779791000	-1.597569942	0.860212284
5.779792000	-1.435310721	0.847564666
5.779793000	-1.510591865	0.846039606
5.779794000	-1.455155611	0.837164755
5.779795000	-1.468749285	0.825085855
5.779796000	-1.314016104	0.839711603
5.779797000	-1.405356169	0.823932174
5.779798000	-1.330242991	0.814382144
5.779799000	-1.258277297	0.824282779
5.779800000	-1.293412209	0.804613736
5.779801000	-1.227501750	0.802542662
5.779802000	-1.118010759	0.815156791
5.779803000	-1.272213101	0.808772595
5.779804000	-1.133418798	0.789406021
5.779805000	-1.012270451	0.797706761
5.779806000	-1.074881792	0.777740044
5.779807000	-1.115714192	0.787051387
5.779808000	-1.033812881	0.779706655
5.779809000	-1.025979877	0.775818640
5.779810000	-0.943554223	0.780171510
5.779811000	-1.019541740	0.772464788
5.779812000	-0.810987830	0.771310973
5.779813000	-0.875941396	0.760512188
5.779814000	-0.861126482	0.767507180
5.779815000	-0.824692369	0.745863138
5.779816000	-0.886766434	0.759359705
5.779817000	-0.852005839	0.763151913
5.779818000	-0.826303720	0.747167021
5.779819000	-0.801315784	0.750960694
5.779820000	-0.876427829	0.756869982
5.779821000	-0.774995029	0.740439410
5.779822000	-0.600582182	0.738850835
5.779823000	-0.701318860	0.733421581
5.779824000	-0.686388612	0.719841124
5.779825000	-0.592651308	0.722875929
5.779826000	-0.673423767	0.724582550
5.779827000	-0.594187140	0.722339236
5.779828000	-0.587809801	0.721472643
5.779829000	-0.590085328	0.725391219
5.779830000	-0.646887720	0.721288752
5.779831000	-0.429127216	0.722335641
5.779832000	-0.546993315	0.711650239
5.779833000	-0.489931673	0.714981188
5.779834000	-0.470253289	0.704381607
5.779835000	-0.513046980	0.698323648
5.779836000	-0.510172248	0.688447448
5.779837000	-0.514798760	0.701436417
5.779838000	-0.610624313	0.683079714
5.779839000	-0.492429972	0.691845109
5.779840000	-0.361821353	0.692894528
5.779841000	-0.333704889	0.685631888
5.779842000	-0.346763909	0.688680209
5.779843000	-0.394361675	0.665908184
5.779844000	-0.302067339	0.673547462
5.779845000	-0.354549438	0.666685361
5.779846000	-0.205042601	0.660236583
5.779847000	-0.297103584	0.659263464
5.779848000	-0.198823631	0.662950677
5.779849000	-0.232073590	0.671731585
5.779850000	-0.228967994	0.657705182
5.779851000	-0.218486443	0.669110902
5.779852000	-0.279640496	0.663308539
5.779853000	-0.129723400	0.656641715
5.779854000	-0.148027524	0.638173292
5.779855000	-0.212843552	0.643816197
5.779856000	-0.200496793	0.638074156
5.779857000	-0.126067907	0.644941783
5.779858000	-0.124468766	0.631529371
5.779859000	-0.168378264	0.638586814
5.779860000	-0.141192123	0.643723453
5.779861000	-0.213694736	0.635103533
5.779862000	-0.146189198	0.635842161
5.779863000	-0.053526439	0.622825495
5.779864000	-0.040831164	0.624814077
5.779865000	-0.038174212	0.621817089
5.779866000	-0.063011326	0.628490638
5.779867000	-0.083384715	0.615671378
5.779868000	-0.065465987	0.618812577
5.779869000	-0.045557849	0.613168340
5.779870000	-0.029807365	0.618856652
5.779871000	0.069409147	0.615987229
5.779872000	0.010257312	0.606151376
5.779873000	0.066606238	0.603073228
5.779874000	-0.101189226	0.605095034
5.779875000	-0.068052821	0.607772110
5.779876000	-0.037840046	0.600005466
5.779877000	0.061343156	0.596203604
5.779878000	-0.008613378	0.597508287
5.779879000	0.056217059	0.607320105
5.779880000	0.155793339	0.592381502
5.779881000	0.061513398	0.584444483
5.779882000	0.052773479	0.596817530
5.779883000	0.095212519	0.592992498
5.779884000	0.033790581	0.584198008
5.779885000	0.132907689	0.593131914
5.779886000	0.036986977	0.590126803
5.779887000	0.182363391	0.574912497
5.779888000	0.142179951	0.580236089
5.779889000	0.116187997	0.585099088
5.779890000	0.163305148	0.582048237
5.779891000	0.178098992	0.577658482
5.779892000	0.138855323	0.577319995
5.779893000	0.193722785	0.578516553
5.779894000	0.156892076	0.576490620
5.779895000	0.088849418	0.557496256
5.779896000	0.234225914	0.577651358
5.779897000	0.294827253	0.573276983
5.779898000	0.266628116	0.557746493
5.779899000	0.197804928	0.560751271
5.779900000	0.253412604	0.571642135
5.779901000	0.169990286	0.556494308
5.779902000	0.241537362	0.568949413
5.779903000	0.187467977	0.563725356
5.779904000	0.289907575	0.561419924
5.779905000	0.281888485	0.552353392
5.779906000	0.278327554	0.539010356
5.779907000	0.221836343	0.557130837
5.779908000	0.293758094	0.552792314
5.779909000	0.229814216	0.548750235
5.779910000	0.247443035	0.541325641
5.779911000	0.248614624	0.539319649
5.779912000	0.291659594	0.543320083
5.779913000	0.385570377	0.535305632
5.779914000	0.266184390	0.538582585
5.779915000	0.319840759	0.526542135
5.779916000	0.277031809	0.532630620
5.779917000	0.297729611	0.529149769
5.779918000	0.287320822	0.530237071
5.779919000	0.308982819	0.530260440
5.779920000	0.350951672	0.522089795
5.779921000	0.335608274	0.538905860
5.779922000	0.301667988	0.525654902
5.779923000	0.349291056	0.528002679
5.779924000	0.390992492	0.528590738
5.779925000	0.316195697	0.521155359
5.779926000	0.381379426	0.520164030
5.779927000	0.336575568	0.515940922
5.779928000	0.321308970	0.530267497
5.779929000	0.378544182	0.525943123
5.779930000	0.411965787	0.520379613
5.779931000	0.414074659	0.516625122
5.779932000	0.393468231	0.512706180
5.779933000	0.437984556	0.516926758
5.779934000	0.357164741	0.516436171
5.779935000	0.407367438	0.514976925
5.779936000	0.381788343	0.503162443
5.779937000	0.361199200	0.513166907
5.779938000	0.460241705	0.502149343
5.779939000	0.410903722	0.509649770
5.779940000	0.417892545	0.501095963
5.779941000	0.429726809	0.501250926
5.779942000	0.500737727	0.504005899
5.779943000	0.430116594	0.506388596
5.779944000	0.437355340	0.493921807
5.779945000	0.381915063	0.502267321
5.779946000	0.442949295	0.495028350
5.779947000	0.390411377	0.504429109
5.779948000	0.467848897	0.501649668
5.779949000	0.421984583	0.499862454
5.779950000	0.364111125	0.494094213
5.779951000	0.557296455	0.495939617
5.779952000	0.471688509	0.492896390
5.779953000	0.454924732	0.494055198
5.779954000	0.476758689	0.500194084
5.779955000	0.410839170	0.489453522
5.779956000	0.481884629	0.490493453
5.779957000	0.426173925	0.493587680
5.779958000	0.373036355	0.493090035
5.779959000	0.541971445	0.490526443
5.779960000	0.494044304	0.488113819
5.779961000	0.510910988	0.485287206
5.779962000	0.499712378	0.489236474
5.779963000	0.474692255	0.479333510
5.779964000	0.527506709	0.464945416
5.779965000	0.584350467	0.481863346
5.779966000	0.534836888	0.474871916
5.779967000	0.487422407	0.481997603
5.779968000	0.546020746	0.470447640
5.779969000	0.478765488	0.476676707
5.779970000	0.482735723	0.477841041
5.779971000	0.481623352	0.478652772
5.779972000	0.525105834	0.470404829
5.779973000	0.542031288	0.475806419
5.779974000	0.479880959	0.461349582
5.779975000	0.556914151	0.478920553
5.779976000	0.529619515	0.466033783
5.779977000	0.647325933	0.471263432
5.779978000	0.533706009	0.464884063
5.779979000	0.544627309	0.474085418
5.779980000	0.583870590	0.455972494
5.779981000	0.523020029	0.476556898
5.779982000	0.600680470	0.460226361
5.779983000	0.454672068	0.469650589
5.779984000	0.534567654	0.455432970
5.779985000	0.495474517	0.454248163
5.779986000	0.561650515	0.455372383
5.779987000	0.565202832	0.462911826
5.779988000	0.586288333	0.459951190
5.779989000	0.589241028	0.459427279
5.779990000	0.599782109	0.461009763
5.779991000	0.535875022	0.458636221
5.779992000	0.665313959	0.443781874
5.779993000	0.669952631	0.463820696
5.779994000	0.717096210	0.461854384
5.779995000	0.547968984	0.450310047
5.779996000	0.640511513	0.452566011
5.779997000	0.573647082	0.447320882
5.779998000	0.702841878	0.449770258
5.779999000	0.564298213	0.452126889
5.780000000	0.546401918	0.452368438
5.780001000	0.509532213	0.436101883
5.780002000	0.589499772	0.448490276
5.780003000	0.670785844	0.446546801
5.780004000	0.619857490	0.444394767
5.780005000	0.583608925	0.438915213
5.780006000	0.627774954	0.440933689
5.780007000	0.621350348	0.442049820
5.780008000	0.638728559	0.439353802
5.780009000	0.687014401	0.446578426
5.780010000	0.672213972	0.447582271
5.780011000	0.611203730	0.434905791
5.780012000	0.699449837	0.434314436
5.780013000	0.623619258	0.441614127
5.780014000	0.664401412	0.422824693
5.780015000	0.739762485	0.441717158
5.780016000	0.647466481	0.431960501
5.780017000	0.644932270	0.437869689
5.780018000	0.596041858	0.428724561
5.780019000	0.652111769	0.427836130
5.780020000	0.622520864	0.439294547
5.780021000	0.676165044	0.436904027
5.780022000	0.635674834	0.434221059
5.780023000	0.760303080	0.436768372
5.780024000	0.630747259	0.430723130
5.780025000	0.682579339	0.430813012
5.780026000	0.560229957	0.428505382
5.780027000	0.634802401	0.425900478
5.780028000	0.697203994	0.426192394
5.780029000	0.597552836	0.433085454
5.780030000	0.614728451	0.432486142
5.780031000	0.693198681	0.420677187
5.780032000	0.686422229	0.423327332
5.780033000	0.771637201	0.426543598
5.780034000	0.698738098	0.430489704
5.780035000	0.725903690	0.421757565
5.780036000	0.638770103	0.421402532
5.780037000	0.617642283	0.427604968
5.780038000	0.624088526	0.413420972
5.780039000	0.679484904	0.423699309
5.780040000	0.600789607	0.418612272
5.780041000	0.764565766	0.420581280
5.780042000	0.671705782	0.428899597
5.780043000	0.743849099	0.417316610
5.780044000	0.632259965	0.427107456
5.780045000	0.665881515	0.414257537
5.780046000	0.706879616	0.420579649
5.780047000	0.771060705	0.411471604
5.780048000	0.660924911	0.405136244
5.780049000	0.702820718	0.413282288
5.780050000	0.673845708	0.409898974
5.780051000	0.687845051	0.405682791
5.780052000	0.628164887	0.412127008
5.780053000	0.608158350	0.413732528
5.780054000	0.647151053	0.406879782
5.780055000	0.725022256	0.411688885
5.780056000	0.763064682	0.407844013
5.780057000	0.789513409	0.415842318
5.780058000	0.665019333	0.408045481
5.780059000	0.722891927	0.395144063
5.780060000	0.738569915	0.402013321
5.780061000	0.645171106	0.413324399
5.780062000	0.746159554	0.401026487
5.780063000	0.719745040	0.403043632
5.780064000	0.662361264	0.402638265
5.780065000	0.626239717	0.403590711
5.780066000	0.742273808	0.401635518
5.780067000	0.857165277	0.400193317
5.780068000	0.790941775	0.405239408
5.780069000	0.700552762	0.391734618
5.780070000	0.718449771	0.400605275
5.780071000	0.747432530	0.412763837
5.780072000	0.710215330	0.405503560
5.780073000	0.716224015	0.382311888
5.780074000	0.673203230	0.398069013
5.780075000	0.763829231	0.400260795
5.780076000	0.697999120	0.401155817
5.780077000	0.761922598	0.394980479
5.780078000	0.668705285	0.396105398
5.780079000	0.773267448	0.393400392
5.780080000	0.741110384	0.399826100
5.780081000	0.719486296	0.399557887
5.780082000	0.794901729	0.387121157
5.780083000	0.747019112	0.389310243
5.780084000	0.813152313	0.400567624
5.780085000	0.811412454	0.397953299
5.780086000	0.765132010	0.390265652
5.780087000	0.750565827	0.390359628
5.780088000	0.716700912	0.395164536
5.780089000	0.668101013	0.387314636
5.780090000	0.742679656	0.398746654
5.780091000	0.652347326	0.390032492
5.780092000	0.755359054	0.391360244
5.780093000	0.834359705	0.379582880
5.780094000	0.784949601	0.399941515
5.780095000	0.742838204	0.387926697
5.780096000	0.732660055	0.381292530
5.780097000	0.704238176	0.377602221
5.780098000	0.711654902	0.380369445
5.780099000	0.728762567	0.389184109
5.780100000	0.765216172	0.377521227
5.780101000	0.701396406	0.389965979
5.780102000	0.748833179	0.388329267
5.780103000	0.713702321	0.383837313
5.780104000	0.790934086	0.389533748
5.780105000	0.771461844	0.377293494
5.780106000	0.820557654	0.382350803
5.780107000	0.827578723	0.388625244
5.780108000	0.793848038	0.381798264
5.780109000	0.802460909	0.376862794
5.780110000	0.729230046	0.373440898
5.780111000	0.850224853	0.392101202
5.780112000	0.784996867	0.368031985
5.780113000	0.768462062	0.375537405
5.780114000	0.743099689	0.374573374
5.780115000	0.832559586	0.375148784
5.780116000	0.817047417	0.378932436
5.780117000	0.794571280	0.382426204
5.780118000	0.796108544	0.377796765
5.780119000	0.783526063	0.383424457
5.780120000	0.795611680	0.379907020
5.780121000	0.742686272	0.371176945
5.780122000	0.718370318	0.380187851
5.780123000	0.806516111	0.374801574
5.780124000	0.840987980	0.366547406
5.780125000	0.712829888	0.379922766
5.780126000	0.790154278	0.375992739
5.780127000	0.723539770	0.372357358
5.780128000	0.754091859	0.370387185
5.780129000	0.695339680	0.365510238
5.780130000	0.841256976	0.373122484
5.780131000	0.703121364	0.374752572
5.780132000	0.839067638	0.368461420
5.780133000	0.796056509	0.368587121
5.780134000	0.831907392	0.375279145
5.780135000	0.806176007	0.377361071
5.780136000	0.770168006	0.367347719
5.780137000	0.809387326	0.376909333
5.780138000	0.861935079	0.370195470
5.780139000	0.818320215	0.368686157
5.780140000	0.796539366	0.367198948
5.780141000	0.824583530	0.369713938
5.780142000	0.835676432	0.358311613
5.780143000	0.788798928	0.365245453
5.780144000	0.816134334	0.366155255
5.780145000	0.839453697	0.368711690
5.780146000	0.842513502	0.370926874
5.780147000	0.837172627	0.362429127
5.780148000	0.872559071	0.365312598
5.780149000	0.840112269	0.367485404
5.780150000	0.790165067	0.375397856
5.780151000	0.798406839	0.355838136
5.780152000	0.855490685	0.362413514
5.780153000	0.845528185	0.368264213
5.780154000	0.819905758	0.365124013
5.780155000	0.836962998	0.367031602
5.780156000	0.736244917	0.355122811
5.780157000	0.825733125	0.358100225
5.780158000	0.766087294	0.372440848
5.780159000	0.839174926	0.356782460
5.780160000	0.724415004	0.356292771
5.780161000	0.814703286	0.359947860
5.780162000	0.726543725	0.361216956
5.780163000	0.878584027	0.363404576
5.780164000	0.865873218	0.355897391
5.780165000	0.824938953	0.363078705
5.780166000	0.817266285	0.357325478
5.780167000	0.767698228	0.356667478
5.780168000	0.789433122	0.357739466
5.780169000	0.800145149	0.361001506
5.780170000	0.817197680	0.354320633
5.780171000	0.755474091	0.350338808
5.780172000	0.780746937	0.354645672
5.780173000	0.781871498	0.357143784
5.780174000	0.923391223	0.350495036
5.780175000	0.754937291	0.354280520
5.780176000	0.804451466	0.354837054
5.780177000	0.820094109	0.347106829
5.780178000	0.814693451	0.349941165
5.780179000	0.830275774	0.356089239
5.780180000	0.824408114	0.352609719
5.780181000	0.849749148	0.355974756
5.780182000	0.831785917	0.355139755
5.780183000	0.862362087	0.353262260
5.780184000	0.761643589	0.351503142
5.780185000	0.732954800	0.348792810
5.780186000	0.785643220	0.348822038
5.780187000	0.938198149	0.348235244
5.780188000	0.811903834	0.350373429
5.780189000	0.854910731	0.352866847
5.780190000	0.870597303	0.356157615
5.780191000	0.794036329	0.351973590
5.780192000	0.821812332	0.360758160
5.780193000	0.870188415	0.349610800
5.780194000	0.775938213	0.359216722
5.780195000	0.899630845	0.351015617
5.780196000	0.762327373	0.338180745
5.780197000	0.847810566	0.353696155
5.780198000	0.851006031	0.348824268
5.780199000	0.764049292	0.344354286
5.780200000	0.847397268	0.343248475
5.780201000	0.895292401	0.344995508
5.780202000	0.811140835	0.350622002
5.780203000	0.848671198	0.352547501
5.780204000	0.840712547	0.346495467
5.780205000	0.761589646	0.347206265
5.780206000	0.722241759	0.339985004
5.780207000	0.870907426	0.337634198
5.780208000	0.844670534	0.345508899
5.780209000	0.776110888	0.345748417
5.780210000	0.838722408	0.347023439
5.780211000	0.816298485	0.347252404
5.780212000	0.817772388	0.344643538
5.780213000	0.890486658	0.349134693
5.780214000	0.794631362	0.343292583
5.780215000	0.898085058	0.349448314
5.780216000	0.825034082	0.335805672
5.780217000	0.838603735	0.345349442
5.780218000	0.750154555	0.338372793
5.780219000	0.871823251	0.329302166
5.780220000	0.826925993	0.343968826
5.780221000	0.885300934	0.339910402
5.780222000	0.807499349	0.337749047
5.780223000	0.893736780	0.337047504
5.780224000	0.841081262	0.343210092
5.780225000	0.902438939	0.337184390
5.780226000	0.827459514	0.329423606
5.780227000	0.802088976	0.336995905
5.780228000	0.836027861	0.330491600
5.780229000	0.907244384	0.347783205
5.780230000	0.838492811	0.329022035
5.780231000	0.804969072	0.335880606
5.780232000	0.735020638	0.336018858
5.780233000	0.906008005	0.336404284
5.780234000	0.856562614	0.338095524
5.780235000	0.815508246	0.327680401
5.780236000	0.972982049	0.340369797
5.780237000	0.866952300	0.328973032
5.780238000	0.804588437	0.339132659
5.780239000	0.758100569	0.340227817
5.780240000	0.870157123	0.335050532
5.780241000	0.837185383	0.332605884
5.780242000	0.812134266	0.326281242
5.780243000	0.773303926	0.333821317
5.780244000	0.828095078	0.333430398
5.780245000	0.784610093	0.330035334
5.780246000	0.804310739	0.330946002
5.780247000	0.874649286	0.325566516
5.780248000	0.813497007	0.334533347
5.780249000	0.846001804	0.331013946
5.780250000	0.896711409	0.329818886
5.780251000	0.865316212	0.323802938
5.780252000	0.822374344	0.327938727
5.780253000	0.827503324	0.329659362
5.780254000	0.811180055	0.335332461
5.780255000	0.800335169	0.336134739
5.780256000	0.743493199	0.335599210
5.780257000	0.958333611	0.339568918
5.780258000	0.848137558	0.322768966
5.780259000	0.906928480	0.328641369
5.780260000	0.918218851	0.326894235
5.780261000	0.889178813	0.330181209
5.780262000	0.847793400	0.322921132
5.780263000	0.807056487	0.330358975
5.780264000	0.920572400	0.336447693
5.780265000	0.873292625	0.338075251
5.780266000	0.758359253	0.316646392
5.780267000	0.810076654	0.327268576
5.780268000	0.863919675	0.327185119
5.780269000	0.803377271	0.320908914
5.780270000	0.863564134	0.319688487
5.780271000	0.872122467	0.326469162
5.780272000	0.814189315	0.318006335
5.780273000	0.906544626	0.329179494
5.780274000	0.869625628	0.325655699
5.780275000	0.872174740	0.318739237
5.780276000	0.851661921	0.325597243
5.780277000	0.847642422	0.322460338
5.780278000	0.832259953	0.329021136
5.780279000	0.896662772	0.318100777
5.780280000	0.871617854	0.333747481
5.780281000	0.752662301	0.306711636
5.780282000	0.921431005	0.318669429
5.780283000	0.839332163	0.316362632
5.780284000	0.722947717	0.327213881
5.780285000	0.923496246	0.320263697
5.780286000	0.899662673	0.327132355
5.780287000	0.890692294	0.314910410
5.780288000	0.862350225	0.322629216
5.780289000	0.831895709	0.323386020
5.780290000	0.870866895	0.320083700
5.780291000	0.861868620	0.328713774
5.780292000	0.848571777	0.318047481
5.780293000	0.845420480	0.321148698
5.780294000	0.853842378	0.317229890
5.780295000	0.884956062	0.326627986
5.780296000	0.826470435	0.321449303
5.780297000	0.862442672	0.309353691
5.780298000	0.816318154	0.312037991
5.780299000	0.761802971	0.320029805
5.780300000	0.949743271	0.325457327
5.780301000	0.886451662	0.307629561
5.780302000	0.876687825	0.311740216
5.780303000	0.890325367	0.318260300
5.780304000	0.859266341	0.309906330
5.780305000	0.804092526	0.313952404
5.780306000	0.861597598	0.314725087
5.780307000	0.984710038	0.316993834
5.780308000	0.963057876	0.312765633
5.780309000	0.865583718	0.317862857
5.780310000	0.857729375	0.312360799
5.780311000	0.883522391	0.307918747
5.780312000	0.840174973	0.312807511
5.780313000	0.933506548	0.312195217
5.780314000	0.818770826	0.311896577
5.780315000	0.884240568	0.314416826
5.780316000	0.821941435	0.315929801
5.780317000	0.795812130	0.316433505
5.780318000	0.807954252	0.313882097
5.780319000	0.856898010	0.312669493
5.780320000	0.945348501	0.307945911
5.780321000	0.853736281	0.306364859
5.780322000	0.827364504	0.297994843
5.780323000	0.828176141	0.313589648
5.780324000	0.904243290	0.313830365
5.780325000	0.849754274	0.311300828
5.780326000	0.942983091	0.309311313
5.780327000	0.893884242	0.315848775
5.780328000	0.949459434	0.312773556
5.780329000	0.824545205	0.313156152
5.780330000	0.834926784	0.320360802
5.780331000	0.932258487	0.316200012
5.780332000	0.872754455	0.312829549
5.780333000	0.858337760	0.310716630
5.780334000	0.867559016	0.311262312
5.780335000	0.827675283	0.311524966
5.780336000	0.915112495	0.307952935
5.780337000	0.900797248	0.306850286
5.780338000	0.876796961	0.311167737
5.780339000	0.911495209	0.305607089
5.780340000	0.903066218	0.317591414
5.780341000	0.852649212	0.303686551
5.780342000	0.821648777	0.307313909
5.780343000	0.910478950	0.310003569
5.780344000	0.894489706	0.314564931
5.780345000	0.862073720	0.313053521
5.780346000	0.941761553	0.318635340
5.780347000	0.949227393	0.305918180
5.780348000	0.886130393	0.315959263
5.780349000	0.882537127	0.311775270
5.780350000	0.951879323	0.311053354
5.780351000	0.930699885	0.310626615
5.780352000	0.938859940	0.314603514
5.780353000	0.880323887	0.314179971
5.780354000	0.830338180	0.310802084
5.780355000	0.884829462	0.304418820
5.780356000	0.845932662	0.310988306
5.780357000	0.921743691	0.297497531
5.780358000	0.861210167	0.307649101
5.780359000	0.856607854	0.305561516
5.780360000	0.861273289	0.303180683
5.780361000	0.879850388	0.297208778
5.780362000	0.912518382	0.309939287
5.780363000	0.860207081	0.306715897
5.780364000	0.886080325	0.304564695
5.780365000	0.967957854	0.309578096
5.780366000	0.876396596	0.295532917
5.780367000	0.888918579	0.305010142
5.780368000	0.893003821	0.308767163
5.780369000	0.833303928	0.306662800
5.780370000	0.940840721	0.302985174
5.780371000	0.885294795	0.303777698
5.780372000	0.824065685	0.288956707
5.780373000	0.856104672	0.306581274
5.780374000	0.852316916	0.304724951
5.780375000	0.883053720	0.297388208
5.780376000	0.919752121	0.294950184
5.780377000	0.885181189	0.302988137
5.780378000	0.846849024	0.302031563
5.780379000	0.861779928	0.303974672
5.780380000	0.888374329	0.298072874
5.780381000	0.894349337	0.304331003
5.780382000	0.962689340	0.303389009
5.780383000	0.869519174	0.307579660
5.780384000	0.874690115	0.301610350
5.780385000	0.794068992	0.293758053
5.780386000	0.922196507	0.303472865
5.780387000	0.858537912	0.307889185
5.780388000	0.928514898	0.302961605
5.780389000	0.833488405	0.298031295
5.780390000	0.926597357	0.300992098
5.780391000	0.838943601	0.291950133
5.780392000	0.871089816	0.307956297
5.780393000	0.983737409	0.302128535
5.780394000	0.930682600	0.297911020
5.780395000	0.897662282	0.287586144
5.780396000	0.914789379	0.301726997
5.780397000	0.899284899	0.304695323
5.780398000	0.818395019	0.306769826
5.780399000	0.883163035	0.292395447
5.780400000	0.789525330	0.289372559
5.780401000	0.898403168	0.294022938
5.780402000	0.846103787	0.304559502
5.780403000	0.848988652	0.286532598
5.780404000	0.866826952	0.297045792
5.780405000	0.767684460	0.304477709
5.780406000	0.835319579	0.301495335
5.780407000	0.868482292	0.298094745
5.780408000	0.892891765	0.291897769
5.780409000	0.909892499	0.296545484
5.780410000	0.817162335	0.306493057
5.780411000	0.917784274	0.300062654
5.780412000	0.891243815	0.300533168
5.780413000	0.865060687	0.299639445
5.780414000	0.840209901	0.300509666
5.780415000	0.859169364	0.296524678
5.780416000	0.778560519	0.294810002
5.780417000	0.832683563	0.298945525
5.780418000	0.906044543	0.298227936
5.780419000	0.920982838	0.300105997
5.780420000	0.952410460	0.295393667
5.780421000	0.928587377	0.296315021
5.780422000	0.866629183	0.298484099
5.780423000	0.934498131	0.286888862
5.780424000	0.908902884	0.298296379
5.780425000	0.836049020	0.293033740
5.780426000	0.877613246	0.292421313
5.780427000	0.925472856	0.290707236
5.780428000	1.018240690	0.297607187
5.780429000	0.826447427	0.292651410
5.780430000	0.917522252	0.298580872
5.780431000	0.918240786	0.296220246
5.780432000	0.809500337	0.293922370
5.780433000	0.884108186	0.289735149
5.780434000	0.845952809	0.290965263
5.780435000	0.890082061	0.289512675
5.780436000	0.903532028	0.289697398
5.780437000	0.777840853	0.291580020
5.780438000	0.840511680	0.292011253
5.780439000	0.863695145	0.285220924
5.780440000	0.892436147	0.290858304
5.780441000	0.934228063	0.291296826
5.780442000	0.918731153	0.294555637
5.780443000	0.883793533	0.292403836
5.780444000	0.921302080	0.290431898
5.780445000	0.963865817	0.297511313
5.780446000	0.820563138	0.298133361
5.780447000	0.885856807	0.289874532
5.780448000	0.889991224	0.297717142
5.780449000	0.952223659	0.288813662
5.780450000	0.914604485	0.285406646
5.780451000	0.899322093	0.288363754
5.780452000	0.878320754	0.287720767
5.780453000	0.820285857	0.288370878
5.780454000	0.916911721	0.291896271
5.780455000	0.901322246	0.301635750
5.780456000	0.862087965	0.283952161
5.780457000	0.847454965	0.289927362
5.780458000	0.922024548	0.285900463
5.780459000	0.915335715	0.289234940
5.780460000	0.944492042	0.287819570
5.780461000	0.878903508	0.288748681
5.780462000	0.928829968	0.294273375
5.780463000	0.936510682	0.288759366
5.780464000	0.814634621	0.288527372
5.780465000	0.849821508	0.292566655
5.780466000	0.914452851	0.283714241
5.780467000	0.904681921	0.293834020
5.780468000	0.858224511	0.279306043
5.780469000	0.935030818	0.284334424
5.780470000	0.948372900	0.290786898
5.780471000	0.878132045	0.292185656
5.780472000	0.948316991	0.294788597
5.780473000	0.804153383	0.282618150
5.780474000	0.955436647	0.294490489
5.780475000	0.888216197	0.279470094
5.780476000	0.926215529	0.287788112
5.780477000	0.940992057	0.285234972
5.780478000	0.881194174	0.290899150
5.780479000	0.923661768	0.283931721
5.780480000	0.841700435	0.286911366
5.780481000	0.922541976	0.282177797
5.780482000	0.904426634	0.285387538
5.780483000	0.921350241	0.290999518
5.780484000	0.919136882	0.283093857
5.780485000	0.917580664	0.286861298
5.780486000	0.924821854	0.288501739
5.780487000	0.939948261	0.281528884
5.780488000	0.901947677	0.286658432
5.780489000	0.895281792	0.286033621
5.780490000	1.003874421	0.282475172
5.780491000	0.889042735	0.274112563
5.780492000	0.912071407	0.286476005
5.780493000	0.886815965	0.278455446
5.780494000	0.896608829	0.278792619
5.780495000	0.854467571	0.279365565
5.780496000	0.929568231	0.281620930
5.780497000	0.877689779	0.283977195
5.780498000	0.886531949	0.282273970
5.780499000	0.902929902	0.294346945
5.780500000	0.874505937	0.283491634
5.780501000	0.908902764	0.280095471
5.780502000	0.856780648	0.280696114
5.780503000	0.915358543	0.275380461
5.780504000	0.901815057	0.291082142
5.780505000	0.909554183	0.281348755
5.780506000	0.909205496	0.291455850
5.780507000	0.926804364	0.278109252
5.780508000	0.924699664	0.278628985
5.780509000	0.914635718	0.287514172
5.780510000	0.857258558	0.284695949
5.780511000	0.959599853	0.278503034
5.780512000	0.892521739	0.282210620
5.780513000	0.931689858	0.283851726
5.780514000	0.865068495	0.280254894
5.780515000	0.949998200	0.282667252
5.780516000	0.886788845	0.283119390
5.780517000	0.846403003	0.295881258
5.780518000	0.991990805	0.279954989
5.780519000	0.920390725	0.284624742
5.780520000	0.917033970	0.282490884
5.780521000	0.845027387	0.271709093
5.780522000	0.932145476	0.284722647
5.780523000	0.858017027	0.276818068
5.780524000	0.934208274	0.284434726
5.780525000	0.955408514	0.280254462
5.780526000	0.911107421	0.281249885
5.780527000	0.902082264	0.272060314
5.780528000	0.866310835	0.283626390
5.780529000	0.936821282	0.283640205
5.780530000	0.877146542	0.276412935
5.780531000	0.904189527	0.278808382
5.780532000	0.843751073	0.284749878
5.780533000	0.882058024	0.273721245
5.780534000	0.964748740	0.271813040
5.780535000	0.924775064	0.278498357
5.780536000	0.851919293	0.277555881
5.780537000	0.935275495	0.281695931
5.780538000	0.862112939	0.281119689
5.780539000	0.895760119	0.286042143
5.780540000	0.843351305	0.278340548
5.780541000	0.878119111	0.286904175
5.780542000	0.875895679	0.276667300
5.780543000	0.914557815	0.273536471
5.780544000	0.926375568	0.275091957
5.780545000	0.912563980	0.277935381
5.780546000	0.921140730	0.277712191
5.780547000	0.974658072	0.271905368
5.780548000	0.822778940	0.286769819
5.780549000	0.929257810	0.275337883
5.780550000	0.894499421	0.275992488
5.780551000	0.959692240	0.275445342
5.780552000	0.888309121	0.278172469
5.780553000	0.868100941	0.280753904
5.780554000	0.891081095	0.277059134
5.780555000	0.911283076	0.278804004
5.780556000	0.892407656	0.275094071
5.780557000	0.866732061	0.278867188
5.780558000	0.943728328	0.274928872
5.780559000	0.854604840	0.272615051
5.780560000	0.887843966	0.276817686
5.780561000	0.855618894	0.272094886
5.780562000	0.856880784	0.276225781
5.780563000	0.926864684	0.273872762
5.780564000	0.910549223	0.267605612
5.780565000	0.976314306	0.274678202
5.780566000	0.979304910	0.278524705
5.780567000	0.883444965	0.278350035
5.780568000	0.840550125	0.278164030
5.780569000	0.904552758	0.274180923
5.780570000	0.890943170	0.273974395
5.780571000	0.846854389	0.279637674
5.780572000	0.899888039	0.268767033
5.780573000	0.964098811	0.268394290
5.780574000	0.913679302	0.277460040
5.780575000	0.938526928	0.276917404
5.780576000	0.952156663	0.277557379
5.780577000	0.883222580	0.272751039
5.780578000	0.940989971	0.270130155
5.780579000	0.930855811	0.285555783
5.780580000	0.970945716	0.268080603
5.780581000	0.935227156	0.276394376
5.780582000	0.921495140	0.275029456
5.780583000	0.946241260	0.276437885
5.780584000	0.908261955	0.270155821
5.780585000	0.976057827	0.275206124
5.780586000	0.916165650	0.269246285
5.780587000	0.869401157	0.276177495
5.780588000	0.986225665	0.273280891
5.780589000	0.937819242	0.279564170
5.780590000	0.897537470	0.273287715
5.780591000	0.905478060	0.270816152
5.780592000	0.965658963	0.268541247
5.780593000	0.941276193	0.273698242
5.780594000	1.008581400	0.274689254
5.780595000	0.913136899	0.272723774
5.780596000	0.984091282	0.278271089
5.780597000	0.899294734	0.271848826
5.780598000	0.946185648	0.259577046
5.780599000	0.890576065	0.266982615
5.780600000	0.872423768	0.268735890
5.780601000	0.965533316	0.271293141
5.780602000	0.934502542	0.275406576
5.780603000	0.961261868	0.259503693
5.780604000	0.940590799	0.260926670
5.780605000	0.970920503	0.266004869
5.780606000	0.926744461	0.272532027
5.780607000	0.985361516	0.274131305
5.780608000	0.842313170	0.270653783
5.780609000	0.923910320	0.273807881
5.780610000	0.878384054	0.265343306
5.780611000	0.888215721	0.272608160
5.780612000	0.898721337	0.265030568
5.780613000	0.857855976	0.271499819
5.780614000	0.921571195	0.268825589
5.780615000	0.980791271	0.267650186
5.780616000	0.914414167	0.261871010
5.780617000	0.939569294	0.267656511
5.780618000	0.874706924	0.269959130
5.780619000	0.886273146	0.263856413
5.780620000	0.950443864	0.259218036
5.780621000	0.943678796	0.274095203
5.780622000	0.917819262	0.274613587
5.780623000	0.828842819	0.272036229
5.780624000	0.920904279	0.263288145
5.780625000	0.976351798	0.260732059
5.780626000	0.856970012	0.275673392
5.780627000	1.032443523	0.268007616
5.780628000	0.929500163	0.257606574
5.780629000	0.822583675	0.269912492
5.780630000	0.940278053	0.263981099
5.780631000	0.954267085	0.260603462
5.780632000	0.910782814	0.261812604
5.780633000	0.846967638	0.263937024
5.780634000	0.838853836	0.270112645
5.780635000	0.957736790	0.271444259
5.780636000	0.918128133	0.257366390
5.780637000	0.827934444	0.268804766
5.780638000	0.914604783	0.259478310
5.780639000	0.896940947	0.260819411
5.780640000	0.923188269	0.273712074
5.780641000	0.932107568	0.260680194
5.780642000	0.948215246	0.268418109
5.780643000	1.046887159	0.267024077
5.780644000	0.893031359	0.267467593
5.780645000	0.912517071	0.265346019
5.780646000	0.909916818	0.263577381
5.780647000	0.904766202	0.261524450
5.780648000	0.870727301	0.266728549
5.780649000	0.916260719	0.263824672
5.780650000	1.013317108	0.269490031
5.780651000	0.948350132	0.269218538
5.780652000	0.929895461	0.258102537
5.780653000	0.892902613	0.269915338
5.780654000	0.916890860	0.251076769
5.780655000	0.980734110	0.263632891
5.780656000	0.912303150	0.262393423
5.780657000	0.974629223	0.271191458
5.780658000	0.826309741	0.245849300
5.780659000	0.895062029	0.268325397
5.780660000	1.006474495	0.266852686
5.780661000	0.874261379	0.274035814
5.780662000	0.932026744	0.261045547
5.780663000	0.921359181	0.259018964
5.780664000	0.990824521	0.270200496
5.780665000	1.010892749	0.262550033
5.780666000	0.885518193	0.262054186
5.780667000	0.888696790	0.261940269
5.780668000	0.879548907	0.265906015
5.780669000	0.976869583	0.257386031
5.780670000	0.879293323	0.260385399
5.780671000	0.892581880	0.262136461
5.780672000	0.991180301	0.264164125
5.780673000	0.866609216	0.266003471
5.780674000	0.927627861	0.270774524
5.780675000	0.892461956	0.261305421
5.780676000	0.971199930	0.262329790
5.780677000	0.938146710	0.263118951
5.780678000	0.862201273	0.261120415
5.780679000	0.920654714	0.256344268
5.780680000	0.887908936	0.251948305
5.780681000	0.931826293	0.262137742
5.780682000	0.948218942	0.267761556
5.780683000	0.935002446	0.258200775
5.780684000	0.912779152	0.259581124
5.780685000	0.987221420	0.267543294
5.780686000	0.919546783	0.254085875
5.780687000	0.954332113	0.255825518
5.780688000	0.865831077	0.259802283
5.780689000	0.885760844	0.263348665
5.780690000	0.924760222	0.264109946
5.780691000	0.901150703	0.263155553
5.780692000	0.932158768	0.266144452
5.780693000	0.928741515	0.263256170
5.780694000	0.994149864	0.260445237
5.780695000	0.963625371	0.262849938
5.780696000	0.982955337	0.264868648
5.780697000	0.899687588	0.258208847
5.780698000	0.875743687	0.261444638
5.780699000	1.071021199	0.256979316
5.780700000	0.959424138	0.259057414
5.780701000	0.944758594	0.254696887
5.780702000	0.911451280	0.260820726
5.780703000	0.869172752	0.266614017
5.780704000	0.923977673	0.254176921
5.780705000	0.972192049	0.256030748
5.780706000	0.864251971	0.251056679
5.780707000	0.902022004	0.262762603
5.780708000	0.934614897	0.262288544
5.780709000	0.927842200	0.260360748
5.780710000	0.926016569	0.258030565
5.780711000	0.947743356	0.259366424
5.780712000	0.905609429	0.258989670
5.780713000	0.855425775	0.251738431
5.780714000	0.884749889	0.255843345
5.780715000	0.935599625	0.263919081
5.780716000	0.891119599	0.260606591
5.780717000	0.877007067	0.248596417
5.780718000	0.921982527	0.250984440
5.780719000	0.871720135	0.258197313
5.780720000	0.995674789	0.257950488
5.780721000	0.895035684	0.258015252
5.780722000	0.862030745	0.257528876
5.780723000	0.833730042	0.248252636
5.780724000	0.962561071	0.259055766
5.780725000	0.874449730	0.251944726
5.780726000	0.962807119	0.263923891
5.780727000	0.875256419	0.251192367
5.780728000	1.001669407	0.256748952
5.780729000	0.996721745	0.261574367
5.780730000	0.971535325	0.258394387
5.780731000	0.933804154	0.256006813
5.780732000	0.917942584	0.261416409
5.780733000	0.862866759	0.256498016
5.780734000	0.864968956	0.253018596
5.780735000	0.963587821	0.254361512
5.780736000	0.949670315	0.249286525
5.780737000	0.919576645	0.259432670
5.780738000	0.936015189	0.257966433
5.780739000	0.881533206	0.258858359
5.780740000	0.884139419	0.256339608
5.780741000	0.985903025	0.245976383
5.780742000	0.978611410	0.261692861
5.780743000	0.995266914	0.252782557
5.780744000	0.890635610	0.249313839
5.780745000	0.979495168	0.252216735
5.780746000	0.900085628	0.252483317
5.780747000	1.016189456	0.252369667
5.780748000	0.880823076	0.254560533
5.780749000	0.960759223	0.260637134
5.780750000	0.920848787	0.248010272
5.780751000	0.954809487	0.251231499
5.780752000	0.830305517	0.257988005
5.780753000	0.982791185	0.248584350
5.780754000	0.806326628	0.254100206
5.780755000	0.872882962	0.263689816
5.780756000	0.941174686	0.261285165
5.780757000	0.951534748	0.253288008
5.780758000	0.888055086	0.258485467
5.780759000	0.944171250	0.255168416
5.780760000	0.947850347	0.267863389
5.780761000	0.868381441	0.247900700
5.780762000	0.949440062	0.252703994
5.780763000	0.915542126	0.260637850
5.780764000	0.947005451	0.257481155
5.780765000	0.973198175	0.256242935
5.780766000	0.921936750	0.260752616
