D:\KID metingen\Entropy ADR\LT343chip5_BF_20240530_mapping\S21\Power\KID277_94dBm_.dat
Power at KID:94dBm
resonance Frequency in GHz :7.300381
Q=17258.583924, Qc=19930.218026, Qi=128747.922502  S21min=-17.454701


Temperature in K:0.099971
GHz	dB	Rad
7.299742000	-2.368474483	-0.672753773
7.299743000	-2.376253366	-0.672861165
7.299744000	-2.372540712	-0.673937415
7.299745000	-2.369518042	-0.673632150
7.299746000	-2.363968849	-0.674136220
7.299747000	-2.374850273	-0.674565055
7.299748000	-2.370252132	-0.673568700
7.299749000	-2.356149673	-0.673205778
7.299750000	-2.371114016	-0.674778641
7.299751000	-2.368829489	-0.673910783
7.299752000	-2.372409105	-0.675136303
7.299753000	-2.373709202	-0.675258676
7.299754000	-2.361595154	-0.674972785
7.299755000	-2.364675760	-0.675873666
7.299756000	-2.365387201	-0.675359942
7.299757000	-2.367777348	-0.676156827
7.299758000	-2.364813566	-0.675672331
7.299759000	-2.368923426	-0.675517069
7.299760000	-2.375635386	-0.675943508
7.299761000	-2.368754387	-0.676252834
7.299762000	-2.365312099	-0.676561960
7.299763000	-2.367020130	-0.676948052
7.299764000	-2.362564325	-0.677531085
7.299765000	-2.358363867	-0.676377270
7.299766000	-2.367812157	-0.677829292
7.299767000	-2.359156847	-0.676292848
7.299768000	-2.360821247	-0.676385259
7.299769000	-2.363899946	-0.678187287
7.299770000	-2.359237671	-0.678226103
7.299771000	-2.367825031	-0.677549327
7.299772000	-2.362124920	-0.678953213
7.299773000	-2.358734131	-0.678858204
7.299774000	-2.358815432	-0.679887183
7.299775000	-2.354665995	-0.678575044
7.299776000	-2.367443800	-0.679318066
7.299777000	-2.356238127	-0.678768789
7.299778000	-2.365411997	-0.679546365
7.299779000	-2.362316847	-0.679331448
7.299780000	-2.359682083	-0.678514257
7.299781000	-2.362516403	-0.679260608
7.299782000	-2.360664606	-0.680760167
7.299783000	-2.357479572	-0.680410761
7.299784000	-2.359918833	-0.681519035
7.299785000	-2.345351458	-0.680550577
7.299786000	-2.355382204	-0.680520816
7.299787000	-2.364472151	-0.680890263
7.299788000	-2.363407612	-0.682014183
7.299789000	-2.358889103	-0.681749332
7.299790000	-2.351357937	-0.682726246
7.299791000	-2.359482288	-0.681482150
7.299792000	-2.362751245	-0.682496149
7.299793000	-2.355571270	-0.682838099
7.299794000	-2.358543158	-0.682555271
7.299795000	-2.356120348	-0.682880376
7.299796000	-2.350908756	-0.682986570
7.299797000	-2.353126287	-0.683555022
7.299798000	-2.351858616	-0.684709369
7.299799000	-2.358031034	-0.684467021
7.299800000	-2.362627506	-0.683581720
7.299801000	-2.354516983	-0.684007160
7.299802000	-2.349905491	-0.683816278
7.299803000	-2.353773594	-0.683865746
7.299804000	-2.349918842	-0.684630007
7.299805000	-2.349205017	-0.686025769
7.299806000	-2.352341175	-0.685608053
7.299807000	-2.350559235	-0.685882891
7.299808000	-2.345397472	-0.685731956
7.299809000	-2.346565723	-0.686360928
7.299810000	-2.346074820	-0.686836236
7.299811000	-2.345072508	-0.686382833
7.299812000	-2.343747616	-0.685939283
7.299813000	-2.353868723	-0.687114603
7.299814000	-2.344257116	-0.686964201
7.299815000	-2.348880053	-0.686755342
7.299816000	-2.353286266	-0.688436929
7.299817000	-2.354394674	-0.686718391
7.299818000	-2.345091820	-0.687838650
7.299819000	-2.346380234	-0.687849902
7.299820000	-2.349605083	-0.688723485
7.299821000	-2.348282099	-0.688066816
7.299822000	-2.347378254	-0.688025737
7.299823000	-2.348789930	-0.688965500
7.299824000	-2.347759724	-0.689166702
7.299825000	-2.344844580	-0.688717493
7.299826000	-2.346892595	-0.689276091
7.299827000	-2.350486517	-0.689686284
7.299828000	-2.340482950	-0.690313459
7.299829000	-2.341557026	-0.690321981
7.299830000	-2.340172291	-0.690904081
7.299831000	-2.346755981	-0.690617192
7.299832000	-2.337698698	-0.690037755
7.299833000	-2.337879419	-0.690945294
7.299834000	-2.347544909	-0.691120663
7.299835000	-2.344475746	-0.691986656
7.299836000	-2.337707281	-0.691615478
7.299837000	-2.344727039	-0.691859757
7.299838000	-2.336413622	-0.692258698
7.299839000	-2.347494602	-0.692241521
7.299840000	-2.340964079	-0.693170232
7.299841000	-2.335148811	-0.692658572
7.299842000	-2.334748507	-0.692345784
7.299843000	-2.339144230	-0.693544073
7.299844000	-2.344226122	-0.693340674
7.299845000	-2.333597898	-0.694169383
7.299846000	-2.339447498	-0.693939686
7.299847000	-2.336272240	-0.695248030
7.299848000	-2.338035583	-0.693509518
7.299849000	-2.338030815	-0.695191305
7.299850000	-2.338090181	-0.694535301
7.299851000	-2.338809252	-0.695540778
7.299852000	-2.333458662	-0.695906363
7.299853000	-2.335321188	-0.695913487
7.299854000	-2.335460186	-0.696056033
7.299855000	-2.336378098	-0.696263626
7.299856000	-2.340717554	-0.695232983
7.299857000	-2.335416794	-0.697193269
7.299858000	-2.331695557	-0.697225094
7.299859000	-2.321724892	-0.697251060
7.299860000	-2.336989641	-0.696544523
7.299861000	-2.331812620	-0.697878834
7.299862000	-2.332119226	-0.696854449
7.299863000	-2.329785347	-0.698139757
7.299864000	-2.319057226	-0.698664932
7.299865000	-2.330122232	-0.698705945
7.299866000	-2.331003189	-0.699244503
7.299867000	-2.332705975	-0.698761605
7.299868000	-2.329064846	-0.698844762
7.299869000	-2.325530052	-0.700098379
7.299870000	-2.327909231	-0.700099777
7.299871000	-2.328567505	-0.699754032
7.299872000	-2.330392838	-0.699688785
7.299873000	-2.327767849	-0.700535936
7.299874000	-2.326633930	-0.700211030
7.299875000	-2.330136299	-0.700566096
7.299876000	-2.329412222	-0.700897061
7.299877000	-2.326785564	-0.701207718
7.299878000	-2.332398176	-0.701629031
7.299879000	-2.333797455	-0.701805332
7.299880000	-2.336962461	-0.701992552
7.299881000	-2.326561213	-0.702856082
7.299882000	-2.329179049	-0.703367342
7.299883000	-2.337082386	-0.703112877
7.299884000	-2.321187258	-0.702565331
7.299885000	-2.326744080	-0.704068220
7.299886000	-2.324051142	-0.702928919
7.299887000	-2.323555946	-0.704691200
7.299888000	-2.326231480	-0.703801970
7.299889000	-2.326801062	-0.704692398
7.299890000	-2.326509476	-0.704131204
7.299891000	-2.317043066	-0.706013726
7.299892000	-2.328657389	-0.704872827
7.299893000	-2.332629681	-0.705798675
7.299894000	-2.318265200	-0.706008000
7.299895000	-2.315702915	-0.706799624
7.299896000	-2.323274851	-0.705889622
7.299897000	-2.314279795	-0.706041356
7.299898000	-2.317197323	-0.707262615
7.299899000	-2.318867683	-0.708275615
7.299900000	-2.315372229	-0.708734411
7.299901000	-2.324126005	-0.707110216
7.299902000	-2.315641165	-0.707889190
7.299903000	-2.313098669	-0.708265761
7.299904000	-2.322469473	-0.709197002
7.299905000	-2.319636345	-0.708048314
7.299906000	-2.315964699	-0.709066307
7.299907000	-2.313449144	-0.709841953
7.299908000	-2.314651966	-0.709474903
7.299909000	-2.317629814	-0.710098415
7.299910000	-2.314773083	-0.710915606
7.299911000	-2.317719698	-0.710690037
7.299912000	-2.318361998	-0.710683379
7.299913000	-2.315230608	-0.711627935
7.299914000	-2.315815449	-0.711869218
7.299915000	-2.313798189	-0.711686991
7.299916000	-2.313681126	-0.712364832
7.299917000	-2.306006908	-0.712055106
7.299918000	-2.304843664	-0.711359422
7.299919000	-2.317427635	-0.711909631
7.299920000	-2.315668821	-0.712501319
7.299921000	-2.314413309	-0.712778022
7.299922000	-2.315248966	-0.712536539
7.299923000	-2.310580969	-0.713500471
7.299924000	-2.307252645	-0.714623659
7.299925000	-2.313215017	-0.715231658
7.299926000	-2.307782650	-0.715429398
7.299927000	-2.304734468	-0.714008335
7.299928000	-2.303133011	-0.713708330
7.299929000	-2.310702085	-0.715263683
7.299930000	-2.301308632	-0.716841007
7.299931000	-2.301455736	-0.716732017
7.299932000	-2.303223372	-0.716535675
7.299933000	-2.308518648	-0.716389468
7.299934000	-2.306184530	-0.716054109
7.299935000	-2.304275513	-0.716712309
7.299936000	-2.306398153	-0.718402218
7.299937000	-2.303640842	-0.717862462
7.299938000	-2.300075054	-0.717851343
7.299939000	-2.299459457	-0.718369595
7.299940000	-2.293416023	-0.718039695
7.299941000	-2.304413319	-0.718712743
7.299942000	-2.304224968	-0.718602022
7.299943000	-2.305463791	-0.719683132
7.299944000	-2.302921295	-0.719427402
7.299945000	-2.300330877	-0.720446328
7.299946000	-2.292834044	-0.720398191
7.299947000	-2.306571722	-0.720221424
7.299948000	-2.296463966	-0.720861714
7.299949000	-2.303736210	-0.721961999
7.299950000	-2.297074318	-0.721422576
7.299951000	-2.297194719	-0.721196274
7.299952000	-2.297840834	-0.721784499
7.299953000	-2.306386471	-0.723443782
7.299954000	-2.297357082	-0.722053212
7.299955000	-2.295431137	-0.722811548
7.299956000	-2.300730467	-0.724050650
7.299957000	-2.296584129	-0.723163285
7.299958000	-2.293416977	-0.723464954
7.299959000	-2.296336889	-0.724140465
7.299960000	-2.298604965	-0.724499925
7.299961000	-2.297018051	-0.726265135
7.299962000	-2.291972876	-0.724681886
7.299963000	-2.296592712	-0.726570200
7.299964000	-2.289568424	-0.726022920
7.299965000	-2.292981625	-0.726877129
7.299966000	-2.294336796	-0.727790993
7.299967000	-2.295015335	-0.726873068
7.299968000	-2.296798468	-0.726421396
7.299969000	-2.292771339	-0.727336391
7.299970000	-2.297088385	-0.727918958
7.299971000	-2.292850971	-0.728284943
7.299972000	-2.289859772	-0.727881008
7.299973000	-2.293911219	-0.727909770
7.299974000	-2.290354729	-0.727933672
7.299975000	-2.293444395	-0.729028164
7.299976000	-2.292024612	-0.729856408
7.299977000	-2.286117077	-0.729829177
7.299978000	-2.290860415	-0.729759935
7.299979000	-2.291294813	-0.731020009
7.299980000	-2.289138079	-0.729894358
7.299981000	-2.290062189	-0.731125870
7.299982000	-2.286589622	-0.730969209
7.299983000	-2.297811747	-0.731535531
7.299984000	-2.282885551	-0.732051851
7.299985000	-2.286430597	-0.733190286
7.299986000	-2.292172670	-0.733865131
7.299987000	-2.281063557	-0.733978848
7.299988000	-2.293389797	-0.733548880
7.299989000	-2.287134647	-0.733826715
7.299990000	-2.283125162	-0.734182912
7.299991000	-2.289285183	-0.735207297
7.299992000	-2.290404320	-0.734807357
7.299993000	-2.290975094	-0.734868210
7.299994000	-2.286342621	-0.736069762
7.299995000	-2.288330078	-0.736618107
7.299996000	-2.287480593	-0.735835537
7.299997000	-2.287277699	-0.736057378
7.299998000	-2.289447784	-0.736925036
7.299999000	-2.289498568	-0.738021127
7.300000000	-2.281628370	-0.738291837
7.300001000	-2.280779362	-0.737771788
7.300002000	-2.282308817	-0.738142767
7.300003000	-2.279258490	-0.738033777
7.300004000	-2.282616615	-0.739116685
7.300005000	-2.286410093	-0.738886588
7.300006000	-2.283159971	-0.738903832
7.300007000	-2.284027576	-0.740385348
7.300008000	-2.277945757	-0.741335164
7.300009000	-2.288266897	-0.741569589
7.300010000	-2.280834913	-0.742240839
7.300011000	-2.289690018	-0.741994363
7.300012000	-2.283958435	-0.741298479
7.300013000	-2.283193111	-0.742713017
7.300014000	-2.272683144	-0.742916083
7.300015000	-2.282122850	-0.743476812
7.300016000	-2.284199715	-0.744186678
7.300017000	-2.276072979	-0.745802884
7.300018000	-2.271066666	-0.745384701
7.300019000	-2.279349804	-0.745139224
7.300020000	-2.274282932	-0.744477162
7.300021000	-2.282685518	-0.745430241
7.300022000	-2.276171207	-0.746005750
7.300023000	-2.276337147	-0.746172331
7.300024000	-2.270498753	-0.746918948
7.300025000	-2.270636797	-0.746345902
7.300026000	-2.281893969	-0.747804848
7.300027000	-2.278192520	-0.748404592
7.300028000	-2.288525105	-0.747784009
7.300029000	-2.278199911	-0.748649004
7.300030000	-2.277051926	-0.748834027
7.300031000	-2.271826029	-0.749555744
7.300032000	-2.272833586	-0.750626068
7.300033000	-2.275241852	-0.750226993
7.300034000	-2.274364233	-0.750531126
7.300035000	-2.269372463	-0.750238844
7.300036000	-2.286204100	-0.750205355
7.300037000	-2.267107964	-0.751639134
7.300038000	-2.277566910	-0.751486202
7.300039000	-2.279249430	-0.751658775
7.300040000	-2.273423433	-0.753023246
7.300041000	-2.275991440	-0.753922262
7.300042000	-2.276364803	-0.754216808
7.300043000	-2.274096727	-0.753567197
7.300044000	-2.270711899	-0.753814138
7.300045000	-2.267475843	-0.754730199
7.300046000	-2.277691841	-0.756091341
7.300047000	-2.273413897	-0.755948262
7.300048000	-2.274505138	-0.757625455
7.300049000	-2.264363289	-0.756701138
7.300050000	-2.271816015	-0.757129108
7.300051000	-2.264259338	-0.757740370
7.300052000	-2.259002447	-0.758821613
7.300053000	-2.271609306	-0.758939258
7.300054000	-2.263077497	-0.759918902
7.300055000	-2.266434431	-0.759838941
7.300056000	-2.261995554	-0.761347022
7.300057000	-2.266666889	-0.761366730
7.300058000	-2.261748314	-0.761499488
7.300059000	-2.263434887	-0.761295357
7.300060000	-2.263251066	-0.763001245
7.300061000	-2.262367487	-0.761550887
7.300062000	-2.269966125	-0.762761694
7.300063000	-2.262031555	-0.763388735
7.300064000	-2.266419649	-0.763418096
7.300065000	-2.260873318	-0.763290597
7.300066000	-2.268632650	-0.763565835
7.300067000	-2.261494637	-0.765514470
7.300068000	-2.268217802	-0.765113864
7.300069000	-2.259677172	-0.766022734
7.300070000	-2.264171600	-0.766147171
7.300071000	-2.264996052	-0.766027661
7.300072000	-2.269929409	-0.766918222
7.300073000	-2.264157534	-0.766709830
7.300074000	-2.261114597	-0.768443947
7.300075000	-2.265470505	-0.769051814
7.300076000	-2.269244671	-0.768938496
7.300077000	-2.259918213	-0.770080659
7.300078000	-2.265669107	-0.769081242
7.300079000	-2.259781599	-0.771116696
7.300080000	-2.270731211	-0.772585296
7.300081000	-2.270396471	-0.771963980
7.300082000	-2.268623114	-0.773438440
7.300083000	-2.257865429	-0.772193212
7.300084000	-2.251768351	-0.772517518
7.300085000	-2.261945009	-0.774815094
7.300086000	-2.261359453	-0.772988965
7.300087000	-2.253501177	-0.774361025
7.300088000	-2.252828836	-0.775682952
7.300089000	-2.257795572	-0.775640008
7.300090000	-2.261173010	-0.774736265
7.300091000	-2.254139423	-0.775868707
7.300092000	-2.253279924	-0.775537610
7.300093000	-2.255566359	-0.777560147
7.300094000	-2.252351046	-0.777965880
7.300095000	-2.265257120	-0.778668222
7.300096000	-2.257073402	-0.779628891
7.300097000	-2.254739761	-0.779475426
7.300098000	-2.258661747	-0.780300806
7.300099000	-2.258316517	-0.781448363
7.300100000	-2.258821726	-0.782245447
7.300101000	-2.253338337	-0.782535598
7.300102000	-2.250504017	-0.781720338
7.300103000	-2.255730629	-0.781747702
7.300104000	-2.249739647	-0.782432267
7.300105000	-2.261735916	-0.783247128
7.300106000	-2.251321793	-0.782672751
7.300107000	-2.250735998	-0.784509400
7.300108000	-2.256570101	-0.784266653
7.300109000	-2.253615379	-0.784639296
7.300110000	-2.262805223	-0.786502044
7.300111000	-2.253891230	-0.787484084
7.300112000	-2.264605761	-0.787710653
7.300113000	-2.258229733	-0.787910323
7.300114000	-2.259709835	-0.788227373
7.300115000	-2.254182339	-0.788359732
7.300116000	-2.253165960	-0.788944628
7.300117000	-2.257219791	-0.789374995
7.300118000	-2.261783600	-0.790355838
7.300119000	-2.249601126	-0.791042866
7.300120000	-2.255592823	-0.791570971
7.300121000	-2.246738195	-0.791594607
7.300122000	-2.254987001	-0.792698421
7.300123000	-2.258323908	-0.792558871
7.300124000	-2.246049881	-0.794822358
7.300125000	-2.246991396	-0.794207301
7.300126000	-2.246124744	-0.794496720
7.300127000	-2.258472681	-0.796238161
7.300128000	-2.245049477	-0.796191756
7.300129000	-2.248209000	-0.797141772
7.300130000	-2.247487783	-0.798758177
7.300131000	-2.247431755	-0.797911292
7.300132000	-2.251198530	-0.798463898
7.300133000	-2.251130819	-0.798948394
7.300134000	-2.247617722	-0.800475517
7.300135000	-2.242653847	-0.800860543
7.300136000	-2.248827219	-0.799822909
7.300137000	-2.250879288	-0.801110614
7.300138000	-2.245645285	-0.803146667
7.300139000	-2.243728399	-0.802912509
7.300140000	-2.249624729	-0.802404444
7.300141000	-2.241814375	-0.804456876
7.300142000	-2.250209808	-0.805270205
7.300143000	-2.248963594	-0.805504896
7.300144000	-2.241243839	-0.806684877
7.300145000	-2.244657516	-0.806779485
7.300146000	-2.236534357	-0.806219889
7.300147000	-2.249845266	-0.807305260
7.300148000	-2.253263712	-0.807953939
7.300149000	-2.247442245	-0.808828588
7.300150000	-2.247353077	-0.810974297
7.300151000	-2.241392851	-0.810264232
7.300152000	-2.249638319	-0.811231825
7.300153000	-2.245847225	-0.812344294
7.300154000	-2.245237589	-0.812228846
7.300155000	-2.246095896	-0.813487855
7.300156000	-2.238091230	-0.813746315
7.300157000	-2.246032238	-0.813459559
7.300158000	-2.244342327	-0.814860715
7.300159000	-2.244804621	-0.815898815
7.300160000	-2.249182701	-0.817293512
7.300161000	-2.248963356	-0.818440070
7.300162000	-2.244425774	-0.818810915
7.300163000	-2.246262789	-0.817798714
7.300164000	-2.236549854	-0.818534079
7.300165000	-2.237781525	-0.820772732
7.300166000	-2.254269123	-0.819831372
7.300167000	-2.242932320	-0.822409711
7.300168000	-2.241503954	-0.821409694
7.300169000	-2.246045351	-0.822851396
7.300170000	-2.243283033	-0.824453754
7.300171000	-2.247486353	-0.825542387
7.300172000	-2.247797966	-0.826587478
7.300173000	-2.241866589	-0.826824966
7.300174000	-2.240806580	-0.827164985
7.300175000	-2.244441986	-0.827287157
7.300176000	-2.244561434	-0.828819873
7.300177000	-2.233061790	-0.829755641
7.300178000	-2.245102644	-0.830642674
7.300179000	-2.244360447	-0.831226772
7.300180000	-2.241633415	-0.831782773
7.300181000	-2.243836641	-0.833245314
7.300182000	-2.246217251	-0.833325010
7.300183000	-2.238680363	-0.835860539
7.300184000	-2.243780136	-0.835016516
7.300185000	-2.234577417	-0.835649949
7.300186000	-2.240028620	-0.836473732
7.300187000	-2.245973349	-0.837886672
7.300188000	-2.244574785	-0.838419370
7.300189000	-2.252666473	-0.839402210
7.300190000	-2.249436140	-0.840440443
7.300191000	-2.246342659	-0.841226609
7.300192000	-2.245800734	-0.842021163
7.300193000	-2.239935637	-0.842348399
7.300194000	-2.244343758	-0.844011742
7.300195000	-2.242476463	-0.844471870
7.300196000	-2.237937212	-0.845406307
7.300197000	-2.243005037	-0.846390345
7.300198000	-2.240625143	-0.846902804
7.300199000	-2.239456892	-0.847065057
7.300200000	-2.246987581	-0.849857181
7.300201000	-2.250647306	-0.848993518
7.300202000	-2.243243456	-0.850054522
7.300203000	-2.242870092	-0.849997130
7.300204000	-2.244024277	-0.852688854
7.300205000	-2.253687859	-0.852865821
7.300206000	-2.252504110	-0.854898212
7.300207000	-2.246478081	-0.855409872
7.300208000	-2.248289824	-0.856269873
7.300209000	-2.244997501	-0.858130957
7.300210000	-2.241741180	-0.859344626
7.300211000	-2.245437145	-0.858832101
7.300212000	-2.254290104	-0.860242111
7.300213000	-2.245345592	-0.862454000
7.300214000	-2.242054701	-0.863195624
7.300215000	-2.235652447	-0.862039412
7.300216000	-2.246422768	-0.864336122
7.300217000	-2.247786999	-0.865970571
7.300218000	-2.246399403	-0.866017975
7.300219000	-2.247485876	-0.867176983
7.300220000	-2.242945194	-0.867000016
7.300221000	-2.251341581	-0.870331630
7.300222000	-2.248559475	-0.869289069
7.300223000	-2.253746510	-0.870141614
7.300224000	-2.255286694	-0.871172523
7.300225000	-2.250878334	-0.872895922
7.300226000	-2.254637003	-0.874119511
7.300227000	-2.255688667	-0.874684967
7.300228000	-2.253596544	-0.876008424
7.300229000	-2.250945091	-0.879651496
7.300230000	-2.253226995	-0.878899952
7.300231000	-2.260164738	-0.879602427
7.300232000	-2.264291525	-0.881133745
7.300233000	-2.257761717	-0.883142034
7.300234000	-2.255995750	-0.884043381
7.300235000	-2.260177374	-0.886050073
7.300236000	-2.268624306	-0.887540045
7.300237000	-2.262456417	-0.887305887
7.300238000	-2.261329412	-0.888987540
7.300239000	-2.270026922	-0.889631159
7.300240000	-2.261828661	-0.890428643
7.300241000	-2.262768745	-0.891455491
7.300242000	-2.267016411	-0.893461051
7.300243000	-2.268634319	-0.894494624
7.300244000	-2.261806488	-0.897679165
7.300245000	-2.267821074	-0.897093936
7.300246000	-2.272683382	-0.898910012
7.300247000	-2.266699553	-0.901215444
7.300248000	-2.270094395	-0.903162880
7.300249000	-2.265108347	-0.902652486
7.300250000	-2.276052475	-0.903409489
7.300251000	-2.278780937	-0.905775109
7.300252000	-2.271245480	-0.906542698
7.300253000	-2.279252529	-0.906975728
7.300254000	-2.277372599	-0.909753139
7.300255000	-2.276518583	-0.909103860
7.300256000	-2.272189617	-0.912514371
7.300257000	-2.279203415	-0.916069758
7.300258000	-2.290126562	-0.918511810
7.300259000	-2.290239573	-0.918866010
7.300260000	-2.279877186	-0.919525675
7.300261000	-2.289648294	-0.922312673
7.300262000	-2.294342756	-0.921909471
7.300263000	-2.293357849	-0.923836734
7.300264000	-2.295942068	-0.926218732
7.300265000	-2.294991970	-0.928531021
7.300266000	-2.294721127	-0.928334480
7.300267000	-2.304944515	-0.930347963
7.300268000	-2.298930645	-0.932947940
7.300269000	-2.304830313	-0.933847490
7.300270000	-2.307221651	-0.935243785
7.300271000	-2.307326555	-0.936615313
7.300272000	-2.300907850	-0.939386865
7.300273000	-2.306690454	-0.941654680
7.300274000	-2.307920456	-0.941657609
7.300275000	-2.313065767	-0.943562901
7.300276000	-2.320664883	-0.946846179
7.300277000	-2.316386223	-0.946871280
7.300278000	-2.321072102	-0.949364797
7.300279000	-2.329477549	-0.950520676
7.300280000	-2.329196692	-0.951576752
7.300281000	-2.328189850	-0.955198052
7.300282000	-2.341032267	-0.956040144
7.300283000	-2.331875086	-0.955917106
7.300284000	-2.338784933	-0.960543216
7.300285000	-2.336243868	-0.962964695
7.300286000	-2.348063469	-0.966479735
7.300287000	-2.346998215	-0.968006326
7.300288000	-2.358772039	-0.973405219
7.300289000	-2.351122379	-0.971288539
7.300290000	-2.359617233	-0.974018012
7.300291000	-2.366858482	-0.976922922
7.300292000	-2.364552498	-0.979665778
7.300293000	-2.364647865	-0.979733822
7.300294000	-2.369051218	-0.982802982
7.300295000	-2.385020018	-0.987037075
7.300296000	-2.371331453	-0.988097013
7.300297000	-2.397504091	-0.991982499
7.300298000	-2.382519007	-0.993337848
7.300299000	-2.392958164	-0.997027458
7.300300000	-2.406151056	-1.000742701
7.300301000	-2.431011438	-1.007696614
7.300302000	-2.403407097	-1.004031572
7.300303000	-2.409794569	-1.004461273
7.300304000	-2.418275595	-1.006169557
7.300305000	-2.418521643	-1.012185239
7.300306000	-2.420883894	-1.015465654
7.300307000	-2.438903093	-1.019887966
7.300308000	-2.454048872	-1.024351757
7.300309000	-2.452653408	-1.028130050
7.300310000	-2.465104342	-1.034141071
7.300311000	-2.479194403	-1.038026956
7.300312000	-2.484081984	-1.039981583
7.300313000	-2.500008345	-1.042678233
7.300314000	-2.505747557	-1.047775391
7.300315000	-2.514320135	-1.050890823
7.300316000	-2.517014503	-1.054802940
7.300317000	-2.534553289	-1.058590088
7.300318000	-2.551485777	-1.066113718
7.300319000	-2.571344614	-1.072292585
7.300320000	-2.575430870	-1.075796972
7.300321000	-2.583966732	-1.077958859
7.300322000	-2.614112139	-1.085052122
7.300323000	-2.620843410	-1.093433756
7.300324000	-2.641020536	-1.096028075
7.300325000	-2.679720402	-1.109700078
7.300326000	-2.729889393	-1.121004264
7.300327000	-2.738382339	-1.123162757
7.300328000	-2.773763180	-1.136511585
7.300329000	-2.819576740	-1.148030955
7.300330000	-2.962494373	-1.180924723
7.300331000	-9.692094803	-1.448931940
7.300332000	-14.440762520	-1.574190126
7.300333000	-14.646494865	-1.558511564
7.300334000	-14.965190887	-1.546289253
7.300335000	-15.173176765	-1.532631764
7.300336000	-15.325133324	-1.520713052
7.300337000	-15.422986984	-1.517665864
7.300338000	-15.747557640	-1.496819304
7.300339000	-15.854682922	-1.483725340
7.300340000	-16.006860733	-1.473025158
7.300341000	-16.211742401	-1.460369551
7.300342000	-16.367179871	-1.448913431
7.300343000	-16.512760162	-1.436259421
7.300344000	-16.729198456	-1.415028834
7.300345000	-16.832832336	-1.411023972
7.300346000	-16.968763351	-1.389372073
7.300347000	-16.996704102	-1.392236169
7.300348000	-17.118558884	-1.379410652
7.300349000	-17.337541580	-1.355505319
7.300350000	-17.461782455	-1.333169653
7.300351000	-17.650829315	-1.321689165
7.300352000	-17.792255402	-1.293895218
7.300353000	-17.952968597	-1.277520505
7.300354000	-18.124605179	-1.253632616
7.300355000	-18.196571350	-1.249114430
7.300356000	-18.370622635	-1.213404902
7.300357000	-18.497409821	-1.216688979
7.300358000	-18.554368973	-1.194109634
7.300359000	-18.671075821	-1.164338955
7.300360000	-18.673860550	-1.154479933
7.300361000	-18.782730103	-1.128398132
7.300362000	-18.953639984	-1.098771596
7.300363000	-18.966505051	-1.081919446
7.300364000	-19.083894730	-1.059548360
7.300365000	-19.210924149	-1.046090941
7.300366000	-19.204456329	-1.000994236
7.300367000	-19.366518021	-0.997571209
7.300368000	-19.353500366	-0.982757841
7.300369000	-19.448295593	-0.941007864
7.300370000	-19.435997009	-0.940285149
7.300371000	-19.520687103	-0.910224319
7.300372000	-19.590606689	-0.887044031
7.300373000	-19.531538010	-0.855986380
7.300374000	-19.619260788	-0.837730810
7.300375000	-19.632888794	-0.799917917
7.300376000	-19.631784439	-0.788434234
7.300377000	-19.673889160	-0.774409029
7.300378000	-19.612695694	-0.741875986
7.300379000	-19.585626602	-0.720074217
7.300380000	-19.602294922	-0.691295300
7.300381000	-19.687763214	-0.676918890
7.300382000	-19.616800308	-0.664349036
7.300383000	-19.561920166	-0.631440488
7.300384000	-19.468156815	-0.597628329
7.300385000	-19.411890030	-0.569685577
7.300386000	-19.480333328	-0.576504401
7.300387000	-19.396324158	-0.557106069
7.300388000	-19.220561981	-0.516856384
7.300389000	-19.277029037	-0.510064624
7.300390000	-19.269300461	-0.491383814
7.300391000	-19.065093994	-0.468692849
7.300392000	-19.024690628	-0.453673553
7.300393000	-19.005546570	-0.437916628
7.300394000	-18.943088531	-0.422813442
7.300395000	-18.878919601	-0.401882793
7.300396000	-18.743967056	-0.383485743
7.300397000	-18.708808899	-0.366341677
7.300398000	-18.608114243	-0.356271465
7.300399000	-18.521526337	-0.331849712
7.300400000	-18.416255951	-0.319198465
7.300401000	-18.334964752	-0.305415475
7.300402000	-18.264118195	-0.300316953
7.300403000	-18.249542236	-0.288414021
7.300404000	-18.099174500	-0.270911693
7.300405000	-17.938951492	-0.255013953
7.300406000	-17.893005371	-0.236342680
7.300407000	-17.809034348	-0.219971414
7.300408000	-17.788671494	-0.218608441
7.300409000	-17.715631485	-0.213972993
7.300410000	-17.582454681	-0.200677011
7.300411000	-17.422922134	-0.180917122
7.300412000	-17.364435196	-0.178031603
7.300413000	-17.301549911	-0.162335398
7.300414000	-17.196229935	-0.154336327
7.300415000	-17.130836487	-0.147423726
7.300416000	-16.944778442	-0.138981206
7.300417000	-16.958621979	-0.126151103
7.300418000	-16.919446945	-0.126465705
7.300419000	-16.740461349	-0.115991518
7.300420000	-16.732479095	-0.107123325
7.300421000	-16.631168365	-0.098067462
7.300422000	-16.502510071	-0.088909492
7.300423000	-16.445447922	-0.082498381
7.300424000	-16.304626465	-0.083074164
7.300425000	-16.278371811	-0.068481244
7.300426000	-16.140708923	-0.063991034
7.300427000	-16.049289703	-0.057747760
7.300428000	-15.970405579	-0.055516385
7.300429000	-15.897213936	-0.045910263
7.300430000	-15.765804291	-0.036449874
7.300431000	-15.684165955	-0.034899696
7.300432000	-15.561120987	-0.018475062
7.300433000	-15.562908173	-0.019572137
7.300434000	-15.551110268	-0.018405683
7.300435000	-15.365732193	-0.010626235
7.300436000	-15.304529190	-0.012796017
7.300437000	-15.299956322	-0.004866398
7.300438000	-15.171742439	-0.000248000
7.300439000	-15.033463478	0.006090315
7.300440000	-14.991137505	0.007261731
7.300441000	-14.868514061	0.015371029
7.300442000	-14.889678001	0.017075541
7.300443000	-14.740660667	0.020307369
7.300444000	-14.686153412	0.025587722
7.300445000	-14.612269402	0.030521149
7.300446000	-14.524867058	0.030363619
7.300447000	-14.398427010	0.036566721
7.300448000	-14.357354164	0.035362764
7.300449000	-14.307057381	0.043236999
7.300450000	-14.168106079	0.049658900
7.300451000	-14.156481743	0.047477950
7.300452000	-14.078891754	0.048238827
7.300453000	-14.040716171	0.055917087
7.300454000	-13.924630165	0.055656126
7.300455000	-13.887165070	0.055951903
7.300456000	-13.832502365	0.059677695
7.300457000	-13.716633797	0.058898154
7.300458000	-13.622291565	0.066397088
7.300459000	-13.545194626	0.067222447
7.300460000	-13.515696526	0.070303882
7.300461000	-13.428981781	0.071066296
7.300462000	-13.380946159	0.072040488
7.300463000	-13.332009315	0.071442958
7.300464000	-13.276455879	0.074446904
7.300465000	-13.202864647	0.078108651
7.300466000	-13.108242035	0.079656904
7.300467000	-13.091500282	0.085128560
7.300468000	-12.986677170	0.086190154
7.300469000	-12.907925606	0.083916015
7.300470000	-12.874831200	0.083708912
7.300471000	-12.879685402	0.089970229
7.300472000	-12.792304993	0.092473983
7.300473000	-12.688641548	0.086848554
7.300474000	-12.618966103	0.092085236
7.300475000	-12.631747246	0.090988322
7.300476000	-12.546521187	0.097747674
7.300477000	-12.490389824	0.097011443
7.300478000	-12.451255798	0.095118535
7.300479000	-12.357432365	0.097420871
7.300480000	-12.269294739	0.096669693
7.300481000	-12.222771645	0.096980825
7.300482000	-12.202022552	0.100828760
7.300483000	-12.128825188	0.100502049
7.300484000	-12.068324089	0.099748882
7.300485000	-12.047816277	0.099968526
7.300486000	-11.977799416	0.101582252
7.300487000	-11.977005959	0.101645452
7.300488000	-11.858746529	0.096638934
7.300489000	-11.796490669	0.101515847
7.300490000	-11.798296928	0.103398869
7.300491000	-11.735496521	0.103250215
7.300492000	-11.653858185	0.103534607
7.300493000	-11.573555946	0.101836417
7.300494000	-11.551296234	0.103688995
7.300495000	-11.497625351	0.101777986
7.300496000	-11.478054047	0.107251140
7.300497000	-11.419659615	0.104576394
7.300498000	-11.332422256	0.108018887
7.300499000	-11.297712326	0.107074231
7.300500000	-11.261823654	0.105912785
7.300501000	-11.212146759	0.104211241
7.300502000	-11.209535599	0.105640052
7.300503000	-11.167231560	0.105605381
7.300504000	-11.066876411	0.107359788
7.300505000	-11.045648575	0.106230317
7.300506000	-10.997537613	0.105123091
7.300507000	-10.919147491	0.103445924
7.300508000	-10.874027252	0.104498729
7.300509000	-10.819580078	0.107207938
7.300510000	-10.784492493	0.106943661
7.300511000	-10.752619743	0.104778669
7.300512000	-10.698083878	0.105276456
7.300513000	-10.661328316	0.105897946
7.300514000	-10.578220367	0.101107643
7.300515000	-10.617987633	0.105124714
7.300516000	-10.530197144	0.104734619
7.300517000	-10.480804443	0.103020800
7.300518000	-10.428180695	0.102913899
7.300519000	-10.414707184	0.100108442
7.300520000	-10.369503975	0.102092680
7.300521000	-10.353180885	0.100983806
7.300522000	-10.279100418	0.102277678
7.300523000	-10.247067451	0.101706971
7.300524000	-10.206954002	0.103569503
7.300525000	-10.150618553	0.101439365
7.300526000	-10.093535423	0.100509073
7.300527000	-10.076515198	0.102301796
7.300528000	-10.059000015	0.101260625
7.300529000	-10.008267403	0.099263687
7.300530000	-9.979653358	0.099643371
7.300531000	-9.928846359	0.099764994
7.300532000	-9.856724739	0.096308078
7.300533000	-9.846950531	0.096649578
7.300534000	-9.821103096	0.095464804
7.300535000	-9.758538246	0.098406282
7.300536000	-9.735823631	0.093322791
7.300537000	-9.723097801	0.095526481
7.300538000	-9.671223640	0.093172738
7.300539000	-9.630868912	0.094224762
7.300540000	-9.594841957	0.094892716
7.300541000	-9.554082870	0.091144882
7.300542000	-9.531892776	0.093515304
7.300543000	-9.498521805	0.090680552
7.300544000	-9.452494621	0.089938304
7.300545000	-9.419502258	0.090974831
7.300546000	-9.404506683	0.089824054
7.300547000	-9.355140686	0.087259746
7.300548000	-9.310410500	0.085212941
7.300549000	-9.248952866	0.083325966
7.300550000	-9.216678619	0.088766704
7.300551000	-9.221104622	0.084605432
7.300552000	-9.165713310	0.082235959
7.300553000	-9.120433807	0.082757914
7.300554000	-9.081868172	0.079875749
7.300555000	-9.073628426	0.080435687
7.300556000	-9.034400940	0.077519643
7.300557000	-8.996993065	0.075939215
7.300558000	-8.951202393	0.078922637
7.300559000	-8.915779114	0.077029729
7.300560000	-8.898487091	0.077236956
7.300561000	-8.883579254	0.077195120
7.300562000	-8.838666916	0.074095716
7.300563000	-8.810486794	0.073247416
7.300564000	-8.757036209	0.072976689
7.300565000	-8.733799934	0.073869997
7.300566000	-8.735112190	0.070430882
7.300567000	-8.693463326	0.069808455
7.300568000	-8.643192291	0.066994505
7.300569000	-8.582253456	0.067643763
7.300570000	-8.609695435	0.070018042
7.300571000	-8.561895370	0.066644445
7.300572000	-8.533722878	0.067045255
7.300573000	-8.512103081	0.068271928
7.300574000	-8.465781212	0.062966378
7.300575000	-8.449064255	0.063889214
7.300576000	-8.425240517	0.063270682
7.300577000	-8.371723175	0.059602427
7.300578000	-8.386454582	0.061495182
7.300579000	-8.341955185	0.060105336
7.300580000	-8.298127174	0.059410339
7.300581000	-8.276621819	0.057912672
7.300582000	-8.247461319	0.057665494
7.300583000	-8.212056160	0.053942773
7.300584000	-8.179986000	0.055369886
7.300585000	-8.146949768	0.053461964
7.300586000	-8.110728264	0.052273583
7.300587000	-8.099120140	0.049688548
7.300588000	-8.076026917	0.049380745
7.300589000	-8.062760353	0.050911160
7.300590000	-8.058529854	0.048849731
7.300591000	-8.007385254	0.045846672
7.300592000	-7.983263969	0.048006987
7.300593000	-7.919938087	0.048152986
7.300594000	-7.916108131	0.044795955
7.300595000	-7.906529427	0.044056279
7.300596000	-7.870832920	0.042907932
7.300597000	-7.841680527	0.041528976
7.300598000	-7.833200455	0.040536990
7.300599000	-7.781222820	0.039674892
7.300600000	-7.786204815	0.039634062
7.300601000	-7.752880096	0.038701240
7.300602000	-7.727249146	0.035085986
7.300603000	-7.678319454	0.034918128
7.300604000	-7.663286209	0.034370757
7.300605000	-7.640359402	0.032701977
7.300606000	-7.612594128	0.031030799
7.300607000	-7.586050510	0.029581505
7.300608000	-7.587152958	0.029582845
7.300609000	-7.537997723	0.026169336
7.300610000	-7.525535107	0.027155638
7.300611000	-7.502010822	0.025289172
7.300612000	-7.481401920	0.024819118
7.300613000	-7.438731670	0.024166450
7.300614000	-7.438421726	0.022232160
7.300615000	-7.394396305	0.023825101
7.300616000	-7.381512165	0.019358668
7.300617000	-7.380523682	0.020024121
7.300618000	-7.329823017	0.017845634
7.300619000	-7.303404331	0.018395767
7.300620000	-7.290644646	0.016404258
7.300621000	-7.282632351	0.016639395
7.300622000	-7.244357109	0.013668172
7.300623000	-7.214214802	0.012696228
7.300624000	-7.193776608	0.010793977
7.300625000	-7.181203365	0.010171072
7.300626000	-7.148018360	0.009179546
7.300627000	-7.130748272	0.008481628
7.300628000	-7.105169773	0.007961166
7.300629000	-7.107211590	0.009477273
7.300630000	-7.077219963	0.006155487
7.300631000	-7.049679756	0.005417232
7.300632000	-7.010956764	0.002884920
7.300633000	-6.989435673	0.003343624
7.300634000	-6.962043762	-0.001723372
7.300635000	-6.958407402	-0.000941236
7.300636000	-6.934915066	-0.002867884
7.300637000	-6.893625736	-0.003984707
7.300638000	-6.914804935	-0.004922004
7.300639000	-6.868274689	-0.005014704
7.300640000	-6.851273060	-0.007393488
7.300641000	-6.835967064	-0.006749647
7.300642000	-6.809142113	-0.009645922
7.300643000	-6.789426327	-0.010097155
7.300644000	-6.764520168	-0.011426015
7.300645000	-6.762042522	-0.012344749
7.300646000	-6.732831001	-0.014100900
7.300647000	-6.729885578	-0.013844621
7.300648000	-6.699092865	-0.015084677
7.300649000	-6.675215244	-0.014868887
7.300650000	-6.669774055	-0.016897788
7.300651000	-6.658740997	-0.017317698
7.300652000	-6.638449669	-0.018943548
7.300653000	-6.609243393	-0.020524369
7.300654000	-6.606160164	-0.021748811
7.300655000	-6.592844963	-0.025432290
7.300656000	-6.568238258	-0.024311504
7.300657000	-6.528783321	-0.024700594
7.300658000	-6.522904873	-0.027456498
7.300659000	-6.497472763	-0.027188149
7.300660000	-6.462429523	-0.030484292
7.300661000	-6.466608047	-0.029984976
7.300662000	-6.436291695	-0.032011789
7.300663000	-6.422945023	-0.033534649
7.300664000	-6.414308071	-0.033303670
7.300665000	-6.408502579	-0.033813796
7.300666000	-6.375905991	-0.038267149
7.300667000	-6.358139038	-0.036940878
7.300668000	-6.354985714	-0.038512085
7.300669000	-6.325806618	-0.038449713
7.300670000	-6.304754734	-0.039461831
7.300671000	-6.286571026	-0.043015757
7.300672000	-6.282459736	-0.040545533
7.300673000	-6.269755840	-0.042665821
7.300674000	-6.236283779	-0.046152324
7.300675000	-6.221050262	-0.047084010
7.300676000	-6.205526352	-0.048891181
7.300677000	-6.183917522	-0.049782508
7.300678000	-6.184244156	-0.050867496
7.300679000	-6.148150444	-0.051211140
7.300680000	-6.124587059	-0.054400691
7.300681000	-6.113759518	-0.053028859
7.300682000	-6.105734825	-0.055088790
7.300683000	-6.093337536	-0.057541444
7.300684000	-6.078408241	-0.057196952
7.300685000	-6.058002949	-0.059774713
7.300686000	-6.036611080	-0.060966611
7.300687000	-6.016527653	-0.061737330
7.300688000	-6.001496315	-0.061770682
7.300689000	-5.977534771	-0.064763180
7.300690000	-5.971194744	-0.064927959
7.300691000	-5.950753212	-0.066325365
7.300692000	-5.929617882	-0.067670682
7.300693000	-5.923990250	-0.069890959
7.300694000	-5.889120579	-0.070728199
7.300695000	-5.881360054	-0.071283160
7.300696000	-5.870193005	-0.073686347
7.300697000	-5.849801540	-0.073128023
7.300698000	-5.850720406	-0.074487234
7.300699000	-5.832217216	-0.075765635
7.300700000	-5.821282864	-0.077168330
7.300701000	-5.796342373	-0.079469376
7.300702000	-5.798279285	-0.080141059
7.300703000	-5.767295361	-0.080574305
7.300704000	-5.757669926	-0.082342952
7.300705000	-5.743632793	-0.084849378
7.300706000	-5.739127636	-0.082641334
7.300707000	-5.721682072	-0.085458526
7.300708000	-5.711512089	-0.086454182
7.300709000	-5.698467731	-0.088118766
7.300710000	-5.688141346	-0.088460549
7.300711000	-5.673320293	-0.087214598
7.300712000	-5.652706623	-0.090381695
7.300713000	-5.643610001	-0.091931439
7.300714000	-5.611541271	-0.093241389
7.300715000	-5.593111992	-0.094099743
7.300716000	-5.583814621	-0.094587226
7.300717000	-5.582275391	-0.096296826
7.300718000	-5.561583519	-0.098385909
7.300719000	-5.562080383	-0.097550842
7.300720000	-5.539268017	-0.101016363
7.300721000	-5.529781818	-0.101764836
7.300722000	-5.523367882	-0.100282629
7.300723000	-5.491981030	-0.104133901
7.300724000	-5.492317677	-0.103531028
7.300725000	-5.479374409	-0.105791286
7.300726000	-5.479256630	-0.105741876
7.300727000	-5.447959900	-0.108195680
7.300728000	-5.440768242	-0.107435364
7.300729000	-5.432306290	-0.109814590
7.300730000	-5.418808460	-0.109541300
7.300731000	-5.401029110	-0.113061117
7.300732000	-5.398780346	-0.112239956
7.300733000	-5.377262592	-0.114125191
7.300734000	-5.369131565	-0.115316656
7.300735000	-5.342193127	-0.116550083
7.300736000	-5.339065552	-0.118589997
7.300737000	-5.343161583	-0.118444065
7.300738000	-5.336149216	-0.119080219
7.300739000	-5.302485466	-0.121251869
7.300740000	-5.293310165	-0.122703050
7.300741000	-5.302253723	-0.120661895
7.300742000	-5.281211853	-0.123330258
7.300743000	-5.258085251	-0.125260816
7.300744000	-5.243272305	-0.126313148
7.300745000	-5.232123852	-0.126232712
7.300746000	-5.235117435	-0.128362342
7.300747000	-5.216481209	-0.128566490
7.300748000	-5.209369183	-0.128979746
7.300749000	-5.209135532	-0.130365880
7.300750000	-5.186600685	-0.131242335
7.300751000	-5.191617966	-0.132369043
7.300752000	-5.168738842	-0.132633403
7.300753000	-5.150794506	-0.134915067
7.300754000	-5.141764164	-0.135531339
7.300755000	-5.143982410	-0.136796449
7.300756000	-5.117594719	-0.136726973
7.300757000	-5.117296219	-0.140417665
7.300758000	-5.084834099	-0.141154595
7.300759000	-5.079560757	-0.142980858
7.300760000	-5.066101551	-0.144481832
7.300761000	-5.054189205	-0.143151267
7.300762000	-5.045339584	-0.145355299
7.300763000	-5.043038845	-0.147342483
7.300764000	-5.023842335	-0.147144444
7.300765000	-5.019784927	-0.149560430
7.300766000	-5.009943008	-0.148423727
7.300767000	-4.993978024	-0.151099854
7.300768000	-4.994193077	-0.150234560
7.300769000	-4.991966248	-0.152939466
7.300770000	-4.961878300	-0.153445583
7.300771000	-4.961037159	-0.154717459
7.300772000	-4.943982124	-0.155481037
7.300773000	-4.954460144	-0.157045727
7.300774000	-4.938059330	-0.157606006
7.300775000	-4.917701721	-0.159818428
7.300776000	-4.915508270	-0.159759588
7.300777000	-4.919653416	-0.159881395
7.300778000	-4.890974998	-0.160664980
7.300779000	-4.894031048	-0.160959792
7.300780000	-4.874464989	-0.163307302
7.300781000	-4.846930981	-0.165125608
7.300782000	-4.860011578	-0.163907179
7.300783000	-4.849118710	-0.167099793
7.300784000	-4.839227676	-0.168378893
7.300785000	-4.828095913	-0.168986676
7.300786000	-4.809609890	-0.169854583
7.300787000	-4.819509506	-0.169946962
7.300788000	-4.802307129	-0.169001440
7.300789000	-4.804738998	-0.171622673
7.300790000	-4.777345181	-0.172386600
7.300791000	-4.777026176	-0.174401115
7.300792000	-4.774020195	-0.173350898
7.300793000	-4.759620190	-0.174566614
7.300794000	-4.740059853	-0.178432076
7.300795000	-4.737642288	-0.177918053
7.300796000	-4.733700275	-0.179023631
7.300797000	-4.722952843	-0.179625189
7.300798000	-4.706711769	-0.181843436
7.300799000	-4.693666458	-0.182420543
7.300800000	-4.697684288	-0.182978991
7.300801000	-4.680767536	-0.183104842
7.300802000	-4.681339264	-0.185055674
7.300803000	-4.666674614	-0.184619198
7.300804000	-4.663037300	-0.187439020
7.300805000	-4.660665035	-0.187076547
7.300806000	-4.647284508	-0.188157374
7.300807000	-4.639525414	-0.188705703
7.300808000	-4.620720863	-0.188929059
7.300809000	-4.621561050	-0.190546263
7.300810000	-4.617747784	-0.192840843
7.300811000	-4.593919277	-0.193965396
7.300812000	-4.585798264	-0.194664159
7.300813000	-4.573099136	-0.196067512
7.300814000	-4.559732437	-0.196562727
7.300815000	-4.576898575	-0.196465172
7.300816000	-4.566245079	-0.197341851
7.300817000	-4.548694611	-0.198787515
7.300818000	-4.543972969	-0.200142382
7.300819000	-4.541812897	-0.200231165
7.300820000	-4.540207863	-0.200368700
7.300821000	-4.527091503	-0.203292036
7.300822000	-4.510379791	-0.202897638
7.300823000	-4.515012741	-0.204507719
7.300824000	-4.500952721	-0.206050987
7.300825000	-4.492033005	-0.206088971
7.300826000	-4.483678341	-0.206334714
7.300827000	-4.478068829	-0.207518339
7.300828000	-4.464383125	-0.208867946
7.300829000	-4.473020077	-0.209182232
7.300830000	-4.467277527	-0.209806827
7.300831000	-4.443141937	-0.212115438
7.300832000	-4.430728436	-0.213500515
7.300833000	-4.431683540	-0.213478827
7.300834000	-4.428429127	-0.213915385
7.300835000	-4.424156666	-0.213811405
7.300836000	-4.410954952	-0.216698305
7.300837000	-4.412728786	-0.215786289
7.300838000	-4.402152538	-0.216902470
7.300839000	-4.404548168	-0.218079637
7.300840000	-4.393929482	-0.219345321
7.300841000	-4.382634163	-0.219509804
7.300842000	-4.387985706	-0.219261698
7.300843000	-4.370560646	-0.222073746
7.300844000	-4.356904984	-0.223494859
7.300845000	-4.355820179	-0.222008399
7.300846000	-4.349467754	-0.223413283
7.300847000	-4.332781792	-0.225222635
7.300848000	-4.345607758	-0.225583826
7.300849000	-4.329946995	-0.226469660
7.300850000	-4.321683884	-0.227082287
7.300851000	-4.314271450	-0.228098133
7.300852000	-4.302929401	-0.229300950
7.300853000	-4.302314758	-0.230714855
7.300854000	-4.300753117	-0.229943770
7.300855000	-4.309607983	-0.231353531
7.300856000	-4.290994644	-0.231275351
7.300857000	-4.272808552	-0.234287369
7.300858000	-4.268698692	-0.234314101
7.300859000	-4.273292065	-0.234748762
7.300860000	-4.243127823	-0.237521495
7.300861000	-4.249672890	-0.238041744
7.300862000	-4.247026443	-0.238138533
7.300863000	-4.234591484	-0.238704655
7.300864000	-4.223794460	-0.240133074
7.300865000	-4.232692242	-0.239882537
7.300866000	-4.223176479	-0.240987699
7.300867000	-4.212799549	-0.241597730
7.300868000	-4.205327034	-0.242365636
7.300869000	-4.209597111	-0.243316218
7.300870000	-4.196129799	-0.244058973
7.300871000	-4.185808659	-0.244546731
7.300872000	-4.183660984	-0.245827662
7.300873000	-4.171583652	-0.246320563
7.300874000	-4.175972462	-0.247389123
7.300875000	-4.166981220	-0.247720986
7.300876000	-4.167247295	-0.247122840
7.300877000	-4.152960777	-0.249661299
7.300878000	-4.147808075	-0.250118464
7.300879000	-4.141522884	-0.250557253
7.300880000	-4.140922546	-0.251002966
7.300881000	-4.138247013	-0.250957825
7.300882000	-4.125118256	-0.253854779
7.300883000	-4.125368118	-0.255363709
7.300884000	-4.112259865	-0.255062905
7.300885000	-4.107441902	-0.256908293
7.300886000	-4.102960110	-0.256128552
7.300887000	-4.105586529	-0.256012688
7.300888000	-4.100037098	-0.256482104
7.300889000	-4.090178490	-0.256822056
7.300890000	-4.094126225	-0.258298430
7.300891000	-4.080529213	-0.258853000
7.300892000	-4.079817295	-0.260108896
7.300893000	-4.071446419	-0.262457322
7.300894000	-4.067922115	-0.261940785
7.300895000	-4.045627117	-0.263951272
7.300896000	-4.055634975	-0.263121547
7.300897000	-4.050889492	-0.264054935
7.300898000	-4.045458317	-0.265853768
7.300899000	-4.041860580	-0.264292273
7.300900000	-4.034731388	-0.266739219
7.300901000	-4.025007248	-0.267371004
7.300902000	-4.028376102	-0.267799739
7.300903000	-4.023531437	-0.266733892
7.300904000	-4.021259785	-0.269092538
7.300905000	-4.026054382	-0.269465630
7.300906000	-4.010576248	-0.270989308
7.300907000	-4.011022568	-0.271192590
7.300908000	-3.993012190	-0.270834212
7.300909000	-3.987303734	-0.272421639
7.300910000	-3.994197369	-0.272926308
7.300911000	-3.971601486	-0.275357907
7.300912000	-3.975621939	-0.273296953
7.300913000	-3.969220400	-0.276933666
7.300914000	-3.973074198	-0.275017988
7.300915000	-3.956684828	-0.276588704
7.300916000	-3.961907625	-0.278023365
7.300917000	-3.951054335	-0.277145155
7.300918000	-3.936280012	-0.278608145
7.300919000	-3.957606316	-0.278851808
7.300920000	-3.925642252	-0.280529633
7.300921000	-3.935874701	-0.280298570
7.300922000	-3.920079708	-0.281058004
7.300923000	-3.931880236	-0.281420527
7.300924000	-3.920053720	-0.283650425
7.300925000	-3.903155327	-0.284944355
7.300926000	-3.902346611	-0.284291814
7.300927000	-3.909754992	-0.284718286
7.300928000	-3.903531790	-0.285576057
7.300929000	-3.898554564	-0.287219294
7.300930000	-3.902080536	-0.285126415
7.300931000	-3.894203424	-0.287597496
7.300932000	-3.898951054	-0.287606750
7.300933000	-3.875879526	-0.288223139
7.300934000	-3.876305103	-0.288250536
7.300935000	-3.877872467	-0.289436176
7.300936000	-3.874464989	-0.290655837
7.300937000	-3.865801811	-0.289233875
7.300938000	-3.863337994	-0.290926813
7.300939000	-3.850166321	-0.291796935
7.300940000	-3.857146740	-0.292881640
7.300941000	-3.848630428	-0.294462293
7.300942000	-3.842504740	-0.293523395
7.300943000	-3.831279516	-0.295072124
7.300944000	-3.837692976	-0.295253651
7.300945000	-3.835832119	-0.295796337
7.300946000	-3.822993279	-0.295713180
7.300947000	-3.837974787	-0.297427823
7.300948000	-3.822730064	-0.297053149
7.300949000	-3.821019173	-0.298820789
7.300950000	-3.816537857	-0.299954364
7.300951000	-3.801436424	-0.300446982
7.300952000	-3.801474571	-0.301208712
7.300953000	-3.802919626	-0.299995576
7.300954000	-3.782122135	-0.301293434
7.300955000	-3.789151669	-0.302583403
7.300956000	-3.775107384	-0.302415091
7.300957000	-3.792181969	-0.303528692
7.300958000	-3.773991585	-0.304501678
7.300959000	-3.771635771	-0.305304621
7.300960000	-3.773476601	-0.304973590
7.300961000	-3.763039351	-0.307655992
7.300962000	-3.759271145	-0.307106249
7.300963000	-3.759418011	-0.307341040
7.300964000	-3.757414103	-0.308255037
7.300965000	-3.759643555	-0.307798904
7.300966000	-3.744752407	-0.308928418
7.300967000	-3.754944324	-0.310142253
7.300968000	-3.742568016	-0.310292788
7.300969000	-3.733185053	-0.310766465
7.300970000	-3.727067709	-0.311394005
7.300971000	-3.727517128	-0.312224778
7.300972000	-3.730638981	-0.311394704
7.300973000	-3.729436159	-0.313530693
7.300974000	-3.720687628	-0.313405025
7.300975000	-3.718182802	-0.313988690
7.300976000	-3.711138248	-0.313653398
7.300977000	-3.710823059	-0.315024893
7.300978000	-3.710542917	-0.315799107
7.300979000	-3.716351748	-0.315931532
7.300980000	-3.710930586	-0.315868482
7.300981000	-3.696650743	-0.318244954
7.300982000	-3.688749552	-0.316855283
7.300983000	-3.688625336	-0.319538351
7.300984000	-3.687132597	-0.318826988
7.300985000	-3.695936680	-0.319777137
7.300986000	-3.684737682	-0.319429129
7.300987000	-3.688244820	-0.319640584
7.300988000	-3.668713093	-0.320130871
7.300989000	-3.671921253	-0.321663754
7.300990000	-3.667329550	-0.320770929
7.300991000	-3.658024311	-0.322280941
7.300992000	-3.655465364	-0.322180141
7.300993000	-3.664586544	-0.323349535
7.300994000	-3.655061722	-0.323110316
7.300995000	-3.652392864	-0.323425069
7.300996000	-3.651382923	-0.324516033
7.300997000	-3.654216290	-0.325572808
7.300998000	-3.651326180	-0.325926543
7.300999000	-3.644758224	-0.325626704
7.301000000	-3.639271498	-0.326890041
7.301001000	-3.626492023	-0.327859365
7.301002000	-3.629297495	-0.327648043
7.301003000	-3.634630203	-0.328031805
7.301004000	-3.630935907	-0.330069955
7.301005000	-3.621192932	-0.329277132
7.301006000	-3.620201111	-0.329432827
7.301007000	-3.625643730	-0.330328714
7.301008000	-3.605850458	-0.330104743
7.301009000	-3.610604048	-0.331984835
7.301010000	-3.609490395	-0.332184305
7.301011000	-3.608308315	-0.332689773
7.301012000	-3.605028868	-0.333371176
7.301013000	-3.590756893	-0.333959602
7.301014000	-3.593299866	-0.335166846
7.301015000	-3.594295979	-0.333307860
7.301016000	-3.597556353	-0.334670366
7.301017000	-3.577178240	-0.334598494
7.301018000	-3.584797621	-0.335811963
7.301019000	-3.577544689	-0.336789210
7.301020000	-3.580888033	-0.338424225
7.301021000	-3.568209171	-0.337816824
7.301022000	-3.561011553	-0.338276253
7.301023000	-3.570970535	-0.338579554
7.301024000	-3.555667400	-0.339784734
7.301025000	-3.556454182	-0.340529121
7.301026000	-3.554678917	-0.340621599
7.301027000	-3.562197208	-0.340133841
7.301028000	-3.552954435	-0.340433646
7.301029000	-3.559700489	-0.341279034
7.301030000	-3.545266628	-0.341211989
7.301031000	-3.543018818	-0.342421263
7.301032000	-3.547375441	-0.342181879
7.301033000	-3.551910639	-0.342548296
7.301034000	-3.535598755	-0.343512793
7.301035000	-3.539577723	-0.343200205
7.301036000	-3.534009218	-0.344555587
7.301037000	-3.532400131	-0.344649031
7.301038000	-3.522489071	-0.345285493
7.301039000	-3.536735773	-0.345547815
7.301040000	-3.533012390	-0.344412809
7.301041000	-3.525377274	-0.347013652
7.301042000	-3.526830435	-0.346995576
7.301043000	-3.520872116	-0.345411561
7.301044000	-3.516272306	-0.348583152
7.301045000	-3.502597809	-0.348518105
7.301046000	-3.521040678	-0.349097842
7.301047000	-3.502501488	-0.349347313
7.301048000	-3.500938654	-0.348303054
7.301049000	-3.502897024	-0.349954481
7.301050000	-3.490146637	-0.350288574
7.301051000	-3.486927509	-0.350404688
7.301052000	-3.495343685	-0.350936588
7.301053000	-3.485004902	-0.351833208
7.301054000	-3.501163483	-0.352840016
7.301055000	-3.494122505	-0.351958210
7.301056000	-3.498765707	-0.352659520
7.301057000	-3.492398500	-0.352903432
7.301058000	-3.485445023	-0.354026953
7.301059000	-3.486787796	-0.353724918
7.301060000	-3.475916147	-0.353943896
7.301061000	-3.484639168	-0.354420535
7.301062000	-3.474446297	-0.355052503
7.301063000	-3.478259563	-0.354982096
7.301064000	-3.469528198	-0.355655643
7.301065000	-3.484103203	-0.355120447
7.301066000	-3.476236582	-0.356127488
7.301067000	-3.458990335	-0.355982812
7.301068000	-3.462045431	-0.357899556
7.301069000	-3.460313320	-0.357940302
7.301070000	-3.457970858	-0.358286114
7.301071000	-3.457659721	-0.359208466
7.301072000	-3.450695992	-0.359291324
7.301073000	-3.451350451	-0.359139324
7.301074000	-3.438953161	-0.360522104
7.301075000	-3.443831444	-0.360716514
7.301076000	-3.443346500	-0.360855498
7.301077000	-3.441861391	-0.362917484
7.301078000	-3.433814526	-0.361867699
7.301079000	-3.438413382	-0.362354059
7.301080000	-3.423718214	-0.363599985
7.301081000	-3.414137363	-0.364089841
7.301082000	-3.422493219	-0.363685506
7.301083000	-3.426170588	-0.363617229
7.301084000	-3.411210537	-0.364256954
7.301085000	-3.420532465	-0.365052607
7.301086000	-3.415957928	-0.365372985
7.301087000	-3.419219255	-0.365594627
7.301088000	-3.416693211	-0.365670493
7.301089000	-3.411115885	-0.365776354
7.301090000	-3.414163828	-0.366857797
7.301091000	-3.406726122	-0.367359270
7.301092000	-3.406394958	-0.367776421
7.301093000	-3.401448727	-0.368918951
7.301094000	-3.406977892	-0.368147333
7.301095000	-3.394568205	-0.368374834
7.301096000	-3.395334482	-0.369786043
7.301097000	-3.401150227	-0.369253910
7.301098000	-3.395544529	-0.369239129
7.301099000	-3.407553196	-0.369667865
7.301100000	-3.393784523	-0.369056603
7.301101000	-3.386936665	-0.370313748
7.301102000	-3.392334938	-0.370588054
7.301103000	-3.397522449	-0.370694547
7.301104000	-3.389804125	-0.371176679
7.301105000	-3.384962797	-0.371970367
7.301106000	-3.384685516	-0.373157139
7.301107000	-3.384774208	-0.373705284
7.301108000	-3.372768879	-0.373281375
7.301109000	-3.381966114	-0.374403198
7.301110000	-3.377943754	-0.373698027
7.301111000	-3.387245417	-0.373980222
7.301112000	-3.359168053	-0.374077460
7.301113000	-3.367368460	-0.374952742
7.301114000	-3.379175901	-0.375016857
7.301115000	-3.366338015	-0.376275900
7.301116000	-3.354292631	-0.376567050
7.301117000	-3.365095139	-0.376886596
7.301118000	-3.354206324	-0.377868803
7.301119000	-3.350228071	-0.377280644
7.301120000	-3.349760056	-0.377463903
7.301121000	-3.343598843	-0.378784598
7.301122000	-3.350151300	-0.378583329
7.301123000	-3.348855257	-0.378290581
7.301124000	-3.345795393	-0.379065694
7.301125000	-3.351635933	-0.380285489
7.301126000	-3.353095055	-0.380098834
7.301127000	-3.347590208	-0.380630335
7.301128000	-3.343305826	-0.380647113
7.301129000	-3.344213247	-0.380322740
7.301130000	-3.337285280	-0.380199935
7.301131000	-3.336389065	-0.381775627
7.301132000	-3.330373049	-0.382368347
7.301133000	-3.330739260	-0.381963480
7.301134000	-3.330732346	-0.382465918
7.301135000	-3.327682018	-0.382159988
7.301136000	-3.325737238	-0.383738676
7.301137000	-3.321332455	-0.382165780
7.301138000	-3.325141668	-0.384320843
7.301139000	-3.315199852	-0.383415402
7.301140000	-3.323768616	-0.385677391
7.301141000	-3.324837923	-0.383754689
7.301142000	-3.319613457	-0.384348940
7.301143000	-3.326519728	-0.385219694
7.301144000	-3.315110683	-0.386203698
7.301145000	-3.303688765	-0.385928860
7.301146000	-3.314251184	-0.386242015
7.301147000	-3.303829670	-0.386201335
7.301148000	-3.299718857	-0.386862165
7.301149000	-3.300671577	-0.387886017
7.301150000	-3.300015450	-0.387428220
7.301151000	-3.306368351	-0.387187270
7.301152000	-3.306575298	-0.388162087
7.301153000	-3.302782536	-0.388338488
7.301154000	-3.308422565	-0.388613160
7.301155000	-3.296036243	-0.387832221
7.301156000	-3.294022322	-0.388694753
7.301157000	-3.292480230	-0.390381832
7.301158000	-3.294324398	-0.390074170
7.301159000	-3.285828352	-0.392081994
7.301160000	-3.292129040	-0.390028897
7.301161000	-3.282054424	-0.391171126
7.301162000	-3.290695429	-0.391214736
7.301163000	-3.291671038	-0.390369548
7.301164000	-3.272428989	-0.391989616
7.301165000	-3.270645380	-0.391912018
7.301166000	-3.277337074	-0.393318100
7.301167000	-3.274022818	-0.392290986
7.301168000	-3.283596039	-0.393869474
7.301169000	-3.268434286	-0.394533167
7.301170000	-3.275006533	-0.394048605
7.301171000	-3.273329973	-0.394618688
7.301172000	-3.263849735	-0.394447047
7.301173000	-3.265336514	-0.395025919
7.301174000	-3.258830786	-0.393290770
7.301175000	-3.255181551	-0.394864198
7.301176000	-3.259975910	-0.394694855
7.301177000	-3.256007671	-0.396231898
7.301178000	-3.262774229	-0.396843127
7.301179000	-3.255341530	-0.395786817
7.301180000	-3.258873701	-0.396710168
7.301181000	-3.262364149	-0.397814948
7.301182000	-3.260399342	-0.397148092
7.301183000	-3.255908251	-0.398050238
7.301184000	-3.249778271	-0.397838816
7.301185000	-3.257878304	-0.398687033
7.301186000	-3.244839907	-0.398422148
7.301187000	-3.248934984	-0.399046493
7.301188000	-3.253575802	-0.398989368
7.301189000	-3.240508318	-0.399333915
7.301190000	-3.242196798	-0.399707823
7.301191000	-3.233378887	-0.399693042
7.301192000	-3.242988348	-0.400223777
7.301193000	-3.247779846	-0.400432435
7.301194000	-3.238959074	-0.400528942
7.301195000	-3.238655329	-0.400776383
7.301196000	-3.240613699	-0.401830595
7.301197000	-3.235305309	-0.402019646
7.301198000	-3.229493618	-0.401637782
7.301199000	-3.225686073	-0.401321432
7.301200000	-3.238288879	-0.402043848
7.301201000	-3.235096455	-0.401348796
7.301202000	-3.230502605	-0.403262943
7.301203000	-3.223279476	-0.401876202
7.301204000	-3.222189665	-0.403708789
7.301205000	-3.229919195	-0.404056099
7.301206000	-3.219810009	-0.404177905
7.301207000	-3.213715553	-0.404426312
7.301208000	-3.216986895	-0.404815166
7.301209000	-3.215071678	-0.404309798
7.301210000	-3.219316721	-0.405035010
7.301211000	-3.214629173	-0.403790315
7.301212000	-3.213948011	-0.406412730
7.301213000	-3.210409164	-0.406287162
7.301214000	-3.218807936	-0.406097612
7.301215000	-3.210438251	-0.406310631
7.301216000	-3.206811190	-0.405113574
7.301217000	-3.204235792	-0.406848723
7.301218000	-3.205304146	-0.407164707
7.301219000	-3.207880974	-0.407261047
7.301220000	-3.199727535	-0.408337397
7.301221000	-3.204126596	-0.408794095
7.301222000	-3.194150925	-0.408506441
7.301223000	-3.196886778	-0.410062726
7.301224000	-3.198420048	-0.409622272
7.301225000	-3.203268290	-0.409324564
7.301226000	-3.200071335	-0.409333952
7.301227000	-3.190824270	-0.410464264
7.301228000	-3.191417217	-0.410977322
7.301229000	-3.195057392	-0.410538067
7.301230000	-3.195133448	-0.410957248
7.301231000	-3.183325768	-0.411335251
7.301232000	-3.187242031	-0.411470339
7.301233000	-3.195820093	-0.411631694
7.301234000	-3.192332983	-0.410520257
7.301235000	-3.195151567	-0.411462749
7.301236000	-3.189092159	-0.412469158
7.301237000	-3.195183992	-0.412781913
7.301238000	-3.191567898	-0.412432573
7.301239000	-3.185823917	-0.412285833
7.301240000	-3.181768656	-0.413271935
7.301241000	-3.180224180	-0.413023029
7.301242000	-3.179799080	-0.412710806
7.301243000	-3.176525354	-0.413148963
7.301244000	-3.175268173	-0.414115724
7.301245000	-3.172421217	-0.413971647
7.301246000	-3.171837091	-0.414334902
7.301247000	-3.173677444	-0.413594876
7.301248000	-3.172211409	-0.414464298
7.301249000	-3.176653862	-0.415169770
7.301250000	-3.157570601	-0.415713188
7.301251000	-3.163729906	-0.417017438
7.301252000	-3.162181139	-0.416980220
7.301253000	-3.159533024	-0.417400367
7.301254000	-3.162647486	-0.416638203
7.301255000	-3.161668301	-0.416018386
7.301256000	-3.158671618	-0.416289596
7.301257000	-3.153634310	-0.417302629
7.301258000	-3.157297134	-0.418032568
7.301259000	-3.163296938	-0.417590084
7.301260000	-3.155330658	-0.419152860
7.301261000	-3.154033184	-0.417549570
7.301262000	-3.151448488	-0.418999395
7.301263000	-3.145424366	-0.418418061
7.301264000	-3.154929161	-0.418023347
7.301265000	-3.145709753	-0.419087912
7.301266000	-3.152880192	-0.418486604
7.301267000	-3.147949696	-0.419552168
7.301268000	-3.151763201	-0.419181655
7.301269000	-3.148108482	-0.420144455
7.301270000	-3.146852493	-0.420022415
7.301271000	-3.139584303	-0.420240695
7.301272000	-3.144840240	-0.421386087
7.301273000	-3.147773266	-0.421732764
7.301274000	-3.142860889	-0.421486422
7.301275000	-3.140218496	-0.421077094
7.301276000	-3.151382923	-0.421272537
7.301277000	-3.125636816	-0.422299684
7.301278000	-3.134383678	-0.421825675
7.301279000	-3.129636526	-0.422730650
7.301280000	-3.136889458	-0.423299901
7.301281000	-3.138857841	-0.421726073
7.301282000	-3.132457972	-0.421824843
7.301283000	-3.137865305	-0.423024597
7.301284000	-3.133392096	-0.423577669
7.301285000	-3.124108553	-0.424376417
7.301286000	-3.135390759	-0.424598225
7.301287000	-3.123115778	-0.423851941
7.301288000	-3.128489971	-0.425338884
7.301289000	-3.131278515	-0.423418778
7.301290000	-3.134801626	-0.424364799
7.301291000	-3.121600628	-0.424436805
7.301292000	-3.127894640	-0.424180242
7.301293000	-3.119634867	-0.425430630
7.301294000	-3.121170759	-0.426111400
7.301295000	-3.127583027	-0.425536058
7.301296000	-3.118170261	-0.426885481
7.301297000	-3.113244295	-0.427526171
7.301298000	-3.118687391	-0.426079942
7.301299000	-3.119080782	-0.427473474
7.301300000	-3.114510298	-0.427608929
7.301301000	-3.116830587	-0.426847764
7.301302000	-3.115030766	-0.427780270
7.301303000	-3.106161356	-0.428034069
7.301304000	-3.108842134	-0.428426786
7.301305000	-3.119762182	-0.428369029
7.301306000	-3.110416651	-0.428543000
7.301307000	-3.114477396	-0.429216114
7.301308000	-3.101732731	-0.429701974
7.301309000	-3.100509882	-0.428536275
7.301310000	-3.103403568	-0.428921102
7.301311000	-3.102526426	-0.429696215
7.301312000	-3.092295170	-0.429207292
7.301313000	-3.108973742	-0.430165297
7.301314000	-3.099976301	-0.429970188
7.301315000	-3.101791620	-0.429311788
7.301316000	-3.093365669	-0.429595314
7.301317000	-3.091357231	-0.431922817
7.301318000	-3.097051382	-0.430045855
7.301319000	-3.101099253	-0.429675875
7.301320000	-3.088731289	-0.430538972
7.301321000	-3.090990067	-0.430371127
7.301322000	-3.090689421	-0.431788993
7.301323000	-3.085103512	-0.432380149
7.301324000	-3.094553232	-0.431639757
7.301325000	-3.105012178	-0.432376220
7.301326000	-3.090754032	-0.432457081
7.301327000	-3.087054253	-0.432627656
7.301328000	-3.088012457	-0.431762495
7.301329000	-3.082843781	-0.432816607
7.301330000	-3.080717325	-0.433773315
7.301331000	-3.087737560	-0.432921469
7.301332000	-3.082755566	-0.433341849
7.301333000	-3.092327595	-0.433157226
7.301334000	-3.085272312	-0.433580269
7.301335000	-3.087278843	-0.434959087
7.301336000	-3.084017992	-0.434436076
7.301337000	-3.081486940	-0.434721500
7.301338000	-3.073634863	-0.433635962
7.301339000	-3.080779076	-0.434827960
7.301340000	-3.077601194	-0.435306497
7.301341000	-3.077393293	-0.435027930
7.301342000	-3.075920582	-0.434783052
7.301343000	-3.078067541	-0.435615290
7.301344000	-3.063591719	-0.436213669
7.301345000	-3.076610088	-0.436759384
7.301346000	-3.075662613	-0.436887416
7.301347000	-3.070206404	-0.436638743
7.301348000	-3.070984364	-0.435899250
7.301349000	-3.079604387	-0.436685648
7.301350000	-3.072032690	-0.437049769
7.301351000	-3.072411537	-0.437760566
7.301352000	-3.068355322	-0.438117596
7.301353000	-3.066119671	-0.437333229
7.301354000	-3.068404675	-0.437074103
7.301355000	-3.061641455	-0.437808403
7.301356000	-3.072364330	-0.438651560
7.301357000	-3.065557003	-0.437701344
7.301358000	-3.060494900	-0.438358646
7.301359000	-3.064857483	-0.438915346
7.301360000	-3.065866947	-0.438722400
7.301361000	-3.064656258	-0.437608500
7.301362000	-3.058059931	-0.438692673
7.301363000	-3.058257818	-0.439484297
7.301364000	-3.050544977	-0.439573646
7.301365000	-3.067071915	-0.439252336
7.301366000	-3.059746027	-0.439494451
7.301367000	-3.058133602	-0.441014283
7.301368000	-3.053890228	-0.440529155
7.301369000	-3.059165001	-0.439565224
7.301370000	-3.054993153	-0.439708036
7.301371000	-3.066500187	-0.440268165
7.301372000	-3.048040867	-0.439970824
7.301373000	-3.053144217	-0.439998021
7.301374000	-3.049579382	-0.439539059
7.301375000	-3.049572229	-0.441006860
7.301376000	-3.051681280	-0.442271495
7.301377000	-3.053961039	-0.442243732
7.301378000	-3.044262648	-0.442915048
7.301379000	-3.049192905	-0.440853795
7.301380000	-3.054457426	-0.442354253
7.301381000	-3.047048092	-0.442569004
7.301382000	-3.045791388	-0.443422314
7.301383000	-3.045186281	-0.443219414
7.301384000	-3.041566610	-0.442385445
7.301385000	-3.046517372	-0.442998738
7.301386000	-3.048256636	-0.442349692
7.301387000	-3.035794020	-0.443293184
7.301388000	-3.042894363	-0.442541773
7.301389000	-3.037387371	-0.443317851
7.301390000	-3.036604643	-0.444707588
7.301391000	-3.038940668	-0.443880777
7.301392000	-3.032800436	-0.444049688
7.301393000	-3.039616108	-0.444519170
7.301394000	-3.038225651	-0.444712449
7.301395000	-3.023091078	-0.444638579
7.301396000	-3.039521217	-0.444969910
7.301397000	-3.036523581	-0.445140918
7.301398000	-3.036072493	-0.443774384
7.301399000	-3.030085802	-0.446127952
7.301400000	-3.029428720	-0.446254419
7.301401000	-3.032406569	-0.445019544
7.301402000	-3.033438444	-0.446356584
7.301403000	-3.036828518	-0.446517040
7.301404000	-3.025469065	-0.446700032
7.301405000	-3.031006813	-0.446497898
7.301406000	-3.030927896	-0.446564411
7.301407000	-3.035439968	-0.447843161
7.301408000	-3.023385525	-0.446233247
7.301409000	-3.033607483	-0.447440691
7.301410000	-3.019052267	-0.447481570
7.301411000	-3.025764465	-0.447487529
7.301412000	-3.027147055	-0.447963702
7.301413000	-3.019928694	-0.448119298
7.301414000	-3.017304659	-0.447779578
7.301415000	-3.016536236	-0.448737018
7.301416000	-3.016641617	-0.448692976
7.301417000	-3.032518148	-0.448946409
7.301418000	-3.013112068	-0.448751931
7.301419000	-3.029895067	-0.447941299
7.301420000	-3.010739088	-0.449344884
7.301421000	-3.019205332	-0.449910074
7.301422000	-3.011150122	-0.450478592
7.301423000	-3.009262323	-0.449847323
7.301424000	-3.021080494	-0.448642176
7.301425000	-3.023557901	-0.450111642
7.301426000	-3.024451733	-0.449659770
7.301427000	-3.012829542	-0.450966849
7.301428000	-3.011372089	-0.449539761
7.301429000	-3.012881756	-0.450223095
7.301430000	-3.010806084	-0.450476461
7.301431000	-3.009167194	-0.452226158
7.301432000	-3.009894133	-0.451561733
7.301433000	-3.010617495	-0.451130767
7.301434000	-3.010151386	-0.452080650
7.301435000	-3.007475615	-0.451372948
7.301436000	-3.005277157	-0.452375894
7.301437000	-3.005080223	-0.451748953
7.301438000	-3.007449150	-0.452723470
7.301439000	-3.007561445	-0.452875437
7.301440000	-3.008859873	-0.453112691
7.301441000	-2.999398947	-0.453370152
7.301442000	-3.000714064	-0.452808924
7.301443000	-3.004923344	-0.453649651
7.301444000	-3.005898476	-0.452780928
7.301445000	-2.999509573	-0.453122146
7.301446000	-2.996709824	-0.452867481
7.301447000	-2.997701645	-0.452572735
7.301448000	-3.002375841	-0.452973708
7.301449000	-3.003595591	-0.453161460
7.301450000	-3.003059387	-0.453650250
7.301451000	-2.993836403	-0.452959060
7.301452000	-2.985285759	-0.455165223
7.301453000	-3.006766796	-0.453936540
7.301454000	-2.992714882	-0.454227624
7.301455000	-2.994375706	-0.454061809
7.301456000	-2.991348743	-0.455180070
7.301457000	-2.991437912	-0.455040986
7.301458000	-2.998244286	-0.454620540
7.301459000	-2.998954773	-0.455395986
7.301460000	-2.987603664	-0.455415627
7.301461000	-2.985748291	-0.456537683
7.301462000	-2.984726191	-0.455617428
7.301463000	-2.991002083	-0.456220833
7.301464000	-2.986293316	-0.455803782
7.301465000	-2.989471197	-0.454847774
7.301466000	-2.989397287	-0.457154138
7.301467000	-2.988762617	-0.456891151
7.301468000	-2.985094786	-0.457975690
7.301469000	-2.986194134	-0.457368889
7.301470000	-2.989547968	-0.457744927
7.301471000	-2.983860016	-0.455766864
7.301472000	-2.983797073	-0.457886607
7.301473000	-2.974578381	-0.456769977
7.301474000	-2.987119913	-0.457370686
7.301475000	-2.986002445	-0.458001922
7.301476000	-2.986797094	-0.457553180
7.301477000	-2.983952761	-0.458834326
7.301478000	-2.981876373	-0.457000041
7.301479000	-2.975563765	-0.458797475
7.301480000	-2.973821878	-0.458929202
7.301481000	-2.967439890	-0.458374731
7.301482000	-2.979769945	-0.458551798
7.301483000	-2.974907160	-0.458238577
7.301484000	-2.971810579	-0.460069501
7.301485000	-2.974074602	-0.459613534
7.301486000	-2.976644993	-0.459955684
7.301487000	-2.982599020	-0.458948842
7.301488000	-2.976232290	-0.459283768
7.301489000	-2.968536139	-0.459890336
7.301490000	-2.979904890	-0.459532141
7.301491000	-2.963208675	-0.459972828
7.301492000	-2.971451759	-0.460055186
7.301493000	-2.967798710	-0.459733243
7.301494000	-2.972826004	-0.461310034
7.301495000	-2.961494923	-0.460899075
7.301496000	-2.964334726	-0.460774273
7.301497000	-2.963631392	-0.460929435
7.301498000	-2.968052626	-0.460489781
7.301499000	-2.970653057	-0.461766500
7.301500000	-2.964640141	-0.462054721
7.301501000	-2.967633247	-0.461169919
7.301502000	-2.958181858	-0.461441628
7.301503000	-2.957838058	-0.461302777
7.301504000	-2.965284348	-0.461613035
7.301505000	-2.961443901	-0.461121782
7.301506000	-2.959028482	-0.462003788
7.301507000	-2.955412149	-0.462999177
7.301508000	-2.967531919	-0.463331141
7.301509000	-2.952398539	-0.462763787
7.301510000	-2.949379683	-0.462043436
7.301511000	-2.958274126	-0.462850606
7.301512000	-2.956154108	-0.462506726
7.301513000	-2.962974548	-0.463205106
7.301514000	-2.962013245	-0.463471423
7.301515000	-2.961766243	-0.463598122
7.301516000	-2.945333958	-0.464485488
7.301517000	-2.951969624	-0.462732961
7.301518000	-2.952123880	-0.463340229
7.301519000	-2.942754030	-0.463795929
7.301520000	-2.954714060	-0.463747892
7.301521000	-2.953284264	-0.464993353
7.301522000	-2.951685429	-0.463973229
7.301523000	-2.952306271	-0.463996531
7.301524000	-2.952247143	-0.464128924
7.301525000	-2.950925350	-0.464689752
7.301526000	-2.957381964	-0.464013576
7.301527000	-2.948686600	-0.465315895
7.301528000	-2.949061632	-0.464971614
7.301529000	-2.950177670	-0.465464932
7.301530000	-2.936681271	-0.465550353
7.301531000	-2.951730013	-0.464962593
7.301532000	-2.951211214	-0.466285185
7.301533000	-2.945999384	-0.466065075
7.301534000	-2.940192938	-0.465635441
7.301535000	-2.943548441	-0.465591565
7.301536000	-2.941270828	-0.465652185
7.301537000	-2.941011429	-0.464855734
7.301538000	-2.945257425	-0.467019519
7.301539000	-2.941606760	-0.466199798
7.301540000	-2.940001249	-0.467584009
7.301541000	-2.952395916	-0.465957650
7.301542000	-2.943993330	-0.467484607
7.301543000	-2.940111637	-0.468088745
7.301544000	-2.938319206	-0.467721694
7.301545000	-2.942517281	-0.466582061
7.301546000	-2.948126793	-0.467553250
7.301547000	-2.940711975	-0.469281708
7.301548000	-2.935771704	-0.468855802
7.301549000	-2.941670418	-0.467930420
7.301550000	-2.936484814	-0.468835961
7.301551000	-2.943501711	-0.467341861
7.301552000	-2.928621054	-0.467349884
7.301553000	-2.939543486	-0.468430228
7.301554000	-2.939323902	-0.467808514
7.301555000	-2.932498455	-0.468495210
7.301556000	-2.932219744	-0.468648008
7.301557000	-2.933685780	-0.469795531
7.301558000	-2.941152334	-0.468467346
7.301559000	-2.935082674	-0.469077277
7.301560000	-2.933821917	-0.469009533
7.301561000	-2.935198069	-0.469716901
7.301562000	-2.935154200	-0.469476784
7.301563000	-2.929788351	-0.469461238
7.301564000	-2.939214468	-0.470600205
7.301565000	-2.939367056	-0.469959549
7.301566000	-2.935832977	-0.470107820
7.301567000	-2.936483622	-0.469888975
7.301568000	-2.931342840	-0.470610625
7.301569000	-2.928690672	-0.469049014
7.301570000	-2.926645756	-0.470622942
7.301571000	-2.934167385	-0.469968504
7.301572000	-2.932205915	-0.471104641
7.301573000	-2.932081223	-0.470464318
7.301574000	-2.924786329	-0.470987362
7.301575000	-2.931801081	-0.469569229
7.301576000	-2.927595854	-0.471261835
7.301577000	-2.925356150	-0.470675240
7.301578000	-2.924394846	-0.471311036
7.301579000	-2.915668011	-0.471281242
7.301580000	-2.932136536	-0.471628219
7.301581000	-2.924906492	-0.472441116
7.301582000	-2.912372589	-0.472104991
7.301583000	-2.921872377	-0.471421591
7.301584000	-2.927153587	-0.472243942
7.301585000	-2.921688795	-0.472928008
7.301586000	-2.922715187	-0.473040726
7.301587000	-2.914030313	-0.472409557
7.301588000	-2.920010090	-0.471684245
7.301589000	-2.923357487	-0.471919036
7.301590000	-2.913517952	-0.472035516
7.301591000	-2.924843311	-0.473111233
7.301592000	-2.909883738	-0.473345092
7.301593000	-2.920843124	-0.473003043
7.301594000	-2.926860809	-0.472697844
7.301595000	-2.918683052	-0.473364700
7.301596000	-2.915108681	-0.473657781
7.301597000	-2.926359415	-0.474294043
7.301598000	-2.922872543	-0.474242977
7.301599000	-2.911517859	-0.475054076
7.301600000	-2.910568476	-0.474128661
7.301601000	-2.912402630	-0.473571661
7.301602000	-2.913909197	-0.474235354
7.301603000	-2.903329849	-0.473720931
7.301604000	-2.916132212	-0.474654269
7.301605000	-2.920159340	-0.474188149
7.301606000	-2.906798601	-0.473882119
7.301607000	-2.908408403	-0.474369544
7.301608000	-2.909047842	-0.474471476
7.301609000	-2.916031361	-0.475323555
7.301610000	-2.912408113	-0.474087382
7.301611000	-2.905139446	-0.475911547
7.301612000	-2.904163361	-0.475668933
7.301613000	-2.913923502	-0.475692303
7.301614000	-2.904879093	-0.476292546
7.301615000	-2.903273582	-0.475090395
7.301616000	-2.902262688	-0.475709014
7.301617000	-2.910198450	-0.475360573
7.301618000	-2.911216497	-0.476923582
7.301619000	-2.905307770	-0.476037149
7.301620000	-2.912911415	-0.476573543
7.301621000	-2.902811289	-0.476720016
7.301622000	-2.906024933	-0.476322440
7.301623000	-2.907715082	-0.475872532
7.301624000	-2.907678127	-0.476796982
7.301625000	-2.904731512	-0.476254463
7.301626000	-2.904857397	-0.476174235
7.301627000	-2.900281429	-0.476238517
7.301628000	-2.908217907	-0.477082306
7.301629000	-2.895887375	-0.476487389
7.301630000	-2.902932405	-0.477542234
7.301631000	-2.903903723	-0.477297456
7.301632000	-2.901236534	-0.477484776
7.301633000	-2.910513878	-0.478954375
7.301634000	-2.899801493	-0.477292763
7.301635000	-2.895150900	-0.477037665
7.301636000	-2.896863699	-0.477664373
7.301637000	-2.895485878	-0.477620764
7.301638000	-2.892346621	-0.478515686
7.301639000	-2.901178122	-0.478676008
7.301640000	-2.901594400	-0.479253282
7.301641000	-2.899286509	-0.478601773
7.301642000	-2.900137424	-0.479207276
7.301643000	-2.896542549	-0.478484694
7.301644000	-2.902937889	-0.479219426
7.301645000	-2.891572714	-0.480240482
7.301646000	-2.893617630	-0.478928809
7.301647000	-2.889358044	-0.480329865
7.301648000	-2.900844574	-0.479990545
7.301649000	-2.899410486	-0.480687328
7.301650000	-2.887108564	-0.480273239
7.301651000	-2.893934965	-0.479939479
7.301652000	-2.890655756	-0.479739775
7.301653000	-2.892817497	-0.480329665
7.301654000	-2.890632629	-0.480154862
7.301655000	-2.896656513	-0.479736346
7.301656000	-2.896417856	-0.480193611
7.301657000	-2.893165588	-0.479957954
7.301658000	-2.887970448	-0.480149502
7.301659000	-2.892681599	-0.481274688
7.301660000	-2.889098406	-0.481818372
7.301661000	-2.879060507	-0.481174520
7.301662000	-2.889566422	-0.481245127
7.301663000	-2.891135931	-0.480688493
7.301664000	-2.882627487	-0.481413605
7.301665000	-2.892463923	-0.481283010
7.301666000	-2.890353203	-0.481448093
7.301667000	-2.889403343	-0.480827143
7.301668000	-2.891506195	-0.481197889
7.301669000	-2.883632183	-0.481470264
7.301670000	-2.886114359	-0.482405666
7.301671000	-2.887958527	-0.482541786
7.301672000	-2.888864279	-0.481825463
7.301673000	-2.889030218	-0.481394597
7.301674000	-2.877097607	-0.482903877
7.301675000	-2.883972168	-0.481073885
7.301676000	-2.878072739	-0.481736413
7.301677000	-2.882202625	-0.482201734
7.301678000	-2.877568722	-0.483081243
7.301679000	-2.874748707	-0.482356830
7.301680000	-2.886297226	-0.482782336
7.301681000	-2.878297567	-0.482747449
7.301682000	-2.878602743	-0.482865860
7.301683000	-2.876923561	-0.483326287
7.301684000	-2.885352850	-0.482655570
7.301685000	-2.874447346	-0.482886366
7.301686000	-2.878615379	-0.483801229
7.301687000	-2.884752035	-0.482626641
7.301688000	-2.875359058	-0.483326720
7.301689000	-2.881881714	-0.483636412
7.301690000	-2.879433393	-0.483968575
7.301691000	-2.878326893	-0.483376421
7.301692000	-2.874160767	-0.483855890
7.301693000	-2.880377293	-0.484194977
7.301694000	-2.882573605	-0.483580286
7.301695000	-2.877125263	-0.484489856
7.301696000	-2.874025583	-0.485011769
7.301697000	-2.864889145	-0.483857455
7.301698000	-2.875488758	-0.484223506
7.301699000	-2.873682022	-0.483857521
7.301700000	-2.873948336	-0.485146658
7.301701000	-2.870501280	-0.484251270
7.301702000	-2.870006323	-0.485294962
7.301703000	-2.875993729	-0.484926048
7.301704000	-2.869475126	-0.486096640
7.301705000	-2.868995428	-0.486673747
7.301706000	-2.877889872	-0.484966728
7.301707000	-2.870273113	-0.485734051
7.301708000	-2.867226124	-0.485766342
7.301709000	-2.865877628	-0.485989881
7.301710000	-2.883342981	-0.485295195
7.301711000	-2.878757715	-0.487749032
7.301712000	-2.867221355	-0.485785883
7.301713000	-2.871093988	-0.486394548
7.301714000	-2.868802786	-0.486450541
7.301715000	-2.871457577	-0.485899001
7.301716000	-2.868509054	-0.486123405
7.301717000	-2.859632730	-0.486772651
7.301718000	-2.868451834	-0.486094876
7.301719000	-2.865792274	-0.485537909
7.301720000	-2.873376131	-0.486670252
7.301721000	-2.862456083	-0.486465355
7.301722000	-2.865124941	-0.486578073
7.301723000	-2.861720324	-0.486824416
7.301724000	-2.855570078	-0.486899284
7.301725000	-2.865206480	-0.487228118
7.301726000	-2.862723827	-0.488019176
7.301727000	-2.861317158	-0.487533882
7.301728000	-2.859400511	-0.487056344
7.301729000	-2.863186121	-0.487031011
7.301730000	-2.857829571	-0.487757321
7.301731000	-2.865464449	-0.488240419
7.301732000	-2.863665819	-0.487664477
7.301733000	-2.863959312	-0.488356199
7.301734000	-2.858290672	-0.487267300
7.301735000	-2.861778736	-0.488589160
7.301736000	-2.858210087	-0.488453738
7.301737000	-2.862124205	-0.488789163
7.301738000	-2.866197586	-0.488531968
7.301739000	-2.860126734	-0.489029979
7.301740000	-2.865347385	-0.488487027
7.301741000	-2.866259098	-0.488800481
7.301742000	-2.853300810	-0.489522631
