D:\KID metingen\Entropy ADR\LT343chip5_BF_20240530_mapping\S21\Power\KID210_92dBm_.dat
Power at KID:92dBm
resonance Frequency in GHz :6.686576
Q=20961.053291, Qc=30192.195350, Qi=68557.087698  S21min=-10.292785


Temperature in K:0.099983
GHz	dB	Rad
6.685984000	-4.622157097	-0.112182956
6.685985000	-4.613269329	-0.112289349
6.685986000	-4.617678165	-0.111992057
6.685987000	-4.614137173	-0.112209363
6.685988000	-4.615399837	-0.112236278
6.685989000	-4.623643398	-0.112017191
6.685990000	-4.619035721	-0.112001312
6.685991000	-4.615561962	-0.113129985
6.685992000	-4.613458633	-0.113429682
6.685993000	-4.616738319	-0.113170648
6.685994000	-4.624911308	-0.112534885
6.685995000	-4.615830421	-0.112574682
6.685996000	-4.618051529	-0.113456555
6.685997000	-4.623595238	-0.113242903
6.685998000	-4.619401455	-0.113485192
6.685999000	-4.609514236	-0.114023109
6.686000000	-4.614419937	-0.114112891
6.686001000	-4.614164829	-0.114432279
6.686002000	-4.617673397	-0.114014728
6.686003000	-4.618393898	-0.113756327
6.686004000	-4.614412308	-0.113953967
6.686005000	-4.624382496	-0.114079618
6.686006000	-4.617616177	-0.113970312
6.686007000	-4.616990089	-0.113686777
6.686008000	-4.617623806	-0.113589238
6.686009000	-4.610153675	-0.114228871
6.686010000	-4.616765499	-0.115933544
6.686011000	-4.618981838	-0.115018099
6.686012000	-4.620963097	-0.114417656
6.686013000	-4.617189884	-0.114495412
6.686014000	-4.609425068	-0.115755903
6.686015000	-4.615349770	-0.114980782
6.686016000	-4.622532845	-0.114769776
6.686017000	-4.613564014	-0.115992059
6.686018000	-4.621211052	-0.115860390
6.686019000	-4.614830494	-0.115738218
6.686020000	-4.619640350	-0.116214682
6.686021000	-4.610608101	-0.115812986
6.686022000	-4.618461132	-0.115852542
6.686023000	-4.621085167	-0.116102688
6.686024000	-4.615510941	-0.115356296
6.686025000	-4.616559029	-0.116631068
6.686026000	-4.620288372	-0.116218211
6.686027000	-4.617727757	-0.116419280
6.686028000	-4.616557598	-0.117043084
6.686029000	-4.618728638	-0.116555417
6.686030000	-4.623095989	-0.116813386
6.686031000	-4.621285439	-0.116787287
6.686032000	-4.617640972	-0.117496370
6.686033000	-4.612760067	-0.116718453
6.686034000	-4.617570400	-0.116553195
6.686035000	-4.610548019	-0.117640214
6.686036000	-4.615023613	-0.118044982
6.686037000	-4.614198685	-0.117633623
6.686038000	-4.612811089	-0.118089032
6.686039000	-4.621936321	-0.117738393
6.686040000	-4.608012676	-0.117196532
6.686041000	-4.615391731	-0.118659098
6.686042000	-4.610438824	-0.118540346
6.686043000	-4.609657764	-0.118693603
6.686044000	-4.610381126	-0.118955225
6.686045000	-4.617594719	-0.117888396
6.686046000	-4.611637592	-0.118426038
6.686047000	-4.614345551	-0.118282627
6.686048000	-4.609797478	-0.118452453
6.686049000	-4.617392063	-0.118538049
6.686050000	-4.606787682	-0.119325163
6.686051000	-4.616971016	-0.119319978
6.686052000	-4.613223553	-0.119082865
6.686053000	-4.609615326	-0.120148787
6.686054000	-4.614947796	-0.118812505
6.686055000	-4.608951092	-0.120404892
6.686056000	-4.613523960	-0.119397418
6.686057000	-4.618654251	-0.119467992
6.686058000	-4.613320827	-0.119238827
6.686059000	-4.607803822	-0.119600917
6.686060000	-4.610925198	-0.119889404
6.686061000	-4.612039089	-0.120074968
6.686062000	-4.606993198	-0.120605245
6.686063000	-4.616040230	-0.121163019
6.686064000	-4.607684135	-0.121035928
6.686065000	-4.607284069	-0.120443175
6.686066000	-4.612429619	-0.120260532
6.686067000	-4.609950542	-0.121998003
6.686068000	-4.606872082	-0.121657152
6.686069000	-4.617791176	-0.121219187
6.686070000	-4.608984947	-0.120460593
6.686071000	-4.607794285	-0.121977022
6.686072000	-4.606071472	-0.121476639
6.686073000	-4.612307549	-0.121299190
6.686074000	-4.609838009	-0.120897052
6.686075000	-4.608308792	-0.121518085
6.686076000	-4.612594604	-0.122621025
6.686077000	-4.605776310	-0.121751711
6.686078000	-4.600367546	-0.121645026
6.686079000	-4.600561142	-0.122855691
6.686080000	-4.607538700	-0.123046764
6.686081000	-4.610466957	-0.123154930
6.686082000	-4.606982231	-0.123288771
6.686083000	-4.618166924	-0.123083050
6.686084000	-4.611251831	-0.122619943
6.686085000	-4.605659008	-0.123996531
6.686086000	-4.607298851	-0.123360385
6.686087000	-4.606506348	-0.124062094
6.686088000	-4.611841202	-0.123912333
6.686089000	-4.610495090	-0.123978313
6.686090000	-4.611432552	-0.123431258
6.686091000	-4.603339195	-0.123640416
6.686092000	-4.605381012	-0.124699147
6.686093000	-4.609715939	-0.124195627
6.686094000	-4.602581978	-0.125114026
6.686095000	-4.607845783	-0.124439406
6.686096000	-4.604161739	-0.124529887
6.686097000	-4.609375954	-0.125138744
6.686098000	-4.609165192	-0.124762622
6.686099000	-4.608184814	-0.124807646
6.686100000	-4.606775761	-0.125124379
6.686101000	-4.606931210	-0.124846096
6.686102000	-4.608481884	-0.125955668
6.686103000	-4.605965614	-0.125544044
6.686104000	-4.603665829	-0.125973270
6.686105000	-4.605744362	-0.126062586
6.686106000	-4.610629082	-0.126705332
6.686107000	-4.603913307	-0.126151952
6.686108000	-4.610998154	-0.126085539
6.686109000	-4.604518890	-0.127077309
6.686110000	-4.608452797	-0.127269955
6.686111000	-4.608349800	-0.125884637
6.686112000	-4.609546185	-0.126921206
6.686113000	-4.602214336	-0.127212214
6.686114000	-4.604635715	-0.127512261
6.686115000	-4.610015392	-0.126616898
6.686116000	-4.608229637	-0.127080222
6.686117000	-4.610017300	-0.127228085
6.686118000	-4.612049103	-0.127879902
6.686119000	-4.607902527	-0.127115042
6.686120000	-4.601081848	-0.127452823
6.686121000	-4.604969025	-0.127859088
6.686122000	-4.607003689	-0.128375475
6.686123000	-4.603304863	-0.128703610
6.686124000	-4.595410347	-0.128284545
6.686125000	-4.610028267	-0.127749133
6.686126000	-4.606139183	-0.128901083
6.686127000	-4.603968620	-0.129187464
6.686128000	-4.599604130	-0.128911195
6.686129000	-4.608584404	-0.129402490
6.686130000	-4.604234219	-0.129556653
6.686131000	-4.599008083	-0.130085615
6.686132000	-4.605448723	-0.129556703
6.686133000	-4.601800442	-0.130161316
6.686134000	-4.600164413	-0.129606038
6.686135000	-4.605630875	-0.130352289
6.686136000	-4.598486900	-0.130367561
6.686137000	-4.603971958	-0.130253286
6.686138000	-4.604472637	-0.130759587
6.686139000	-4.600443840	-0.130678568
6.686140000	-4.605603695	-0.130600271
6.686141000	-4.599383831	-0.131113812
6.686142000	-4.597508430	-0.130776090
6.686143000	-4.597725391	-0.131899045
6.686144000	-4.598929882	-0.131127120
6.686145000	-4.602977276	-0.131117449
6.686146000	-4.604709148	-0.131369625
6.686147000	-4.602272034	-0.131390648
6.686148000	-4.599696159	-0.132158728
6.686149000	-4.609832764	-0.132050587
6.686150000	-4.601719379	-0.132201122
6.686151000	-4.603428841	-0.132224067
6.686152000	-4.608846188	-0.131409032
6.686153000	-4.602730274	-0.132692060
6.686154000	-4.604178429	-0.132642267
6.686155000	-4.601148129	-0.133000553
6.686156000	-4.601680756	-0.132715687
6.686157000	-4.604185104	-0.133280518
6.686158000	-4.599558830	-0.132550463
6.686159000	-4.593454361	-0.133369210
6.686160000	-4.595305443	-0.133370475
6.686161000	-4.589692116	-0.134683688
6.686162000	-4.592432499	-0.134564670
6.686163000	-4.593910694	-0.134211976
6.686164000	-4.599476337	-0.134473490
6.686165000	-4.599482059	-0.134416431
6.686166000	-4.594016552	-0.135282084
6.686167000	-4.595471859	-0.135104825
6.686168000	-4.592708111	-0.135092691
6.686169000	-4.595936298	-0.136099791
6.686170000	-4.597411633	-0.135231226
6.686171000	-4.597693443	-0.135577486
6.686172000	-4.596691608	-0.135937513
6.686173000	-4.594954014	-0.136268560
6.686174000	-4.597093105	-0.136600873
6.686175000	-4.595665932	-0.136253072
6.686176000	-4.591369629	-0.136490318
6.686177000	-4.595149517	-0.136795225
6.686178000	-4.600843906	-0.137086142
6.686179000	-4.602568150	-0.137127430
6.686180000	-4.596454620	-0.136911364
6.686181000	-4.596420765	-0.137332768
6.686182000	-4.599341393	-0.137339775
6.686183000	-4.595942974	-0.137611775
6.686184000	-4.591447830	-0.137285322
6.686185000	-4.600963116	-0.136921318
6.686186000	-4.600914001	-0.138058620
6.686187000	-4.606766224	-0.138656558
6.686188000	-4.599322319	-0.137538222
6.686189000	-4.600555420	-0.138128387
6.686190000	-4.591674328	-0.138258416
6.686191000	-4.603175640	-0.137867514
6.686192000	-4.594537735	-0.138092950
6.686193000	-4.598466873	-0.139118642
6.686194000	-4.594036102	-0.139044032
6.686195000	-4.599653244	-0.139474540
6.686196000	-4.593335629	-0.140023967
6.686197000	-4.594425678	-0.139334649
6.686198000	-4.599645138	-0.139313519
6.686199000	-4.597248554	-0.139676957
6.686200000	-4.593569279	-0.141198637
6.686201000	-4.597559929	-0.140923649
6.686202000	-4.592889786	-0.140713892
6.686203000	-4.588366985	-0.140652439
6.686204000	-4.597379684	-0.140885666
6.686205000	-4.593361378	-0.141657417
6.686206000	-4.600205898	-0.140925946
6.686207000	-4.592075348	-0.141632566
6.686208000	-4.595463276	-0.140827126
6.686209000	-4.589707851	-0.141419313
6.686210000	-4.593309402	-0.141800961
6.686211000	-4.590321541	-0.141807103
6.686212000	-4.592860222	-0.142205545
6.686213000	-4.593482971	-0.142726459
6.686214000	-4.598158836	-0.142618135
6.686215000	-4.589855194	-0.143464738
6.686216000	-4.599601746	-0.142859584
6.686217000	-4.587043285	-0.143383212
6.686218000	-4.601809502	-0.143371710
6.686219000	-4.591866970	-0.143627357
6.686220000	-4.587274075	-0.143859801
6.686221000	-4.595064640	-0.143635713
6.686222000	-4.597567081	-0.144004860
6.686223000	-4.590185642	-0.144881672
6.686224000	-4.590449810	-0.144444298
6.686225000	-4.591280937	-0.143116496
6.686226000	-4.594191074	-0.145161637
6.686227000	-4.585414886	-0.144310258
6.686228000	-4.592699528	-0.144391335
6.686229000	-4.591257572	-0.145002397
6.686230000	-4.588315964	-0.145776728
6.686231000	-4.589242935	-0.145256096
6.686232000	-4.597772121	-0.145895039
6.686233000	-4.587332726	-0.145217430
6.686234000	-4.588398933	-0.145824398
6.686235000	-4.590309620	-0.146945206
6.686236000	-4.589106560	-0.146459096
6.686237000	-4.589313507	-0.147812731
6.686238000	-4.595541954	-0.147865212
6.686239000	-4.581248760	-0.147416735
6.686240000	-4.590335846	-0.147653873
6.686241000	-4.587039471	-0.147896471
6.686242000	-4.589357853	-0.147157860
6.686243000	-4.592830658	-0.147694936
6.686244000	-4.589057922	-0.148367118
6.686245000	-4.590650558	-0.147546864
6.686246000	-4.588176250	-0.147378952
6.686247000	-4.591604233	-0.149145993
6.686248000	-4.589365482	-0.148782588
6.686249000	-4.600564480	-0.148876997
6.686250000	-4.594143391	-0.148976616
6.686251000	-4.592876911	-0.149855775
6.686252000	-4.589828968	-0.150041231
6.686253000	-4.590989590	-0.149962285
6.686254000	-4.589520931	-0.150102001
6.686255000	-4.592971325	-0.150476225
6.686256000	-4.586931229	-0.150763197
6.686257000	-4.591718674	-0.151795239
6.686258000	-4.590220928	-0.151336143
6.686259000	-4.591536999	-0.151186973
6.686260000	-4.594210148	-0.151297627
6.686261000	-4.586845398	-0.152154383
6.686262000	-4.586020947	-0.151419966
6.686263000	-4.584583759	-0.152063402
6.686264000	-4.595139027	-0.152835603
6.686265000	-4.584561825	-0.152746054
6.686266000	-4.590204716	-0.152925651
6.686267000	-4.589892387	-0.153700730
6.686268000	-4.586920738	-0.153162789
6.686269000	-4.587715626	-0.153596068
6.686270000	-4.597329140	-0.154195579
6.686271000	-4.590320110	-0.153243566
6.686272000	-4.594655037	-0.154080747
6.686273000	-4.590806961	-0.154199657
6.686274000	-4.590297699	-0.154763565
6.686275000	-4.591609478	-0.154930795
6.686276000	-4.600386620	-0.155604508
6.686277000	-4.592471600	-0.155172177
6.686278000	-4.596264839	-0.155268334
6.686279000	-4.592716694	-0.155443170
6.686280000	-4.588798046	-0.155610833
6.686281000	-4.594939709	-0.156181115
6.686282000	-4.586203575	-0.155685867
6.686283000	-4.594300270	-0.155983892
6.686284000	-4.590349674	-0.156849469
6.686285000	-4.583512306	-0.156475811
6.686286000	-4.588585377	-0.156468188
6.686287000	-4.587280273	-0.156834971
6.686288000	-4.589843750	-0.157787185
6.686289000	-4.595422745	-0.158039519
6.686290000	-4.590973854	-0.157805527
6.686291000	-4.589087963	-0.158057113
6.686292000	-4.593349457	-0.158222811
6.686293000	-4.592758179	-0.159736569
6.686294000	-4.587796688	-0.158856144
6.686295000	-4.587752342	-0.159523749
6.686296000	-4.587933540	-0.159663149
6.686297000	-4.594067574	-0.159013637
6.686298000	-4.585309505	-0.160642393
6.686299000	-4.584991455	-0.160980947
6.686300000	-4.585064888	-0.159561150
6.686301000	-4.593550682	-0.161308100
6.686302000	-4.590112209	-0.160661335
6.686303000	-4.594832897	-0.161935175
6.686304000	-4.586745262	-0.161173843
6.686305000	-4.584513664	-0.161997326
6.686306000	-4.591485500	-0.161924156
6.686307000	-4.585916519	-0.161791580
6.686308000	-4.591283798	-0.161865649
6.686309000	-4.594967365	-0.162355205
6.686310000	-4.592371941	-0.162273895
6.686311000	-4.590394020	-0.163368222
6.686312000	-4.585861683	-0.162373830
6.686313000	-4.586141109	-0.162935458
6.686314000	-4.587655544	-0.163311879
6.686315000	-4.592509747	-0.164638849
6.686316000	-4.589902878	-0.163878367
6.686317000	-4.586159229	-0.164508670
6.686318000	-4.588956833	-0.165115538
6.686319000	-4.590599060	-0.165036775
6.686320000	-4.596003532	-0.164838969
6.686321000	-4.589227676	-0.165278324
6.686322000	-4.594791889	-0.165084346
6.686323000	-4.583126068	-0.165314626
6.686324000	-4.590884209	-0.166485901
6.686325000	-4.586452484	-0.167400880
6.686326000	-4.591615677	-0.167136262
6.686327000	-4.584669590	-0.167893082
6.686328000	-4.583856583	-0.168270419
6.686329000	-4.589119911	-0.167082499
6.686330000	-4.590215206	-0.167590597
6.686331000	-4.586910725	-0.168147497
6.686332000	-4.592038631	-0.168919148
6.686333000	-4.581581593	-0.168946296
6.686334000	-4.589439392	-0.168765334
6.686335000	-4.586940765	-0.169111645
6.686336000	-4.591103554	-0.168967534
6.686337000	-4.586373329	-0.169952155
6.686338000	-4.587242603	-0.170271584
6.686339000	-4.593774319	-0.170497421
6.686340000	-4.592303753	-0.170270669
6.686341000	-4.591337681	-0.170574020
6.686342000	-4.587119102	-0.171062277
6.686343000	-4.589945793	-0.171222433
6.686344000	-4.591604233	-0.171406524
6.686345000	-4.588284492	-0.172799540
6.686346000	-4.582395554	-0.172290843
6.686347000	-4.595304012	-0.173123697
6.686348000	-4.588671684	-0.172885011
6.686349000	-4.593732357	-0.173190093
6.686350000	-4.592234612	-0.173716550
6.686351000	-4.588717937	-0.173697675
6.686352000	-4.583449841	-0.173598955
6.686353000	-4.594012737	-0.174061346
6.686354000	-4.591333389	-0.174994501
6.686355000	-4.590388298	-0.175750173
6.686356000	-4.585013390	-0.175753985
6.686357000	-4.585710049	-0.176032069
6.686358000	-4.590428829	-0.176158918
6.686359000	-4.588340282	-0.176171119
6.686360000	-4.592568874	-0.176564667
6.686361000	-4.575739861	-0.177249433
6.686362000	-4.586117744	-0.177338865
6.686363000	-4.581984520	-0.177501834
6.686364000	-4.585473537	-0.178422372
6.686365000	-4.583683014	-0.179037080
6.686366000	-4.583709240	-0.179005105
6.686367000	-4.581225872	-0.179166692
6.686368000	-4.583797455	-0.178442063
6.686369000	-4.584300041	-0.179068571
6.686370000	-4.587594032	-0.180413801
6.686371000	-4.586760044	-0.179747045
6.686372000	-4.579181194	-0.180945651
6.686373000	-4.585552692	-0.181302797
6.686374000	-4.585427761	-0.181600822
6.686375000	-4.583267689	-0.180873795
6.686376000	-4.584908485	-0.181996085
6.686377000	-4.586438656	-0.182462387
6.686378000	-4.580852509	-0.183562256
6.686379000	-4.587627411	-0.182480547
6.686380000	-4.591943264	-0.183236751
6.686381000	-4.586244583	-0.183565985
6.686382000	-4.581578732	-0.184339899
6.686383000	-4.586440563	-0.184955423
6.686384000	-4.587026119	-0.184243609
6.686385000	-4.584202290	-0.185219225
6.686386000	-4.583435059	-0.184820750
6.686387000	-4.581704617	-0.185441050
6.686388000	-4.583706856	-0.185502386
6.686389000	-4.587675095	-0.185602005
6.686390000	-4.586389065	-0.186405897
6.686391000	-4.584920406	-0.187212385
6.686392000	-4.578848362	-0.187446277
6.686393000	-4.586447239	-0.187751109
6.686394000	-4.589887142	-0.187479783
6.686395000	-4.574536324	-0.188673761
6.686396000	-4.584115028	-0.188400388
6.686397000	-4.579678535	-0.189219992
6.686398000	-4.589839458	-0.189773181
6.686399000	-4.590187550	-0.191577622
6.686400000	-4.584188938	-0.190154512
6.686401000	-4.578524113	-0.191319079
6.686402000	-4.586991787	-0.192172506
6.686403000	-4.575953007	-0.191300304
6.686404000	-4.586376190	-0.191276152
6.686405000	-4.581618786	-0.192829441
6.686406000	-4.572115421	-0.191866708
6.686407000	-4.574937820	-0.192824032
6.686408000	-4.584086895	-0.193778359
6.686409000	-4.579462051	-0.193256795
6.686410000	-4.587911606	-0.193313970
6.686411000	-4.582936287	-0.194174920
6.686412000	-4.582424164	-0.194991928
6.686413000	-4.577110767	-0.194953678
6.686414000	-4.658452511	-0.196414672
6.686415000	-4.591330051	-0.197855975
6.686416000	-4.582614422	-0.196293315
6.686417000	-4.583925247	-0.197014665
6.686418000	-4.584526062	-0.197478505
6.686419000	-4.578974724	-0.198356932
6.686420000	-4.581819534	-0.198410012
6.686421000	-4.585549831	-0.199065865
6.686422000	-4.575534821	-0.198842310
6.686423000	-4.580967903	-0.199930560
6.686424000	-4.582673550	-0.200914349
6.686425000	-4.585489273	-0.200852380
6.686426000	-4.581796646	-0.201692508
6.686427000	-4.578562737	-0.199980528
6.686428000	-4.583868980	-0.201275457
6.686429000	-4.575077534	-0.201039750
6.686430000	-4.584949017	-0.202425776
6.686431000	-4.581168175	-0.202518404
6.686432000	-4.585944176	-0.203093880
6.686433000	-4.586125851	-0.203278270
6.686434000	-4.584253788	-0.204668524
6.686435000	-4.582222939	-0.205092649
6.686436000	-4.589548111	-0.205102885
6.686437000	-4.581647396	-0.205587048
6.686438000	-4.584439278	-0.206669490
6.686439000	-4.579932690	-0.206793360
6.686440000	-4.584540367	-0.207165770
6.686441000	-4.584663868	-0.207340673
6.686442000	-4.591733932	-0.208691728
6.686443000	-4.579201221	-0.208318869
6.686444000	-4.582518101	-0.208187991
6.686445000	-4.584391594	-0.208818228
6.686446000	-4.584239960	-0.209322897
6.686447000	-4.583930016	-0.210062956
6.686448000	-4.592748165	-0.210398132
6.686449000	-4.586338520	-0.210944346
6.686450000	-4.578371525	-0.212069115
6.686451000	-4.586348057	-0.211547436
6.686452000	-4.585326195	-0.212888870
6.686453000	-4.579512596	-0.213354091
6.686454000	-4.572195530	-0.214377793
6.686455000	-4.580935478	-0.213465061
6.686456000	-4.581658840	-0.215273697
6.686457000	-4.579998970	-0.214489962
6.686458000	-4.583172321	-0.215240025
6.686459000	-4.578871250	-0.216209249
6.686460000	-4.586055756	-0.216164242
6.686461000	-4.588860989	-0.216594775
6.686462000	-4.587058544	-0.216915170
6.686463000	-4.584332466	-0.217286198
6.686464000	-4.593727589	-0.217882430
6.686465000	-4.592494965	-0.220510770
6.686466000	-4.588657379	-0.219652999
6.686467000	-4.581522465	-0.220196850
6.686468000	-4.586923599	-0.221162579
6.686469000	-4.584710598	-0.220776021
6.686470000	-4.583976269	-0.220616581
6.686471000	-4.588101864	-0.222330675
6.686472000	-4.580917358	-0.222727369
6.686473000	-4.587613106	-0.224485372
6.686474000	-4.585186005	-0.224458823
6.686475000	-4.584794998	-0.225149847
6.686476000	-4.590931416	-0.226561472
6.686477000	-4.590358734	-0.226780301
6.686478000	-4.582349300	-0.226822262
6.686479000	-4.585940838	-0.227369692
6.686480000	-4.587808132	-0.227474720
6.686481000	-4.587582111	-0.227529065
6.686482000	-4.588212490	-0.229794150
6.686483000	-4.581412792	-0.229981104
6.686484000	-4.588581085	-0.230577702
6.686485000	-4.586909294	-0.231215246
6.686486000	-4.588950157	-0.230795898
6.686487000	-4.591220856	-0.229870350
6.686488000	-4.596312523	-0.232440617
6.686489000	-4.586826801	-0.232674259
6.686490000	-4.594906330	-0.234071936
6.686491000	-4.594175339	-0.235036483
6.686492000	-4.590980530	-0.235129394
6.686493000	-4.595717907	-0.236393280
6.686494000	-4.595691204	-0.237252999
6.686495000	-4.589884758	-0.237592285
6.686496000	-4.586298466	-0.237899831
6.686497000	-4.590545177	-0.239431032
6.686498000	-4.600888729	-0.239808285
6.686499000	-4.591094017	-0.240378218
6.686500000	-4.598530293	-0.240807320
6.686501000	-4.601287365	-0.240355531
6.686502000	-4.591414928	-0.242784168
6.686503000	-4.597231865	-0.242242198
6.686504000	-4.599558353	-0.243722100
6.686505000	-4.597379208	-0.244656104
6.686506000	-4.599068165	-0.244615091
6.686507000	-4.599488258	-0.245421130
6.686508000	-4.601090431	-0.246098156
6.686509000	-4.597028732	-0.246600361
6.686510000	-4.598484993	-0.248023089
6.686511000	-4.606683254	-0.248874834
6.686512000	-4.600440979	-0.249597649
6.686513000	-4.599306583	-0.250854878
6.686514000	-4.592582703	-0.250298111
6.686515000	-4.591866493	-0.250990299
6.686516000	-4.603819847	-0.251789597
6.686517000	-4.594108582	-0.253028899
6.686518000	-4.599064827	-0.253877848
6.686519000	-4.608768463	-0.255095179
6.686520000	-4.601106167	-0.256591926
6.686521000	-4.596877098	-0.256529192
6.686522000	-4.599861145	-0.258075656
6.686523000	-4.597620964	-0.258483353
6.686524000	-4.606079102	-0.258713067
6.686525000	-4.599487782	-0.259249578
6.686526000	-4.606159210	-0.260562782
6.686527000	-4.602960587	-0.261062508
6.686528000	-4.612254620	-0.261510734
6.686529000	-4.607479572	-0.263433404
6.686530000	-4.610494614	-0.264844713
6.686531000	-4.609413624	-0.265460502
6.686532000	-4.611279488	-0.266660539
6.686533000	-4.608587265	-0.267859344
6.686534000	-4.609673500	-0.268326496
6.686535000	-4.610534191	-0.269100677
6.686536000	-4.607810974	-0.268976607
6.686537000	-4.610953808	-0.271151760
6.686538000	-4.614948750	-0.271587437
6.686539000	-4.615364552	-0.274072799
6.686540000	-4.613113403	-0.275780451
6.686541000	-4.615802288	-0.275298152
6.686542000	-4.611756802	-0.276309738
6.686543000	-4.618190289	-0.277087514
6.686544000	-4.617021084	-0.278452068
6.686545000	-4.622387886	-0.280008652
6.686546000	-4.626450539	-0.280585326
6.686547000	-4.618498802	-0.282288218
6.686548000	-4.618728638	-0.283910849
6.686549000	-4.621587276	-0.283020487
6.686550000	-4.628397942	-0.285215764
6.686551000	-4.629148006	-0.285676025
6.686552000	-4.629774094	-0.285934418
6.686553000	-4.631189346	-0.286858668
6.686554000	-4.632349491	-0.288291882
6.686555000	-4.635397911	-0.290708834
6.686556000	-4.632482052	-0.290805873
6.686557000	-4.635685444	-0.293890046
6.686558000	-4.634881496	-0.295385777
6.686559000	-4.644400120	-0.297776896
6.686560000	-4.644167900	-0.296741926
6.686561000	-4.642201424	-0.297753261
6.686562000	-4.647553444	-0.298369683
6.686563000	-4.639971733	-0.300403872
6.686564000	-4.643660545	-0.302725682
6.686565000	-4.649187088	-0.303803197
6.686566000	-4.656680584	-0.305737218
6.686567000	-4.651630878	-0.306844194
6.686568000	-4.652513027	-0.307549166
6.686569000	-4.657166958	-0.309339277
6.686570000	-4.664931774	-0.313027455
6.686571000	-4.665619373	-0.314242456
6.686572000	-4.659294128	-0.313910526
6.686573000	-4.657853603	-0.316111063
6.686574000	-4.676098347	-0.318998895
6.686575000	-4.675071239	-0.318534240
6.686576000	-14.864900589	0.209397482
6.686577000	-14.611128807	0.227280443
6.686578000	-14.549838066	0.231900777
6.686579000	-14.520435333	0.242227567
6.686580000	-14.461879730	0.244401273
6.686581000	-14.421793938	0.248107228
6.686582000	-14.397748947	0.256003317
6.686583000	-14.355293274	0.265568943
6.686584000	-14.305355072	0.267475699
6.686585000	-14.268160820	0.273536089
6.686586000	-14.237931252	0.277128277
6.686587000	-14.216692924	0.282126764
6.686588000	-14.163174629	0.287888246
6.686589000	-14.093384743	0.294449077
6.686590000	-14.079706192	0.294743190
6.686591000	-14.018975258	0.304032629
6.686592000	-13.990270615	0.309368039
6.686593000	-13.944629669	0.309951704
6.686594000	-13.913691521	0.318385602
6.686595000	-13.866178513	0.322347820
6.686596000	-13.837803841	0.323219872
6.686597000	-13.782490730	0.330170589
6.686598000	-13.727486610	0.336308710
6.686599000	-13.709289551	0.337160755
6.686600000	-13.678429604	0.342634117
6.686601000	-13.633954048	0.343472979
6.686602000	-13.597752571	0.349730409
6.686603000	-13.536796570	0.354176157
6.686604000	-13.491777420	0.359538099
6.686605000	-13.469271660	0.361311797
6.686606000	-13.429892540	0.362544808
6.686607000	-13.388731003	0.364275563
6.686608000	-13.353609085	0.369679350
6.686609000	-13.326580048	0.374751407
6.686610000	-13.276136398	0.375808748
6.686611000	-13.224248886	0.378801975
6.686612000	-13.204751968	0.383652790
6.686613000	-13.192355156	0.386812031
6.686614000	-13.135345459	0.387755422
6.686615000	-13.106616020	0.390935769
6.686616000	-13.034940720	0.396653976
6.686617000	-13.008866310	0.395957592
6.686618000	-12.996675491	0.401104917
6.686619000	-12.951149940	0.403859890
6.686620000	-12.913629532	0.403709222
6.686621000	-12.874608994	0.402357268
6.686622000	-12.848673820	0.410439696
6.686623000	-12.823775291	0.411027123
6.686624000	-12.753212929	0.416455943
6.686625000	-12.739047050	0.415425999
6.686626000	-12.717826843	0.417595810
6.686627000	-12.681750298	0.421332791
6.686628000	-12.634206772	0.422056471
6.686629000	-12.585825920	0.424919236
6.686630000	-12.589049339	0.425965958
6.686631000	-12.527214050	0.428539005
6.686632000	-12.522218704	0.430348024
6.686633000	-12.476326942	0.429993757
6.686634000	-12.439786911	0.436322559
6.686635000	-12.393739700	0.435216682
6.686636000	-12.367576599	0.437939098
6.686637000	-12.335104942	0.441308796
6.686638000	-12.303941727	0.442605822
6.686639000	-12.284291267	0.444342236
6.686640000	-12.238554955	0.445774251
6.686641000	-12.177263260	0.447456703
6.686642000	-12.150748253	0.446473131
6.686643000	-12.141701698	0.451455206
6.686644000	-12.086118698	0.453008628
6.686645000	-12.067474365	0.451871425
6.686646000	-12.036912918	0.454849439
6.686647000	-11.999664307	0.455686570
6.686648000	-11.954743385	0.456772407
6.686649000	-11.932533264	0.456752533
6.686650000	-11.905369759	0.460190941
6.686651000	-11.869022369	0.462631928
6.686652000	-11.829041481	0.459537368
6.686653000	-11.812421799	0.465528149
6.686654000	-11.773776054	0.463340062
6.686655000	-11.740511894	0.468619280
6.686656000	-11.736549377	0.468082619
6.686657000	-11.681763649	0.467158902
6.686658000	-11.642149925	0.469788674
6.686659000	-11.609050751	0.469884281
6.686660000	-11.603668213	0.472391514
6.686661000	-11.553596497	0.471396890
6.686662000	-11.536144257	0.472517215
6.686663000	-11.498813629	0.473881586
6.686664000	-11.477874756	0.474232258
6.686665000	-11.445599556	0.477373390
6.686666000	-11.398240089	0.477773696
6.686667000	-11.373182297	0.477714408
6.686668000	-11.353407860	0.479075582
6.686669000	-11.319869995	0.478726276
6.686670000	-11.271033287	0.481102947
6.686671000	-11.258305550	0.479432446
6.686672000	-11.227523804	0.482999484
6.686673000	-11.219827652	0.482463057
6.686674000	-11.183363914	0.482827377
6.686675000	-11.149780273	0.482829707
6.686676000	-11.127223015	0.485550593
6.686677000	-11.107923508	0.483868540
6.686678000	-11.087499619	0.484065914
6.686679000	-11.033125877	0.483346594
6.686680000	-11.019277573	0.485867442
6.686681000	-10.961828232	0.486439056
6.686682000	-10.958581924	0.486895755
6.686683000	-10.934107780	0.486876347
6.686684000	-10.915843964	0.487186872
6.686685000	-10.883024216	0.486644519
6.686686000	-10.847533226	0.488597748
6.686687000	-10.801759720	0.487779925
6.686688000	-10.785847664	0.489938250
6.686689000	-10.761763573	0.488651777
6.686690000	-10.731533051	0.488314488
6.686691000	-10.718873024	0.490372945
6.686692000	-10.664249420	0.489955561
6.686693000	-10.653206825	0.490041348
6.686694000	-10.639256477	0.492518853
6.686695000	-10.616111755	0.491689279
6.686696000	-10.582657814	0.492379637
6.686697000	-10.551164627	0.492338857
6.686698000	-10.531637192	0.492633869
6.686699000	-10.498132706	0.491854228
6.686700000	-10.462021828	0.493145495
6.686701000	-10.448725700	0.493533551
6.686702000	-10.438089371	0.494390223
6.686703000	-10.388938904	0.492973988
6.686704000	-10.373082161	0.493053283
6.686705000	-10.326531410	0.491911120
6.686706000	-10.324579239	0.495381951
6.686707000	-10.286229134	0.493169963
6.686708000	-10.265147209	0.493578725
6.686709000	-10.273329735	0.492762533
6.686710000	-10.237943649	0.493288207
6.686711000	-10.216708183	0.494943129
6.686712000	-10.171613693	0.491775765
6.686713000	-10.174708366	0.495323894
6.686714000	-10.133716583	0.494544254
6.686715000	-10.110726357	0.493382217
6.686716000	-10.109962463	0.494402873
6.686717000	-10.078131676	0.493376158
6.686718000	-10.060289383	0.495046726
6.686719000	-10.030997276	0.494474446
6.686720000	-10.010347366	0.494296846
6.686721000	-9.986657143	0.493849036
6.686722000	-9.944061279	0.493042897
6.686723000	-9.924941063	0.493531354
6.686724000	-9.912634850	0.494076270
6.686725000	-9.869289398	0.493353954
6.686726000	-9.837759018	0.490891895
6.686727000	-9.839451790	0.493413443
6.686728000	-9.826025963	0.492408565
6.686729000	-9.778202057	0.492859339
6.686730000	-9.782379150	0.493439974
6.686731000	-9.757686615	0.491244597
6.686732000	-9.746642113	0.492474179
6.686733000	-9.726326942	0.492235593
6.686734000	-9.689731598	0.491679458
6.686735000	-9.647137642	0.488806240
6.686736000	-9.635521889	0.489912917
6.686737000	-9.621091843	0.490994959
6.686738000	-9.606171608	0.491814847
6.686739000	-9.576852798	0.489715610
6.686740000	-9.555353165	0.489996973
6.686741000	-9.539606094	0.490442453
6.686742000	-9.519744873	0.488807772
6.686743000	-9.488604546	0.490021574
6.686744000	-9.483727455	0.488348643
6.686745000	-9.456522942	0.489533117
6.686746000	-9.446034431	0.486386692
6.686747000	-9.408343315	0.487073488
6.686748000	-9.406170845	0.485197890
6.686749000	-9.401800156	0.487674131
6.686750000	-9.346771240	0.485238437
6.686751000	-9.331431389	0.484148505
6.686752000	-9.315618515	0.486607168
6.686753000	-9.300795555	0.483598529
6.686754000	-9.278719902	0.485924966
6.686755000	-9.259157181	0.483931657
6.686756000	-9.242336273	0.483813213
6.686757000	-9.229126930	0.483007673
6.686758000	-9.199134827	0.483663244
6.686759000	-9.200345993	0.482527871
6.686760000	-9.160216331	0.481133840
6.686761000	-9.160330772	0.481837280
6.686762000	-9.127516747	0.481942276
6.686763000	-9.112307549	0.481450590
6.686764000	-9.071989059	0.482255996
6.686765000	-9.056399345	0.478585294
6.686766000	-9.048409462	0.480566154
6.686767000	-9.022683144	0.479167029
6.686768000	-8.992018700	0.476897283
6.686769000	-8.990998268	0.478780105
6.686770000	-8.968868256	0.479027812
6.686771000	-8.954185486	0.477441966
6.686772000	-8.953997612	0.477088864
6.686773000	-8.927732468	0.477307077
6.686774000	-8.915418625	0.475011532
6.686775000	-8.896850586	0.476353965
6.686776000	-8.859940529	0.470941390
6.686777000	-8.859918594	0.474881037
6.686778000	-8.839825630	0.472370841
6.686779000	-8.801785469	0.471725824
6.686780000	-8.797578812	0.471940008
6.686781000	-8.791259766	0.471334306
6.686782000	-8.761760712	0.471763741
6.686783000	-8.742164612	0.470115610
6.686784000	-8.742319107	0.470175797
6.686785000	-8.693348885	0.470238348
6.686786000	-8.701077461	0.468664720
6.686787000	-8.664023399	0.468198167
6.686788000	-8.663764000	0.468369875
6.686789000	-8.645026207	0.466369841
6.686790000	-8.623766899	0.465746594
6.686791000	-8.603983879	0.466127826
6.686792000	-8.591622353	0.463839105
6.686793000	-8.588844299	0.464850108
6.686794000	-8.556295395	0.464733561
6.686795000	-8.538958549	0.463460737
6.686796000	-8.526850700	0.464097532
6.686797000	-8.524762154	0.463061262
6.686798000	-8.506871223	0.461832080
6.686799000	-8.488644600	0.460653732
6.686800000	-8.456625938	0.458332287
6.686801000	-8.453399658	0.459067453
6.686802000	-8.416516304	0.458178623
6.686803000	-8.404036522	0.457733942
6.686804000	-8.394852638	0.456576432
6.686805000	-8.368472099	0.456141671
6.686806000	-8.357963562	0.454702499
6.686807000	-8.337374687	0.456589049
6.686808000	-8.324963570	0.454242537
6.686809000	-8.303595543	0.453783974
6.686810000	-8.300778389	0.452981397
6.686811000	-8.289694786	0.452844311
6.686812000	-8.278089523	0.452611385
6.686813000	-8.249177933	0.450493139
6.686814000	-8.230222702	0.450194732
6.686815000	-8.230533600	0.449628977
6.686816000	-8.214481354	0.448608121
6.686817000	-8.184566498	0.446227787
6.686818000	-8.181163788	0.446310279
6.686819000	-8.169009209	0.445566524
6.686820000	-8.161915779	0.445928448
6.686821000	-8.140018463	0.444580822
6.686822000	-8.114736557	0.443459165
6.686823000	-8.111850739	0.443514459
6.686824000	-8.104969025	0.441724715
6.686825000	-8.073922157	0.442110640
6.686826000	-8.066994667	0.440863149
6.686827000	-8.044392586	0.439286491
6.686828000	-8.030145645	0.439278701
6.686829000	-8.008456230	0.438339171
6.686830000	-7.989117146	0.438158409
6.686831000	-7.964989662	0.435693487
6.686832000	-7.972747803	0.436160706
6.686833000	-7.958861351	0.433824115
6.686834000	-7.945122242	0.433835966
6.686835000	-7.924712181	0.434227983
6.686836000	-7.907634258	0.432851162
6.686837000	-7.904605389	0.434350289
6.686838000	-7.896562099	0.430564539
6.686839000	-7.858572006	0.431136685
6.686840000	-7.859190941	0.429866424
6.686841000	-7.831773281	0.428999132
6.686842000	-7.830714226	0.427364351
6.686843000	-7.821472645	0.427590886
6.686844000	-7.822149754	0.426170090
6.686845000	-7.790060997	0.424715205
6.686846000	-7.778429508	0.424765605
6.686847000	-7.765876770	0.423131956
6.686848000	-7.758640766	0.424017756
6.686849000	-7.724085808	0.421987828
6.686850000	-7.716821671	0.422656881
6.686851000	-7.715522289	0.420832882
6.686852000	-7.697403431	0.420420591
6.686853000	-7.677221298	0.418844166
6.686854000	-7.661756992	0.417381758
6.686855000	-7.651283741	0.418117723
6.686856000	-7.640905380	0.414627350
6.686857000	-7.620841503	0.414683843
6.686858000	-7.616063118	0.414225646
6.686859000	-7.605715752	0.413522338
6.686860000	-7.589828968	0.414117022
6.686861000	-7.574134350	0.411449034
6.686862000	-7.575133801	0.412195119
6.686863000	-7.550515175	0.410641930
6.686864000	-7.548676014	0.408212028
6.686865000	-7.534865856	0.408063424
6.686866000	-7.517616749	0.409134248
6.686867000	-7.519010544	0.405709889
6.686868000	-7.502549648	0.405913987
6.686869000	-7.481945515	0.404999191
6.686870000	-7.474428177	0.404615163
6.686871000	-7.457707882	0.403616544
6.686872000	-7.447395325	0.402387595
6.686873000	-7.437740803	0.401761553
6.686874000	-7.424711704	0.402129934
6.686875000	-7.411231041	0.398682938
6.686876000	-7.397514820	0.399483851
6.686877000	-7.387591362	0.398488195
6.686878000	-7.364688396	0.395817910
6.686879000	-7.358753204	0.395777130
6.686880000	-7.353851318	0.396200173
6.686881000	-7.347245216	0.395623932
6.686882000	-7.330511093	0.393646535
6.686883000	-7.315209866	0.393479987
6.686884000	-7.314090252	0.392072606
6.686885000	-7.302267075	0.391879128
6.686886000	-7.271972179	0.390197441
6.686887000	-7.262533665	0.388818889
6.686888000	-7.262209892	0.389983789
6.686889000	-7.250140190	0.387251519
6.686890000	-7.233958244	0.386736064
6.686891000	-7.221463203	0.385939812
6.686892000	-7.212313175	0.383941043
6.686893000	-7.206952572	0.386220909
6.686894000	-7.190328598	0.383175684
6.686895000	-7.192634106	0.383146756
6.686896000	-7.180768013	0.381856055
6.686897000	-7.167392254	0.381149917
6.686898000	-7.147228718	0.379200017
6.686899000	-7.142541885	0.378361188
6.686900000	-7.128089905	0.377032837
6.686901000	-7.127261639	0.376154094
6.686902000	-7.122863293	0.376814990
6.686903000	-7.099059582	0.375081139
6.686904000	-7.101243496	0.374998648
6.686905000	-7.084971428	0.374454963
6.686906000	-7.079552650	0.372014043
6.686907000	-7.056382179	0.371937744
6.686908000	-7.044195175	0.370956102
6.686909000	-7.038980484	0.369714370
6.686910000	-7.023012161	0.367874692
6.686911000	-7.010652065	0.367559474
6.686912000	-7.013015747	0.367276613
6.686913000	-7.000409126	0.366083982
6.686914000	-6.989111900	0.364665649
6.686915000	-6.975701809	0.364288279
6.686916000	-6.961523533	0.363476215
6.686917000	-6.961432934	0.363494558
6.686918000	-6.949433327	0.360918482
6.686919000	-6.937882900	0.360819079
6.686920000	-6.935626507	0.360126058
6.686921000	-6.924988270	0.359702316
6.686922000	-6.917776108	0.357446419
6.686923000	-6.891884327	0.356324096
6.686924000	-6.883901119	0.356754263
6.686925000	-6.881548405	0.355599650
6.686926000	-6.875761032	0.354280220
6.686927000	-6.855482578	0.352082446
6.686928000	-6.840898514	0.352440442
6.686929000	-6.840619087	0.351269383
6.686930000	-6.825403214	0.349598483
6.686931000	-6.823871613	0.347655540
6.686932000	-6.808199406	0.347880777
6.686933000	-6.814616203	0.348097658
6.686934000	-6.791658878	0.346811751
6.686935000	-6.781051159	0.345476242
6.686936000	-6.773547649	0.344895640
6.686937000	-6.770843506	0.343328669
6.686938000	-6.757515430	0.342835884
6.686939000	-6.749805927	0.342257546
6.686940000	-6.746187210	0.341224605
6.686941000	-6.734484196	0.340335076
6.686942000	-6.731254578	0.339637028
6.686943000	-6.723083973	0.339155196
6.686944000	-6.714510441	0.337967859
6.686945000	-6.705666542	0.336582050
6.686946000	-6.704111576	0.338259275
6.686947000	-6.691786289	0.335187119
6.686948000	-6.667894840	0.334290133
6.686949000	-6.674069405	0.333849280
6.686950000	-6.653944492	0.334249753
6.686951000	-6.641475677	0.331567950
6.686952000	-6.639347076	0.331186152
6.686953000	-6.625304699	0.330741771
6.686954000	-6.619342804	0.329503667
6.686955000	-6.613961220	0.328971468
6.686956000	-6.602962971	0.327219341
6.686957000	-6.604481697	0.326560974
6.686958000	-6.589354992	0.324880253
6.686959000	-6.577600479	0.324217492
6.686960000	-6.564298153	0.323247003
6.686961000	-6.561279297	0.322830252
6.686962000	-6.553470135	0.321577301
6.686963000	-6.546137333	0.320399551
6.686964000	-6.536766052	0.319705631
6.686965000	-6.525139809	0.318693796
6.686966000	-6.519998074	0.318096483
6.686967000	-6.526447773	0.317554796
6.686968000	-6.507699966	0.316764236
6.686969000	-6.492959023	0.315813754
6.686970000	-6.490644455	0.314844197
6.686971000	-6.479196548	0.314188760
6.686972000	-6.462129116	0.313796210
6.686973000	-6.468307495	0.312034695
6.686974000	-6.454101562	0.310743628
6.686975000	-6.448328495	0.310307502
6.686976000	-6.444785595	0.309849805
6.686977000	-6.442122459	0.308682408
6.686978000	-6.428038597	0.307912488
6.686979000	-6.417040825	0.307686086
6.686980000	-6.415468216	0.306627280
6.686981000	-6.396854877	0.305592975
6.686982000	-6.398182869	0.303377724
6.686983000	-6.390384674	0.303614878
6.686984000	-6.388372898	0.302703978
6.686985000	-6.375990868	0.301630091
6.686986000	-6.372947216	0.301180783
6.686987000	-6.361542702	0.298669522
6.686988000	-6.356408596	0.299342569
6.686989000	-6.343204975	0.299012503
6.686990000	-6.343473911	0.297138404
6.686991000	-6.337168217	0.295678326
6.686992000	-6.319637775	0.294795022
6.686993000	-6.326555252	0.295445998
6.686994000	-6.308216572	0.294036753
6.686995000	-6.314172745	0.292490089
6.686996000	-6.295563698	0.291052681
6.686997000	-6.288963318	0.290844122
6.686998000	-6.284325123	0.289854125
6.686999000	-6.287967205	0.289399524
6.687000000	-6.272532463	0.289524692
6.687001000	-6.264844894	0.287533247
6.687002000	-6.253551960	0.287872867
6.687003000	-6.253507137	0.286911099
6.687004000	-6.238113403	0.284896618
6.687005000	-6.237806797	0.283139697
6.687006000	-6.237901688	0.285355447
6.687007000	-6.233140945	0.282935499
6.687008000	-6.220867157	0.281949064
6.687009000	-6.214702606	0.280883667
6.687010000	-6.200939178	0.279731883
6.687011000	-6.202628613	0.280347473
6.687012000	-6.196624756	0.279601921
6.687013000	-6.187638760	0.277743284
6.687014000	-6.178385735	0.277383324
6.687015000	-6.171226978	0.275075529
6.687016000	-6.169832230	0.275287600
6.687017000	-6.172034740	0.274620827
6.687018000	-6.159235477	0.273353695
6.687019000	-6.159023762	0.272583526
6.687020000	-6.140335083	0.271768365
6.687021000	-6.146333694	0.271786242
6.687022000	-6.138903618	0.271023779
6.687023000	-6.138667107	0.270210932
6.687024000	-6.132993698	0.269643496
6.687025000	-6.119753361	0.268275147
6.687026000	-6.107237339	0.266459920
6.687027000	-6.099025249	0.266234966
6.687028000	-6.091840744	0.264998593
6.687029000	-6.092834473	0.265153390
6.687030000	-6.084959984	0.264590414
6.687031000	-6.075063229	0.262665132
6.687032000	-6.077425480	0.262533555
6.687033000	-6.073677063	0.262211362
6.687034000	-6.074804306	0.260472634
6.687035000	-6.048184395	0.261055883
6.687036000	-6.052823544	0.259545421
6.687037000	-6.039148331	0.258617343
6.687038000	-6.041512489	0.257566010
6.687039000	-6.034193516	0.257399479
6.687040000	-6.040475368	0.256401610
6.687041000	-6.027238369	0.255731974
6.687042000	-6.022709370	0.254754844
6.687043000	-6.016177177	0.253296281
6.687044000	-6.009135723	0.253353306
6.687045000	-6.005108356	0.252251572
6.687046000	-6.001596928	0.252382284
6.687047000	-5.993320942	0.250887135
6.687048000	-5.997304440	0.250256515
6.687049000	-5.993592262	0.250164486
6.687050000	-5.979780197	0.249272044
6.687051000	-5.970176697	0.247619104
6.687052000	-5.962813377	0.247096891
6.687053000	-5.967701435	0.246164768
6.687054000	-5.953017235	0.245193563
6.687055000	-5.961472511	0.244548146
6.687056000	-5.948475838	0.243645817
6.687057000	-5.945439816	0.242672498
6.687058000	-5.936827183	0.242628706
6.687059000	-5.930574894	0.240758817
6.687060000	-5.933412075	0.241124286
6.687061000	-5.923895836	0.240808568
6.687062000	-5.923922062	0.239884601
6.687063000	-5.916890621	0.238523593
6.687064000	-5.907484531	0.239177732
6.687065000	-5.904584408	0.237305330
6.687066000	-5.907073021	0.237468016
6.687067000	-5.892402649	0.235675475
6.687068000	-5.890211582	0.235943256
6.687069000	-5.896292686	0.235055957
6.687070000	-5.879827499	0.234346475
6.687071000	-5.885790348	0.234107905
6.687072000	-5.878607750	0.233048783
6.687073000	-5.868714333	0.232440700
6.687074000	-5.869368076	0.232692186
6.687075000	-5.862204075	0.230593448
6.687076000	-5.851954460	0.229795382
6.687077000	-5.855807304	0.229811344
6.687078000	-5.849400997	0.227912344
6.687079000	-5.843514442	0.226836593
6.687080000	-5.842710495	0.225747926
6.687081000	-5.832464218	0.224995350
6.687082000	-5.832441330	0.225513219
6.687083000	-5.822443962	0.225141375
6.687084000	-5.821302891	0.225220304
6.687085000	-5.820950031	0.222531627
6.687086000	-5.818768024	0.222774124
6.687087000	-5.816436768	0.222071782
6.687088000	-5.815399647	0.222153058
6.687089000	-5.797555923	0.220613984
6.687090000	-5.788380623	0.220097314
6.687091000	-5.800471783	0.219276395
6.687092000	-5.787658215	0.219166972
6.687093000	-5.785519600	0.219053272
6.687094000	-5.786380768	0.218858162
6.687095000	-5.791410446	0.217346818
6.687096000	-5.767165184	0.217056334
6.687097000	-5.767572403	0.215827585
6.687098000	-5.764414787	0.214733758
6.687099000	-5.771593094	0.214336514
6.687100000	-5.756500721	0.213715199
6.687101000	-5.747962475	0.212144866
6.687102000	-5.752673149	0.212109229
6.687103000	-5.744839668	0.211881512
6.687104000	-5.740150452	0.211586234
6.687105000	-5.746809483	0.210984443
6.687106000	-5.735429764	0.210446052
6.687107000	-5.738065243	0.210029284
6.687108000	-5.725129604	0.208159146
6.687109000	-5.722904682	0.208261311
6.687110000	-5.726088047	0.205838450
6.687111000	-5.724288464	0.206920742
6.687112000	-5.715757847	0.206241703
6.687113000	-5.714182854	0.205565743
6.687114000	-5.709514141	0.204620287
6.687115000	-5.707510471	0.204190203
6.687116000	-5.700590134	0.204599165
6.687117000	-5.697456837	0.203743724
6.687118000	-5.701591492	0.202844691
6.687119000	-5.693127155	0.201876799
6.687120000	-5.686703205	0.201407783
6.687121000	-5.690094948	0.201192116
6.687122000	-5.682065964	0.199291269
6.687123000	-5.688141346	0.199598647
6.687124000	-5.682468891	0.198334145
6.687125000	-5.675501823	0.197822552
6.687126000	-5.670057297	0.198422362
6.687127000	-5.669140339	0.196586962
6.687128000	-5.660535812	0.196363473
6.687129000	-5.653032780	0.195745220
6.687130000	-5.651027203	0.194356082
6.687131000	-5.646365166	0.193840011
6.687132000	-5.648980618	0.194469016
6.687133000	-5.649133682	0.192219844
6.687134000	-5.641368866	0.192398492
6.687135000	-5.634350777	0.192116014
6.687136000	-5.626550198	0.191651741
6.687137000	-5.634849548	0.191308393
6.687138000	-5.630491257	0.190026198
6.687139000	-5.628864765	0.189859584
6.687140000	-5.625462532	0.189740640
6.687141000	-5.617401600	0.188957704
6.687142000	-5.617926121	0.188501288
6.687143000	-5.618447781	0.187566369
6.687144000	-5.611273766	0.187127646
6.687145000	-5.593638420	0.185756768
6.687146000	-5.604519367	0.186478834
6.687147000	-5.591461658	0.184503384
6.687148000	-5.594630241	0.185570746
6.687149000	-5.601387024	0.183802041
6.687150000	-5.596386433	0.184835847
6.687151000	-5.593693256	0.184866989
6.687152000	-5.582820415	0.182616002
6.687153000	-5.585337639	0.182164629
6.687154000	-5.572098732	0.181572675
6.687155000	-5.584228516	0.181516066
6.687156000	-5.578577995	0.181651605
6.687157000	-5.575588226	0.180243142
6.687158000	-5.568215847	0.179672260
6.687159000	-5.562632561	0.178765004
6.687160000	-5.563933849	0.179164179
6.687161000	-5.563313961	0.178062912
6.687162000	-5.560745239	0.177695462
6.687163000	-5.563311577	0.176604515
6.687164000	-5.554571152	0.175604115
6.687165000	-5.553455353	0.176193306
6.687166000	-5.553721428	0.175142290
6.687167000	-5.549216747	0.176091257
6.687168000	-5.540182114	0.174580479
6.687169000	-5.540657043	0.173378395
6.687170000	-5.533292294	0.174653117
6.687171000	-5.544359207	0.173479179
6.687172000	-5.530472279	0.172973844
6.687173000	-5.525928020	0.172099828
6.687174000	-5.518935680	0.171339296
6.687175000	-5.529911518	0.171163311
6.687176000	-5.526024818	0.170642563
6.687177000	-5.523026466	0.170110563
6.687178000	-5.521707535	0.170351280
6.687179000	-5.510045052	0.168778866
6.687180000	-5.514490604	0.168020531
6.687181000	-5.511362553	0.168172814
6.687182000	-5.506862164	0.167873241
6.687183000	-5.498975277	0.166804881
6.687184000	-5.504915237	0.165864486
6.687185000	-5.492661476	0.166063940
6.687186000	-5.495186329	0.165797407
6.687187000	-5.497744083	0.165595956
6.687188000	-5.493530750	0.163670790
6.687189000	-5.488631248	0.163823988
6.687190000	-5.487589836	0.163794477
6.687191000	-5.482711315	0.164340691
6.687192000	-5.484871864	0.163018066
6.687193000	-5.483502865	0.162021394
6.687194000	-5.475228786	0.161126672
6.687195000	-5.472577095	0.161420036
6.687196000	-5.474195004	0.161268669
6.687197000	-5.467039585	0.159389342
6.687198000	-5.472711563	0.159960457
6.687199000	-5.462742329	0.160355920
6.687200000	-5.462651730	0.158603510
6.687201000	-5.460659504	0.158337444
6.687202000	-5.458904743	0.156801515
6.687203000	-5.458191395	0.157568023
6.687204000	-5.452435017	0.156929647
6.687205000	-5.455090046	0.156415457
6.687206000	-5.446094036	0.155742826
6.687207000	-5.442574978	0.155730442
6.687208000	-5.440185547	0.155510998
6.687209000	-5.439787388	0.155401125
6.687210000	-5.435988903	0.154171844
6.687211000	-5.442611694	0.153611714
6.687212000	-5.449420929	0.153563661
6.687213000	-5.435201168	0.153482468
6.687214000	-5.437488079	0.152669271
6.687215000	-5.423120022	0.152679858
6.687216000	-5.420376778	0.150964732
6.687217000	-5.432430744	0.151877697
6.687218000	-5.421043873	0.151328520
6.687219000	-5.422423363	0.150784436
6.687220000	-5.415464401	0.150351373
6.687221000	-5.419797897	0.149273558
6.687222000	-5.413217068	0.148676810
6.687223000	-5.422049046	0.148974884
6.687224000	-5.414740086	0.147402654
6.687225000	-5.411160469	0.149516205
6.687226000	-5.406388760	0.148547098
6.687227000	-5.410174370	0.147341168
6.687228000	-5.408647537	0.147963466
6.687229000	-5.401706696	0.146632651
6.687230000	-5.401430607	0.146032974
6.687231000	-5.398951054	0.145677858
6.687232000	-5.391915321	0.144616372
6.687233000	-5.394609451	0.143568717
6.687234000	-5.380349636	0.144044208
6.687235000	-5.405926228	0.145261289
6.687236000	-5.390851498	0.143453036
6.687237000	-5.392850399	0.143143211
6.687238000	-5.380039215	0.142308659
6.687239000	-5.388202667	0.143712345
6.687240000	-5.383124828	0.142361706
6.687241000	-5.382113457	0.141721915
6.687242000	-5.381919861	0.141906156
6.687243000	-5.378300667	0.140673662
6.687244000	-5.377707481	0.139896684
6.687245000	-5.371154785	0.140785198
6.687246000	-5.366375923	0.138988438
6.687247000	-5.371599674	0.139482962
6.687248000	-5.375546932	0.138072136
6.687249000	-5.369552135	0.139550640
6.687250000	-5.370039463	0.138287028
6.687251000	-5.372362614	0.137317421
6.687252000	-5.365500450	0.137455672
6.687253000	-5.367696762	0.137135494
6.687254000	-5.360217094	0.136577412
6.687255000	-5.347986698	0.137997850
6.687256000	-5.356715202	0.135931837
6.687257000	-5.362182140	0.135277872
6.687258000	-5.355195999	0.135489702
6.687259000	-5.345210552	0.134485482
6.687260000	-5.349375725	0.135112582
6.687261000	-5.348031998	0.133942306
6.687262000	-5.340223789	0.133281750
6.687263000	-5.347690105	0.133344234
6.687264000	-5.337783337	0.132432235
6.687265000	-5.342525005	0.132458642
6.687266000	-5.338604927	0.132770540
6.687267000	-5.340670109	0.131639154
6.687268000	-5.334453106	0.132100821
6.687269000	-5.334105968	0.131924795
6.687270000	-5.334119797	0.131013919
6.687271000	-5.336311340	0.131800159
6.687272000	-5.329895496	0.129503657
6.687273000	-5.326129913	0.129168048
6.687274000	-5.323112965	0.129378338
6.687275000	-5.331837177	0.129369650
6.687276000	-5.325437069	0.129481835
6.687277000	-5.321315289	0.127282755
6.687278000	-5.317667961	0.127550719
6.687279000	-5.318320274	0.126803328
6.687280000	-5.321882248	0.126586480
6.687281000	-5.320654869	0.126712173
6.687282000	-5.308299065	0.127093537
6.687283000	-5.314579964	0.125750530
6.687284000	-5.324226379	0.127183319
6.687285000	-5.313213348	0.126287906
6.687286000	-5.318915367	0.124680522
6.687287000	-5.307571888	0.124174621
6.687288000	-5.309815407	0.124912192
6.687289000	-5.298981190	0.123553439
6.687290000	-5.302148819	0.124485803
6.687291000	-5.305036068	0.123934604
6.687292000	-5.297688007	0.122602907
6.687293000	-5.299031258	0.122634940
6.687294000	-5.301764965	0.122808927
6.687295000	-5.293350697	0.122497504
6.687296000	-5.291096210	0.121326504
6.687297000	-5.301052094	0.121587552
6.687298000	-5.293637753	0.121516271
6.687299000	-5.296737671	0.121213752
6.687300000	-5.290862560	0.121253708
6.687301000	-5.285060883	0.120854958
6.687302000	-5.296686649	0.119965196
6.687303000	-5.288687229	0.120226335
6.687304000	-5.283443928	0.118430441
6.687305000	-5.279971600	0.118833352
6.687306000	-5.287939548	0.118373899
6.687307000	-5.273912907	0.118223521
6.687308000	-5.276371956	0.118828001
6.687309000	-5.275016308	0.118202774
6.687310000	-5.283552647	0.118370694
6.687311000	-5.280765057	0.117594708
6.687312000	-5.286592484	0.117111910
6.687313000	-5.268806458	0.116178297
6.687314000	-5.266898632	0.115891000
6.687315000	-5.270114899	0.116249370
6.687316000	-5.271924019	0.116009536
6.687317000	-5.272225857	0.114797897
6.687318000	-5.264088154	0.114940984
6.687319000	-5.271223068	0.114861547
6.687320000	-5.261345863	0.113950022
6.687321000	-5.268640995	0.114139439
6.687322000	-5.255646229	0.113260654
6.687323000	-5.257837772	0.113906870
6.687324000	-5.263842106	0.113898648
6.687325000	-5.265889645	0.112331627
6.687326000	-5.256228447	0.112830920
6.687327000	-5.256335735	0.111840174
6.687328000	-5.249732971	0.111693134
6.687329000	-5.252055168	0.112061083
6.687330000	-5.250904083	0.111330021
6.687331000	-5.254241943	0.111212076
6.687332000	-5.254270077	0.110502352
6.687333000	-5.247523785	0.110404339
6.687334000	-5.250603676	0.109785346
6.687335000	-5.251495361	0.109558128
6.687336000	-5.251167774	0.110496318
6.687337000	-5.247642040	0.109657156
6.687338000	-5.243352890	0.109447399
6.687339000	-5.248788357	0.109145796
6.687340000	-5.250103474	0.108433600
6.687341000	-5.230586052	0.108729951
6.687342000	-5.247014523	0.107265113
6.687343000	-5.234688759	0.107373861
6.687344000	-5.230362415	0.107202146
6.687345000	-5.232967854	0.106342303
6.687346000	-5.236489773	0.106661333
6.687347000	-5.235688686	0.106654991
6.687348000	-5.229972839	0.106787675
6.687349000	-5.226566792	0.106576702
6.687350000	-5.228689671	0.104756815
6.687351000	-5.227778912	0.104860195
6.687352000	-5.231488228	0.105187972
6.687353000	-5.227666378	0.105908732
6.687354000	-5.216723442	0.104474353
6.687355000	-5.222670078	0.104217832
6.687356000	-5.219875813	0.103882332
6.687357000	-5.218312740	0.103726030
6.687358000	-5.225850105	0.103521532
6.687359000	-5.220160007	0.103625221
6.687360000	-5.216404438	0.102957741
6.687361000	-5.221774101	0.102067064
6.687362000	-5.220901489	0.102658976
6.687363000	-5.221002102	0.102965897
6.687364000	-5.209437370	0.102314704
6.687365000	-5.211832523	0.101325107
6.687366000	-5.211410522	0.101949918
6.687367000	-5.205898285	0.100899650
6.687368000	-5.211251736	0.100688819
6.687369000	-5.207265854	0.100723282
6.687370000	-5.211589336	0.100557226
6.687371000	-5.210868359	0.100082426
6.687372000	-5.211794853	0.099965114
6.687373000	-5.204559326	0.099950674
6.687374000	-5.207244873	0.099390437
6.687375000	-5.201092720	0.100263230
6.687376000	-5.204703331	0.099584465
6.687377000	-5.198572636	0.099103490
6.687378000	-5.200394630	0.100028855
6.687379000	-5.205340385	0.098517178
6.687380000	-5.199647903	0.097740467
6.687381000	-5.194817543	0.098791409
6.687382000	-5.207069397	0.097998810
6.687383000	-5.194234371	0.097725920
6.687384000	-5.192859650	0.096770744
6.687385000	-5.201922894	0.097394922
6.687386000	-5.197748184	0.097259142
6.687387000	-5.187134266	0.097078289
6.687388000	-5.190011501	0.096757153
6.687389000	-5.196583271	0.095817432
6.687390000	-5.188783646	0.095223122
6.687391000	-5.198400497	0.095933163
6.687392000	-5.191739559	0.095909303
6.687393000	-5.181548595	0.095791791
6.687394000	-5.184769154	0.095318464
6.687395000	-5.186136723	0.094840027
6.687396000	-5.179538727	0.095426097
6.687397000	-5.191392422	0.094435093
6.687398000	-5.176582336	0.093470430
6.687399000	-5.177480698	0.094785082
6.687400000	-5.176107883	0.093804323
6.687401000	-5.177629471	0.092562425
6.687402000	-5.176491261	0.092868630
6.687403000	-5.177539349	0.092599285
6.687404000	-5.162368298	0.092469688
6.687405000	-5.180017471	0.093051514
6.687406000	-5.171765327	0.093052122
6.687407000	-5.171435356	0.091862504
6.687408000	-5.171579361	0.091817048
6.687409000	-5.180073261	0.091007288
6.687410000	-5.170683861	0.090836422
6.687411000	-5.166845322	0.090930423
6.687412000	-5.170440674	0.090545197
6.687413000	-5.168848515	0.090768195
6.687414000	-5.173699856	0.090560244
6.687415000	-5.163842201	0.090394212
6.687416000	-5.163233280	0.090058987
6.687417000	-5.169272900	0.089408951
6.687418000	-5.162509441	0.089304863
6.687419000	-5.163030148	0.089267329
6.687420000	-5.169441223	0.089111351
6.687421000	-5.158786774	0.089802732
6.687422000	-5.163953304	0.088530948
6.687423000	-5.162502766	0.088868978
6.687424000	-5.159816742	0.088211785
6.687425000	-5.160974503	0.087674983
6.687426000	-5.168046474	0.087986199
6.687427000	-5.167882442	0.087216245
6.687428000	-5.153952599	0.086262692
6.687429000	-5.158182621	0.086743634
6.687430000	-5.157832146	0.086536224
6.687431000	-5.148490906	0.087913353
6.687432000	-5.154309750	0.086148126
6.687433000	-5.151864052	0.086580915
6.687434000	-5.152800083	0.085802323
6.687435000	-5.154633522	0.085929165
6.687436000	-5.145522118	0.086075397
6.687437000	-5.156463623	0.085729685
6.687438000	-5.145655155	0.084918179
6.687439000	-5.149487495	0.085239747
6.687440000	-5.149415970	0.083882708
6.687441000	-5.142976284	0.084754619
6.687442000	-5.146400452	0.084858224
6.687443000	-5.143811226	0.083968579
6.687444000	-5.143900394	0.083974837
6.687445000	-5.143890858	0.084077876
6.687446000	-5.136397362	0.083141617
6.687447000	-5.150397778	0.083980929
6.687448000	-5.137575150	0.083422606
6.687449000	-5.147866249	0.083125064
6.687450000	-5.142310619	0.082617391
6.687451000	-5.143164158	0.082255142
6.687452000	-5.141865253	0.081985814
6.687453000	-5.131772041	0.082191335
6.687454000	-5.137892723	0.081945933
6.687455000	-5.136898994	0.081307923
6.687456000	-5.137752056	0.081734037
6.687457000	-5.142568588	0.081787400
6.687458000	-5.141586781	0.081523647
6.687459000	-5.135436058	0.080813457
6.687460000	-5.138759613	0.080933607
6.687461000	-5.122654438	0.080281948
6.687462000	-5.133052826	0.079915206
6.687463000	-5.131094933	0.080760984
6.687464000	-5.131064415	0.079803594
6.687465000	-5.131954193	0.079887392
6.687466000	-5.125634670	0.079398694
6.687467000	-5.130000114	0.079467171
6.687468000	-5.128950596	0.079397579
6.687469000	-5.131337166	0.079370282
6.687470000	-5.130098343	0.079631180
6.687471000	-5.126296520	0.078871763
6.687472000	-5.125072002	0.079031569
6.687473000	-5.129900932	0.079159809
6.687474000	-5.124549389	0.078526950
6.687475000	-5.120456219	0.078232338
6.687476000	-5.123432636	0.077961727
6.687477000	-5.123808384	0.076476075
6.687478000	-5.115764141	0.076556660
6.687479000	-5.120891571	0.077167057
6.687480000	-5.119487286	0.077295396
6.687481000	-5.118474483	0.077256397
6.687482000	-5.123420238	0.077038493
6.687483000	-5.116330624	0.076089716
6.687484000	-5.128855228	0.076703775
6.687485000	-5.115903854	0.076075710
6.687486000	-5.117486954	0.076269621
6.687487000	-5.116852283	0.075885302
6.687488000	-5.111144543	0.075976732
6.687489000	-5.119693279	0.075253409
6.687490000	-5.115724564	0.075369806
6.687491000	-5.117148876	0.074736165
6.687492000	-5.120253086	0.074936410
6.687493000	-5.111785412	0.075695843
6.687494000	-5.113854885	0.075265094
6.687495000	-5.114063740	0.073963315
6.687496000	-5.109156132	0.074282878
6.687497000	-5.105850220	0.074245053
6.687498000	-5.114232063	0.074395363
6.687499000	-5.115599632	0.073799431
6.687500000	-5.111119270	0.073445322
6.687501000	-5.107163906	0.073385243
6.687502000	-5.106901646	0.072934212
6.687503000	-5.103338718	0.072822426
6.687504000	-5.101527691	0.072359427
6.687505000	-5.099687099	0.072794271
6.687506000	-5.100382328	0.072004893
6.687507000	-5.106257439	0.072350788
6.687508000	-5.107425213	0.071657467
6.687509000	-5.103044510	0.071865760
6.687510000	-5.102447033	0.071367025
6.687511000	-5.103911877	0.072104779
6.687512000	-5.105854511	0.070745243
6.687513000	-5.100545406	0.071246200
6.687514000	-5.101526260	0.071008447
6.687515000	-5.098095417	0.070797366
6.687516000	-5.096602440	0.070423334
6.687517000	-5.101750851	0.070817115
6.687518000	-5.100235939	0.070735589
6.687519000	-5.101335049	0.069688388
6.687520000	-5.089932442	0.069769756
6.687521000	-5.104703903	0.070137959
6.687522000	-5.095962524	0.069792697
6.687523000	-5.095481873	0.069297853
6.687524000	-5.099458694	0.069402323
6.687525000	-5.091962814	0.068969576
6.687526000	-5.094636917	0.068565729
6.687527000	-5.088381767	0.068950855
6.687528000	-5.092972755	0.068415547
6.687529000	-5.090406895	0.068717404
6.687530000	-5.099626064	0.069098257
6.687531000	-5.092838287	0.068209964
6.687532000	-5.084324360	0.068652594
6.687533000	-5.080928326	0.067982080
6.687534000	-5.095596313	0.068166883
6.687535000	-5.087621212	0.068324858
6.687536000	-5.095754147	0.068441763
6.687537000	-5.090008259	0.067408652
6.687538000	-5.088476658	0.068004513
6.687539000	-5.091934204	0.066927344
6.687540000	-5.086820126	0.067397325
6.687541000	-5.091399193	0.067053103
6.687542000	-5.085954666	0.067789875
6.687543000	-5.093017101	0.065828727
6.687544000	-5.079238892	0.066550194
6.687545000	-5.085555553	0.065941504
6.687546000	-5.087878704	0.066131421
6.687547000	-5.088309765	0.066658073
6.687548000	-5.082015038	0.066380876
6.687549000	-5.081224442	0.065484352
6.687550000	-5.087493420	0.065144553
6.687551000	-5.081803322	0.066541993
6.687552000	-5.081988335	0.065627471
6.687553000	-5.082529068	0.065787981
6.687554000	-5.082378864	0.065183165
6.687555000	-5.079439163	0.066220383
6.687556000	-5.075982571	0.064511619
6.687557000	-5.081000328	0.064336808
6.687558000	-5.080843925	0.064928487
6.687559000	-5.080029011	0.064677655
6.687560000	-5.078056812	0.062237609
6.687561000	-5.076912403	0.064230548
6.687562000	-5.076264858	0.064003422
6.687563000	-5.081468105	0.063502344
6.687564000	-5.077877522	0.063903840
6.687565000	-5.072830200	0.064043814
6.687566000	-5.066670418	0.062102553
6.687567000	-5.068281651	0.062898068
6.687568000	-5.073811531	0.062495661
6.687569000	-5.070823669	0.062410427
6.687570000	-5.068228722	0.062676123
6.687571000	-5.070978642	0.062934562
6.687572000	-5.074196339	0.061924895
6.687573000	-5.067562580	0.061993031
6.687574000	-5.075759888	0.062289707
6.687575000	-5.071124077	0.061730917
6.687576000	-5.065350056	0.062207103
6.687577000	-5.068578720	0.061591430
6.687578000	-5.069311142	0.060916677
6.687579000	-5.065581799	0.060943167
6.687580000	-5.074077129	0.060557637
6.687581000	-5.066739082	0.060749430
6.687582000	-5.067964077	0.060273910
6.687583000	-5.059150696	0.059908358
6.687584000	-5.066287518	0.060915853
6.687585000	-5.062451363	0.060496238
6.687586000	-5.063298702	0.059960290
6.687587000	-5.065598488	0.059878202
6.687588000	-5.064818382	0.060551345
6.687589000	-5.067417622	0.060263794
6.687590000	-5.063379288	0.060746838
6.687591000	-5.059225559	0.060027955
6.687592000	-5.067104340	0.058983534
6.687593000	-5.061895370	0.060314915
6.687594000	-5.059323788	0.059215857
6.687595000	-5.059875965	0.058261259
6.687596000	-5.058540344	0.059010877
6.687597000	-5.059855461	0.059176979
6.687598000	-5.053446770	0.058276955
6.687599000	-5.055565357	0.057661445
6.687600000	-5.058462620	0.057112909
6.687601000	-5.047667027	0.057651096
6.687602000	-5.051567078	0.057439125
6.687603000	-5.050874710	0.057551173
6.687604000	-5.060046196	0.058204155
6.687605000	-5.055748940	0.057606184
6.687606000	-5.053117275	0.057416800
6.687607000	-5.054695129	0.056856367
6.687608000	-5.045995712	0.056727686
6.687609000	-5.052348614	0.057188651
6.687610000	-5.052955627	0.056680303
6.687611000	-5.053141117	0.056877947
6.687612000	-5.054311752	0.055979009
6.687613000	-5.056014061	0.056486824
6.687614000	-5.060625553	0.056339539
6.687615000	-5.054971695	0.056260119
6.687616000	-5.047550678	0.056241535
6.687617000	-5.050539017	0.056291656
6.687618000	-5.051397800	0.055522989
6.687619000	-5.048188210	0.055296375
6.687620000	-5.051556587	0.055698841
6.687621000	-5.051917076	0.055696024
6.687622000	-5.054685593	0.054861951
6.687623000	-5.050321579	0.055021886
6.687624000	-5.051132679	0.054647562
6.687625000	-5.048965931	0.055311979
6.687626000	-5.053205490	0.054878263
6.687627000	-5.050182819	0.053805629
6.687628000	-5.045111179	0.055016447
6.687629000	-5.038038254	0.054392152
6.687630000	-5.053966999	0.054421826
6.687631000	-5.042387962	0.054786150
6.687632000	-5.048366547	0.053543499
6.687633000	-5.046263218	0.053406092
6.687634000	-5.046698570	0.053899559
6.687635000	-5.051988602	0.054165634
6.687636000	-5.047008991	0.053895981
6.687637000	-5.036029816	0.053551351
6.687638000	-5.047106266	0.053468481
6.687639000	-5.045958042	0.053278651
6.687640000	-5.039719582	0.053940343
6.687641000	-5.040630341	0.052607909
6.687642000	-5.043559551	0.052868650
6.687643000	-5.037159443	0.053951557
6.687644000	-5.047473431	0.052741226
6.687645000	-5.048973083	0.052590782
6.687646000	-5.046247482	0.052587320
6.687647000	-5.039943218	0.052291135
6.687648000	-5.045837879	0.052674110
6.687649000	-5.036817074	0.052631620
6.687650000	-5.048171997	0.052755049
6.687651000	-5.041347027	0.052452805
6.687652000	-5.038449287	0.052874529
6.687653000	-5.029717445	0.052110319
6.687654000	-5.034915924	0.052410440
6.687655000	-5.040945053	0.051612952
6.687656000	-5.045957088	0.050789070
6.687657000	-5.040889263	0.050192198
6.687658000	-5.042593479	0.050931745
6.687659000	-5.037330151	0.051293252
6.687660000	-5.045624256	0.050528842
6.687661000	-5.043148041	0.050609540
6.687662000	-5.044371605	0.050910585
6.687663000	-5.035156250	0.051008669
6.687664000	-5.039639473	0.050282533
6.687665000	-5.041739464	0.049662998
6.687666000	-5.039722919	0.051241225
6.687667000	-5.043439865	0.050536469
6.687668000	-5.032804966	0.051255639
6.687669000	-5.032800198	0.050247362
6.687670000	-5.037086487	0.049333865
6.687671000	-5.037545681	0.049782445
6.687672000	-5.037436485	0.049900186
6.687673000	-5.034699917	0.049576300
6.687674000	-5.030304909	0.049914542
6.687675000	-5.031443596	0.049456287
6.687676000	-5.030096531	0.048388946
6.687677000	-5.032396317	0.049309493
6.687678000	-5.030865192	0.048878177
6.687679000	-5.035227776	0.049449950
6.687680000	-5.029931068	0.048254606
6.687681000	-5.032168388	0.049291096
6.687682000	-5.027256966	0.047573782
6.687683000	-5.034581661	0.047547142
6.687684000	-5.029238224	0.048216869
6.687685000	-5.033690453	0.048267494
6.687686000	-5.035811424	0.047404450
6.687687000	-5.034983635	0.048173854
6.687688000	-5.028898716	0.046879596
6.687689000	-5.028755188	0.047506516
6.687690000	-5.032225132	0.047458167
6.687691000	-5.032423496	0.047188768
6.687692000	-5.031856537	0.047368664
6.687693000	-5.023726463	0.047975316
6.687694000	-5.028112411	0.047398334
6.687695000	-5.034768105	0.047832271
6.687696000	-5.030803680	0.047225827
6.687697000	-5.028939247	0.046405295
6.687698000	-5.032639503	0.046495164
6.687699000	-5.020192146	0.046829050
6.687700000	-5.025939465	0.046091154
6.687701000	-5.019929409	0.046300054
6.687702000	-5.029569149	0.045821468
6.687703000	-5.021689415	0.045811485
6.687704000	-5.021122932	0.046582012
6.687705000	-5.016400814	0.045163113
6.687706000	-5.025261402	0.046138796
6.687707000	-5.019556046	0.045874593
6.687708000	-5.025887489	0.045504855
6.687709000	-5.023394108	0.045093130
6.687710000	-5.015708923	0.044763140
6.687711000	-5.023669243	0.045463006
6.687712000	-5.019060612	0.044881767
6.687713000	-5.024090767	0.045015736
6.687714000	-5.018515110	0.045390393
6.687715000	-5.016208172	0.045012399
6.687716000	-5.020313263	0.044934277
6.687717000	-5.015644550	0.044828986
6.687718000	-5.017007828	0.044943694
6.687719000	-5.024549484	0.044375234
6.687720000	-5.017498970	0.044422526
6.687721000	-5.010519505	0.043875866
6.687722000	-5.016121387	0.044768142
6.687723000	-5.020143509	0.044658569
6.687724000	-5.015764236	0.045032290
6.687725000	-5.016309261	0.043241551
6.687726000	-5.020669460	0.044207613
6.687727000	-5.013820171	0.044134888
6.687728000	-5.020452976	0.044018220
6.687729000	-5.017313004	0.043612896
6.687730000	-5.017302990	0.044022423
6.687731000	-5.023090363	0.043491547
6.687732000	-5.014725685	0.043435575
6.687733000	-5.017650127	0.043615176
6.687734000	-5.005399704	0.043537258
6.687735000	-5.012984753	0.043309666
6.687736000	-5.022596836	0.042358239
6.687737000	-5.013222218	0.042423549
6.687738000	-5.015087128	0.042518145
6.687739000	-5.010704041	0.042034448
6.687740000	-5.018889904	0.043008017
6.687741000	-5.006245613	0.042400325
6.687742000	-5.004576683	0.041988251
6.687743000	-5.010982513	0.041618866
6.687744000	-5.014139175	0.041436939
6.687745000	-5.000457287	0.042655031
6.687746000	-5.009425640	0.041679087
6.687747000	-5.004711628	0.041218006
6.687748000	-5.017278194	0.041112504
6.687749000	-5.009041309	0.042277566
6.687750000	-5.010662079	0.041624463
6.687751000	-5.004039288	0.041749661
6.687752000	-5.015849590	0.041134308
6.687753000	-5.000222206	0.041139460
6.687754000	-5.006481647	0.041073313
6.687755000	-5.005807400	0.039937554
6.687756000	-5.003505230	0.040036957
6.687757000	-5.009372234	0.040290843
6.687758000	-5.010999680	0.041281506
6.687759000	-5.016333580	0.041536816
6.687760000	-5.011969566	0.040680343
6.687761000	-5.009887218	0.040395406
6.687762000	-5.014307499	0.040121803
6.687763000	-5.013032436	0.040030395
6.687764000	-5.008796692	0.039875145
6.687765000	-5.003643036	0.040440759
6.687766000	-5.007720947	0.039565303
6.687767000	-5.001205444	0.039861592
6.687768000	-5.004941940	0.039343316
6.687769000	-5.002781868	0.039054642
6.687770000	-5.002895355	0.039955506
6.687771000	-5.003508091	0.039996972
6.687772000	-4.999642849	0.039207915
6.687773000	-4.999533176	0.039755224
6.687774000	-5.002836704	0.038777377
6.687775000	-5.002898693	0.038997637
6.687776000	-5.006063461	0.038636995
6.687777000	-5.005271435	0.038005964
6.687778000	-5.000319004	0.038567200
6.687779000	-4.999446392	0.038564108
6.687780000	-4.996662617	0.039112936
6.687781000	-4.998526096	0.038534830
6.687782000	-4.995940685	0.038335542
6.687783000	-5.000712395	0.038021855
6.687784000	-5.001426220	0.038579500
6.687785000	-5.001088142	0.037559064
6.687786000	-4.993991852	0.039222554
6.687787000	-5.003143787	0.038384561
6.687788000	-4.996656418	0.037694628
6.687789000	-4.999067307	0.037933675
6.687790000	-4.999757290	0.037811478
6.687791000	-4.999161720	0.037424030
6.687792000	-4.995091915	0.037429601
6.687793000	-4.998909473	0.037290264
6.687794000	-5.002936363	0.036985257
6.687795000	-4.991045952	0.037661167
6.687796000	-5.001296520	0.036339878
6.687797000	-4.994131565	0.036923900
6.687798000	-4.994974613	0.036982286
6.687799000	-4.999943256	0.036556438
6.687800000	-5.001076698	0.036112985
6.687801000	-4.997381210	0.036451169
6.687802000	-4.995064259	0.036249588
6.687803000	-4.996309757	0.036853223
6.687804000	-4.996996403	0.036138189
6.687805000	-4.987756729	0.036012354
6.687806000	-4.991120815	0.035746846
6.687807000	-4.998418808	0.035738149
6.687808000	-4.999010086	0.035655795
6.687809000	-4.987634182	0.036755006
6.687810000	-4.990973473	0.035613251
6.687811000	-4.998281479	0.035431469
6.687812000	-4.993717194	0.036456553
6.687813000	-4.988915443	0.035600838
6.687814000	-4.990753174	0.035044150
6.687815000	-4.996243000	0.035991773
6.687816000	-4.993403912	0.034511418
6.687817000	-4.995118618	0.035292668
6.687818000	-4.987645626	0.034879893
6.687819000	-4.993497372	0.034963573
6.687820000	-4.989609718	0.034843418
6.687821000	-4.988910675	0.034372397
6.687822000	-4.993171215	0.034413305
6.687823000	-4.988972187	0.034577809
6.687824000	-4.988004208	0.034599335
6.687825000	-4.986460209	0.034595066
6.687826000	-4.981901646	0.034202807
6.687827000	-4.982536793	0.035125260
6.687828000	-4.990288734	0.034971391
6.687829000	-4.993423462	0.034109064
6.687830000	-4.985567093	0.034254826
6.687831000	-4.991262436	0.033772848
6.687832000	-4.987473965	0.034346023
6.687833000	-4.990293503	0.034093936
6.687834000	-4.996482372	0.033970569
6.687835000	-4.987379074	0.033520441
6.687836000	-4.985701084	0.033967394
6.687837000	-4.987168789	0.033623391
6.687838000	-4.986383438	0.033321817
6.687839000	-4.982507229	0.033646544
6.687840000	-4.983497143	0.033606831
6.687841000	-4.990168571	0.033106390
6.687842000	-4.986226559	0.032705620
6.687843000	-4.988824844	0.032278434
6.687844000	-4.990248203	0.033030748
6.687845000	-4.985593319	0.033169542
6.687846000	-4.987187862	0.033040088
6.687847000	-4.985647678	0.033515194
6.687848000	-4.981281757	0.033101894
6.687849000	-4.980709076	0.032718678
6.687850000	-4.989676476	0.033006476
6.687851000	-4.978412151	0.032974807
6.687852000	-4.975142002	0.033337671
6.687853000	-4.984997272	0.033128270
6.687854000	-4.985629559	0.032766931
6.687855000	-4.978639603	0.032049123
6.687856000	-4.985981941	0.032506917
6.687857000	-4.983949184	0.033121216
6.687858000	-4.977618694	0.032560070
6.687859000	-4.989492893	0.031397671
6.687860000	-4.982366085	0.032433909
6.687861000	-4.976160049	0.031811137
6.687862000	-4.989896297	0.031416227
6.687863000	-4.978116512	0.031282324
6.687864000	-4.976971626	0.030276575
6.687865000	-4.979205132	0.030997864
6.687866000	-4.982547283	0.030907358
6.687867000	-4.982795238	0.031474014
6.687868000	-4.973888397	0.030293876
6.687869000	-4.982626438	0.031206676
6.687870000	-4.974266529	0.030997963
6.687871000	-4.978322983	0.030607321
6.687872000	-4.968869209	0.030411870
6.687873000	-4.977926254	0.029984768
6.687874000	-4.977366447	0.030665308
6.687875000	-4.982339859	0.031130818
6.687876000	-4.972825527	0.030292097
6.687877000	-4.977581501	0.029644447
6.687878000	-4.981897354	0.030559511
6.687879000	-4.977384567	0.030800869
6.687880000	-4.981138229	0.030416764
6.687881000	-4.979375839	0.031444885
6.687882000	-4.983598709	0.029916477
6.687883000	-4.972852707	0.030079185
6.687884000	-4.979906559	0.029547113
6.687885000	-4.975517750	0.029874844
6.687886000	-4.979692459	0.029657642
6.687887000	-4.978786945	0.029655037
6.687888000	-4.978240967	0.029257115
6.687889000	-4.973809719	0.029969677
6.687890000	-4.975030422	0.030714520
6.687891000	-4.972696781	0.029587077
6.687892000	-4.970564365	0.029245345
6.687893000	-4.971948147	0.029548026
6.687894000	-4.964575768	0.029327552
6.687895000	-4.969716072	0.029856349
6.687896000	-4.968437672	0.029761044
6.687897000	-4.978843689	0.028548717
6.687898000	-4.970867157	0.029042209
6.687899000	-4.970801830	0.028004541
6.687900000	-4.965577602	0.029681873
6.687901000	-4.980462551	0.029201586
6.687902000	-4.979555130	0.029006558
6.687903000	-4.973922253	0.028960081
6.687904000	-4.981057644	0.028588327
6.687905000	-4.982482910	0.028977691
6.687906000	-4.979243755	0.028468247
6.687907000	-4.975217819	0.028594026
6.687908000	-4.975283146	0.028013207
6.687909000	-4.971638680	0.027631611
6.687910000	-4.971899986	0.028282559
6.687911000	-4.973223686	0.029049297
6.687912000	-4.969928741	0.028283840
6.687913000	-4.966987610	0.026946251
6.687914000	-4.965517044	0.027287745
6.687915000	-4.972215652	0.027198040
6.687916000	-4.973090172	0.027078918
6.687917000	-4.977504730	0.026839920
6.687918000	-4.975125790	0.028052135
6.687919000	-4.966307163	0.027375390
6.687920000	-4.968633175	0.026873457
6.687921000	-4.971427917	0.028008197
6.687922000	-4.972386837	0.027126172
6.687923000	-4.979825974	0.026328429
6.687924000	-4.968005180	0.026835921
6.687925000	-4.962945938	0.026844512
6.687926000	-4.969463825	0.026820943
6.687927000	-4.968468189	0.026228541
6.687928000	-4.968447208	0.028025944
6.687929000	-4.966595173	0.026201883
6.687930000	-4.967576504	0.027153301
6.687931000	-4.972323895	0.026293816
6.687932000	-4.966781139	0.025922609
6.687933000	-4.964972019	0.026737405
6.687934000	-4.967603683	0.026927428
6.687935000	-4.978921890	0.026126694
6.687936000	-4.962652683	0.025999678
6.687937000	-4.973604202	0.026729540
6.687938000	-4.970585346	0.026966591
6.687939000	-4.957782269	0.025994445
6.687940000	-4.970823765	0.026921698
6.687941000	-4.966618538	0.025579608
6.687942000	-4.972219467	0.025914705
6.687943000	-4.978129864	0.025698510
6.687944000	-4.965818882	0.024295205
6.687945000	-4.967585564	0.026292742
6.687946000	-4.970287323	0.025270209
6.687947000	-4.975001812	0.025281973
6.687948000	-4.966959476	0.025676593
6.687949000	-4.969450474	0.025365405
6.687950000	-4.973857880	0.025071311
6.687951000	-4.973432064	0.025588216
6.687952000	-4.963484287	0.025317844
6.687953000	-4.957833290	0.024324148
6.687954000	-4.961781025	0.025169889
6.687955000	-4.967389107	0.025826974
6.687956000	-4.961656570	0.024809832
6.687957000	-4.959401131	0.024433317
6.687958000	-4.960512638	0.025142573
6.687959000	-4.960016727	0.025655856
6.687960000	-4.959696293	0.025144483
6.687961000	-4.963674068	0.024065834
6.687962000	-4.963847637	0.024951408
6.687963000	-4.967233181	0.024693210
6.687964000	-4.961024284	0.025036146
6.687965000	-4.963154316	0.024122068
6.687966000	-4.973832607	0.023189396
6.687967000	-4.966444969	0.024003768
6.687968000	-4.969927311	0.022959938
6.687969000	-4.965972424	0.024258728
6.687970000	-4.964472294	0.024351358
6.687971000	-4.961077690	0.023293482
6.687972000	-4.964382172	0.024187757
6.687973000	-4.966651917	0.024644939
6.687974000	-4.958743095	0.024166889
6.687975000	-4.965244293	0.023967790
6.687976000	-4.965167522	0.024486075
6.687977000	-4.953084946	0.023830444
6.687978000	-4.961189747	0.023686469
6.687979000	-4.967596054	0.023580288
6.687980000	-4.960048199	0.023812886
6.687981000	-4.959243298	0.022977483
6.687982000	-4.963864326	0.022601784
6.687983000	-4.961934090	0.022981239
6.687984000	-4.962450027	0.021672988
