D:\KID metingen\Entropy ADR\LT343chip5_BF_20240530_mapping\S21\Power\KID2_116dBm_.dat
Power at KID:116dBm
resonance Frequency in GHz :5.637437
Q=52198.490739, Qc=58893.121843, Qi=459193.647467  S21min=-18.886759


Temperature in K:0.100037
GHz	dB	Rad
5.636516000	0.787208557	0.129526568
5.636517000	0.733796120	0.133587123
5.636518000	0.707124829	0.135664389
5.636519000	0.757895827	0.132731200
5.636520000	0.747955322	0.131062480
5.636521000	0.748336434	0.133780851
5.636522000	0.723014235	0.129581904
5.636523000	0.741125643	0.128832748
5.636524000	0.750852823	0.138634388
5.636525000	0.699865341	0.140377002
5.636526000	0.763263881	0.136100848
5.636527000	0.736233830	0.133281975
5.636528000	0.620943964	0.139017483
5.636529000	0.723120213	0.132376334
5.636530000	0.699411154	0.135418804
5.636531000	0.806778371	0.127320114
5.636532000	0.745925426	0.133544446
5.636533000	0.684610069	0.133720373
5.636534000	0.687105417	0.133123159
5.636535000	0.783603728	0.131306442
5.636536000	0.726145446	0.128715710
5.636537000	0.685770869	0.133896499
5.636538000	0.794966400	0.134960848
5.636539000	0.729666770	0.135079101
5.636540000	0.703985214	0.124345313
5.636541000	0.698718727	0.132448305
5.636542000	0.745657086	0.134025155
5.636543000	0.735480428	0.135041792
5.636544000	0.700340509	0.130800757
5.636545000	0.744765818	0.143033156
5.636546000	0.741454363	0.130308347
5.636547000	0.754563451	0.131028058
5.636548000	0.731080174	0.130534175
5.636549000	0.677983224	0.137332676
5.636550000	0.781273067	0.131811560
5.636551000	0.755611777	0.125713471
5.636552000	0.717274129	0.133286735
5.636553000	0.715787590	0.131619854
5.636554000	0.758164525	0.131567731
5.636555000	0.734265924	0.137873248
5.636556000	0.692762315	0.139811530
5.636557000	0.757222235	0.130290329
5.636558000	0.659328938	0.128650238
5.636559000	0.757880747	0.132060233
5.636560000	0.689995825	0.131793459
5.636561000	0.689543486	0.132596394
5.636562000	0.765940726	0.129014542
5.636563000	0.725350380	0.140934252
5.636564000	0.736543715	0.125308562
5.636565000	0.696211517	0.128179283
5.636566000	0.745477080	0.127638537
5.636567000	0.703503191	0.141921519
5.636568000	0.703123808	0.138437913
5.636569000	0.736824334	0.134746880
5.636570000	0.725746751	0.129932284
5.636571000	0.662942886	0.126630489
5.636572000	0.761737406	0.133983360
5.636573000	0.713061690	0.143350621
5.636574000	0.715863526	0.131969827
5.636575000	0.750454068	0.131995443
5.636576000	0.665024519	0.131682530
5.636577000	0.757254481	0.129042047
5.636578000	0.719010234	0.127598747
5.636579000	0.679382861	0.127209160
5.636580000	0.678662658	0.134163498
5.636581000	0.704518974	0.135190879
5.636582000	0.699269116	0.134536673
5.636583000	0.745319247	0.140232409
5.636584000	0.705379248	0.129219114
5.636585000	0.749175489	0.135708822
5.636586000	0.775267124	0.123286424
5.636587000	0.701526642	0.132167209
5.636588000	0.715144694	0.129445941
5.636589000	0.672100484	0.124002714
5.636590000	0.687079549	0.128313556
5.636591000	0.697445631	0.124649621
5.636592000	0.690031469	0.136446526
5.636593000	0.721103132	0.127771212
5.636594000	0.710573852	0.119554719
5.636595000	0.731865764	0.130545427
5.636596000	0.751228511	0.128013385
5.636597000	0.729690611	0.133340764
5.636598000	0.733928621	0.129897671
5.636599000	0.755855024	0.138272672
5.636600000	0.736187577	0.130894351
5.636601000	0.750704288	0.136399538
5.636602000	0.669070244	0.127566590
5.636603000	0.715093851	0.133468063
5.636604000	0.754083455	0.128041864
5.636605000	0.690125704	0.128586431
5.636606000	0.629834890	0.133617883
5.636607000	0.710598648	0.127002840
5.636608000	0.745565712	0.136051646
5.636609000	0.691230595	0.123583017
5.636610000	0.689619541	0.129646094
5.636611000	0.734935105	0.126970158
5.636612000	0.706587493	0.133130266
5.636613000	0.765044451	0.125883730
5.636614000	0.694341302	0.130121818
5.636615000	0.705572605	0.139342322
5.636616000	0.669150472	0.131540001
5.636617000	0.745457470	0.128615035
5.636618000	0.741710603	0.130708038
5.636619000	0.681631565	0.129416438
5.636620000	0.679327071	0.131982086
5.636621000	0.748435736	0.130860088
5.636622000	0.635450304	0.122809293
5.636623000	0.668342829	0.128042405
5.636624000	0.715475857	0.126926574
5.636625000	0.673059344	0.128845515
5.636626000	0.712828994	0.129414665
5.636627000	0.697896063	0.133623933
5.636628000	0.650088191	0.127970283
5.636629000	0.718555748	0.125013159
5.636630000	0.705004454	0.124129114
5.636631000	0.751392603	0.123519708
5.636632000	0.747311473	0.134439160
5.636633000	0.720498800	0.133307400
5.636634000	0.767227709	0.126543303
5.636635000	0.708142042	0.138845235
5.636636000	0.716469407	0.130200281
5.636637000	0.655276537	0.131880378
5.636638000	0.750266492	0.125876947
5.636639000	0.721360505	0.128963201
5.636640000	0.675929844	0.130274667
5.636641000	0.676702082	0.124824732
5.636642000	0.789091825	0.127453613
5.636643000	0.694897115	0.125034032
5.636644000	0.707962871	0.129547923
5.636645000	0.736672640	0.128342002
5.636646000	0.688901663	0.120758701
5.636647000	0.715160847	0.126728984
5.636648000	0.711619139	0.123714818
5.636649000	0.680374920	0.129255209
5.636650000	0.706844211	0.119090089
5.636651000	0.750374615	0.130800425
5.636652000	0.629159808	0.126011104
5.636653000	0.671358407	0.121407872
5.636654000	0.813408077	0.131047774
5.636655000	0.748727560	0.124719720
5.636656000	0.648912072	0.128160791
5.636657000	0.775483310	0.126999286
5.636658000	0.690615416	0.119669710
5.636659000	0.704460740	0.127954679
5.636660000	0.716662407	0.131038594
5.636661000	0.688273191	0.125976891
5.636662000	0.678209722	0.121486793
5.636663000	0.794091702	0.130221395
5.636664000	0.668575644	0.121513840
5.636665000	0.683885455	0.122907622
5.636666000	0.735836983	0.135899263
5.636667000	0.707449436	0.131888601
5.636668000	0.675729752	0.131546126
5.636669000	0.707137465	0.127755583
5.636670000	0.805136502	0.129303012
5.636671000	0.687374830	0.121125185
5.636672000	0.677649379	0.128638212
5.636673000	0.784594178	0.127133593
5.636674000	0.679678977	0.124940055
5.636675000	0.691844046	0.131845374
5.636676000	0.725939870	0.120505593
5.636677000	0.761080384	0.121886516
5.636678000	0.701163828	0.120861432
5.636679000	0.745014012	0.118913031
5.636680000	0.682667136	0.120738228
5.636681000	0.760718763	0.131512704
5.636682000	0.655637026	0.118020197
5.636683000	0.674554348	0.124039491
5.636684000	0.706476212	0.124112112
5.636685000	0.663910449	0.132030730
5.636686000	0.726239979	0.125078132
5.636687000	0.644580841	0.121230513
5.636688000	0.748136640	0.131158861
5.636689000	0.749967873	0.123473810
5.636690000	0.748079479	0.129737316
5.636691000	0.641767204	0.114844161
5.636692000	0.719510496	0.119189325
5.636693000	0.802510560	0.119812763
5.636694000	0.787607670	0.117848024
5.636695000	0.696349084	0.121629447
5.636696000	0.710354865	0.118787030
5.636697000	0.649523318	0.127593429
5.636698000	0.711739063	0.120254007
5.636699000	0.713609219	0.117182925
5.636700000	0.712003231	0.119999159
5.636701000	0.690199196	0.121384785
5.636702000	0.694196939	0.113039753
5.636703000	0.786243618	0.130342869
5.636704000	0.751009643	0.122363181
5.636705000	0.700951219	0.116493424
5.636706000	0.676348090	0.122163377
5.636707000	0.757234991	0.117605377
5.636708000	0.718966782	0.119332861
5.636709000	0.686351776	0.128297702
5.636710000	0.748223364	0.122679523
5.636711000	0.699539781	0.126603441
5.636712000	0.689539790	0.128624564
5.636713000	0.735923827	0.122322052
5.636714000	0.645702064	0.122590823
5.636715000	0.697799027	0.119297125
5.636716000	0.739298463	0.122244404
5.636717000	0.669398904	0.118395961
5.636718000	0.746700883	0.118172755
5.636719000	0.715336263	0.125146509
5.636720000	0.747948289	0.118802634
5.636721000	0.710156500	0.124240426
5.636722000	0.691606581	0.128494385
5.636723000	0.661742210	0.116918905
5.636724000	0.729199588	0.118290983
5.636725000	0.746160686	0.123841776
5.636726000	0.719034016	0.103932025
5.636727000	0.713344574	0.113986907
5.636728000	0.745842457	0.125565424
5.636729000	0.709503114	0.113906221
5.636730000	0.655192852	0.120874424
5.636731000	0.685143530	0.120370645
5.636732000	0.765078187	0.116463397
5.636733000	0.696151555	0.123988841
5.636734000	0.718260705	0.119361923
5.636735000	0.682381034	0.116059736
5.636736000	0.696198463	0.120186862
5.636737000	0.760646641	0.121794088
5.636738000	0.755980849	0.116959818
5.636739000	0.651133955	0.124116390
5.636740000	0.710866570	0.114285139
5.636741000	0.606288254	0.118980051
5.636742000	0.758374214	0.116307136
5.636743000	0.654530346	0.113439361
5.636744000	0.746670783	0.113503518
5.636745000	0.747044742	0.114833426
5.636746000	0.658374965	0.123461893
5.636747000	0.817814827	0.116672039
5.636748000	0.710825205	0.120412324
5.636749000	0.699568152	0.117037141
5.636750000	0.718117893	0.114209023
5.636751000	0.777230561	0.114790266
5.636752000	0.649287641	0.118854915
5.636753000	0.768364251	0.121261165
5.636754000	0.642868459	0.114425737
5.636755000	0.653249741	0.127577467
5.636756000	0.711731672	0.117532007
5.636757000	0.705644310	0.115033154
5.636758000	0.752244771	0.119393190
5.636759000	0.735419989	0.113562191
5.636760000	0.696326077	0.116466734
5.636761000	0.675914586	0.115138424
5.636762000	0.699487686	0.124698873
5.636763000	0.658670068	0.113511824
5.636764000	0.648136616	0.117694709
5.636765000	0.781827390	0.117888887
5.636766000	0.717799604	0.113962530
5.636767000	0.739648879	0.114494946
5.636768000	0.678797066	0.117993283
5.636769000	0.754830837	0.109608079
5.636770000	0.714842141	0.119334293
5.636771000	0.676829815	0.124544817
5.636772000	0.726741672	0.118195034
5.636773000	0.730498552	0.117852768
5.636774000	0.705754697	0.111928183
5.636775000	0.623974264	0.117362971
5.636776000	0.738183618	0.117599926
5.636777000	0.706817925	0.115299379
5.636778000	0.768041611	0.111625581
5.636779000	0.715198934	0.110481304
5.636780000	0.710203171	0.112738458
5.636781000	0.751502693	0.114464869
5.636782000	0.673487902	0.115283117
5.636783000	0.712924063	0.117595065
5.636784000	0.697374880	0.121147498
5.636785000	0.777534664	0.107118739
5.636786000	0.725284219	0.117059162
5.636787000	0.725062668	0.110004399
5.636788000	0.663446963	0.120704406
5.636789000	0.680887520	0.113362820
5.636790000	0.679879487	0.121269096
5.636791000	0.639581144	0.117311331
5.636792000	0.730558753	0.106713972
5.636793000	0.650851130	0.105750032
5.636794000	0.706401765	0.115159696
5.636795000	0.753477156	0.113847657
5.636796000	0.772400498	0.109489826
5.636797000	0.755689144	0.116449032
5.636798000	0.652031362	0.106384863
5.636799000	0.673107028	0.119042269
5.636800000	0.752064228	0.112487072
5.636801000	0.637849927	0.118207784
5.636802000	0.720264852	0.114048883
5.636803000	0.698355019	0.112042766
5.636804000	0.701687157	0.112737235
5.636805000	0.759117007	0.114863270
5.636806000	0.708841681	0.122354367
5.636807000	0.737804413	0.116261496
5.636808000	0.673333406	0.119208966
5.636809000	0.753941298	0.109720523
5.636810000	0.740992427	0.110959492
5.636811000	0.733181536	0.117609679
5.636812000	0.746715605	0.114684239
5.636813000	0.708431065	0.109871574
5.636814000	0.692427635	0.110189713
5.636815000	0.673329353	0.113794343
5.636816000	0.735413015	0.113227939
5.636817000	0.705136120	0.113331619
5.636818000	0.714935482	0.103323144
5.636819000	0.690948427	0.111750883
5.636820000	0.684790790	0.104585998
5.636821000	0.699123800	0.112281210
5.636822000	0.734863639	0.106220996
5.636823000	0.670990229	0.109796389
5.636824000	0.710467815	0.111615486
5.636825000	0.627448142	0.106112921
5.636826000	0.592271030	0.103774033
5.636827000	0.645463407	0.107806009
5.636828000	0.735945523	0.108039960
5.636829000	0.686115801	0.107638754
5.636830000	0.721891880	0.111115803
5.636831000	0.700094044	0.106610749
5.636832000	0.660357356	0.099558632
5.636833000	0.710065961	0.110595471
5.636834000	0.646281838	0.113796166
5.636835000	0.708150089	0.108239539
5.636836000	0.666236639	0.107584301
5.636837000	0.658788919	0.108096552
5.636838000	0.751735032	0.104786992
5.636839000	0.752837360	0.109624857
5.636840000	0.675580144	0.102601843
5.636841000	0.752618432	0.101989857
5.636842000	0.692531466	0.106291195
5.636843000	0.726157725	0.109304753
5.636844000	0.665659964	0.107723160
5.636845000	0.724553704	0.110060184
5.636846000	0.698243201	0.101116565
5.636847000	0.747232795	0.112352034
5.636848000	0.637853563	0.114995970
5.636849000	0.681675196	0.109313250
5.636850000	0.669449151	0.099217348
5.636851000	0.725535750	0.107164795
5.636852000	0.744790852	0.104610283
5.636853000	0.677015066	0.111477501
5.636854000	0.751056671	0.109154118
5.636855000	0.678446054	0.112916066
5.636856000	0.667438567	0.097505610
5.636857000	0.700010180	0.111408159
5.636858000	0.664914489	0.102852297
5.636859000	0.669215024	0.104866695
5.636860000	0.635074019	0.105245796
5.636861000	0.683840871	0.107415365
5.636862000	0.650526702	0.101892011
5.636863000	0.679277003	0.105778220
5.636864000	0.697604656	0.102712689
5.636865000	0.725901544	0.101760525
5.636866000	0.718238056	0.110503359
5.636867000	0.688134074	0.108545719
5.636868000	0.657457829	0.096416868
5.636869000	0.690594614	0.101578199
5.636870000	0.686037123	0.110213748
5.636871000	0.680815101	0.100613876
5.636872000	0.714328170	0.103764646
5.636873000	0.711536884	0.108658271
5.636874000	0.745191693	0.095605561
5.636875000	0.715839505	0.111305353
5.636876000	0.773243189	0.099360260
5.636877000	0.678918839	0.105737607
5.636878000	0.776792228	0.103471232
5.636879000	0.717476785	0.101063867
5.636880000	0.729708374	0.096562859
5.636881000	0.681315064	0.101141008
5.636882000	0.704394698	0.102383422
5.636883000	0.666647017	0.097746201
5.636884000	0.738359988	0.112642368
5.636885000	0.669425607	0.097239576
5.636886000	0.772641420	0.101974477
5.636887000	0.699723542	0.101810959
5.636888000	0.707955837	0.102800773
5.636889000	0.691097319	0.106880627
5.636890000	0.654483020	0.097133167
5.636891000	0.678629518	0.095610912
5.636892000	0.703076243	0.103435920
5.636893000	0.723860502	0.094539539
5.636894000	0.735588193	0.096703083
5.636895000	0.645025909	0.099396787
5.636896000	0.668855846	0.106165527
5.636897000	0.620761573	0.099661821
5.636898000	0.691699624	0.099000575
5.636899000	0.708482563	0.094850912
5.636900000	0.710796773	0.096549185
5.636901000	0.761869848	0.099363888
5.636902000	0.757714868	0.108471117
5.636903000	0.715054154	0.100745761
5.636904000	0.578337073	0.099204881
5.636905000	0.660604656	0.100968535
5.636906000	0.752321661	0.089592093
5.636907000	0.706572831	0.102245271
5.636908000	0.771048129	0.098939772
5.636909000	0.721011281	0.094061776
5.636910000	0.650898218	0.101097007
5.636911000	0.721868455	0.093477778
5.636912000	0.684543133	0.092464304
5.636913000	0.681794226	0.095893640
5.636914000	0.722711563	0.100197516
5.636915000	0.738824069	0.098653266
5.636916000	0.676796138	0.102225147
5.636917000	0.672226965	0.093074193
5.636918000	0.664825857	0.100799191
5.636919000	0.680324852	0.091020421
5.636920000	0.765005708	0.092810706
5.636921000	0.603588879	0.095200269
5.636922000	0.638062119	0.091668518
5.636923000	0.698165357	0.097631619
5.636924000	0.678327024	0.087918504
5.636925000	0.712739944	0.085841488
5.636926000	0.652286708	0.099733594
5.636927000	0.783619642	0.095112260
5.636928000	0.647768438	0.087604468
5.636929000	0.765335560	0.097972845
5.636930000	0.683103144	0.098701294
5.636931000	0.624067724	0.096588525
5.636932000	0.624939263	0.093161270
5.636933000	0.704593062	0.089707932
5.636934000	0.594879389	0.104094570
5.636935000	0.618973672	0.088802757
5.636936000	0.757171273	0.092304023
5.636937000	0.722245634	0.097337864
5.636938000	0.726625860	0.102158635
5.636939000	0.640633404	0.089947675
5.636940000	0.696722209	0.099271310
5.636941000	0.647927105	0.094208267
5.636942000	0.668710709	0.084531995
5.636943000	0.667898536	0.090443139
5.636944000	0.685603619	0.094691938
5.636945000	0.642987907	0.098614766
5.636946000	0.651073515	0.091653122
5.636947000	0.676220655	0.091925946
5.636948000	0.656027257	0.093629920
5.636949000	0.686714947	0.088120563
5.636950000	0.720728576	0.088780719
5.636951000	0.667686820	0.093020880
5.636952000	0.719643176	0.090376061
5.636953000	0.702724040	0.087132572
5.636954000	0.702403307	0.087632048
5.636955000	0.621315837	0.086837411
5.636956000	0.728969812	0.103225555
5.636957000	0.716940582	0.078571791
5.636958000	0.675417662	0.089279962
5.636959000	0.653524756	0.082178027
5.636960000	0.692780733	0.086131706
5.636961000	0.659764290	0.087902076
5.636962000	0.619942784	0.090422725
5.636963000	0.696704447	0.088681026
5.636964000	0.713917792	0.092965020
5.636965000	0.677194595	0.095604595
5.636966000	0.683662117	0.080541165
5.636967000	0.696882129	0.086038321
5.636968000	0.742178619	0.092604478
5.636969000	0.641052008	0.080165010
5.636970000	0.654246211	0.090030158
5.636971000	0.637691617	0.086502152
5.636972000	0.687720716	0.080365663
5.636973000	0.741283953	0.072729548
5.636974000	0.710372269	0.093319653
5.636975000	0.645121396	0.080088370
5.636976000	0.707332790	0.085815789
5.636977000	0.645080328	0.088037331
5.636978000	0.718525350	0.086276707
5.636979000	0.648150861	0.073979486
5.636980000	0.735179961	0.085946225
5.636981000	0.676104486	0.092641870
5.636982000	0.694318593	0.079146543
5.636983000	0.628461063	0.087139238
5.636984000	0.720754325	0.082221778
5.636985000	0.688339591	0.075753093
5.636986000	0.682741046	0.075618720
5.636987000	0.727949560	0.075826579
5.636988000	0.691772521	0.077019992
5.636989000	0.701048374	0.076919158
5.636990000	0.630950511	0.084298653
5.636991000	0.682918310	0.082234678
5.636992000	0.673197389	0.081918203
5.636993000	0.709816873	0.079677094
5.636994000	0.643981040	0.080342052
5.636995000	0.690393209	0.086401743
5.636996000	0.659285545	0.078424485
5.636997000	0.602856159	0.081396365
5.636998000	0.683116078	0.080038793
5.636999000	0.662507355	0.084558053
5.637000000	0.704570651	0.079079639
5.637001000	0.691749632	0.070012058
5.637002000	0.697231710	0.073664692
5.637003000	0.651056707	0.077761724
5.637004000	0.657491684	0.073322642
5.637005000	0.646958649	0.071775762
5.637006000	0.578305662	0.083665935
5.637007000	0.634124219	0.077614027
5.637008000	0.725333571	0.081824451
5.637009000	0.699779093	0.073864645
5.637010000	0.717956185	0.074926040
5.637011000	0.670976937	0.066813148
5.637012000	0.643135548	0.084462295
5.637013000	0.649179995	0.077166441
5.637014000	0.691392004	0.080971149
5.637015000	0.674540281	0.075818157
5.637016000	0.655445874	0.076809935
5.637017000	0.680428922	0.067267159
5.637018000	0.593447328	0.073593927
5.637019000	0.686427414	0.066404969
5.637020000	0.693532169	0.070579079
5.637021000	0.724192917	0.069422335
5.637022000	0.686185241	0.079632586
5.637023000	0.692033887	0.067417249
5.637024000	0.622289777	0.081336585
5.637025000	0.669282913	0.080002732
5.637026000	0.551025033	0.077903521
5.637027000	0.740990460	0.070601799
5.637028000	0.568140924	0.068667353
5.637029000	0.593825936	0.066784428
5.637030000	0.652189791	0.068249653
5.637031000	0.657056689	0.073850506
5.637032000	0.729200542	0.065197604
5.637033000	0.678143799	0.081467213
5.637034000	0.681458414	0.069059932
5.637035000	0.666080177	0.077742999
5.637036000	0.684749842	0.068241918
5.637037000	0.649707496	0.065159671
5.637038000	0.620068967	0.065056623
5.637039000	0.634181857	0.075493718
5.637040000	0.661553800	0.065074333
5.637041000	0.634256005	0.078883522
5.637042000	0.657745481	0.067145706
5.637043000	0.562663913	0.073134057
5.637044000	0.636963248	0.057927740
5.637045000	0.684266686	0.070218994
5.637046000	0.667822599	0.066731884
5.637047000	0.601749122	0.062798599
5.637048000	0.643298626	0.071086336
5.637049000	0.650666893	0.067532830
5.637050000	0.594529331	0.064802998
5.637051000	0.593403399	0.068429208
5.637052000	0.577693701	0.069487736
5.637053000	0.568359435	0.062307820
5.637054000	0.649692297	0.069686770
5.637055000	0.659333408	0.055933960
5.637056000	0.660610259	0.072298382
5.637057000	0.587311685	0.072457448
5.637058000	0.693186104	0.062706641
5.637059000	0.647118211	0.059175835
5.637060000	0.641426325	0.061840040
5.637061000	0.648331046	0.067218090
5.637062000	0.580908954	0.059185222
5.637063000	0.656433702	0.063499452
5.637064000	0.669234812	0.076661414
5.637065000	0.684181452	0.064290927
5.637066000	0.532183945	0.067457492
5.637067000	0.668073356	0.063350394
5.637068000	0.636570990	0.057618901
5.637069000	0.704096317	0.061956458
5.637070000	0.620166540	0.059821622
5.637071000	0.700757384	0.057703306
5.637072000	0.610537052	0.064383917
5.637073000	0.580579042	0.057124743
5.637074000	0.708765805	0.056217408
5.637075000	0.674438715	0.058281708
5.637076000	0.672425330	0.062104517
5.637077000	0.622959852	0.059244723
5.637078000	0.666519225	0.055652044
5.637079000	0.614837468	0.056179425
5.637080000	0.627906442	0.065885224
5.637081000	0.663952112	0.058161720
5.637082000	0.580756187	0.053991621
5.637083000	0.582291007	0.066762806
5.637084000	0.635000885	0.057138171
5.637085000	0.623108149	0.049854043
5.637086000	0.607053697	0.058336685
5.637087000	0.587899268	0.055050482
5.637088000	0.683649659	0.050689768
5.637089000	0.624729097	0.054207612
5.637090000	0.635808527	0.054697467
5.637091000	0.609635711	0.045202041
5.637092000	0.629008591	0.046057865
5.637093000	0.625914156	0.048958696
5.637094000	0.625942230	0.045290417
5.637095000	0.640188038	0.045639532
5.637096000	0.504711568	0.047078388
5.637097000	0.619626045	0.054977420
5.637098000	0.640474498	0.054481393
5.637099000	0.670179546	0.050198552
5.637100000	0.667120993	0.056339601
5.637101000	0.554996192	0.044909247
5.637102000	0.641560495	0.044087770
5.637103000	0.624626935	0.053351327
5.637104000	0.622191548	0.044336389
5.637105000	0.605651617	0.035981886
5.637106000	0.607995629	0.043560544
5.637107000	0.563881576	0.048995814
5.637108000	0.590887547	0.048492818
5.637109000	0.675706863	0.049798999
5.637110000	0.556800544	0.046741877
5.637111000	0.535995603	0.043866075
5.637112000	0.618926406	0.050969716
5.637113000	0.586300313	0.037003808
5.637114000	0.577953219	0.038881732
5.637115000	0.635290980	0.035060316
5.637116000	0.608145595	0.042065075
5.637117000	0.607078075	0.049313841
5.637118000	0.634146333	0.045890135
5.637119000	0.552176178	0.041217153
5.637120000	0.690538466	0.040275822
5.637121000	0.535055220	0.038856527
5.637122000	0.645033360	0.042941263
5.637123000	0.638131857	0.043419446
5.637124000	0.567571223	0.032998721
5.637125000	0.631388128	0.039357568
5.637126000	0.648698151	0.031893976
5.637127000	0.653756082	0.036524743
5.637128000	0.589266777	0.033916630
5.637129000	0.589175761	0.040887292
5.637130000	0.550177991	0.035566038
5.637131000	0.612923503	0.038324860
5.637132000	0.637511313	0.033353236
5.637133000	0.685147047	0.029549838
5.637134000	0.598740816	0.031116116
5.637135000	0.573774278	0.025237608
5.637136000	0.478665888	0.029942836
5.637137000	0.567034364	0.030242837
5.637138000	0.625646889	0.037125918
5.637139000	0.628539383	0.021911743
5.637140000	0.516241968	0.031170297
5.637141000	0.603249252	0.033963073
5.637142000	0.598559439	0.024288689
5.637143000	0.653586030	0.028329875
5.637144000	0.576105654	0.035464367
5.637145000	0.618743956	0.024869110
5.637146000	0.632898867	0.032952258
5.637147000	0.600073814	0.027330347
5.637148000	0.553190470	0.025937350
5.637149000	0.567058325	0.027323721
5.637150000	0.529286623	0.031012276
5.637151000	0.583045244	0.022649480
5.637152000	0.610699296	0.032145336
5.637153000	0.565004170	0.022712674
5.637154000	0.528257728	0.026643601
5.637155000	0.524849236	0.024108006
5.637156000	0.501243174	0.026363206
5.637157000	0.524812222	0.022997836
5.637158000	0.500334859	0.025130745
5.637159000	0.514625251	0.013080938
5.637160000	0.575537562	0.016635086
5.637161000	0.485642940	0.020533979
5.637162000	0.555014789	0.026669954
5.637163000	0.583514392	0.019635888
5.637164000	0.615680158	0.012877485
5.637165000	0.607491493	0.017536612
5.637166000	0.576866686	0.015420466
5.637167000	0.501887619	0.014493897
5.637168000	0.515120327	0.011074798
5.637169000	0.520172775	0.013807725
5.637170000	0.546986997	0.015758382
5.637171000	0.518764615	0.006344136
5.637172000	0.573809087	0.013148951
5.637173000	0.580674767	0.010841160
5.637174000	0.472826242	0.003150601
5.637175000	0.464853376	0.007317625
5.637176000	0.545559764	0.009963220
5.637177000	0.572966814	0.006676749
5.637178000	0.539432049	0.010370127
5.637179000	0.480068445	0.006575595
5.637180000	0.501082242	0.009681681
5.637181000	0.555745184	0.010979369
5.637182000	0.531562805	0.005456917
5.637183000	0.530225635	0.008120073
5.637184000	0.465517491	0.003313488
5.637185000	0.512757659	0.014991412
5.637186000	0.509793341	0.007025154
5.637187000	0.584331572	-0.004105483
5.637188000	0.637567520	-0.006872884
5.637189000	0.551056147	0.000340735
5.637190000	0.481559277	0.005567564
5.637191000	0.467228442	-0.003746726
5.637192000	0.495488375	-0.003739411
5.637193000	0.500497282	-0.002121153
5.637194000	0.524874091	-0.007246270
5.637195000	0.495588601	0.000357407
5.637196000	0.567315400	-0.003852459
5.637197000	0.506613195	-0.001845935
5.637198000	0.500367403	-0.009490295
5.637199000	0.379107535	-0.009000793
5.637200000	0.467546135	-0.005375769
5.637201000	0.482328176	-0.004875149
5.637202000	0.489862829	-0.003646087
5.637203000	0.565374374	-0.014838306
5.637204000	0.485714883	-0.010988953
5.637205000	0.563090086	-0.011069878
5.637206000	0.541935503	-0.012875092
5.637207000	0.454298705	-0.020352566
5.637208000	0.511722326	-0.019376817
5.637209000	0.512281418	-0.015472076
5.637210000	0.534675062	-0.012115798
5.637211000	0.472747177	-0.014923269
5.637212000	0.440782726	-0.017230459
5.637213000	0.493573278	-0.007655051
5.637214000	0.485458314	-0.020293629
5.637215000	0.454961926	-0.020111152
5.637216000	0.474335223	-0.019859059
5.637217000	0.458220124	-0.019259889
5.637218000	0.472270489	-0.017409291
5.637219000	0.476894021	-0.021044276
5.637220000	0.465251952	-0.024198389
5.637221000	0.448599219	-0.024815062
5.637222000	0.509853780	-0.035327115
5.637223000	0.452955604	-0.029594719
5.637224000	0.477712899	-0.030268842
5.637225000	0.427635759	-0.021460898
5.637226000	0.503784895	-0.026647698
5.637227000	0.540789187	-0.026014698
5.637228000	0.451979041	-0.038573783
5.637229000	0.417475849	-0.031602611
5.637230000	0.452463031	-0.035030913
5.637231000	0.475797683	-0.038017627
5.637232000	0.412211895	-0.033867915
5.637233000	0.481646687	-0.037206578
5.637234000	0.360338211	-0.042119091
5.637235000	0.396717936	-0.046890814
5.637236000	0.371440113	-0.042567813
5.637237000	0.434564143	-0.042244314
5.637238000	0.486024112	-0.048106951
5.637239000	0.429540336	-0.040213512
5.637240000	0.384461761	-0.040528747
5.637241000	0.394553781	-0.042585935
5.637242000	0.436004341	-0.047682609
5.637243000	0.447016180	-0.051919661
5.637244000	0.406706810	-0.041103932
5.637245000	0.457256496	-0.057910063
5.637246000	0.444661379	-0.050436780
5.637247000	0.409363627	-0.055162484
5.637248000	0.325882226	-0.046842311
5.637249000	0.421571016	-0.058223667
5.637250000	0.352135986	-0.050551991
5.637251000	0.405453265	-0.058375135
5.637252000	0.340261191	-0.057034316
5.637253000	0.395846158	-0.060235785
5.637254000	0.358072460	-0.066533425
5.637255000	0.377037436	-0.055482688
5.637256000	0.357457608	-0.056253020
5.637257000	0.348865628	-0.063191565
5.637258000	0.357056111	-0.067513064
5.637259000	0.351718366	-0.070875097
5.637260000	0.351684362	-0.070487507
5.637261000	0.448542833	-0.071934661
5.637262000	0.282843292	-0.072468042
5.637263000	0.361556202	-0.074187986
5.637264000	0.435089499	-0.067188317
5.637265000	0.326219410	-0.075311874
5.637266000	0.273671150	-0.080136340
5.637267000	0.291504622	-0.074818698
5.637268000	0.282457501	-0.084651921
5.637269000	0.268584549	-0.076654839
5.637270000	0.260682851	-0.080865572
5.637271000	0.282672524	-0.082455945
5.637272000	0.280741543	-0.082548598
5.637273000	0.296147197	-0.083591924
5.637274000	0.233109251	-0.093306487
5.637275000	0.230503023	-0.092685355
5.637276000	0.217235729	-0.079271520
5.637277000	0.243776083	-0.084852332
5.637278000	0.207080543	-0.100041838
5.637279000	0.271755695	-0.100531527
5.637280000	0.303781539	-0.098631694
5.637281000	0.242086291	-0.100230564
5.637282000	0.188981503	-0.100418043
5.637283000	0.219222188	-0.103665027
5.637284000	0.224316314	-0.097388614
5.637285000	0.218976393	-0.105865788
5.637286000	0.197908700	-0.110043381
5.637287000	0.184512809	-0.115808475
5.637288000	0.158987969	-0.113219816
5.637289000	0.263154954	-0.112396941
5.637290000	0.233111590	-0.115446835
5.637291000	0.090547480	-0.115991593
5.637292000	0.079516448	-0.119021338
5.637293000	0.156803980	-0.114207050
5.637294000	0.191604748	-0.129454879
5.637295000	0.165349960	-0.118138550
5.637296000	0.120602608	-0.120733609
5.637297000	0.115021892	-0.120434802
5.637298000	0.096116729	-0.140518749
5.637299000	0.170911014	-0.122483564
5.637300000	0.127097979	-0.132830386
5.637301000	0.069145806	-0.140135204
5.637302000	0.100564286	-0.143814161
5.637303000	0.134594426	-0.129164162
5.637304000	0.046085734	-0.143966460
5.637305000	0.043706693	-0.143192113
5.637306000	0.155237719	-0.150007608
5.637307000	0.030160937	-0.154431385
5.637308000	0.054486133	-0.160046960
5.637309000	-0.028197473	-0.165738085
5.637310000	0.096213378	-0.164327043
5.637311000	-0.073415779	-0.158850618
5.637312000	-0.023331381	-0.168163509
5.637313000	-0.011916400	-0.164574983
5.637314000	-0.002507301	-0.164151823
5.637315000	-0.085404776	-0.163293487
5.637316000	-0.080167301	-0.181178877
5.637317000	0.000274615	-0.168142604
5.637318000	-0.063850060	-0.183189147
5.637319000	-0.118894689	-0.182859947
5.637320000	-0.068447851	-0.188166080
5.637321000	-0.065150879	-0.183466416
5.637322000	-0.177550524	-0.199345281
5.637323000	-0.220627055	-0.190175834
5.637324000	-0.093068264	-0.202287475
5.637325000	-0.161650911	-0.202647434
5.637326000	-0.213797793	-0.200458898
5.637327000	-0.165014595	-0.208766962
5.637328000	-0.267267108	-0.217746808
5.637329000	-0.233239934	-0.217111794
5.637330000	-0.240999132	-0.209703796
5.637331000	-0.247573137	-0.211294186
5.637332000	-0.260019809	-0.222266243
5.637333000	-0.356549561	-0.229968121
5.637334000	-0.450112194	-0.230314382
5.637335000	-0.383263648	-0.232562922
5.637336000	-0.289755732	-0.233029525
5.637337000	-0.374387860	-0.248672600
5.637338000	-0.381392211	-0.237184689
5.637339000	-0.399501562	-0.240187053
5.637340000	-0.386294633	-0.244170127
5.637341000	-0.446460456	-0.258799853
5.637342000	-0.497444689	-0.260507588
5.637343000	-0.501523674	-0.278830087
5.637344000	-0.620988667	-0.245413623
5.637345000	-0.413483977	-0.263530076
5.637346000	-0.485897571	-0.261004717
5.637347000	-0.487737983	-0.266898193
5.637348000	-0.570140600	-0.272631596
5.637349000	-0.564544797	-0.268685041
5.637350000	-0.717036307	-0.282284489
5.637351000	-0.701124072	-0.303076154
5.637352000	-0.731794715	-0.296367152
5.637353000	-0.774523258	-0.288824547
5.637354000	-0.748884976	-0.306609770
5.637355000	-0.820043623	-0.308682874
5.637356000	-0.805829883	-0.312084663
5.637357000	-0.864119172	-0.322173316
5.637358000	-0.912460268	-0.329053926
5.637359000	-0.906727314	-0.316773358
5.637360000	-0.927153945	-0.334481781
5.637361000	-1.049255133	-0.337615057
5.637362000	-1.062797546	-0.348129716
5.637363000	-1.142535090	-0.357437531
5.637364000	-1.142520547	-0.357224744
5.637365000	-1.253557682	-0.358713052
5.637366000	-1.219158530	-0.365800422
5.637367000	-1.200579882	-0.369390264
5.637368000	-1.308675528	-0.370788456
5.637369000	-1.248256326	-0.378301134
5.637370000	-1.376313686	-0.396521683
5.637371000	-1.491570115	-0.408554711
5.637372000	-1.379862666	-0.408377078
5.637373000	-1.637877822	-0.408273447
5.637374000	-1.451251864	-0.416198216
5.637375000	-1.598267555	-0.416684576
5.637376000	-1.711030960	-0.419610857
5.637377000	-1.831920385	-0.437483165
5.637378000	-1.715980649	-0.441822952
5.637379000	-1.844606400	-0.431511292
5.637380000	-2.031684160	-0.454707559
5.637381000	-2.231963634	-0.467143589
5.637382000	-2.175288439	-0.475543998
5.637383000	-2.214076519	-0.467205441
5.637384000	-2.375398874	-0.477554984
5.637385000	-2.377042770	-0.489625395
5.637386000	-2.507522583	-0.492099472
5.637387000	-2.590613365	-0.491419534
5.637388000	-2.631821156	-0.517635459
5.637389000	-2.924690962	-0.528063199
5.637390000	-3.125659943	-0.541852481
5.637391000	-2.900033712	-0.548644008
5.637392000	-3.172292233	-0.565242692
5.637393000	-3.336397409	-0.564000061
5.637394000	-3.455589771	-0.581141897
5.637395000	-3.493333101	-0.591011173
5.637396000	-3.668121338	-0.595125224
5.637397000	-3.848510504	-0.600269918
5.637398000	-4.015335083	-0.610549454
5.637399000	-4.407022953	-0.608176977
5.637400000	-4.298796654	-0.628261672
5.637401000	-4.471704960	-0.650897942
5.637402000	-4.627950191	-0.635617989
5.637403000	-4.912508011	-0.640786719
5.637404000	-5.196118832	-0.665453915
5.637405000	-5.709249496	-0.691657956
5.637406000	-5.610903263	-0.689113505
5.637407000	-5.992755413	-0.693056115
5.637408000	-5.998782635	-0.676647847
5.637409000	-6.195176601	-0.683413608
5.637410000	-6.320500374	-0.700671957
5.637411000	-7.145897388	-0.704198049
5.637412000	-7.077062130	-0.708001376
5.637413000	-7.781570435	-0.727318815
5.637414000	-7.679956913	-0.719404499
5.637415000	-7.944366455	-0.717436889
5.637416000	-8.356438637	-0.736841746
5.637417000	-8.792803764	-0.743995263
5.637418000	-9.195312500	-0.747198247
5.637419000	-9.098508835	-0.747829549
5.637420000	-10.185472488	-0.725333428
5.637421000	-10.558989525	-0.730407349
5.637422000	-10.536652565	-0.708650322
5.637423000	-11.517367363	-0.710319924
5.637424000	-12.458171844	-0.723197972
5.637425000	-12.425893784	-0.697833826
5.637426000	-13.485751152	-0.544290439
5.637427000	-13.988319397	-0.570756634
5.637428000	-15.211859703	-0.540916147
5.637429000	-15.580157280	-0.440201986
5.637430000	-16.666318893	-0.341544484
5.637431000	-17.174400330	-0.187247272
5.637432000	-17.472179413	-0.114436839
5.637433000	-17.616233826	-0.091150483
5.637434000	-17.746181488	0.104507468
5.637435000	-17.919792175	0.482442850
5.637436000	-17.639011383	0.488657603
5.637437000	-18.015054703	0.521944120
5.637438000	-16.368631363	0.755200247
5.637439000	-14.982070923	0.889092269
5.637440000	-15.371055603	0.820921936
5.637441000	-14.508436203	0.929732107
5.637442000	-13.811126709	1.012869937
5.637443000	-13.371135712	0.998418627
5.637444000	-12.420225143	1.026101587
5.637445000	-11.514881134	1.100200915
5.637446000	-10.858121872	1.127186393
5.637447000	-10.434926987	1.117108326
5.637448000	-10.613712311	1.120512911
5.637449000	-9.891328812	1.111810100
5.637450000	-9.822052002	1.098385571
5.637451000	-9.065531731	1.124668641
5.637452000	-8.403575897	1.146592715
5.637453000	-7.994825840	1.128983628
5.637454000	-8.145683289	1.133073844
5.637455000	-7.401812077	1.116444933
5.637456000	-7.172592640	1.101542016
5.637457000	-6.862199783	1.112421496
5.637458000	-6.935882092	1.105149534
5.637459000	-6.347185612	1.071932659
5.637460000	-6.053468704	1.101570113
5.637461000	-5.702916622	1.072366487
5.637462000	-5.821044445	1.079642044
5.637463000	-5.515627861	1.074752613
5.637464000	-5.270609379	1.046778303
5.637465000	-5.103071690	1.053771032
5.637466000	-4.751801014	1.053294326
5.637467000	-4.868353844	1.062124369
5.637468000	-4.612657547	1.023454538
5.637469000	-4.145489693	1.012647164
5.637470000	-4.213684559	1.020224323
5.637471000	-3.880602121	0.988425581
5.637472000	-3.587814569	0.986465428
5.637473000	-3.639453173	0.982423748
5.637474000	-3.532699823	0.965288170
5.637475000	-3.383569241	0.958154094
5.637476000	-3.203735113	0.948957334
5.637477000	-2.998645067	0.935545122
5.637478000	-2.977232933	0.940089806
5.637479000	-2.967648745	0.920172557
5.637480000	-2.822236776	0.905294341
5.637481000	-2.570030928	0.892943732
5.637482000	-2.485030651	0.897005652
5.637483000	-2.560674429	0.897769247
5.637484000	-2.212905169	0.871257944
5.637485000	-2.234251976	0.873669104
5.637486000	-2.213354826	0.862557930
5.637487000	-2.198893309	0.875705024
5.637488000	-2.056941986	0.852552167
5.637489000	-2.091654062	0.853053374
5.637490000	-1.908340096	0.844411283
5.637491000	-1.789643764	0.834409782
5.637492000	-1.805701494	0.830220696
5.637493000	-1.750036597	0.821021072
5.637494000	-1.719282985	0.807532228
5.637495000	-1.603756428	0.793207151
5.637496000	-1.565609217	0.786715762
5.637497000	-1.466727734	0.793311813
5.637498000	-1.338170528	0.778011953
5.637499000	-1.480454564	0.789296898
5.637500000	-1.357978821	0.780985039
5.637501000	-1.278739214	0.769477587
5.637502000	-1.227924824	0.762288716
5.637503000	-1.223190308	0.746665215
5.637504000	-1.230381608	0.742774470
5.637505000	-1.124001026	0.741113257
5.637506000	-0.998368859	0.734998905
5.637507000	-0.954204917	0.728159708
5.637508000	-1.038992882	0.723216281
5.637509000	-0.984932721	0.712102045
5.637510000	-0.812286139	0.716500854
5.637511000	-0.803411126	0.712000645
5.637512000	-0.834522426	0.707722343
5.637513000	-0.813705921	0.704902655
5.637514000	-0.714997888	0.691968480
5.637515000	-0.795834482	0.696162426
5.637516000	-0.726253092	0.680880942
5.637517000	-0.696064115	0.678949484
5.637518000	-0.664708197	0.687618406
5.637519000	-0.613006890	0.675792640
5.637520000	-0.638779998	0.670445478
5.637521000	-0.560480356	0.670673844
5.637522000	-0.658072531	0.660205557
5.637523000	-0.518654346	0.653204240
5.637524000	-0.505456686	0.659663071
5.637525000	-0.526441574	0.650847675
5.637526000	-0.439827979	0.652448568
5.637527000	-0.449863553	0.638898071
5.637528000	-0.410301238	0.639855877
5.637529000	-0.424625218	0.624664274
5.637530000	-0.320642233	0.636584650
5.637531000	-0.329781830	0.625632466
5.637532000	-0.263002336	0.618259172
5.637533000	-0.240587234	0.610876357
5.637534000	-0.231986135	0.616888976
5.637535000	-0.327990294	0.610873361
5.637536000	-0.280821890	0.600849289
5.637537000	-0.279950380	0.599042467
5.637538000	-0.216932356	0.587473829
5.637539000	-0.145743400	0.590880811
5.637540000	-0.205878228	0.591651929
5.637541000	-0.113455154	0.584763863
5.637542000	-0.129194021	0.592696088
5.637543000	-0.047432937	0.586171610
5.637544000	-0.072834775	0.569252347
5.637545000	-0.067111790	0.575247123
5.637546000	-0.105161607	0.574490586
5.637547000	-0.004927741	0.562100295
5.637548000	-0.001737904	0.554786989
5.637549000	0.073987998	0.554409519
5.637550000	-0.041353535	0.552968615
5.637551000	-0.025808733	0.544256883
5.637552000	-0.010211999	0.552582557
5.637553000	0.087565869	0.552612318
5.637554000	0.022643903	0.542686883
5.637555000	0.045737751	0.539510031
5.637556000	0.115494996	0.542839116
5.637557000	0.099284030	0.539184393
5.637558000	0.118830964	0.546488812
5.637559000	0.036359061	0.537696119
5.637560000	0.101165898	0.529748980
5.637561000	0.095440686	0.535497979
5.637562000	0.065310635	0.517599406
5.637563000	0.093959525	0.524635744
5.637564000	0.142620325	0.525256627
5.637565000	0.144885495	0.514089526
5.637566000	0.112934612	0.520088929
5.637567000	0.147520199	0.516420358
5.637568000	0.168506876	0.505648903
5.637569000	0.210476622	0.510451914
5.637570000	0.172875389	0.503725069
5.637571000	0.174679294	0.507298066
5.637572000	0.196976438	0.500466958
5.637573000	0.240608126	0.498278139
5.637574000	0.193368614	0.505164874
5.637575000	0.272772491	0.504059729
5.637576000	0.242533818	0.509460153
5.637577000	0.184691712	0.502895960
5.637578000	0.236983076	0.498466691
5.637579000	0.325327367	0.492903314
5.637580000	0.251501739	0.487799832
5.637581000	0.328561366	0.476608929
5.637582000	0.239912137	0.490009357
5.637583000	0.318977147	0.482003728
5.637584000	0.314328462	0.468902074
5.637585000	0.305379122	0.477199985
5.637586000	0.303940564	0.477896335
5.637587000	0.263865471	0.474187517
5.637588000	0.291095614	0.468881767
5.637589000	0.387907505	0.474243143
5.637590000	0.305086106	0.473344094
5.637591000	0.365930855	0.470940524
5.637592000	0.236091584	0.465964341
5.637593000	0.288598090	0.462355092
5.637594000	0.371170700	0.462054488
5.637595000	0.348665088	0.457283435
5.637596000	0.350308627	0.464956335
5.637597000	0.380119652	0.459533872
5.637598000	0.371311218	0.455151474
5.637599000	0.320248306	0.450735887
5.637600000	0.391183525	0.462544642
5.637601000	0.442375928	0.462216375
5.637602000	0.448436767	0.452700367
5.637603000	0.447624952	0.453028502
5.637604000	0.406788737	0.453629811
5.637605000	0.340460181	0.447021543
5.637606000	0.447814256	0.445546384
5.637607000	0.359948903	0.445719323
5.637608000	0.393337846	0.445763365
5.637609000	0.393969446	0.444771671
5.637610000	0.434779376	0.436439539
5.637611000	0.395940065	0.429843954
5.637612000	0.369994372	0.431779340
5.637613000	0.358834147	0.439209259
5.637614000	0.432017475	0.432599560
5.637615000	0.376881838	0.433087051
5.637616000	0.416415423	0.426201948
5.637617000	0.477956682	0.429108289
5.637618000	0.422862560	0.430383777
5.637619000	0.431584835	0.424249684
5.637620000	0.479898185	0.422441032
5.637621000	0.508603692	0.425458393
5.637622000	0.432058036	0.428616303
5.637623000	0.429391116	0.420724591
5.637624000	0.455127746	0.416527982
5.637625000	0.516700387	0.417101061
5.637626000	0.411930501	0.417251130
5.637627000	0.459086627	0.423785296
5.637628000	0.465615898	0.416099912
5.637629000	0.471619487	0.425095604
5.637630000	0.411536992	0.413167905
5.637631000	0.503791869	0.411990288
5.637632000	0.495446831	0.403264840
5.637633000	0.495946676	0.409189908
5.637634000	0.524337411	0.407782128
5.637635000	0.467952639	0.414681080
5.637636000	0.521575749	0.404741097
5.637637000	0.539296210	0.406503045
5.637638000	0.513779402	0.401985724
5.637639000	0.497190952	0.400724984
5.637640000	0.487845629	0.400840299
5.637641000	0.564304173	0.398532237
5.637642000	0.515089393	0.400206966
5.637643000	0.545979738	0.404318320
5.637644000	0.505757391	0.398131032
5.637645000	0.471959859	0.392308596
5.637646000	0.541045845	0.389536511
5.637647000	0.485380799	0.388369381
5.637648000	0.526555896	0.396896590
5.637649000	0.561149061	0.396468420
5.637650000	0.532843530	0.389154581
5.637651000	0.588586152	0.388968592
5.637652000	0.480355442	0.389671167
5.637653000	0.509266496	0.386755306
5.637654000	0.502892196	0.395122458
5.637655000	0.554818451	0.383996537
5.637656000	0.473671347	0.392988667
5.637657000	0.476413995	0.385755255
5.637658000	0.538483560	0.386682102
5.637659000	0.580811620	0.385973801
5.637660000	0.467143685	0.384747415
5.637661000	0.552323878	0.384720517
5.637662000	0.522706270	0.382893123
5.637663000	0.569815099	0.380523209
5.637664000	0.567282379	0.382217013
5.637665000	0.597350717	0.378872382
5.637666000	0.538780808	0.372589120
5.637667000	0.622506738	0.375995436
5.637668000	0.582290411	0.377060800
5.637669000	0.515439034	0.379565070
5.637670000	0.595774174	0.375475054
5.637671000	0.527690887	0.366294073
5.637672000	0.587679148	0.378037947
5.637673000	0.644324362	0.378871383
5.637674000	0.573800147	0.379305112
5.637675000	0.558603942	0.368402730
5.637676000	0.600414693	0.368304659
5.637677000	0.532389462	0.360963722
5.637678000	0.613751769	0.372664420
5.637679000	0.582781732	0.358285115
5.637680000	0.626112401	0.370144304
5.637681000	0.585576475	0.365317059
5.637682000	0.549629867	0.368428496
5.637683000	0.596681952	0.366924043
5.637684000	0.619336665	0.361228840
5.637685000	0.637654006	0.365151843
5.637686000	0.645357728	0.357047078
5.637687000	0.580467999	0.366968352
5.637688000	0.640856385	0.352951902
5.637689000	0.597831249	0.362888289
5.637690000	0.586041093	0.360520639
5.637691000	0.648052990	0.356253722
5.637692000	0.555392444	0.368481993
5.637693000	0.627713203	0.358664682
5.637694000	0.616226554	0.356202490
5.637695000	0.611568987	0.355998025
5.637696000	0.607799292	0.356256086
5.637697000	0.575428128	0.353013487
5.637698000	0.642066598	0.349557403
5.637699000	0.569223404	0.353079734
5.637700000	0.614216626	0.357585502
5.637701000	0.593816340	0.351718925
5.637702000	0.580201864	0.360492409
5.637703000	0.555642366	0.355928284
5.637704000	0.593461990	0.345980046
5.637705000	0.654326737	0.344774599
5.637706000	0.652634025	0.344544935
5.637707000	0.602327943	0.349932210
5.637708000	0.628889322	0.349843427
5.637709000	0.672619462	0.346847870
5.637710000	0.649116814	0.338348125
5.637711000	0.645028114	0.357841599
5.637712000	0.650079072	0.345285493
5.637713000	0.602149963	0.340306148
5.637714000	0.570869923	0.340374924
5.637715000	0.640788198	0.347297212
5.637716000	0.657564402	0.349299043
5.637717000	0.630232275	0.346003515
5.637718000	0.560525715	0.343478106
5.637719000	0.614163637	0.342324424
5.637720000	0.645815134	0.338884253
5.637721000	0.695531487	0.340103614
5.637722000	0.698763430	0.335871019
5.637723000	0.646460295	0.344961786
5.637724000	0.623244166	0.346842344
5.637725000	0.592960536	0.336724762
5.637726000	0.624861002	0.340971305
5.637727000	0.605210483	0.331771282
5.637728000	0.639594615	0.335746117
5.637729000	0.586822927	0.336219627
5.637730000	0.608944118	0.338365236
5.637731000	0.580411434	0.338568502
5.637732000	0.702741206	0.329434192
5.637733000	0.719930947	0.324107337
5.637734000	0.645399809	0.336202583
5.637735000	0.600889742	0.339658800
5.637736000	0.655101717	0.344776430
5.637737000	0.691730857	0.328317029
5.637738000	0.660087645	0.335931939
5.637739000	0.628605008	0.336082907
5.637740000	0.626071036	0.322681148
5.637741000	0.615090847	0.338589507
5.637742000	0.584131777	0.333771383
5.637743000	0.672130287	0.330260771
5.637744000	0.608355224	0.324186866
5.637745000	0.641664326	0.320979122
5.637746000	0.714261889	0.331056323
5.637747000	0.621311188	0.329722279
5.637748000	0.645676851	0.318798925
5.637749000	0.687741280	0.328946700
5.637750000	0.657330871	0.328410007
5.637751000	0.709619284	0.324119421
5.637752000	0.594738364	0.323021200
5.637753000	0.643914938	0.331339850
5.637754000	0.698596239	0.330389634
5.637755000	0.597721756	0.324476185
5.637756000	0.699990571	0.320712706
5.637757000	0.642725766	0.320614468
5.637758000	0.630138218	0.313772874
5.637759000	0.620119035	0.328326250
5.637760000	0.659392774	0.325446974
5.637761000	0.638002992	0.325685893
5.637762000	0.647498310	0.320970466
5.637763000	0.618159056	0.316874425
5.637764000	0.654820144	0.317639351
5.637765000	0.680316985	0.316946230
5.637766000	0.673019648	0.326447057
5.637767000	0.678194702	0.319028589
5.637768000	0.676283717	0.322849027
5.637769000	0.609054923	0.319138444
5.637770000	0.612858236	0.308660970
5.637771000	0.656732857	0.318543528
5.637772000	0.615175486	0.312318255
5.637773000	0.676754951	0.310819062
5.637774000	0.595981836	0.318623189
5.637775000	0.732152820	0.317434055
5.637776000	0.683243752	0.316915504
5.637777000	0.708973467	0.309849039
5.637778000	0.671322882	0.319894749
5.637779000	0.703417480	0.309816915
5.637780000	0.613647699	0.318216192
5.637781000	0.692131341	0.311794678
5.637782000	0.673156440	0.310475414
5.637783000	0.660414338	0.311835291
5.637784000	0.703114927	0.315778035
5.637785000	0.693991542	0.309078886
5.637786000	0.683163583	0.310390926
5.637787000	0.662791848	0.311982597
5.637788000	0.597946167	0.317675803
5.637789000	0.714633048	0.313606826
5.637790000	0.617856443	0.316577782
5.637791000	0.685711741	0.306995062
5.637792000	0.697145760	0.313775404
5.637793000	0.585592568	0.307525065
5.637794000	0.665649951	0.318247451
5.637795000	0.677795291	0.306865500
5.637796000	0.705194414	0.304447649
5.637797000	0.693745971	0.304916632
5.637798000	0.700794399	0.312170483
5.637799000	0.660087347	0.307115504
5.637800000	0.685990453	0.311574534
5.637801000	0.681593537	0.302516657
5.637802000	0.655113757	0.304723453
5.637803000	0.658659875	0.309000489
5.637804000	0.661817610	0.304386197
5.637805000	0.646412253	0.302259163
5.637806000	0.655317843	0.301499430
5.637807000	0.730606019	0.317320304
5.637808000	0.613765836	0.307724702
5.637809000	0.691358089	0.311922876
5.637810000	0.653987586	0.301841513
5.637811000	0.642767489	0.304803980
5.637812000	0.708884358	0.307605059
5.637813000	0.691141903	0.301698035
5.637814000	0.670016885	0.299658220
5.637815000	0.735980809	0.300626446
5.637816000	0.624239862	0.302563829
5.637817000	0.686603069	0.302668125
5.637818000	0.701505721	0.296523313
5.637819000	0.786239803	0.298498347
5.637820000	0.698422015	0.304241753
5.637821000	0.760425329	0.301966282
5.637822000	0.658889234	0.295473162
5.637823000	0.737107992	0.291073420
5.637824000	0.639534891	0.302809239
5.637825000	0.639101148	0.293759085
5.637826000	0.686856270	0.293385843
5.637827000	0.765896857	0.304557072
5.637828000	0.709656954	0.296315221
5.637829000	0.727030516	0.295969742
5.637830000	0.636864364	0.305465509
5.637831000	0.719013631	0.299545402
5.637832000	0.667772353	0.295966213
5.637833000	0.687804818	0.296157428
5.637834000	0.693331659	0.298882375
5.637835000	0.683794677	0.288483729
5.637836000	0.697292924	0.302588729
5.637837000	0.669841647	0.290960136
5.637838000	0.724785984	0.292009888
5.637839000	0.631282926	0.297387909
5.637840000	0.664727807	0.293413274
5.637841000	0.751693666	0.286316915
5.637842000	0.700953960	0.298814764
5.637843000	0.704652190	0.291787714
5.637844000	0.619451582	0.290320711
5.637845000	0.698854744	0.289816808
5.637846000	0.689936757	0.287076948
5.637847000	0.727223217	0.291545932
5.637848000	0.651907682	0.297404720
5.637849000	0.836727321	0.286479201
5.637850000	0.683130205	0.290424641
5.637851000	0.706195295	0.295143230
5.637852000	0.726072192	0.283415634
5.637853000	0.666550398	0.292153299
5.637854000	0.651459873	0.284006856
5.637855000	0.741722226	0.287851728
5.637856000	0.751007795	0.288805805
5.637857000	0.736359179	0.285685180
5.637858000	0.738855958	0.290600143
5.637859000	0.731380880	0.286108056
5.637860000	0.679892838	0.287296659
5.637861000	0.769269049	0.285558280
5.637862000	0.702913761	0.284883701
5.637863000	0.791311145	0.282600840
5.637864000	0.701210618	0.287901895
5.637865000	0.698481381	0.288645350
5.637866000	0.751812756	0.297458882
5.637867000	0.683643281	0.282518748
5.637868000	0.709929943	0.282790856
5.637869000	0.682824254	0.281182840
5.637870000	0.668678701	0.279595429
5.637871000	0.770166993	0.292515189
5.637872000	0.705246449	0.280495544
5.637873000	0.708160937	0.290157093
5.637874000	0.736487389	0.287699961
5.637875000	0.736295760	0.289466669
5.637876000	0.676434577	0.278925394
5.637877000	0.705260396	0.286569349
5.637878000	0.723881543	0.285175650
5.637879000	0.784138620	0.285767804
5.637880000	0.699434340	0.282870352
5.637881000	0.749268889	0.279769433
5.637882000	0.699187458	0.291441469
5.637883000	0.706026614	0.284334524
5.637884000	0.719171047	0.284958037
5.637885000	0.695268869	0.290576308
5.637886000	0.749048293	0.288169376
5.637887000	0.706290662	0.282437821
5.637888000	0.678488910	0.277616983
5.637889000	0.673403025	0.281523225
5.637890000	0.682931423	0.287087367
5.637891000	0.743245542	0.278149249
5.637892000	0.681578040	0.280777906
5.637893000	0.691618919	0.278070869
5.637894000	0.689872861	0.279655384
5.637895000	0.767141223	0.276655532
5.637896000	0.693342090	0.283477586
5.637897000	0.716936171	0.278631065
5.637898000	0.750814855	0.281644266
5.637899000	0.700563908	0.270581461
5.637900000	0.727581203	0.278337235
5.637901000	0.647596419	0.282464819
5.637902000	0.719302237	0.280774444
5.637903000	0.731850743	0.270682811
5.637904000	0.673070371	0.275899444
5.637905000	0.721604347	0.285100949
5.637906000	0.650297880	0.273389398
5.637907000	0.772975922	0.285249120
5.637908000	0.673805654	0.279732349
5.637909000	0.716757059	0.283930023
5.637910000	0.743734539	0.273220221
5.637911000	0.752650917	0.276685127
5.637912000	0.699143350	0.275878339
5.637913000	0.682559073	0.272992521
5.637914000	0.675737977	0.277298003
5.637915000	0.678411067	0.277969103
5.637916000	0.751435518	0.272353495
5.637917000	0.747618616	0.267772325
5.637918000	0.712551355	0.273604732
5.637919000	0.714052737	0.276743616
5.637920000	0.651996434	0.277392662
5.637921000	0.763886273	0.279756783
5.637922000	0.754103184	0.267040888
5.637923000	0.727976859	0.275803005
5.637924000	0.741157591	0.271401315
5.637925000	0.695540845	0.278029141
5.637926000	0.785987735	0.277379363
5.637927000	0.736272037	0.277722694
5.637928000	0.767754912	0.274684194
5.637929000	0.788799167	0.278915374
5.637930000	0.753225923	0.275029939
5.637931000	0.688560903	0.273886094
5.637932000	0.685910940	0.269598222
5.637933000	0.640751064	0.279249767
5.637934000	0.726452351	0.275805651
5.637935000	0.653405249	0.269555728
5.637936000	0.704819798	0.272844049
5.637937000	0.733063877	0.278740405
5.637938000	0.727177560	0.274998397
5.637939000	0.725678086	0.270969700
5.637940000	0.749649346	0.274632728
5.637941000	0.825068951	0.274135866
5.637942000	0.710297585	0.270935861
5.637943000	0.724995852	0.266086911
5.637944000	0.740195096	0.269440779
5.637945000	0.689121306	0.270131320
5.637946000	0.687267244	0.274218590
5.637947000	0.699297786	0.276653984
5.637948000	0.722038031	0.275507061
5.637949000	0.725193501	0.271796379
5.637950000	0.759502888	0.276244440
5.637951000	0.761318982	0.267026640
5.637952000	0.708518445	0.265054553
5.637953000	0.659350812	0.268088043
5.637954000	0.688867271	0.276483159
5.637955000	0.715251446	0.269102341
5.637956000	0.699718654	0.274089044
5.637957000	0.719330609	0.270630513
5.637958000	0.741425872	0.272189378
5.637959000	0.746410310	0.267739868
5.637960000	0.733743191	0.268984746
5.637961000	0.717955470	0.264167604
5.637962000	0.707790315	0.272595493
5.637963000	0.694798768	0.264478744
5.637964000	0.731700480	0.269261182
5.637965000	0.723015845	0.267901938
5.637966000	0.701244891	0.265977538
5.637967000	0.733586073	0.266052905
5.637968000	0.809472024	0.259199477
5.637969000	0.683339298	0.263585121
5.637970000	0.779966593	0.270382107
5.637971000	0.764605224	0.268816035
5.637972000	0.773358643	0.276047166
5.637973000	0.762315094	0.266160364
5.637974000	0.720832407	0.271484622
5.637975000	0.699230909	0.268825140
5.637976000	0.711668491	0.266140407
5.637977000	0.735725462	0.262598602
5.637978000	0.613503277	0.268121333
5.637979000	0.702655435	0.269505061
5.637980000	0.798899114	0.268669345
5.637981000	0.764461696	0.262992650
5.637982000	0.732856393	0.257594057
5.637983000	0.758270264	0.273697226
5.637984000	0.817615807	0.264378942
5.637985000	0.683147967	0.263257984
5.637986000	0.796969175	0.263028004
5.637987000	0.763171911	0.259026388
5.637988000	0.720121503	0.261958512
5.637989000	0.673507392	0.262090538
5.637990000	0.777507007	0.265870695
5.637991000	0.752786040	0.264304673
5.637992000	0.639606535	0.257744076
5.637993000	0.660964370	0.265694677
5.637994000	0.753855407	0.252983343
5.637995000	0.727021396	0.263119617
5.637996000	0.733059108	0.259442390
5.637997000	0.710996151	0.258278339
5.637998000	0.833108246	0.268798924
5.637999000	0.745441496	0.261433836
5.638000000	0.739056468	0.261469688
5.638001000	0.788766801	0.253934391
5.638002000	0.793706477	0.266402778
5.638003000	0.704701781	0.257481272
5.638004000	0.761129975	0.254802415
5.638005000	0.738207817	0.258957895
5.638006000	0.686061978	0.256329205
5.638007000	0.674877465	0.255602395
5.638008000	0.764045060	0.262053170
5.638009000	0.746610165	0.266400964
5.638010000	0.778708398	0.263705312
5.638011000	0.735586226	0.262443989
5.638012000	0.720540941	0.257829430
5.638013000	0.696508884	0.263707876
5.638014000	0.711881101	0.257883259
5.638015000	0.693777919	0.256599166
5.638016000	0.681864500	0.264090755
5.638017000	0.718385816	0.264760374
5.638018000	0.731157660	0.256579492
5.638019000	0.705330491	0.261221865
5.638020000	0.745692134	0.260946544
5.638021000	0.700932384	0.249950967
5.638022000	0.741472483	0.259831761
5.638023000	0.699383020	0.260972027
5.638024000	0.707363188	0.263213010
5.638025000	0.712154508	0.255211443
5.638026000	0.737610877	0.257147711
5.638027000	0.785218894	0.259010176
5.638028000	0.730146050	0.257298030
5.638029000	0.776013136	0.257940767
5.638030000	0.719353735	0.258627630
5.638031000	0.749401569	0.261417158
5.638032000	0.731670856	0.262789368
5.638033000	0.787513494	0.255890366
5.638034000	0.740905643	0.255323213
5.638035000	0.687806249	0.255339774
5.638036000	0.681275666	0.253005663
5.638037000	0.748178244	0.262562783
5.638038000	0.753647864	0.263787121
5.638039000	0.794063151	0.251724666
5.638040000	0.685141981	0.261143035
5.638041000	0.715237558	0.251268516
5.638042000	0.763972342	0.260389727
5.638043000	0.656489074	0.255763383
5.638044000	0.705467403	0.257272064
5.638045000	0.767463744	0.256566326
5.638046000	0.702491581	0.252668241
5.638047000	0.725241065	0.252268533
5.638048000	0.760871172	0.258607456
5.638049000	0.675947428	0.251047374
5.638050000	0.679112375	0.254167284
5.638051000	0.757076204	0.247193114
5.638052000	0.760671973	0.257545737
5.638053000	0.692810237	0.256957145
5.638054000	0.683930516	0.256278488
5.638055000	0.729774892	0.257206267
5.638056000	0.686834872	0.252406485
5.638057000	0.763782442	0.252305685
5.638058000	0.783793271	0.251515508
5.638059000	0.783937633	0.256009842
5.638060000	0.691372275	0.251953182
5.638061000	0.718334019	0.252936338
5.638062000	0.737672150	0.255651214
5.638063000	0.698906362	0.250789131
5.638064000	0.761666000	0.254800168
5.638065000	0.754068315	0.244999003
5.638066000	0.704900742	0.248592655
5.638067000	0.730514824	0.253842262
5.638068000	0.692732930	0.244900316
5.638069000	0.792722642	0.249536397
5.638070000	0.819082975	0.252032944
5.638071000	0.744580448	0.259974340
5.638072000	0.748998404	0.253102669
5.638073000	0.720707595	0.257984310
5.638074000	0.706923127	0.256198261
5.638075000	0.706206799	0.253413027
5.638076000	0.798731685	0.256476827
5.638077000	0.776196182	0.252024055
5.638078000	0.724204957	0.252946375
5.638079000	0.761677682	0.244993360
5.638080000	0.721244812	0.255348979
5.638081000	0.663867414	0.250434964
5.638082000	0.705625653	0.257884857
5.638083000	0.808714569	0.251891430
5.638084000	0.839020669	0.250493853
5.638085000	0.721832931	0.249513377
5.638086000	0.715611398	0.248519668
5.638087000	0.810393214	0.245151152
5.638088000	0.729847789	0.244715659
5.638089000	0.788330019	0.252026136
5.638090000	0.662652135	0.250587230
5.638091000	0.721754134	0.247236457
5.638092000	0.774498820	0.245764611
5.638093000	0.719705343	0.249009640
5.638094000	0.663392603	0.248001950
5.638095000	0.735840261	0.251750316
5.638096000	0.734201550	0.244348775
5.638097000	0.731179774	0.247607036
5.638098000	0.658644319	0.249285294
5.638099000	0.713659167	0.243752044
5.638100000	0.756442845	0.246393800
5.638101000	0.739870667	0.244682486
5.638102000	0.738238454	0.248880510
5.638103000	0.758424103	0.243668354
5.638104000	0.808946908	0.253384631
5.638105000	0.774338067	0.244663428
5.638106000	0.763848901	0.250248110
5.638107000	0.697391152	0.242371644
5.638108000	0.720962346	0.248782622
5.638109000	0.726813853	0.253907959
5.638110000	0.741906047	0.243435078
5.638111000	0.755038500	0.250869092
5.638112000	0.752172232	0.247602043
5.638113000	0.732204258	0.254893045
5.638114000	0.744900584	0.253158745
5.638115000	0.727221429	0.246247126
5.638116000	0.737960815	0.246505386
5.638117000	0.745330572	0.250224624
5.638118000	0.734850764	0.244040714
5.638119000	0.731459379	0.251693224
5.638120000	0.712917566	0.257055882
5.638121000	0.773960769	0.245416103
5.638122000	0.777252316	0.245943027
5.638123000	0.740684450	0.252433566
5.638124000	0.779510796	0.244545732
5.638125000	0.702080846	0.250249957
5.638126000	0.719213128	0.241321177
5.638127000	0.757561982	0.243039598
5.638128000	0.711085498	0.245364172
5.638129000	0.782538533	0.249852680
5.638130000	0.741656959	0.245535763
5.638131000	0.722490430	0.242974184
5.638132000	0.700854063	0.241466336
5.638133000	0.731592596	0.239746400
5.638134000	0.749552071	0.245723349
5.638135000	0.758777201	0.245554305
5.638136000	0.737358093	0.248298310
5.638137000	0.741538048	0.246946006
5.638138000	0.714636683	0.239907155
5.638139000	0.710332692	0.238119009
5.638140000	0.671099842	0.242369963
5.638141000	0.705363333	0.247959605
5.638142000	0.772018552	0.246754408
5.638143000	0.666488647	0.244576342
5.638144000	0.754431605	0.245720353
5.638145000	0.732505500	0.244368998
5.638146000	0.748124063	0.244605304
5.638147000	0.747532070	0.239613092
5.638148000	0.782624841	0.245459929
5.638149000	0.715813577	0.244258860
5.638150000	0.751990020	0.247820955
5.638151000	0.830211997	0.245834220
5.638152000	0.691522300	0.241323957
5.638153000	0.746819615	0.242864679
5.638154000	0.740779936	0.244896920
5.638155000	0.738023996	0.248721952
5.638156000	0.768538475	0.243584931
5.638157000	0.785153329	0.248145061
5.638158000	0.730325103	0.242035786
5.638159000	0.714642644	0.240090098
5.638160000	0.805483878	0.247744555
5.638161000	0.745665252	0.247492087
5.638162000	0.802709401	0.249260410
5.638163000	0.768810630	0.245862150
5.638164000	0.786977053	0.248644670
5.638165000	0.727890611	0.243248756
5.638166000	0.699244678	0.238529052
5.638167000	0.676346838	0.244506101
5.638168000	0.749982059	0.242640557
5.638169000	0.795255840	0.244985920
5.638170000	0.790178597	0.244126135
5.638171000	0.789896965	0.243142912
5.638172000	0.692004144	0.243004661
5.638173000	0.697169781	0.238962082
5.638174000	0.736697614	0.242189501
5.638175000	0.664966226	0.235389185
5.638176000	0.690356553	0.244464856
5.638177000	0.733607113	0.241576374
5.638178000	0.744615138	0.239067494
5.638179000	0.793632507	0.228472790
5.638180000	0.656302392	0.239687011
5.638181000	0.797308445	0.241921137
5.638182000	0.756226778	0.236283125
5.638183000	0.777194262	0.239333427
5.638184000	0.714247525	0.241509812
5.638185000	0.691183925	0.240481066
5.638186000	0.715658963	0.237932538
5.638187000	0.703045011	0.236865525
5.638188000	0.778026521	0.240628888
5.638189000	0.682377279	0.242096523
5.638190000	0.745777071	0.243880708
5.638191000	0.695899606	0.229184220
5.638192000	0.818280458	0.235018457
5.638193000	0.742524147	0.248064517
5.638194000	0.732039928	0.236612226
5.638195000	0.768402755	0.246445432
5.638196000	0.774169683	0.236094773
5.638197000	0.754109383	0.238990512
5.638198000	0.795023024	0.237303699
5.638199000	0.763197124	0.244330416
5.638200000	0.736415744	0.236310073
5.638201000	0.733700454	0.245152201
5.638202000	0.681165695	0.237325770
5.638203000	0.782537103	0.231727239
5.638204000	0.753891349	0.235857852
5.638205000	0.726222336	0.240014930
5.638206000	0.754748106	0.239526240
5.638207000	0.762738407	0.242324939
5.638208000	0.724130452	0.242941761
5.638209000	0.793132424	0.246686648
5.638210000	0.719153643	0.246965614
5.638211000	0.765865862	0.234839076
5.638212000	0.704983175	0.235485475
5.638213000	0.723923743	0.235486607
5.638214000	0.742766201	0.240972519
5.638215000	0.664675653	0.241240899
5.638216000	0.726067841	0.236050765
5.638217000	0.781797171	0.240667254
5.638218000	0.779301107	0.239713310
5.638219000	0.707734168	0.238313553
5.638220000	0.734568775	0.240701759
5.638221000	0.752726018	0.234602554
5.638222000	0.772294402	0.239241764
5.638223000	0.736789465	0.233507679
5.638224000	0.720245779	0.238724046
5.638225000	0.763667524	0.234363402
5.638226000	0.758633614	0.243586978
5.638227000	0.757627189	0.236795751
5.638228000	0.644568086	0.241507515
5.638229000	0.686767340	0.237066145
5.638230000	0.697693229	0.242658350
5.638231000	0.806725681	0.236434959
5.638232000	0.781176567	0.244645435
5.638233000	0.790482104	0.241005210
5.638234000	0.784020185	0.239627124
5.638235000	0.786730647	0.237811231
5.638236000	0.729712486	0.235510010
5.638237000	0.758265078	0.234940559
5.638238000	0.776750207	0.240960219
5.638239000	0.796176732	0.240658433
5.638240000	0.822408438	0.229216028
5.638241000	0.730470359	0.229864325
5.638242000	0.718624473	0.234939644
5.638243000	0.754585147	0.225950943
5.638244000	0.852813482	0.238675310
5.638245000	0.718067527	0.238217379
5.638246000	0.752418816	0.237187452
5.638247000	0.757592916	0.234547943
5.638248000	0.738999426	0.236930773
5.638249000	0.767654240	0.229746014
5.638250000	0.751726031	0.235200850
5.638251000	0.745615244	0.231186734
5.638252000	0.768174052	0.240468400
5.638253000	0.752498448	0.242482265
5.638254000	0.691159487	0.234372357
5.638255000	0.838286281	0.236554452
5.638256000	0.758158445	0.239979277
5.638257000	0.677710414	0.237069873
5.638258000	0.785068035	0.232083886
5.638259000	0.728896558	0.237007921
5.638260000	0.744025588	0.231945702
5.638261000	0.791863620	0.230901409
5.638262000	0.749375522	0.241345994
5.638263000	0.805031717	0.229704685
5.638264000	0.804796338	0.234124134
5.638265000	0.731036186	0.232438187
5.638266000	0.729211152	0.231051046
5.638267000	0.730466008	0.236460475
5.638268000	0.714959800	0.230047250
5.638269000	0.773343742	0.230971001
5.638270000	0.786431313	0.228121552
5.638271000	0.699583590	0.235673078
5.638272000	0.738117516	0.234207191
5.638273000	0.732929945	0.229393694
5.638274000	0.758109748	0.230787260
5.638275000	0.708927751	0.229643815
5.638276000	0.734874666	0.240384127
5.638277000	0.856011033	0.242590523
5.638278000	0.745549202	0.238270127
5.638279000	0.755823195	0.234216862
5.638280000	0.782848418	0.233040460
5.638281000	0.697317898	0.233704153
5.638282000	0.726682186	0.232656033
5.638283000	0.871703804	0.228966873
5.638284000	0.759470642	0.233206459
5.638285000	0.757983983	0.240599211
5.638286000	0.726047397	0.232087731
5.638287000	0.824160933	0.234852043
5.638288000	0.739584267	0.234184621
5.638289000	0.721186459	0.232326267
5.638290000	0.777169585	0.229782599
5.638291000	0.735360086	0.235260355
5.638292000	0.761295080	0.232583362
5.638293000	0.764981508	0.228209852
5.638294000	0.747001469	0.236928992
5.638295000	0.742103577	0.230910281
5.638296000	0.759925306	0.228712890
5.638297000	0.740906477	0.236083571
5.638298000	0.728955925	0.222568928
5.638299000	0.721059382	0.242337789
5.638300000	0.764553428	0.238045689
5.638301000	0.692193151	0.231735395
5.638302000	0.721220672	0.234676590
5.638303000	0.789523244	0.225586006
5.638304000	0.743342996	0.221482375
5.638305000	0.713546634	0.232756401
5.638306000	0.709713936	0.234241912
5.638307000	0.716220140	0.230517565
5.638308000	0.723541141	0.231118873
5.638309000	0.736966908	0.238081708
5.638310000	0.794076502	0.228662756
5.638311000	0.762465358	0.231780253
5.638312000	0.751351535	0.239882554
5.638313000	0.765786648	0.227064161
5.638314000	0.795289040	0.231308141
5.638315000	0.719213724	0.226072250
5.638316000	0.672807813	0.230946300
5.638317000	0.746467352	0.233634578
5.638318000	0.728836119	0.226492380
5.638319000	0.785907269	0.231100098
5.638320000	0.804148257	0.236161968
5.638321000	0.761913836	0.231148151
5.638322000	0.762721062	0.231794218
5.638323000	0.725346565	0.230493280
5.638324000	0.706172049	0.222468527
5.638325000	0.788974047	0.238006407
5.638326000	0.720613658	0.230723544
5.638327000	0.750430167	0.230652387
5.638328000	0.718749821	0.225812475
5.638329000	0.719103932	0.236738010
5.638330000	0.782234013	0.232536674
5.638331000	0.801335990	0.227444060
5.638332000	0.734142840	0.237692753
5.638333000	0.757378697	0.233587657
5.638334000	0.746551037	0.233914926
5.638335000	0.799715877	0.227863858
5.638336000	0.745471954	0.229353847
5.638337000	0.720870376	0.232725392
5.638338000	0.815349579	0.233460374
5.638339000	0.712351680	0.234273238
5.638340000	0.752924263	0.231840889
5.638341000	0.781179965	0.227774509
5.638342000	0.797483921	0.229942438
5.638343000	0.680214942	0.233109070
5.638344000	0.722963393	0.230040759
5.638345000	0.733341396	0.228263515
5.638346000	0.795179844	0.228348803
5.638347000	0.664206803	0.226610541
5.638348000	0.743646562	0.231495344
5.638349000	0.809124053	0.226609110
5.638350000	0.768907845	0.232938611
5.638351000	0.763263464	0.228339715
5.638352000	0.790224910	0.229164995
5.638353000	0.711118519	0.227200914
5.638354000	0.805247486	0.231641552
5.638355000	0.762374640	0.228439117
5.638356000	0.797168672	0.229301249
5.638357000	0.731924117	0.223344091
5.638358000	0.686859846	0.231577919
5.638359000	0.741934776	0.223972114
5.638360000	0.731681287	0.228027026
5.638361000	0.719541192	0.228748111
5.638362000	0.760202825	0.229040176
5.638363000	0.724050879	0.225307773
5.638364000	0.706256926	0.229700357
5.638365000	0.779993117	0.226440881
5.638366000	0.760083795	0.230564386
5.638367000	0.754882097	0.222303843
5.638368000	0.825153887	0.234738142
5.638369000	0.714189768	0.234070471
5.638370000	0.737082958	0.233698411
5.638371000	0.772756279	0.224312316
5.638372000	0.765731633	0.229697661
5.638373000	0.827280164	0.225232721
5.638374000	0.778990865	0.228386104
5.638375000	0.718492329	0.222497522
5.638376000	0.792079926	0.236790291
5.638377000	0.712174535	0.229330294
5.638378000	0.734301448	0.227753553
5.638379000	0.719077528	0.221296736
5.638380000	0.764145792	0.223870964
5.638381000	0.745826304	0.226636157
5.638382000	0.720168293	0.229458259
5.638383000	0.794926643	0.228470360
5.638384000	0.692518234	0.231582879
5.638385000	0.738853395	0.231174899
5.638386000	0.840299845	0.229383274
5.638387000	0.760393918	0.228385604
5.638388000	0.781753838	0.226330643
5.638389000	0.742525935	0.232890541
5.638390000	0.738952994	0.224478980
5.638391000	0.724230111	0.224616699
5.638392000	0.724382341	0.226003840
5.638393000	0.732800663	0.226098565
5.638394000	0.780999184	0.227701605
5.638395000	0.760406733	0.226472356
5.638396000	0.706384361	0.230130491
5.638397000	0.753376544	0.223570027
5.638398000	0.770470619	0.228782465
5.638399000	0.791123271	0.230563771
5.638400000	0.746405661	0.228571060
5.638401000	0.768461525	0.226853455
5.638402000	0.776141047	0.226733978
5.638403000	0.766785860	0.232084502
5.638404000	0.687336445	0.221396970
5.638405000	0.682596266	0.227007052
5.638406000	0.771388710	0.226237599
5.638407000	0.794624746	0.223337033
5.638408000	0.762147725	0.224214362
5.638409000	0.729550660	0.232446975
5.638410000	0.760110736	0.230331343
5.638411000	0.811849713	0.220142488
5.638412000	0.700514913	0.221774490
5.638413000	0.725366414	0.230799926
5.638414000	0.665614188	0.227950178
5.638415000	0.754493594	0.224786459
5.638416000	0.764735222	0.229882018
5.638417000	0.778022230	0.225928189
5.638418000	0.756329894	0.231610426
5.638419000	0.762254596	0.228713673
5.638420000	0.706910253	0.227738107
5.638421000	0.717320621	0.219321769
5.638422000	0.746725500	0.230597043
5.638423000	0.759834886	0.225867719
5.638424000	0.733449519	0.223597224
5.638425000	0.692633152	0.226316778
5.638426000	0.788481832	0.217614749
5.638427000	0.725306690	0.211883660
5.638428000	0.785975814	0.227328030
5.638429000	0.769760430	0.223958049
5.638430000	0.766208589	0.230881053
5.638431000	0.708393931	0.223718748
5.638432000	0.742235899	0.223417494
5.638433000	0.760799885	0.229963328
5.638434000	0.847185791	0.219114308
5.638435000	0.785249949	0.220219054
5.638436000	0.715289950	0.229550854
5.638437000	0.726689994	0.227251198
5.638438000	0.736874104	0.216264210
5.638439000	0.671788216	0.228987495
5.638440000	0.783376396	0.231489186
5.638441000	0.711930931	0.223222967
5.638442000	0.670445085	0.218915354
5.638443000	0.701120436	0.221195536
5.638444000	0.734306633	0.220373201
5.638445000	0.714853287	0.224232405
5.638446000	0.737114489	0.221567396
5.638447000	0.736998081	0.231026312
5.638448000	0.737736225	0.229037297
5.638449000	0.763657153	0.218692996
5.638450000	0.753081501	0.219960495
5.638451000	0.776825488	0.225717916
5.638452000	0.767759681	0.223260051
5.638453000	0.757416427	0.228820632
5.638454000	0.770207644	0.227124098
5.638455000	0.775020897	0.213045564
5.638456000	0.710509658	0.213487082
5.638457000	0.734968841	0.225783480
5.638458000	0.781266928	0.227019369
5.638459000	0.756539583	0.234270608
5.638460000	0.783027887	0.223191841
5.638461000	0.749229789	0.226667682
5.638462000	0.749766827	0.221830883
5.638463000	0.781570315	0.219891036
5.638464000	0.795029998	0.231996668
5.638465000	0.805098236	0.220190359
5.638466000	0.767523944	0.228844900
5.638467000	0.715476334	0.222446039
5.638468000	0.729786515	0.227054806
5.638469000	0.772212982	0.220594610
5.638470000	0.822793543	0.216541112
5.638471000	0.716776013	0.220060896
5.638472000	0.784482002	0.231453300
5.638473000	0.737527788	0.226959182
5.638474000	0.717468381	0.221749873
5.638475000	0.822515428	0.216165590
5.638476000	0.781251550	0.220690434
5.638477000	0.723291576	0.220779583
5.638478000	0.750537932	0.227693482
5.638479000	0.669953644	0.220322901
5.638480000	0.783247888	0.217821510
5.638481000	0.738636315	0.223716434
5.638482000	0.747871637	0.228289398
5.638483000	0.702130616	0.221795063
5.638484000	0.747268438	0.220403212
5.638485000	0.785343647	0.210577096
5.638486000	0.746616185	0.218414496
5.638487000	0.688379824	0.223544727
5.638488000	0.666164935	0.216292490
5.638489000	0.792278945	0.220245553
5.638490000	0.747793794	0.222507375
5.638491000	0.790199637	0.221980286
5.638492000	0.748768508	0.224588553
5.638493000	0.737268984	0.224015457
5.638494000	0.751816273	0.216769911
5.638495000	0.773725390	0.224700006
5.638496000	0.808646500	0.223661090
5.638497000	0.726451874	0.219128889
5.638498000	0.731618226	0.216699321
5.638499000	0.796920419	0.219953321
5.638500000	0.826491714	0.222048529
5.638501000	0.724197030	0.219075543
5.638502000	0.768456638	0.222612570
5.638503000	0.751138628	0.233204445
5.638504000	0.753885508	0.223192940
5.638505000	0.701857865	0.228672710
5.638506000	0.804839134	0.221491546
5.638507000	0.805658460	0.221163395
5.638508000	0.772749782	0.216024709
5.638509000	0.766289711	0.223576169
5.638510000	0.788687766	0.219617846
5.638511000	0.831930399	0.224138495
5.638512000	0.783240438	0.229275317
5.638513000	0.739965558	0.213461732
5.638514000	0.736635685	0.225195021
5.638515000	0.763311923	0.220747109
5.638516000	0.718491435	0.218849008
