D:\KID metingen\Entropy ADR\LT343chip5_BF_20240530_mapping\S21\Power\KID288_114dBm_.dat
Power at KID:114dBm
resonance Frequency in GHz :7.371490
Q=50489.657532, Qc=65292.328251, Qi=222702.197158  S21min=-12.890442


Temperature in K:0.099963
GHz	dB	Rad
7.370609000	0.426914781	0.301146594
7.370610000	0.369353443	0.296511695
7.370611000	0.493512899	0.290846985
7.370612000	0.530441821	0.299317169
7.370613000	0.571302950	0.291985054
7.370614000	0.521005154	0.308283400
7.370615000	0.489592373	0.302341688
7.370616000	0.554423213	0.295404320
7.370617000	0.527043283	0.290973286
7.370618000	0.593270779	0.298000069
7.370619000	0.478140414	0.292976981
7.370620000	0.441538006	0.283216563
7.370621000	0.574523926	0.307769044
7.370622000	0.505020261	0.293566738
7.370623000	0.494547039	0.287110637
7.370624000	0.583175063	0.295873702
7.370625000	0.476111412	0.281148818
7.370626000	0.518715262	0.278737109
7.370627000	0.569519758	0.303790647
7.370628000	0.538584530	0.296022373
7.370629000	0.543824613	0.298016015
7.370630000	0.492333233	0.300455471
7.370631000	0.558535337	0.298586464
7.370632000	0.398207843	0.308986308
7.370633000	0.532137811	0.289769304
7.370634000	0.465189308	0.300282665
7.370635000	0.443679750	0.298389424
7.370636000	0.546576262	0.294211756
7.370637000	0.387725890	0.290604271
7.370638000	0.557042658	0.285020788
7.370639000	0.510230899	0.292946888
7.370640000	0.451416731	0.285084337
7.370641000	0.505563796	0.289536810
7.370642000	0.540766835	0.295105679
7.370643000	0.507630408	0.296888266
7.370644000	0.536331654	0.285844637
7.370645000	0.422387481	0.286809333
7.370646000	0.421038151	0.291304649
7.370647000	0.549605429	0.286117011
7.370648000	0.578703463	0.280118873
7.370649000	0.522749782	0.289042960
7.370650000	0.626714110	0.299986854
7.370651000	0.566768587	0.282299536
7.370652000	0.522021234	0.292594152
7.370653000	0.425478727	0.297115966
7.370654000	0.508667827	0.289148587
7.370655000	0.458367169	0.301188339
7.370656000	0.407078654	0.284215448
7.370657000	0.505720735	0.293379485
7.370658000	0.576035023	0.282361821
7.370659000	0.481879056	0.292820854
7.370660000	0.509785950	0.291169128
7.370661000	0.471570373	0.287737911
7.370662000	0.562198102	0.288316150
7.370663000	0.490305960	0.276386170
7.370664000	0.463782996	0.289627224
7.370665000	0.466112167	0.274371272
7.370666000	0.592625022	0.286200268
7.370667000	0.489382744	0.278515251
7.370668000	0.479277223	0.280123035
7.370669000	0.545372128	0.285620998
7.370670000	0.523462057	0.283613074
7.370671000	0.461181760	0.295291002
7.370672000	0.636988759	0.286285556
7.370673000	0.412114948	0.285046720
7.370674000	0.531908512	0.281705052
7.370675000	0.459633291	0.276075895
7.370676000	0.548903227	0.287522428
7.370677000	0.528488755	0.276918952
7.370678000	0.533473849	0.285151116
7.370679000	0.548921704	0.278622959
7.370680000	0.592768312	0.282318944
7.370681000	0.569710255	0.279789873
7.370682000	0.660272121	0.282574608
7.370683000	0.473942578	0.284679936
7.370684000	0.639778137	0.280819884
7.370685000	0.582237244	0.285941276
7.370686000	0.448522717	0.272623457
7.370687000	0.657335997	0.285432779
7.370688000	0.475713581	0.282844086
7.370689000	0.528947175	0.281343628
7.370690000	0.592970848	0.283000048
7.370691000	0.513344288	0.279131656
7.370692000	0.561910450	0.287384043
7.370693000	0.616352916	0.276861228
7.370694000	0.553572774	0.281130742
7.370695000	0.510422111	0.279351251
7.370696000	0.621317148	0.284410491
7.370697000	0.625444412	0.273986346
7.370698000	0.590352476	0.280425869
7.370699000	0.544593453	0.282704670
7.370700000	0.559385061	0.280396508
7.370701000	0.481446862	0.283141861
7.370702000	0.520250261	0.275255442
7.370703000	0.540522158	0.275904005
7.370704000	0.569400549	0.271706414
7.370705000	0.552386343	0.267612336
7.370706000	0.590043604	0.283425787
7.370707000	0.601401091	0.265294520
7.370708000	0.528755188	0.281118358
7.370709000	0.698754191	0.265601633
7.370710000	0.503819108	0.281943072
7.370711000	0.450083882	0.281248620
7.370712000	0.571623087	0.272645211
7.370713000	0.489761144	0.282870019
7.370714000	0.626567423	0.264509387
7.370715000	0.604023933	0.280151664
7.370716000	0.586545944	0.274418327
7.370717000	0.558269203	0.277201530
7.370718000	0.601937115	0.268492727
7.370719000	0.560530841	0.275566016
7.370720000	0.685684383	0.277450153
7.370721000	0.542653620	0.267533640
7.370722000	0.624019623	0.255372831
7.370723000	0.555322409	0.266468442
7.370724000	0.574360847	0.269910245
7.370725000	0.572867036	0.272973146
7.370726000	0.528565884	0.265044599
7.370727000	0.565726817	0.278716769
7.370728000	0.593490064	0.277504681
7.370729000	0.555909038	0.270877388
7.370730000	0.537479520	0.275591882
7.370731000	0.564216912	0.264733526
7.370732000	0.613847971	0.274845848
7.370733000	0.521185458	0.273276097
7.370734000	0.556677282	0.272177727
7.370735000	0.508672714	0.267324715
7.370736000	0.579760253	0.270944234
7.370737000	0.563044012	0.251634485
7.370738000	0.485232919	0.268919149
7.370739000	0.565163493	0.275185417
7.370740000	0.504487932	0.267442593
7.370741000	0.657154381	0.261234615
7.370742000	0.585067868	0.278399087
7.370743000	0.668022037	0.251881609
7.370744000	0.591361940	0.265677217
7.370745000	0.581113636	0.261546737
7.370746000	0.596817911	0.267686722
7.370747000	0.545694768	0.271379328
7.370748000	0.577226937	0.271700172
7.370749000	0.521365702	0.265855532
7.370750000	0.606763899	0.271017853
7.370751000	0.525828004	0.268143387
7.370752000	0.520606577	0.269454178
7.370753000	0.582746744	0.265625518
7.370754000	0.610062361	0.266694278
7.370755000	0.572626829	0.260800220
7.370756000	0.600726902	0.270158501
7.370757000	0.592265785	0.264371136
7.370758000	0.608937800	0.265117670
7.370759000	0.510280490	0.270519376
7.370760000	0.535201430	0.264164841
7.370761000	0.649310887	0.260991368
7.370762000	0.496475756	0.254982228
7.370763000	0.620284021	0.264294387
7.370764000	0.651978791	0.268939373
7.370765000	0.554029703	0.250673383
7.370766000	0.622481227	0.252778945
7.370767000	0.598068178	0.273253977
7.370768000	0.567263603	0.267626734
7.370769000	0.558489263	0.260292272
7.370770000	0.601717174	0.272575137
7.370771000	0.501382291	0.259715597
7.370772000	0.637761772	0.259660403
7.370773000	0.564519942	0.263782111
7.370774000	0.555757165	0.268598138
7.370775000	0.592895746	0.268840253
7.370776000	0.621966660	0.259171547
7.370777000	0.606700480	0.260104785
7.370778000	0.544852853	0.265252209
7.370779000	0.586525142	0.252300358
7.370780000	0.637333333	0.259146746
7.370781000	0.573479354	0.261486450
7.370782000	0.703688562	0.256750584
7.370783000	0.591341972	0.258771091
7.370784000	0.706278265	0.256402675
7.370785000	0.667335331	0.253149907
7.370786000	0.580235839	0.265463232
7.370787000	0.569270134	0.255378257
7.370788000	0.638910770	0.263461267
7.370789000	0.546828747	0.246993194
7.370790000	0.610200465	0.254781309
7.370791000	0.556887329	0.250253885
7.370792000	0.667477190	0.263313811
7.370793000	0.665358782	0.268531410
7.370794000	0.580827177	0.251193349
7.370795000	0.601060092	0.258472983
7.370796000	0.607275248	0.248771703
7.370797000	0.546367645	0.251387959
7.370798000	0.692266822	0.247313972
7.370799000	0.522773027	0.250293683
7.370800000	0.517255247	0.255578843
7.370801000	0.588820040	0.254447815
7.370802000	0.606091559	0.262433503
7.370803000	0.498904288	0.254496434
7.370804000	0.592380345	0.248183461
7.370805000	0.507663608	0.258890517
7.370806000	0.540656865	0.255916099
7.370807000	0.542459607	0.258801917
7.370808000	0.593653381	0.260594873
7.370809000	0.581617653	0.250371481
7.370810000	0.631072402	0.255018564
7.370811000	0.530589521	0.256591077
7.370812000	0.594194651	0.246948020
7.370813000	0.631406665	0.255754412
7.370814000	0.611604691	0.246971190
7.370815000	0.599205732	0.246679990
7.370816000	0.616599441	0.238899598
7.370817000	0.571629941	0.250099006
7.370818000	0.595970333	0.252657838
7.370819000	0.559367359	0.252493354
7.370820000	0.612343311	0.246237639
7.370821000	0.610444844	0.251445750
7.370822000	0.594509900	0.242413756
7.370823000	0.604809105	0.250282681
7.370824000	0.641464651	0.253586898
7.370825000	0.608383834	0.250626062
7.370826000	0.676391900	0.244019858
7.370827000	0.640381098	0.248263406
7.370828000	0.584048808	0.251299925
7.370829000	0.577565432	0.249975851
7.370830000	0.645853519	0.247245229
7.370831000	0.536646008	0.251412394
7.370832000	0.631420970	0.261468390
7.370833000	0.615771651	0.248246661
7.370834000	0.611219525	0.243800247
7.370835000	0.624537826	0.238401953
7.370836000	0.633428872	0.242464322
7.370837000	0.532375693	0.242010669
7.370838000	0.590289474	0.252860637
7.370839000	0.571915627	0.255017848
7.370840000	0.640948236	0.252144097
7.370841000	0.535688400	0.243285558
7.370842000	0.643673778	0.242380632
7.370843000	0.654016435	0.252147526
7.370844000	0.633446753	0.255484467
7.370845000	0.533984125	0.247336975
7.370846000	0.637572229	0.241706204
7.370847000	0.599614024	0.242354334
7.370848000	0.584583402	0.250487811
7.370849000	0.672053695	0.239872201
7.370850000	0.622208595	0.245589359
7.370851000	0.634585559	0.232932053
7.370852000	0.575793445	0.237568983
7.370853000	0.565652251	0.250357482
7.370854000	0.629074872	0.244254899
7.370855000	0.561135471	0.249784703
7.370856000	0.564866304	0.241469149
7.370857000	0.638329268	0.235891691
7.370858000	0.628545344	0.242790909
7.370859000	0.653168976	0.249418185
7.370860000	0.599592447	0.252344500
7.370861000	0.601923048	0.239929542
7.370862000	0.611529648	0.242788296
7.370863000	0.482713968	0.237933586
7.370864000	0.600253105	0.243483331
7.370865000	0.538422227	0.234987115
7.370866000	0.605135381	0.250022290
7.370867000	0.648399651	0.239977962
7.370868000	0.539662182	0.238430615
7.370869000	0.589746177	0.240778158
7.370870000	0.587368131	0.248430502
7.370871000	0.618077040	0.238892374
7.370872000	0.630111575	0.243192514
7.370873000	0.578762054	0.241195942
7.370874000	0.574153841	0.237184472
7.370875000	0.559946716	0.245576459
7.370876000	0.667215168	0.231366248
7.370877000	0.553138673	0.231073649
7.370878000	0.669276595	0.237172455
7.370879000	0.720989525	0.241000499
7.370880000	0.635186374	0.230961763
7.370881000	0.628276169	0.226035098
7.370882000	0.612398326	0.233137067
7.370883000	0.679183483	0.243509879
7.370884000	0.697177410	0.236955058
7.370885000	0.533417940	0.230287534
7.370886000	0.653997183	0.229313283
7.370887000	0.599043906	0.229533959
7.370888000	0.620311439	0.237366699
7.370889000	0.543176055	0.234599009
7.370890000	0.613872170	0.236490952
7.370891000	0.564907014	0.229513054
7.370892000	0.604424715	0.232463254
7.370893000	0.691342175	0.233703904
7.370894000	0.534699321	0.237629769
7.370895000	0.637307346	0.236662210
7.370896000	0.522379279	0.228536306
7.370897000	0.679608881	0.225954288
7.370898000	0.512238085	0.227547607
7.370899000	0.582142532	0.223421256
7.370900000	0.559206724	0.235207225
7.370901000	0.628847182	0.229595911
7.370902000	0.695580482	0.240885268
7.370903000	0.623405576	0.233186302
7.370904000	0.650961876	0.235780104
7.370905000	0.662521005	0.227026394
7.370906000	0.550811827	0.219176327
7.370907000	0.606784165	0.231453816
7.370908000	0.559426427	0.228630565
7.370909000	0.553399026	0.240403435
7.370910000	0.598493338	0.225304577
7.370911000	0.537625015	0.232509409
7.370912000	0.560645700	0.221535754
7.370913000	0.563618362	0.223292692
7.370914000	0.555389047	0.225784262
7.370915000	0.624729872	0.228941439
7.370916000	0.654726982	0.227700806
7.370917000	0.658272564	0.227466098
7.370918000	0.686945558	0.227736243
7.370919000	0.591418743	0.222681063
7.370920000	0.622751415	0.228259620
7.370921000	0.633912086	0.227545360
7.370922000	0.649992228	0.223375716
7.370923000	0.562803566	0.231915558
7.370924000	0.665135503	0.232977876
7.370925000	0.563271761	0.233119223
7.370926000	0.590327322	0.236065695
7.370927000	0.721642435	0.218967402
7.370928000	0.636575222	0.218721442
7.370929000	0.626963258	0.227184602
7.370930000	0.586051583	0.220003621
7.370931000	0.685792804	0.223205157
7.370932000	0.573388457	0.231121087
7.370933000	0.522985160	0.230001294
7.370934000	0.564630330	0.233131424
7.370935000	0.613287926	0.221030469
7.370936000	0.548474848	0.229313966
7.370937000	0.605974793	0.227120969
7.370938000	0.544598699	0.220869681
7.370939000	0.558718622	0.213832245
7.370940000	0.588184178	0.223253976
7.370941000	0.599636674	0.224378496
7.370942000	0.694281876	0.218331372
7.370943000	0.603386402	0.222824142
7.370944000	0.647142947	0.229431178
7.370945000	0.636673629	0.224635258
7.370946000	0.732788324	0.227410222
7.370947000	0.688667297	0.220320354
7.370948000	0.557293355	0.218735424
7.370949000	0.703517675	0.217954252
7.370950000	0.587304115	0.226081637
7.370951000	0.626916051	0.213850887
7.370952000	0.657851279	0.215593077
7.370953000	0.608673751	0.223165393
7.370954000	0.626146615	0.212452228
7.370955000	0.577665269	0.212914819
7.370956000	0.616320312	0.223271187
7.370957000	0.597648501	0.212056249
7.370958000	0.643430412	0.227006387
7.370959000	0.559925616	0.223757513
7.370960000	0.675558686	0.230408891
7.370961000	0.614377737	0.217072396
7.370962000	0.631927311	0.215367008
7.370963000	0.609004915	0.215867366
7.370964000	0.606469274	0.206168582
7.370965000	0.645372510	0.215883195
7.370966000	0.564302623	0.207806343
7.370967000	0.605760932	0.219740667
7.370968000	0.634491563	0.219040639
7.370969000	0.636291146	0.221764570
7.370970000	0.554920673	0.211451545
7.370971000	0.621256948	0.208402608
7.370972000	0.717693925	0.216017335
7.370973000	0.629073620	0.213010127
7.370974000	0.550254345	0.209019164
7.370975000	0.623874068	0.212211894
7.370976000	0.674123943	0.210119415
7.370977000	0.693915427	0.216201709
7.370978000	0.612517357	0.213716247
7.370979000	0.732746363	0.206955597
7.370980000	0.574261606	0.217322867
7.370981000	0.643267870	0.219433022
7.370982000	0.577824354	0.214436233
7.370983000	0.599041402	0.220064874
7.370984000	0.661284983	0.215134547
7.370985000	0.681227386	0.208606390
7.370986000	0.713098347	0.212536983
7.370987000	0.632938147	0.205444036
7.370988000	0.703648329	0.203409498
7.370989000	0.655864418	0.211911140
7.370990000	0.661617875	0.222986678
7.370991000	0.710329950	0.213171548
7.370992000	0.529097497	0.214492825
7.370993000	0.577886641	0.205127470
7.370994000	0.613337517	0.209447483
7.370995000	0.683844864	0.207856111
7.370996000	0.632059634	0.203118431
7.370997000	0.638749301	0.210171147
7.370998000	0.687020779	0.203548931
7.370999000	0.653737783	0.208188041
7.371000000	0.668122292	0.204413676
7.371001000	0.552131057	0.219341509
7.371002000	0.503102958	0.219381290
7.371003000	0.616133511	0.207686268
7.371004000	0.619859099	0.214943998
7.371005000	0.652893841	0.208219200
7.371006000	0.671213925	0.202354104
7.371007000	0.636874020	0.205850085
7.371008000	0.581492186	0.207359265
7.371009000	0.663407862	0.200196926
7.371010000	0.557080090	0.198675995
7.371011000	0.635880888	0.200365538
7.371012000	0.561337352	0.213060511
7.371013000	0.602903247	0.205909241
7.371014000	0.548308372	0.199382732
7.371015000	0.714716971	0.204622917
7.371016000	0.698475957	0.203975253
7.371017000	0.664264321	0.196196376
7.371018000	0.574621975	0.193043043
7.371019000	0.584689915	0.200688080
7.371020000	0.634676695	0.198605704
7.371021000	0.560954869	0.204866047
7.371022000	0.620929301	0.197399176
7.371023000	0.686306715	0.193217464
7.371024000	0.541336596	0.200679774
7.371025000	0.626733959	0.201761817
7.371026000	0.668544888	0.196208310
7.371027000	0.561440229	0.203803496
7.371028000	0.536724746	0.193208592
7.371029000	0.611328244	0.195129364
7.371030000	0.616789699	0.202888883
7.371031000	0.617651403	0.197095709
7.371032000	0.602194190	0.196044942
7.371033000	0.553342462	0.194899000
7.371034000	0.519996881	0.189189000
7.371035000	0.573835850	0.195687928
7.371036000	0.610363603	0.207342404
7.371037000	0.597733200	0.197599629
7.371038000	0.508436799	0.187237269
7.371039000	0.553691626	0.192323557
7.371040000	0.552807808	0.198947421
7.371041000	0.601327181	0.194770736
7.371042000	0.611503661	0.202390506
7.371043000	0.570159256	0.207473282
7.371044000	0.645346582	0.198221993
7.371045000	0.633961558	0.197230881
7.371046000	0.626795530	0.199664311
7.371047000	0.724208176	0.192184723
7.371048000	0.654500067	0.189856987
7.371049000	0.657717705	0.193404750
7.371050000	0.553002298	0.197641590
7.371051000	0.664583802	0.194263071
7.371052000	0.544646382	0.198861584
7.371053000	0.557147145	0.188378600
7.371054000	0.660700977	0.187538622
7.371055000	0.553121150	0.190792855
7.371056000	0.609623909	0.199170361
7.371057000	0.641339958	0.190028278
7.371058000	0.575554073	0.191307528
7.371059000	0.638119757	0.176927323
7.371060000	0.681356609	0.187201965
7.371061000	0.680254817	0.183264598
7.371062000	0.612812579	0.187494697
7.371063000	0.640647769	0.190302001
7.371064000	0.574678838	0.180296372
7.371065000	0.508546829	0.179646794
7.371066000	0.646881342	0.198002415
7.371067000	0.605348229	0.200799666
7.371068000	0.619136393	0.187481797
7.371069000	0.619694829	0.176144287
7.371070000	0.568360865	0.191491536
7.371071000	0.586651981	0.198590940
7.371072000	0.658203423	0.182928840
7.371073000	0.651160836	0.194729140
7.371074000	0.613472104	0.189539938
7.371075000	0.635427475	0.176457542
7.371076000	0.610202670	0.180481828
7.371077000	0.631622314	0.189048801
7.371078000	0.583731711	0.183460357
7.371079000	0.588097513	0.174918900
7.371080000	0.572233140	0.186982654
7.371081000	0.646958709	0.191427936
7.371082000	0.721104205	0.178732880
7.371083000	0.611478686	0.183698477
7.371084000	0.652027071	0.182230243
7.371085000	0.715373755	0.181963511
7.371086000	0.592575312	0.181793917
7.371087000	0.494533747	0.186957204
7.371088000	0.605399013	0.182022134
7.371089000	0.579589605	0.167564748
7.371090000	0.591337979	0.180556446
7.371091000	0.555799246	0.174706330
7.371092000	0.506078541	0.179106921
7.371093000	0.542006314	0.180151546
7.371094000	0.601914346	0.178916871
7.371095000	0.511794925	0.183349104
7.371096000	0.643563628	0.181852474
7.371097000	0.589027226	0.178959781
7.371098000	0.603155971	0.184378499
7.371099000	0.554674864	0.183122835
7.371100000	0.625958502	0.176896830
7.371101000	0.589833081	0.172719745
7.371102000	0.516944230	0.180037180
7.371103000	0.631633818	0.172720677
7.371104000	0.531138241	0.167031333
7.371105000	0.626074135	0.176075644
7.371106000	0.596403778	0.161936689
7.371107000	0.532488763	0.158303588
7.371108000	0.608934581	0.179843368
7.371109000	0.600932837	0.159691944
7.371110000	0.560737491	0.183197070
7.371111000	0.564305365	0.174869982
7.371112000	0.589485466	0.160170997
7.371113000	0.590643704	0.164936507
7.371114000	0.567214608	0.162148677
7.371115000	0.548910081	0.181696862
7.371116000	0.500105619	0.161234880
7.371117000	0.532738745	0.158766263
7.371118000	0.638486624	0.171950325
7.371119000	0.558870435	0.161226924
7.371120000	0.593607366	0.161576996
7.371121000	0.541028500	0.168526065
7.371122000	0.557940006	0.164431655
7.371123000	0.584380388	0.166759008
7.371124000	0.611509442	0.163637217
7.371125000	0.605118811	0.152774966
7.371126000	0.552412689	0.160788367
7.371127000	0.574282706	0.164234598
7.371128000	0.517584741	0.164297748
7.371129000	0.491610944	0.168936775
7.371130000	0.567917287	0.167010194
7.371131000	0.523232937	0.163456139
7.371132000	0.622183561	0.159916049
7.371133000	0.617148817	0.154890148
7.371134000	0.521500647	0.159141802
7.371135000	0.541082382	0.166279839
7.371136000	0.507973611	0.166956065
7.371137000	0.593363047	0.163187543
7.371138000	0.526832402	0.163335931
7.371139000	0.560717225	0.159280352
7.371140000	0.446631700	0.151994560
7.371141000	0.520038605	0.151296179
7.371142000	0.639852405	0.148113585
7.371143000	0.526428223	0.167379175
7.371144000	0.553751826	0.145513125
7.371145000	0.538412154	0.160061042
7.371146000	0.489546537	0.161832843
7.371147000	0.473424584	0.143854907
7.371148000	0.564322174	0.159111591
7.371149000	0.547620177	0.151932391
7.371150000	0.502944767	0.143967526
7.371151000	0.486657768	0.154181331
7.371152000	0.560950220	0.149550327
7.371153000	0.517157137	0.140788311
7.371154000	0.467713743	0.148955893
7.371155000	0.555804014	0.145063084
7.371156000	0.432716846	0.141812196
7.371157000	0.539430201	0.157083977
7.371158000	0.495817184	0.153791977
7.371159000	0.627502799	0.144559363
7.371160000	0.517459989	0.162023508
7.371161000	0.544872165	0.154516240
7.371162000	0.513160646	0.135998657
7.371163000	0.639722466	0.143830373
7.371164000	0.524624109	0.144313953
7.371165000	0.515565574	0.140274104
7.371166000	0.533271253	0.156367037
7.371167000	0.460598797	0.134421991
7.371168000	0.454755276	0.137707782
7.371169000	0.622091591	0.133885447
7.371170000	0.495337009	0.131363009
7.371171000	0.551711440	0.147856174
7.371172000	0.569219947	0.140177681
7.371173000	0.561333656	0.149641507
7.371174000	0.513407648	0.143106409
7.371175000	0.571269810	0.138984127
7.371176000	0.508619905	0.145205463
7.371177000	0.552629650	0.138115687
7.371178000	0.515195012	0.136035367
7.371179000	0.558875024	0.134538621
7.371180000	0.547920823	0.140281594
7.371181000	0.598717391	0.150798584
7.371182000	0.480305433	0.136667535
7.371183000	0.536159217	0.144366700
7.371184000	0.557510912	0.138480174
7.371185000	0.452840924	0.122180929
7.371186000	0.462569267	0.118308243
7.371187000	0.506511986	0.140050732
7.371188000	0.502078235	0.139233041
7.371189000	0.461689293	0.123944682
7.371190000	0.634655774	0.137416815
7.371191000	0.454056442	0.129412593
7.371192000	0.525388002	0.131641717
7.371193000	0.486187249	0.133443204
7.371194000	0.422109962	0.138324038
7.371195000	0.533331752	0.130089627
7.371196000	0.523605287	0.135604551
7.371197000	0.490339994	0.124386484
7.371198000	0.473012894	0.134474247
7.371199000	0.485037357	0.131044229
7.371200000	0.567751229	0.134486273
7.371201000	0.517523229	0.122653648
7.371202000	0.422528148	0.127694014
7.371203000	0.484013468	0.115399522
7.371204000	0.509706259	0.125425666
7.371205000	0.499312431	0.118863546
7.371206000	0.416604996	0.130747902
7.371207000	0.546338320	0.123550792
7.371208000	0.547119915	0.120651159
7.371209000	0.536933124	0.116945129
7.371210000	0.444616050	0.118117544
7.371211000	0.485336304	0.115381762
7.371212000	0.366625130	0.120697432
7.371213000	0.391298443	0.108436321
7.371214000	0.485264391	0.108902408
7.371215000	0.432009578	0.118464563
7.371216000	0.427164197	0.116075183
7.371217000	0.506582916	0.121179389
7.371218000	0.506870329	0.121970439
7.371219000	0.395510763	0.104052525
7.371220000	0.435153216	0.117782494
7.371221000	0.425641954	0.104767526
7.371222000	0.441769689	0.109919094
7.371223000	0.512991548	0.117904358
7.371224000	0.451252341	0.119616205
7.371225000	0.475647390	0.105686075
7.371226000	0.432137221	0.112328098
7.371227000	0.495628536	0.110827016
7.371228000	0.447102487	0.103793316
7.371229000	0.400697023	0.109848762
7.371230000	0.476270199	0.107337609
7.371231000	0.443626583	0.113529609
7.371232000	0.391044945	0.120759125
7.371233000	0.470449358	0.101730182
7.371234000	0.405085534	0.094485701
7.371235000	0.421956897	0.098572056
7.371236000	0.368998438	0.108676622
7.371237000	0.436052740	0.097450815
7.371238000	0.394446373	0.108037887
7.371239000	0.344443351	0.110241354
7.371240000	0.376499355	0.095318747
7.371241000	0.434190869	0.103884088
7.371242000	0.407756418	0.113532230
7.371243000	0.411948472	0.101034398
7.371244000	0.474320322	0.107481203
7.371245000	0.459491104	0.097618752
7.371246000	0.473736614	0.101220644
7.371247000	0.367707849	0.109820283
7.371248000	0.420021623	0.103420249
7.371249000	0.494339585	0.100821420
7.371250000	0.325017244	0.104662847
7.371251000	0.486213952	0.095592869
7.371252000	0.408448428	0.098312298
7.371253000	0.467383683	0.080900908
7.371254000	0.461515427	0.085577694
7.371255000	0.380170554	0.097930950
7.371256000	0.399048775	0.102657062
7.371257000	0.386047006	0.076560480
7.371258000	0.371153295	0.085843660
7.371259000	0.330664307	0.075641432
7.371260000	0.382888138	0.076890154
7.371261000	0.412737310	0.072932489
7.371262000	0.387770027	0.086110384
7.371263000	0.350717247	0.055879524
7.371264000	0.310089380	0.076474968
7.371265000	0.349662811	0.079760834
7.371266000	0.425964236	0.083378514
7.371267000	0.224173918	0.064057001
7.371268000	0.411118120	0.075124079
7.371269000	0.379540533	0.077082851
7.371270000	0.242893472	0.068562670
7.371271000	0.352718443	0.066633576
7.371272000	0.310627997	0.064818495
7.371273000	0.391987801	0.067670586
7.371274000	0.402769715	0.067222081
7.371275000	0.411551863	0.067930178
7.371276000	0.405099124	0.062102474
7.371277000	0.462584645	0.079188121
7.371278000	0.322856814	0.067450160
7.371279000	0.329812139	0.079233919
7.371280000	0.318423808	0.077727219
7.371281000	0.276603788	0.064700492
7.371282000	0.445001483	0.073460660
7.371283000	0.337399244	0.067326897
7.371284000	0.215339363	0.061172968
7.371285000	0.267360896	0.057530904
7.371286000	0.327133447	0.062442347
7.371287000	0.272552967	0.062431990
7.371288000	0.295556039	0.061009675
7.371289000	0.250926018	0.070324514
7.371290000	0.294012994	0.055291356
7.371291000	0.246562660	0.042179416
7.371292000	0.300025642	0.055670703
7.371293000	0.169974253	0.051038742
7.371294000	0.171952575	0.038392151
7.371295000	0.270212054	0.035199566
7.371296000	0.244185537	0.055670711
7.371297000	0.224632010	0.053512340
7.371298000	0.211701050	0.044555101
7.371299000	0.249875784	0.049948448
7.371300000	0.200511232	0.040455718
7.371301000	0.127788141	0.037244874
7.371302000	0.277417868	0.036382542
7.371303000	0.261880219	0.040297185
7.371304000	0.244867012	0.048942784
7.371305000	0.244092584	0.039429906
7.371306000	0.155240580	0.038557259
7.371307000	0.119081408	0.031021532
7.371308000	0.128197119	0.036284754
7.371309000	0.198270261	0.027391868
7.371310000	0.171786696	0.016974680
7.371311000	0.163247615	0.023149376
7.371312000	0.194973692	0.025512592
7.371313000	0.181793407	0.029291749
7.371314000	0.091638997	0.006202905
7.371315000	0.228609636	0.024697307
7.371316000	0.073026218	0.015097976
7.371317000	0.148805127	0.022464904
7.371318000	0.136892468	0.021846422
7.371319000	0.127833918	0.016384690
7.371320000	0.242420018	0.032491171
7.371321000	0.074184470	0.019516726
7.371322000	0.074520811	0.001876387
7.371323000	0.178233862	-0.000455627
7.371324000	0.142391279	0.023652807
7.371325000	0.118250661	0.010673402
7.371326000	0.063606963	0.019565932
7.371327000	0.062849499	0.018965471
7.371328000	0.105302230	0.016980775
7.371329000	0.071481377	0.005559556
7.371330000	0.043588314	0.001400673
7.371331000	0.025613325	-0.001962194
7.371332000	-0.044003669	-0.002465160
7.371333000	-0.067457587	-0.018701402
7.371334000	-0.130558074	-0.010651735
7.371335000	-0.049399681	-0.015600455
7.371336000	0.038654473	-0.014507471
7.371337000	-0.009781421	0.002326330
7.371338000	0.051474482	0.002449857
7.371339000	-0.069001906	-0.007692694
7.371340000	-0.029848920	-0.005271607
7.371341000	-0.014923129	-0.011497531
7.371342000	-0.021248203	-0.009742272
7.371343000	-0.105779290	-0.018177891
7.371344000	-0.069900468	-0.026222689
7.371345000	-0.046196572	-0.013008378
7.371346000	0.034671299	-0.023576197
7.371347000	-0.088903643	-0.007096454
7.371348000	-0.027965985	-0.034355384
7.371349000	-0.164236531	-0.015690715
7.371350000	-0.161794618	-0.019691319
7.371351000	-0.231328398	-0.043351714
7.371352000	-0.236202985	-0.036619622
7.371353000	-0.229368612	-0.032943588
7.371354000	-0.243195146	-0.041398856
7.371355000	-0.233020604	-0.043346941
7.371356000	-0.325722009	-0.051231958
7.371357000	-0.176410303	-0.042063789
7.371358000	-0.122407980	-0.030998608
7.371359000	-0.266497105	-0.057821135
7.371360000	-0.315989584	-0.061055760
7.371361000	-0.259220064	-0.042578407
7.371362000	-0.189827755	-0.055874539
7.371363000	-0.157760859	-0.032250013
7.371364000	-0.268532962	-0.066266888
7.371365000	-0.452798277	-0.070191381
7.371366000	-0.246251330	-0.058490928
7.371367000	-0.369373590	-0.055618326
7.371368000	-0.319637716	-0.069400022
7.371369000	-0.451131374	-0.087788692
7.371370000	-0.424797565	-0.069997211
7.371371000	-0.505859315	-0.076964115
7.371372000	-0.485564500	-0.092508130
7.371373000	-0.391028225	-0.092701159
7.371374000	-0.512066782	-0.085366530
7.371375000	-0.584175110	-0.084682464
7.371376000	-0.759406567	-0.109916040
7.371377000	-0.378636837	-0.058750445
7.371378000	-0.348048925	-0.085584577
7.371379000	-0.479922056	-0.084862236
7.371380000	-0.644584179	-0.104419925
7.371381000	-0.633278012	-0.091711154
7.371382000	-0.668687344	-0.108352956
7.371383000	-0.650197744	-0.114613440
7.371384000	-0.667681277	-0.101213446
7.371385000	-0.686924577	-0.122248798
7.371386000	-0.837074637	-0.124493909
7.371387000	-0.872382462	-0.119317223
7.371388000	-0.716177404	-0.115782293
7.371389000	-0.754397154	-0.113920319
7.371390000	-0.863904059	-0.126249332
7.371391000	-0.666669667	-0.113106499
7.371392000	-0.732108116	-0.126767983
7.371393000	-0.747890830	-0.115184597
7.371394000	-0.974512160	-0.156685052
7.371395000	-1.058096647	-0.133558411
7.371396000	-1.030700564	-0.143884019
7.371397000	-0.958988428	-0.142317747
7.371398000	-0.991353095	-0.150785917
7.371399000	-1.018763423	-0.146783619
7.371400000	-0.946592033	-0.145857355
7.371401000	-1.110168934	-0.159116035
7.371402000	-1.013321996	-0.164284948
7.371403000	-1.201079249	-0.165740366
7.371404000	-1.001270294	-0.152943560
7.371405000	-1.237523556	-0.171788371
7.371406000	-1.360276222	-0.180515384
7.371407000	-1.476097226	-0.179608128
7.371408000	-1.470157743	-0.192750129
7.371409000	-1.376496911	-0.182605083
7.371410000	-1.617363095	-0.201751780
7.371411000	-1.519819140	-0.210527695
7.371412000	-1.488894343	-0.185370343
7.371413000	-1.850236058	-0.206158246
7.371414000	-1.602228165	-0.203746837
7.371415000	-2.085006237	-0.236176599
7.371416000	-1.734288692	-0.215975340
7.371417000	-1.876566410	-0.213399181
7.371418000	-1.770857096	-0.203529773
7.371419000	-1.912916660	-0.247310460
7.371420000	-1.839895129	-0.213878284
7.371421000	-1.917545557	-0.227521409
7.371422000	-2.060503244	-0.254938985
7.371423000	-2.282491446	-0.266724205
7.371424000	-2.248563290	-0.263981532
7.371425000	-2.237065792	-0.257769975
7.371426000	-2.147639990	-0.248854228
7.371427000	-2.264181852	-0.256159845
7.371428000	-2.426169872	-0.253068397
7.371429000	-2.548060894	-0.266402479
7.371430000	-2.274202824	-0.250551294
7.371431000	-2.879365444	-0.272946548
7.371432000	-2.872088194	-0.283305046
7.371433000	-3.184460402	-0.303704061
7.371434000	-3.180157661	-0.296726512
7.371435000	-3.001037359	-0.286154628
7.371436000	-3.017024279	-0.286249870
7.371437000	-3.034046888	-0.295501492
7.371438000	-3.136956215	-0.306877484
7.371439000	-3.323916912	-0.282389984
7.371440000	-2.914469242	-0.288001764
7.371441000	-3.070071697	-0.302606473
7.371442000	-3.128721714	-0.321234619
7.371443000	-3.618271589	-0.314816267
7.371444000	-4.068401814	-0.323798244
7.371445000	-4.158760071	-0.318548987
7.371446000	-4.279464722	-0.350278254
7.371447000	-4.414006710	-0.339117146
7.371448000	-4.451917648	-0.331935067
7.371449000	-3.988545656	-0.320202544
7.371450000	-4.741602898	-0.335160188
7.371451000	-4.832986355	-0.365606211
7.371452000	-4.749520779	-0.333400804
7.371453000	-4.799255371	-0.316852687
7.371454000	-5.284789562	-0.324653518
7.371455000	-4.948853016	-0.333124401
7.371456000	-5.370600224	-0.344417502
7.371457000	-5.182007790	-0.315172631
7.371458000	-5.487206459	-0.333508196
7.371459000	-5.516111851	-0.337674179
7.371460000	-6.688662529	-0.316682144
7.371461000	-6.206072330	-0.351498348
7.371462000	-6.419249535	-0.334680286
7.371463000	-6.718708038	-0.313756828
7.371464000	-7.347459793	-0.318548088
7.371465000	-7.880902767	-0.260693227
7.371466000	-7.937298298	-0.282949348
7.371467000	-7.200143814	-0.282046203
7.371468000	-7.706093788	-0.281313767
7.371469000	-7.945036888	-0.313995348
7.371470000	-7.940121174	-0.255888935
7.371471000	-7.767019749	-0.270500002
7.371472000	-8.203275681	-0.272166907
7.371473000	-9.861021042	-0.135804338
7.371474000	-8.294146538	-0.254656856
7.371475000	-8.275336266	-0.262409035
7.371476000	-8.710319519	-0.219491678
7.371477000	-9.406688690	-0.166992384
7.371478000	-9.380074501	-0.171844481
7.371479000	-10.624574661	-0.027949880
7.371480000	-10.125323296	-0.112001345
7.371481000	-11.085206032	0.023605521
7.371482000	-10.746504784	-0.076139925
7.371483000	-10.604508400	0.038984446
7.371484000	-10.609224319	-0.079082743
7.371485000	-10.387907028	-0.089987065
7.371486000	-10.215963364	-0.098206079
7.371487000	-11.511403084	0.324279477
7.371488000	-11.419129372	0.279135834
7.371489000	-11.440344810	0.321606363
7.371490000	-11.820178032	0.317336383
7.371491000	-11.236279488	0.332591270
7.371492000	-11.218429565	0.469483575
7.371493000	-11.435618401	0.553117653
7.371494000	-11.073788643	0.497102220
7.371495000	-10.284943581	0.695240773
7.371496000	-10.218586922	0.696647055
7.371497000	-11.569674492	0.386441685
7.371498000	-11.418160439	0.423380096
7.371499000	-10.946283340	0.653076808
7.371500000	-11.158315659	0.559244255
7.371501000	-10.711326599	0.691585984
7.371502000	-9.463487625	0.804946498
7.371503000	-8.978974342	0.829437860
7.371504000	-8.731407166	0.862210920
7.371505000	-8.472164154	0.866252134
7.371506000	-8.467721939	0.886347948
7.371507000	-9.554968834	0.802342060
7.371508000	-8.590304375	0.892188526
7.371509000	-8.151451111	0.884490393
7.371510000	-7.680211067	0.925434564
7.371511000	-7.943109512	0.919808170
7.371512000	-6.963105202	0.972065716
7.371513000	-7.192609787	0.907012680
7.371514000	-7.320962429	0.956268177
7.371515000	-6.977700710	0.933263991
7.371516000	-7.864408016	0.911092043
7.371517000	-6.958323002	0.968104863
7.371518000	-6.112721920	0.941281571
7.371519000	-5.944448471	0.971838348
7.371520000	-5.850408077	0.944451065
7.371521000	-5.950059414	0.976617191
7.371522000	-5.280620098	0.976434698
7.371523000	-5.542331219	0.970924950
7.371524000	-4.828993320	0.980715330
7.371525000	-4.560120583	0.971979363
7.371526000	-5.033110619	0.961804622
7.371527000	-4.533866882	0.947090724
7.371528000	-5.490520000	0.973226121
7.371529000	-4.824389935	0.975875501
7.371530000	-3.954279184	0.967971705
7.371531000	-3.660147905	0.939276077
7.371532000	-3.616670609	0.929365123
7.371533000	-3.367028475	0.923242782
7.371534000	-3.449604034	0.915858635
7.371535000	-3.653023481	0.939639133
7.371536000	-3.821947098	0.930627861
7.371537000	-3.555027962	0.944799806
7.371538000	-3.316817284	0.931375344
7.371539000	-3.189645767	0.935652713
7.371540000	-3.133867025	0.932341605
7.371541000	-3.130446196	0.929181964
7.371542000	-2.649315834	0.905672777
7.371543000	-2.847247362	0.921397012
7.371544000	-2.863516808	0.915821484
7.371545000	-2.862575054	0.910981522
7.371546000	-2.441805363	0.897519509
7.371547000	-2.297734499	0.867652224
7.371548000	-2.449469805	0.887797107
7.371549000	-2.084042549	0.874787032
7.371550000	-2.455725431	0.907170272
7.371551000	-2.165530443	0.888193119
7.371552000	-2.016714573	0.866868522
7.371553000	-2.081250191	0.879697235
7.371554000	-1.982915163	0.859276116
7.371555000	-1.933885813	0.847827054
7.371556000	-2.111097574	0.877680690
7.371557000	-1.884576201	0.868379333
7.371558000	-2.107150316	0.888134995
7.371559000	-1.844808459	0.836959026
7.371560000	-1.491706371	0.846763054
7.371561000	-1.552625060	0.835794892
7.371562000	-1.474330902	0.831376574
7.371563000	-1.597896457	0.831364457
7.371564000	-1.785806179	0.829511030
7.371565000	-1.496296287	0.823104397
7.371566000	-1.409329414	0.823564724
7.371567000	-1.218501568	0.809102894
7.371568000	-1.151339769	0.795645608
7.371569000	-1.298686981	0.811315714
7.371570000	-1.611245275	0.838216504
7.371571000	-1.211321354	0.805842652
7.371572000	-0.939551234	0.776960004
7.371573000	-1.031217098	0.784767194
7.371574000	-0.909866214	0.778406833
7.371575000	-0.862123311	0.775159707
7.371576000	-0.961202681	0.776445082
7.371577000	-1.025562286	0.756825041
7.371578000	-1.157182693	0.797358952
7.371579000	-1.065108061	0.772626908
7.371580000	-0.755106091	0.744988089
7.371581000	-0.958499730	0.777466804
7.371582000	-0.588008523	0.731318882
7.371583000	-0.797953844	0.743417224
7.371584000	-0.821924090	0.764188149
7.371585000	-0.739222646	0.746918815
7.371586000	-0.625231206	0.732761650
7.371587000	-0.670049191	0.745959611
7.371588000	-0.624531090	0.741429307
7.371589000	-0.740234613	0.750440313
7.371590000	-0.632445574	0.732195395
7.371591000	-0.695627987	0.738967881
7.371592000	-0.534614146	0.737284630
7.371593000	-0.402201474	0.704572156
7.371594000	-0.351151586	0.699601100
7.371595000	-0.307811946	0.699093169
7.371596000	-0.463416040	0.712898463
7.371597000	-0.348680377	0.690768992
7.371598000	-0.428579062	0.732119096
7.371599000	-0.322178394	0.693417972
7.371600000	-0.386833251	0.712053975
7.371601000	-0.347747326	0.690237692
7.371602000	-0.132885158	0.671813544
7.371603000	-0.278317332	0.696588266
7.371604000	-0.096778885	0.674595748
7.371605000	-0.362886786	0.695181318
7.371606000	-0.197126403	0.702246152
7.371607000	-0.234062731	0.699939787
7.371608000	-0.203386396	0.670603736
7.371609000	-0.146029949	0.666991691
7.371610000	-0.174261779	0.668873214
7.371611000	-0.119337358	0.672212752
7.371612000	-0.041031204	0.672696382
7.371613000	-0.145440266	0.663909016
7.371614000	-0.200096771	0.664414017
7.371615000	0.012393944	0.644591643
7.371616000	0.040880401	0.636163404
7.371617000	-0.061303556	0.651632109
7.371618000	0.019905251	0.628219461
7.371619000	-0.086936623	0.642660519
7.371620000	0.113492265	0.631849416
7.371621000	-0.049177822	0.617830869
7.371622000	0.130091563	0.639407334
7.371623000	-0.053951781	0.619056323
7.371624000	-0.032002535	0.641267552
7.371625000	-0.007030768	0.637741727
7.371626000	0.046064209	0.626655786
7.371627000	0.050177049	0.630999269
7.371628000	-0.051680941	0.637071343
7.371629000	0.131259963	0.621864892
7.371630000	0.207324892	0.600627980
7.371631000	0.092594869	0.608690634
7.371632000	0.164402649	0.602392658
7.371633000	0.099179409	0.623436823
7.371634000	0.162839070	0.619554467
7.371635000	0.168408841	0.607725837
7.371636000	0.110638663	0.607326363
7.371637000	0.202411518	0.595746806
7.371638000	0.170255512	0.600001205
7.371639000	0.163451418	0.589485448
7.371640000	0.129527479	0.597103753
7.371641000	0.228286609	0.580864462
7.371642000	0.326151162	0.601156085
7.371643000	0.317314386	0.581670734
7.371644000	0.265497237	0.581975067
7.371645000	0.265946925	0.593076920
7.371646000	0.272313982	0.595098592
7.371647000	0.235682786	0.592071577
7.371648000	0.186991647	0.598661103
7.371649000	0.272516191	0.585220661
7.371650000	0.298918098	0.579905591
7.371651000	0.270819217	0.559963708
7.371652000	0.416556329	0.572998683
7.371653000	0.286408186	0.582284726
7.371654000	0.308249384	0.570486656
7.371655000	0.355480045	0.568119705
7.371656000	0.448044479	0.564538552
7.371657000	0.305003434	0.574315283
7.371658000	0.270062208	0.567545261
7.371659000	0.343900770	0.563019818
7.371660000	0.354038358	0.569896899
7.371661000	0.365504533	0.551802118
7.371662000	0.323318422	0.555755081
7.371663000	0.358136564	0.567172152
7.371664000	0.374747097	0.560527898
7.371665000	0.356330395	0.555446520
7.371666000	0.368915617	0.553266523
7.371667000	0.278216034	0.565160001
7.371668000	0.482781053	0.542463310
7.371669000	0.332586408	0.565574722
7.371670000	0.389996469	0.555333369
7.371671000	0.523530781	0.547101672
7.371672000	0.364916533	0.548136543
7.371673000	0.446935892	0.532178582
7.371674000	0.481849223	0.544995844
7.371675000	0.568785429	0.543072575
7.371676000	0.456271201	0.525592518
7.371677000	0.386077613	0.532992910
7.371678000	0.422514081	0.537652676
7.371679000	0.464945763	0.530555319
7.371680000	0.471855283	0.541696087
7.371681000	0.512661874	0.536907923
7.371682000	0.496264637	0.537984007
7.371683000	0.519740403	0.535342750
7.371684000	0.471328527	0.533963399
7.371685000	0.577517688	0.532651426
7.371686000	0.426638067	0.518136266
7.371687000	0.558304071	0.513903671
7.371688000	0.562323749	0.527379699
7.371689000	0.463789821	0.523578769
7.371690000	0.609458327	0.521549640
7.371691000	0.593548477	0.531443716
7.371692000	0.492531478	0.529712328
7.371693000	0.433591068	0.526577255
7.371694000	0.476339728	0.535207228
7.371695000	0.522033870	0.515250398
7.371696000	0.500306427	0.511832297
7.371697000	0.512083590	0.517697943
7.371698000	0.522911370	0.535439856
7.371699000	0.590691447	0.529420013
7.371700000	0.430843055	0.515423470
7.371701000	0.556143343	0.510661505
7.371702000	0.530386508	0.515455495
7.371703000	0.504541934	0.513657462
7.371704000	0.653483927	0.498800984
7.371705000	0.596762478	0.504892965
7.371706000	0.638228357	0.511291742
7.371707000	0.589527488	0.520984184
7.371708000	0.494342297	0.507608724
7.371709000	0.530393481	0.502040586
7.371710000	0.640824497	0.501102688
7.371711000	0.507099211	0.492642091
7.371712000	0.546687365	0.498129468
7.371713000	0.555589378	0.502892132
7.371714000	0.690108955	0.500187293
7.371715000	0.540429890	0.487531552
7.371716000	0.710900903	0.485646533
7.371717000	0.603571653	0.506756912
7.371718000	0.659679115	0.497917447
7.371719000	0.577614367	0.503439245
7.371720000	0.480780423	0.501359416
7.371721000	0.688278258	0.492030030
7.371722000	0.579282939	0.496449446
7.371723000	0.650636852	0.493677095
7.371724000	0.546262026	0.483158608
7.371725000	0.661989033	0.484758735
7.371726000	0.554165781	0.489523729
7.371727000	0.574097157	0.487607818
7.371728000	0.665530682	0.481138434
7.371729000	0.631062031	0.501087508
7.371730000	0.692830622	0.491928730
7.371731000	0.588100910	0.485673331
7.371732000	0.600913167	0.489888116
7.371733000	0.660308897	0.485892875
7.371734000	0.682617664	0.479833119
7.371735000	0.556839764	0.499218934
7.371736000	0.652490079	0.484141980
7.371737000	0.604513288	0.489091066
7.371738000	0.575173855	0.482731870
7.371739000	0.604342282	0.485133009
7.371740000	0.661413670	0.471752522
7.371741000	0.616735816	0.476329597
7.371742000	0.636187971	0.473772496
7.371743000	0.734422147	0.462010512
7.371744000	0.718415618	0.471656781
7.371745000	0.696265042	0.477769568
7.371746000	0.691977262	0.472737991
7.371747000	0.747197688	0.465397054
7.371748000	0.691244960	0.466237814
7.371749000	0.780471444	0.471253978
7.371750000	0.711737275	0.470073399
7.371751000	0.707020342	0.472450137
7.371752000	0.664328575	0.458971679
7.371753000	0.602847278	0.459005734
7.371754000	0.792189658	0.472860597
7.371755000	0.655048728	0.453977686
7.371756000	0.700806141	0.455590297
7.371757000	0.677358210	0.463085863
7.371758000	0.587384641	0.464563618
7.371759000	0.683241606	0.455545888
7.371760000	0.725469768	0.464571608
7.371761000	0.733415961	0.459190657
7.371762000	0.649742603	0.460191307
7.371763000	0.682761908	0.460571440
7.371764000	0.671427250	0.449174142
7.371765000	0.722223043	0.457345786
7.371766000	0.765931964	0.460677101
7.371767000	0.711686492	0.456527729
7.371768000	0.698151410	0.457115522
7.371769000	0.665372550	0.458715749
7.371770000	0.652348936	0.458669177
7.371771000	0.774174690	0.451409999
7.371772000	0.801375747	0.458755763
7.371773000	0.714185357	0.442571067
7.371774000	0.785740852	0.448168466
7.371775000	0.751738548	0.453719060
7.371776000	0.668492854	0.457698655
7.371777000	0.806174576	0.456017301
7.371778000	0.830542266	0.453014287
7.371779000	0.815218925	0.449302107
7.371780000	0.779142499	0.448499064
7.371781000	0.770259142	0.444295364
7.371782000	0.642950654	0.445904014
7.371783000	0.808895648	0.441292850
7.371784000	0.749577343	0.444156514
7.371785000	0.681743979	0.443792826
7.371786000	0.767173409	0.449306169
7.371787000	0.806548774	0.439690459
7.371788000	0.695146739	0.449932744
7.371789000	0.807911396	0.426650125
7.371790000	0.723610699	0.445661666
7.371791000	0.766065300	0.443418652
7.371792000	0.672965527	0.431551206
7.371793000	0.658759236	0.436007541
7.371794000	0.737917066	0.438897237
7.371795000	0.699633002	0.436474892
7.371796000	0.669608712	0.446471500
7.371797000	0.771400452	0.439349042
7.371798000	0.693657458	0.429463887
7.371799000	0.833788753	0.438391303
7.371800000	0.652417660	0.439222009
7.371801000	0.683720469	0.433987466
7.371802000	0.767897427	0.426492998
7.371803000	0.760051608	0.427575040
7.371804000	0.778813422	0.436934354
7.371805000	0.724820077	0.431413488
7.371806000	0.769038916	0.431377402
7.371807000	0.851464033	0.425951711
7.371808000	0.837046623	0.436152883
7.371809000	0.852079034	0.436945506
7.371810000	0.868153751	0.432601457
7.371811000	0.716530979	0.437936768
7.371812000	0.787304640	0.423160451
7.371813000	0.757049561	0.431978378
7.371814000	0.841454208	0.421946882
7.371815000	0.782719314	0.425935831
7.371816000	0.719485819	0.426594764
7.371817000	0.801631987	0.432839411
7.371818000	0.816504478	0.420868835
7.371819000	0.727236629	0.420971233
7.371820000	0.740278482	0.421862027
7.371821000	0.811024845	0.423090543
7.371822000	0.839672327	0.421813058
7.371823000	0.761373222	0.420458608
7.371824000	0.752369344	0.427132323
7.371825000	0.773390472	0.436404884
7.371826000	0.643348813	0.428090762
7.371827000	0.756729245	0.428329547
7.371828000	0.752840221	0.438548396
7.371829000	0.746196389	0.436668770
7.371830000	0.823269248	0.429149801
7.371831000	0.784641087	0.428501521
7.371832000	0.769880772	0.442240403
7.371833000	0.697883368	0.413353494
7.371834000	0.919602692	0.424011631
7.371835000	0.760755718	0.427216679
7.371836000	0.786817551	0.433290351
7.371837000	0.758321226	0.417597374
7.371838000	0.879849613	0.425681733
7.371839000	0.723787725	0.418729118
7.371840000	0.776810169	0.415875840
7.371841000	0.821689308	0.414177942
7.371842000	0.858085811	0.408644992
7.371843000	0.794796109	0.421410721
7.371844000	0.683448911	0.424857185
7.371845000	0.843490720	0.422263765
7.371846000	0.864247501	0.412441960
7.371847000	0.805129886	0.411024227
7.371848000	0.808518231	0.417207654
7.371849000	0.825199306	0.416062162
7.371850000	0.802306950	0.424628452
7.371851000	0.858411908	0.408841699
7.371852000	0.767152131	0.414057700
7.371853000	0.787328541	0.419500802
7.371854000	0.743788958	0.414321486
7.371855000	0.824433327	0.409385417
7.371856000	0.779102623	0.418308472
7.371857000	0.839246988	0.415464915
7.371858000	0.853205442	0.395301989
7.371859000	0.795417786	0.418746262
7.371860000	0.820417225	0.409994415
7.371861000	0.722064495	0.408577880
7.371862000	0.817759097	0.407208216
7.371863000	0.726970494	0.412780948
7.371864000	0.878152430	0.413696742
7.371865000	0.759393156	0.400842596
7.371866000	0.746232569	0.411225828
7.371867000	0.825609386	0.411959962
7.371868000	0.801456273	0.413615649
7.371869000	0.839821756	0.405667611
7.371870000	0.774329185	0.413041671
7.371871000	0.806669474	0.404342289
7.371872000	0.761318624	0.405458020
7.371873000	0.767699420	0.412278509
7.371874000	0.756578684	0.407250228
7.371875000	0.757674217	0.399232082
7.371876000	0.830001652	0.409375430
7.371877000	0.787274003	0.404268952
7.371878000	0.785618842	0.411738187
7.371879000	0.862387836	0.412465263
7.371880000	0.834739149	0.401176722
7.371881000	0.789933503	0.410614366
7.371882000	0.811199725	0.409665449
7.371883000	0.783445776	0.398937603
7.371884000	0.747138023	0.405645007
7.371885000	0.784061134	0.404968997
7.371886000	0.743631780	0.411565281
7.371887000	0.850464225	0.405196564
7.371888000	0.735992670	0.404536200
7.371889000	0.741364658	0.407792081
7.371890000	0.718217015	0.394459697
7.371891000	0.796492398	0.385845470
7.371892000	0.808547556	0.409474234
7.371893000	0.795222700	0.391362008
7.371894000	0.858234525	0.397539943
7.371895000	0.763315201	0.394612663
7.371896000	0.806346476	0.397678627
7.371897000	0.790531337	0.398845058
7.371898000	0.786682129	0.399926435
7.371899000	0.831680238	0.412342957
7.371900000	0.837099195	0.398310861
7.371901000	0.858645082	0.405307152
7.371902000	0.753328621	0.401476228
7.371903000	0.772810698	0.397986522
7.371904000	0.888205886	0.410717297
7.371905000	0.732188642	0.401447666
7.371906000	0.892287195	0.404246948
7.371907000	0.753027081	0.387285042
7.371908000	0.810681701	0.391507916
7.371909000	0.846663713	0.401107647
7.371910000	0.803189397	0.393879195
7.371911000	0.842970133	0.397719074
7.371912000	0.751365900	0.404314093
7.371913000	0.846051812	0.384674212
7.371914000	0.792436481	0.399846207
7.371915000	0.790407836	0.398011755
7.371916000	0.767378569	0.387725329
7.371917000	0.818493426	0.385630586
7.371918000	0.828861833	0.386787596
7.371919000	0.872827947	0.387480884
7.371920000	0.796265900	0.395534117
7.371921000	0.890773833	0.393998172
7.371922000	0.827469707	0.390960171
7.371923000	0.835498810	0.390475276
7.371924000	0.759984612	0.400134661
7.371925000	0.933827996	0.386857072
7.371926000	0.773363292	0.405127655
7.371927000	0.787904859	0.385808252
7.371928000	0.815715253	0.393114934
7.371929000	0.830784976	0.398117782
7.371930000	0.834843814	0.397146894
7.371931000	0.807212114	0.386584397
7.371932000	0.861797869	0.380564122
7.371933000	0.837453544	0.390725247
7.371934000	0.817470253	0.392247010
7.371935000	0.745389283	0.388495415
7.371936000	0.788223028	0.392572815
7.371937000	0.882196128	0.385562010
7.371938000	0.774678946	0.384739326
7.371939000	0.823871374	0.373340697
7.371940000	0.868115664	0.381945004
7.371941000	0.797751606	0.382794153
7.371942000	0.868405700	0.384535561
7.371943000	0.857825696	0.383999666
7.371944000	0.822184622	0.366633692
7.371945000	0.824761212	0.388321444
7.371946000	0.757458746	0.376791321
7.371947000	0.804839432	0.379505149
7.371948000	0.911089540	0.379264166
7.371949000	0.810689211	0.378171638
7.371950000	0.818111062	0.370031852
7.371951000	0.828169227	0.384577139
7.371952000	0.840349257	0.393114735
7.371953000	0.907795608	0.380486391
7.371954000	0.807498932	0.386244445
7.371955000	0.876008809	0.369952790
7.371956000	0.839627445	0.385940578
7.371957000	0.856020570	0.382956806
7.371958000	0.963247657	0.382455299
7.371959000	0.751006901	0.384520547
7.371960000	0.796430826	0.380720749
7.371961000	0.815545797	0.392732005
7.371962000	0.877284467	0.387648630
7.371963000	0.907903433	0.378918322
7.371964000	0.740683258	0.386848683
7.371965000	0.819508374	0.383904358
7.371966000	0.771272540	0.376768252
7.371967000	0.881347716	0.368492545
7.371968000	0.835439384	0.372863059
7.371969000	0.799162328	0.378211252
7.371970000	0.787636340	0.376403232
7.371971000	0.862579823	0.373635076
7.371972000	0.853293180	0.376862894
7.371973000	0.798421144	0.366385519
7.371974000	0.849120259	0.377250151
7.371975000	0.941455543	0.370456593
7.371976000	0.824139237	0.375262168
7.371977000	0.845504045	0.384498776
7.371978000	0.824984908	0.380597312
7.371979000	0.845806539	0.372607329
7.371980000	0.785199463	0.367847261
7.371981000	0.812345147	0.380368446
7.371982000	0.815406799	0.375760112
7.371983000	0.883694887	0.373635709
7.371984000	0.883005619	0.375847464
7.371985000	0.821848691	0.371845332
7.371986000	0.840365291	0.369863707
7.371987000	0.762236536	0.368893884
7.371988000	0.784600675	0.364562385
7.371989000	0.862505257	0.374674042
7.371990000	0.788032711	0.375040759
7.371991000	0.805032790	0.367503714
7.371992000	0.842315257	0.364528696
7.371993000	0.890474260	0.367766102
7.371994000	0.888824642	0.368767250
7.371995000	0.830815196	0.364559156
7.371996000	0.880932689	0.361932713
7.371997000	0.939187586	0.373216394
7.371998000	0.937749267	0.366559789
7.371999000	0.848367333	0.380007554
7.372000000	0.824495435	0.376691486
7.372001000	0.825043559	0.363639300
7.372002000	0.826959908	0.357039388
7.372003000	0.847437620	0.370753835
7.372004000	0.838926911	0.373888875
7.372005000	0.862011015	0.363035695
7.372006000	0.844067037	0.370667715
7.372007000	0.957320571	0.367215393
7.372008000	0.865776002	0.362295569
7.372009000	0.933648884	0.364531093
7.372010000	0.866331518	0.365626618
7.372011000	0.781435728	0.375803222
7.372012000	0.889661431	0.362355757
7.372013000	0.832573831	0.368552666
7.372014000	0.808805704	0.361334767
7.372015000	0.898618221	0.357229771
7.372016000	0.909272194	0.369643397
7.372017000	0.827248633	0.378171405
7.372018000	0.922293484	0.363221317
7.372019000	0.880369782	0.358729530
7.372020000	0.842096984	0.372456561
7.372021000	0.911388516	0.371557977
7.372022000	0.876181364	0.356536716
7.372023000	0.881649852	0.366375865
7.372024000	0.912429690	0.368490814
7.372025000	0.746465325	0.363123779
7.372026000	0.936490178	0.357771025
7.372027000	0.846887529	0.354739316
7.372028000	0.878138483	0.351566292
7.372029000	0.870079994	0.363096315
7.372030000	0.876662433	0.365758378
7.372031000	0.850741982	0.355229737
7.372032000	0.861123741	0.366573505
7.372033000	0.858337998	0.362258718
7.372034000	0.817378402	0.364378727
7.372035000	0.828181326	0.351664663
7.372036000	0.811089039	0.351707973
7.372037000	0.883031070	0.353870726
7.372038000	0.911144733	0.361034662
7.372039000	0.850141823	0.368965323
7.372040000	0.810488582	0.371225714
7.372041000	0.780045807	0.358077288
7.372042000	0.943851471	0.364650369
7.372043000	0.798728943	0.373428714
7.372044000	0.854322910	0.353972592
7.372045000	0.908512712	0.355835905
7.372046000	0.777104795	0.362296035
7.372047000	0.857151330	0.352483452
7.372048000	0.875332415	0.359811439
7.372049000	0.911392212	0.358721374
7.372050000	0.866207421	0.358682625
7.372051000	0.949846983	0.354962455
7.372052000	0.831402004	0.367463866
7.372053000	0.947089016	0.363686372
7.372054000	0.860516667	0.351109327
7.372055000	0.897011518	0.363882980
7.372056000	0.767763317	0.354060609
7.372057000	0.895232558	0.354615712
7.372058000	0.853726566	0.360410550
7.372059000	0.876203060	0.353121379
7.372060000	0.737111211	0.361769195
7.372061000	0.849784851	0.361636437
7.372062000	0.951095521	0.349788532
7.372063000	0.899513006	0.351439726
7.372064000	0.889869452	0.350936155
7.372065000	0.921919644	0.359780879
7.372066000	0.949547648	0.361393357
7.372067000	0.877199769	0.363247683
7.372068000	0.929015100	0.369228343
7.372069000	0.840260327	0.345251671
7.372070000	0.886366904	0.358555259
7.372071000	0.947524726	0.352305985
7.372072000	0.820086241	0.352922374
7.372073000	0.809851646	0.346430686
7.372074000	0.890225947	0.365612270
7.372075000	0.896444440	0.362680962
7.372076000	0.872744441	0.355735804
7.372077000	0.960591555	0.343330700
7.372078000	0.908685625	0.351367854
7.372079000	0.832783461	0.349456436
7.372080000	0.786404610	0.360103588
7.372081000	0.820948243	0.343861468
7.372082000	1.034162641	0.344689578
7.372083000	0.775074363	0.339882006
7.372084000	0.893417060	0.355546120
7.372085000	0.907580376	0.357017051
7.372086000	0.814289510	0.356281153
7.372087000	0.899650991	0.345464458
7.372088000	0.929009438	0.342447063
7.372089000	0.849661767	0.360882629
7.372090000	0.830858767	0.352067899
7.372091000	0.906950593	0.346096326
7.372092000	0.920557439	0.359087392
7.372093000	0.957215548	0.348214072
7.372094000	0.917809129	0.339354267
7.372095000	0.943673015	0.341017079
7.372096000	0.875077605	0.344100220
7.372097000	0.825176716	0.344712215
7.372098000	0.925054610	0.346811784
7.372099000	0.962445319	0.351576013
7.372100000	0.863282382	0.347294515
7.372101000	0.891135693	0.335198271
7.372102000	0.894969881	0.344930327
7.372103000	0.808601737	0.353572052
7.372104000	0.846957803	0.353525746
7.372105000	0.865749955	0.359218287
7.372106000	0.849959552	0.344219563
7.372107000	0.896660924	0.361949525
7.372108000	0.880312979	0.344537012
7.372109000	0.823484242	0.340795737
7.372110000	0.908501983	0.354244700
7.372111000	0.896852612	0.344951033
7.372112000	0.790010214	0.336719669
7.372113000	0.913907647	0.350465109
7.372114000	0.926862955	0.345863366
7.372115000	0.916470110	0.358289542
7.372116000	0.943239748	0.354705061
7.372117000	1.025497794	0.348863317
7.372118000	0.868370593	0.344508150
7.372119000	0.962888658	0.343870589
7.372120000	0.859392226	0.344146959
7.372121000	0.862202585	0.354355920
7.372122000	0.828705192	0.350634685
7.372123000	0.945902944	0.350128818
7.372124000	0.960455775	0.349611066
7.372125000	0.882111311	0.346835120
7.372126000	0.971819460	0.353805045
7.372127000	0.787155986	0.337645783
7.372128000	0.863163650	0.348643839
7.372129000	0.848993897	0.338348924
7.372130000	0.855261922	0.342205947
7.372131000	0.889944255	0.343813231
7.372132000	0.900561512	0.342370797
7.372133000	0.929035544	0.344596167
7.372134000	0.972948849	0.345533467
7.372135000	0.819886267	0.358540046
7.372136000	0.896621466	0.344908456
7.372137000	0.856478155	0.338820337
7.372138000	0.950050235	0.352405221
7.372139000	0.840889037	0.359869696
7.372140000	0.882564783	0.346059008
7.372141000	0.825360894	0.338888813
7.372142000	0.991058946	0.342163503
7.372143000	0.853045285	0.343081761
7.372144000	0.767424703	0.338140831
7.372145000	0.930538893	0.352594572
7.372146000	0.899725139	0.343621350
7.372147000	0.927670538	0.335221574
7.372148000	0.926321805	0.349914433
7.372149000	0.902977228	0.342591240
7.372150000	0.900371552	0.347713697
7.372151000	0.802244246	0.342164135
7.372152000	0.893170595	0.335483496
7.372153000	0.990711689	0.340158875
7.372154000	0.933390498	0.341916894
7.372155000	0.867109895	0.335652540
7.372156000	0.861885369	0.327715488
7.372157000	0.839431584	0.337365252
7.372158000	0.935349941	0.349351142
7.372159000	0.838469088	0.337011884
7.372160000	0.832721233	0.341022139
7.372161000	0.920535147	0.345706006
7.372162000	0.879843414	0.343611131
7.372163000	0.912815630	0.341702210
7.372164000	0.874220908	0.336879259
7.372165000	0.926873565	0.342664577
7.372166000	0.847813249	0.333536093
7.372167000	0.861146569	0.347146044
7.372168000	0.885571063	0.334832353
7.372169000	0.893857300	0.341136022
7.372170000	0.953819394	0.343513359
7.372171000	0.896948695	0.334836381
7.372172000	1.017223358	0.339381864
7.372173000	0.882386148	0.343196610
7.372174000	0.891154230	0.349259895
7.372175000	0.917269111	0.341838431
7.372176000	0.927284956	0.348307415
7.372177000	0.858272135	0.341591556
7.372178000	0.852962554	0.340813047
7.372179000	0.873237133	0.332098318
7.372180000	0.912281573	0.341153532
7.372181000	0.946620941	0.342252752
7.372182000	0.874186873	0.341192581
7.372183000	0.863879800	0.340179781
7.372184000	0.893459201	0.336938714
7.372185000	0.917198062	0.333432396
7.372186000	0.811941862	0.323857000
7.372187000	0.858190954	0.345024637
7.372188000	0.909063697	0.339583632
7.372189000	0.973010540	0.346864748
7.372190000	0.785777092	0.347488760
7.372191000	0.838057816	0.338492701
7.372192000	0.802016437	0.337470081
7.372193000	0.857520282	0.327719349
7.372194000	0.874587774	0.335730071
7.372195000	0.888271272	0.347546783
7.372196000	0.887268603	0.328298653
7.372197000	0.882235885	0.330867805
7.372198000	0.918977380	0.330289533
7.372199000	0.888169348	0.336281079
7.372200000	0.911591709	0.326943803
7.372201000	0.954311311	0.335813861
7.372202000	0.924848497	0.328968305
7.372203000	0.856477380	0.336025549
7.372204000	0.934526861	0.344907790
7.372205000	0.837389171	0.337878676
7.372206000	0.940000772	0.342277353
7.372207000	0.856024802	0.335629137
7.372208000	0.957414627	0.333958570
7.372209000	0.871844053	0.323511122
7.372210000	0.850406647	0.329705335
7.372211000	0.963861704	0.332165830
7.372212000	0.845717549	0.341002598
7.372213000	0.959147692	0.334246591
7.372214000	0.946374536	0.327467048
7.372215000	0.919098079	0.332065428
7.372216000	0.819831908	0.331714257
7.372217000	0.885079801	0.344907125
7.372218000	0.896148264	0.325705833
7.372219000	0.974953771	0.342497430
7.372220000	0.949221790	0.324668166
7.372221000	0.971189022	0.342552091
7.372222000	0.907245338	0.342247359
7.372223000	0.851165891	0.329272472
7.372224000	0.813907862	0.328050413
7.372225000	0.807469189	0.336600758
7.372226000	0.838953793	0.326809147
7.372227000	0.896880448	0.322787708
7.372228000	0.807404220	0.336760548
7.372229000	0.964624345	0.335589456
7.372230000	0.967624962	0.329138248
7.372231000	0.983039618	0.326311036
7.372232000	0.973407865	0.338360775
7.372233000	0.902264535	0.336054178
7.372234000	0.925674617	0.338080744
7.372235000	0.896476448	0.335963198
7.372236000	0.821153641	0.336543101
7.372237000	0.848599136	0.328659445
7.372238000	0.984069347	0.326691003
7.372239000	0.892615378	0.327328597
7.372240000	0.857565284	0.316619194
7.372241000	0.918665230	0.335426571
7.372242000	0.925331712	0.327414151
7.372243000	1.020849228	0.337460627
7.372244000	0.960885227	0.327293510
7.372245000	0.858195543	0.334254114
7.372246000	0.923516154	0.327736393
7.372247000	0.863019645	0.331921418
7.372248000	0.842179537	0.332575257
7.372249000	0.953499496	0.320310901
7.372250000	0.916627765	0.328182173
7.372251000	0.853780091	0.322343193
7.372252000	0.950784326	0.330122186
7.372253000	0.917882562	0.318537968
7.372254000	0.896422386	0.327421242
7.372255000	0.789088249	0.333832602
7.372256000	0.862938523	0.328259472
7.372257000	0.893602073	0.324161965
7.372258000	0.886451185	0.333619183
7.372259000	0.953151524	0.331754138
7.372260000	0.965235353	0.325871615
7.372261000	0.936263621	0.339664526
7.372262000	0.890021026	0.329441482
7.372263000	0.929079831	0.326435706
7.372264000	0.869935930	0.328586508
7.372265000	1.015998721	0.323526668
7.372266000	0.905422032	0.327179493
7.372267000	0.903531849	0.315056851
7.372268000	0.874195039	0.326109102
7.372269000	0.974835753	0.334825595
7.372270000	1.070263505	0.340547963
7.372271000	0.908656657	0.330040927
7.372272000	0.902464688	0.328764806
7.372273000	0.855963707	0.331289450
7.372274000	0.878911674	0.321167474
7.372275000	0.975259125	0.320726621
7.372276000	0.905709207	0.327319642
7.372277000	0.877889216	0.317711090
7.372278000	0.919358015	0.333680369
7.372279000	0.881315887	0.331616553
7.372280000	0.927952409	0.326025978
7.372281000	0.936519623	0.319729966
7.372282000	0.902845502	0.313495506
7.372283000	0.884465337	0.330416199
7.372284000	0.879870176	0.319167173
7.372285000	0.950081766	0.320289962
7.372286000	0.881196022	0.316999726
7.372287000	0.853278160	0.332414103
7.372288000	0.923447073	0.315601134
7.372289000	0.952840090	0.325417180
7.372290000	0.941950083	0.322798627
7.372291000	0.899577260	0.323147035
7.372292000	0.872090876	0.322926858
7.372293000	0.951283157	0.318154540
7.372294000	0.847119749	0.330097985
7.372295000	0.974373460	0.332712377
7.372296000	0.934741020	0.313471571
7.372297000	0.871964753	0.321445341
7.372298000	0.828665078	0.327170838
7.372299000	0.839720905	0.317225230
7.372300000	0.912188470	0.319251429
7.372301000	0.874016225	0.327289182
7.372302000	0.915166438	0.322075811
7.372303000	0.854184210	0.324156273
7.372304000	1.005924582	0.320383239
7.372305000	0.894946635	0.329361488
7.372306000	0.840671182	0.330339667
7.372307000	0.967528582	0.326093423
7.372308000	0.858973742	0.332223487
7.372309000	0.973426998	0.310843896
7.372310000	0.921521366	0.320030271
7.372311000	0.871064603	0.315037276
7.372312000	0.883726060	0.338302718
7.372313000	0.903571546	0.325455529
7.372314000	0.832743168	0.316836874
7.372315000	0.920372665	0.326595562
7.372316000	0.972799242	0.329014844
7.372317000	0.982029140	0.328780020
7.372318000	0.981320441	0.324191193
7.372319000	0.919643044	0.316345055
7.372320000	0.943915367	0.325830968
7.372321000	0.870241940	0.322794665
7.372322000	0.938146234	0.328904289
7.372323000	0.921104252	0.317584457
7.372324000	0.959470749	0.315054787
7.372325000	0.914186060	0.319829335
7.372326000	0.962329328	0.322285768
7.372327000	0.980068028	0.324913975
7.372328000	0.950878024	0.325775774
7.372329000	0.852653801	0.328822997
7.372330000	0.897031546	0.317937126
7.372331000	0.843500733	0.333059986
7.372332000	0.888664484	0.327865324
7.372333000	0.904537320	0.334707318
7.372334000	0.995616972	0.310360199
7.372335000	0.908510983	0.328790339
7.372336000	0.917468011	0.318941970
7.372337000	0.898066223	0.325469211
7.372338000	0.908569992	0.323673708
7.372339000	0.872313619	0.317295437
7.372340000	0.918070257	0.321695545
7.372341000	1.033912063	0.327657797
7.372342000	0.905561447	0.322339498
7.372343000	1.005686402	0.323928173
7.372344000	0.989149153	0.322368127
7.372345000	0.956205308	0.320642232
7.372346000	0.931450963	0.315543610
7.372347000	0.925670743	0.318640567
7.372348000	0.990742207	0.321100528
7.372349000	0.948885262	0.325310287
7.372350000	0.964673698	0.313113209
7.372351000	0.880616903	0.308654345
7.372352000	0.888674855	0.329113714
7.372353000	1.035526395	0.321726970
7.372354000	0.903125823	0.318502748
7.372355000	0.886061668	0.325042306
7.372356000	0.838356018	0.315828202
7.372357000	0.888380527	0.320080371
7.372358000	0.921145320	0.317935461
7.372359000	0.953669071	0.312910376
7.372360000	0.880438566	0.322209136
7.372361000	0.959799111	0.319590050
7.372362000	0.921098292	0.320285668
7.372363000	0.909074306	0.320986612
7.372364000	0.938780308	0.314044084
7.372365000	0.880986273	0.319009781
7.372366000	0.998945534	0.310790134
7.372367000	0.872931063	0.318199347
7.372368000	1.038674831	0.320727486
7.372369000	0.859257460	0.315792549
7.372370000	0.946864903	0.316272450
7.372371000	0.924652934	0.311593110
7.372372000	0.874986112	0.314315959
7.372373000	0.947568715	0.316172915
7.372374000	0.886790454	0.327879405
7.372375000	0.917375803	0.308620256
7.372376000	0.911582351	0.314684441
7.372377000	0.869417787	0.325494445
7.372378000	0.936511040	0.316221251
7.372379000	0.945565403	0.320859213
7.372380000	0.893796682	0.314655479
7.372381000	0.924070954	0.318982816
7.372382000	0.998708129	0.315162578
7.372383000	0.988100886	0.313048361
7.372384000	0.860572934	0.318390263
7.372385000	0.956745863	0.315320037
7.372386000	0.952921689	0.318011827
7.372387000	0.918232441	0.323532461
7.372388000	1.011283159	0.316017486
7.372389000	0.993135750	0.325217542
7.372390000	0.837858737	0.312421619
7.372391000	0.907738090	0.309550931
7.372392000	0.975071907	0.312150376
7.372393000	0.870996952	0.319449701
7.372394000	0.932605207	0.320050178
7.372395000	0.972473264	0.324281042
7.372396000	0.930529118	0.325450869
7.372397000	0.926454484	0.307134545
7.372398000	0.880477488	0.320021349
7.372399000	0.919930518	0.326104309
7.372400000	0.956586540	0.311563915
7.372401000	0.864700139	0.318461935
7.372402000	0.776071727	0.317822443
7.372403000	0.918316603	0.319620210
7.372404000	0.977640152	0.312213959
7.372405000	0.954112828	0.311490611
7.372406000	0.960378587	0.317138877
7.372407000	0.910471797	0.312034828
7.372408000	0.884057343	0.312910909
7.372409000	0.976051033	0.310511167
7.372410000	0.943223178	0.325514751
7.372411000	0.948653698	0.315325830
7.372412000	1.009509921	0.316192822
7.372413000	0.969713151	0.318511803
7.372414000	0.950140119	0.298927216
7.372415000	0.859416962	0.317415146
7.372416000	0.900519967	0.319165975
7.372417000	0.885412633	0.311746275
7.372418000	1.025114298	0.324464600
7.372419000	0.869297087	0.312206136
7.372420000	1.014764428	0.302223277
7.372421000	0.944435239	0.314313662
7.372422000	0.928391099	0.316590731
7.372423000	0.893276215	0.311997877
7.372424000	0.846502721	0.315560155
7.372425000	0.950269222	0.314829516
7.372426000	0.886293292	0.314965471
7.372427000	0.928542733	0.310822924
7.372428000	0.878812134	0.302642625
7.372429000	0.945642173	0.312994099
7.372430000	0.914377511	0.316490530
7.372431000	0.917608380	0.313960227
7.372432000	0.914910913	0.304485965
7.372433000	0.870570064	0.303066301
7.372434000	0.890842497	0.316834644
7.372435000	0.990835428	0.316131136
7.372436000	0.950703144	0.320280608
7.372437000	0.909711123	0.322022149
7.372438000	0.955765665	0.303642542
7.372439000	0.855742872	0.309898174
7.372440000	1.033416152	0.310267022
7.372441000	1.011517048	0.318859445
7.372442000	0.916831076	0.312492692
7.372443000	0.894662201	0.316972595
7.372444000	0.935907185	0.318477681
7.372445000	0.971362591	0.320409704
7.372446000	0.867798805	0.323047532
7.372447000	0.974304974	0.308829448
7.372448000	0.941064298	0.316154306
7.372449000	0.872660339	0.310290691
7.372450000	0.950713634	0.317216308
7.372451000	0.940893471	0.310417890
7.372452000	0.894534409	0.312896627
7.372453000	0.953223050	0.306626980
7.372454000	0.867330432	0.307894345
7.372455000	0.936366022	0.320461636
7.372456000	0.934154809	0.311812787
7.372457000	0.932633579	0.313356655
7.372458000	0.929699957	0.302373979
7.372459000	0.928605258	0.320877389
7.372460000	0.961112916	0.310553279
7.372461000	0.930997074	0.307539413
7.372462000	0.914704740	0.315340078
7.372463000	0.909128726	0.318549853
7.372464000	0.850677788	0.316816534
7.372465000	0.873359561	0.317019634
7.372466000	1.029394269	0.310481240
7.372467000	0.864527822	0.316432307
7.372468000	0.914757431	0.313064007
7.372469000	0.907985926	0.309069132
7.372470000	0.895597458	0.315130154
7.372471000	0.967893183	0.319515415
7.372472000	0.930537105	0.318992337
7.372473000	0.988091171	0.314119285
7.372474000	0.970698774	0.308848722
7.372475000	0.865416765	0.305043431
7.372476000	0.938020170	0.325022999
7.372477000	0.915987432	0.302358665
7.372478000	0.910235643	0.309826369
7.372479000	0.937845945	0.311664516
7.372480000	0.980096102	0.304510366
7.372481000	0.942423165	0.308120414
7.372482000	0.973563492	0.307657224
7.372483000	0.845419526	0.314381440
7.372484000	1.023054600	0.303942647
7.372485000	1.047705770	0.301270997
7.372486000	0.966668785	0.320055571
7.372487000	0.908762455	0.306671222
7.372488000	0.868295431	0.305671738
7.372489000	0.929050565	0.307554925
7.372490000	0.971841037	0.308118251
7.372491000	0.915811896	0.307369203
7.372492000	1.000595093	0.312287363
7.372493000	0.892640471	0.302968230
7.372494000	0.876798153	0.314156569
7.372495000	0.885107398	0.314374515
7.372496000	0.947410107	0.302140286
7.372497000	0.942807555	0.303883791
7.372498000	0.908537030	0.301502293
7.372499000	0.855966210	0.313012075
7.372500000	0.947765768	0.298798219
7.372501000	0.980482221	0.304564761
7.372502000	0.921206474	0.312453577
7.372503000	0.957682252	0.309352293
7.372504000	0.996201336	0.311296700
7.372505000	0.950351775	0.307831561
7.372506000	0.908227921	0.306946926
7.372507000	0.916952848	0.303553093
7.372508000	0.963587582	0.316525051
7.372509000	0.941304564	0.300081629
7.372510000	0.888153195	0.315521039
7.372511000	0.890848041	0.313887723
7.372512000	0.938827336	0.308214324
7.372513000	0.939435840	0.316260366
7.372514000	0.934948325	0.308011990
7.372515000	0.912718534	0.314337131
7.372516000	0.919934690	0.311271833
7.372517000	0.908980668	0.304448481
7.372518000	0.892842233	0.309249728
7.372519000	0.940947711	0.307310780
7.372520000	0.998097241	0.307211444
7.372521000	0.923530579	0.314411833
7.372522000	0.802910745	0.299218732
7.372523000	1.008376956	0.314991403
7.372524000	1.011819482	0.305090636
7.372525000	0.981655240	0.307945445
7.372526000	0.955962360	0.312970031
7.372527000	0.900396407	0.312057166
7.372528000	0.945564270	0.300641725
7.372529000	0.908681989	0.312453278
7.372530000	0.824587047	0.311459419
7.372531000	0.838215172	0.303201489
7.372532000	0.973184407	0.304481970
7.372533000	0.929645658	0.296885903
7.372534000	0.851671994	0.296298443
7.372535000	0.880162060	0.307702864
7.372536000	0.970213592	0.310098311
7.372537000	0.916911781	0.311932730
7.372538000	0.877813280	0.289958322
7.372539000	0.934960961	0.308678613
7.372540000	0.924057364	0.302629376
7.372541000	0.865269780	0.314086095
7.372542000	0.984756291	0.301345666
7.372543000	0.979958892	0.295957957
7.372544000	0.916972697	0.315530893
7.372545000	0.937848508	0.314840702
7.372546000	0.980741024	0.302525646
7.372547000	0.961701334	0.301782357
7.372548000	0.851314187	0.311361382
7.372549000	0.869880497	0.308359433
7.372550000	0.864032328	0.301562746
7.372551000	0.926257432	0.311933329
7.372552000	0.888171494	0.314166190
7.372553000	0.877610385	0.295302187
7.372554000	0.920347929	0.311428061
7.372555000	0.984829187	0.307963088
7.372556000	0.967107058	0.297912917
7.372557000	0.948737860	0.300939234
7.372558000	0.905589461	0.304868994
7.372559000	0.909723043	0.312412531
7.372560000	0.985111773	0.299747070
7.372561000	0.885651171	0.301999671
7.372562000	0.970883071	0.310570856
7.372563000	0.915716410	0.303941449
7.372564000	0.893703878	0.309756594
7.372565000	0.944378197	0.301811652
7.372566000	0.992077291	0.301319034
7.372567000	0.865250766	0.310890501
7.372568000	0.904002786	0.301767943
7.372569000	0.970218599	0.310326777
7.372570000	0.904762208	0.307035243
7.372571000	0.929694533	0.306870526
7.372572000	0.931959450	0.302118515
7.372573000	0.869050741	0.307206617
7.372574000	1.033323884	0.295495799
7.372575000	1.012509227	0.303402392
7.372576000	0.916183472	0.301569005
7.372577000	0.878539801	0.301708288
7.372578000	0.860228896	0.309072694
7.372579000	0.805388212	0.302101005
7.372580000	0.931636333	0.299014168
7.372581000	0.959053516	0.299334812
7.372582000	0.976685584	0.307069231
7.372583000	0.923289776	0.299199224
7.372584000	0.938867807	0.306555674
7.372585000	0.918657064	0.304355637
7.372586000	0.935975730	0.303894943
7.372587000	0.998911440	0.298743058
7.372588000	0.944134057	0.308418622
7.372589000	0.895409822	0.302797521
7.372590000	0.948032200	0.313637752
7.372591000	0.912202835	0.295229916
7.372592000	0.992484272	0.305551762
7.372593000	0.891784251	0.292082692
7.372594000	0.943515062	0.315640848
7.372595000	0.923087478	0.308879848
7.372596000	0.903251946	0.309064572
7.372597000	0.930696249	0.305502760
7.372598000	0.921026826	0.299797637
7.372599000	0.956049860	0.307878300
7.372600000	0.929088593	0.300003399
7.372601000	0.864522815	0.300963602
7.372602000	0.858766854	0.310769427
7.372603000	0.937338114	0.302975387
7.372604000	0.994944692	0.305425196
7.372605000	0.956194401	0.303123226
7.372606000	0.905361712	0.303682390
7.372607000	0.946241796	0.292847052
7.372608000	0.981195390	0.320509839
7.372609000	0.929485142	0.292179265
