D:\KID metingen\Entropy ADR\LT343chip5_BF_20240530_mapping\S21\Power\KID244_102dBm_.dat
Power at KID:102dBm
resonance Frequency in GHz :7.116563
Q=34714.941465, Qc=39252.077908, Qi=300328.985981  S21min=-18.741616


Temperature in K:0.100005
GHz	dB	Rad
7.115727000	1.256786585	0.041775464
7.115728000	1.252049565	0.044193739
7.115729000	1.244738579	0.045098107
7.115730000	1.274441361	0.045464733
7.115731000	1.251543641	0.043390351
7.115732000	1.252745628	0.044307406
7.115733000	1.286949873	0.044096613
7.115734000	1.263884068	0.043273692
7.115735000	1.264180064	0.043312749
7.115736000	1.261313915	0.043509299
7.115737000	1.232377768	0.043246786
7.115738000	1.262362599	0.041815100
7.115739000	1.237330675	0.042198616
7.115740000	1.271857142	0.043714191
7.115741000	1.264943719	0.042187139
7.115742000	1.252142310	0.038803876
7.115743000	1.262954116	0.041144033
7.115744000	1.257501364	0.041704062
7.115745000	1.253233314	0.040849317
7.115746000	1.262657046	0.039973311
7.115747000	1.253488898	0.038947541
7.115748000	1.262268066	0.040506331
7.115749000	1.272506475	0.039261448
7.115750000	1.253247857	0.040933198
7.115751000	1.272521257	0.039288871
7.115752000	1.267541051	0.040838065
7.115753000	1.273056388	0.039783615
7.115754000	1.252667069	0.038103132
7.115755000	1.259907842	0.037583474
7.115756000	1.281014204	0.039728521
7.115757000	1.259933591	0.039215729
7.115758000	1.266309619	0.041727020
7.115759000	1.267460704	0.039421330
7.115760000	1.270147324	0.037630791
7.115761000	1.270305037	0.040142897
7.115762000	1.265997887	0.035360296
7.115763000	1.251689076	0.039420830
7.115764000	1.274957299	0.036903007
7.115765000	1.265379548	0.035911504
7.115766000	1.269496799	0.037743909
7.115767000	1.287693977	0.037192360
7.115768000	1.279353857	0.038323741
7.115769000	1.277554393	0.036530693
7.115770000	1.268975377	0.036550392
7.115771000	1.261474848	0.035528450
7.115772000	1.273283958	0.035604625
7.115773000	1.267409444	0.035833032
7.115774000	1.264308214	0.036627407
7.115775000	1.258665681	0.036813005
7.115776000	1.278673768	0.036588633
7.115777000	1.281027675	0.036508531
7.115778000	1.273447990	0.034797986
7.115779000	1.291033864	0.033108812
7.115780000	1.250311136	0.034391515
7.115781000	1.285664320	0.035732773
7.115782000	1.256809711	0.034461017
7.115783000	1.270003438	0.033005621
7.115784000	1.279822111	0.035143303
7.115785000	1.260095358	0.032021720
7.115786000	1.271932960	0.030764030
7.115787000	1.264517665	0.034669254
7.115788000	1.257369280	0.031698589
7.115789000	1.281260729	0.033626493
7.115790000	1.275177360	0.035541254
7.115791000	1.256602287	0.031523538
7.115792000	1.271824956	0.032853105
7.115793000	1.268442631	0.032133795
7.115794000	1.282723069	0.033083930
7.115795000	1.265474200	0.032667310
7.115796000	1.272969604	0.031346232
7.115797000	1.292836189	0.031877645
7.115798000	1.263909698	0.031016637
7.115799000	1.284894228	0.031065718
7.115800000	1.276988387	0.029951345
7.115801000	1.270951271	0.031962685
7.115802000	1.288195848	0.030284292
7.115803000	1.279937029	0.029350191
7.115804000	1.297898889	0.032388606
7.115805000	1.286237001	0.028279544
7.115806000	1.261924028	0.030027643
7.115807000	1.290538549	0.029201018
7.115808000	1.254106045	0.029854976
7.115809000	1.293068171	0.026331797
7.115810000	1.258937716	0.027824276
7.115811000	1.285757661	0.028494889
7.115812000	1.291896105	0.029262739
7.115813000	1.288032651	0.028595289
7.115814000	1.281283021	0.026668254
7.115815000	1.281341195	0.029635927
7.115816000	1.274031281	0.029940713
7.115817000	1.295463443	0.029022322
7.115818000	1.269387841	0.027931552
7.115819000	1.282550216	0.027525957
7.115820000	1.281660318	0.026210101
7.115821000	1.267741084	0.028247850
7.115822000	1.292786479	0.027317851
7.115823000	1.274469018	0.024679302
7.115824000	1.285591483	0.028065590
7.115825000	1.304262638	0.027301594
7.115826000	1.277465940	0.025561162
7.115827000	1.270046949	0.025512646
7.115828000	1.268282890	0.028303791
7.115829000	1.295749068	0.028541127
7.115830000	1.272203445	0.026178871
7.115831000	1.286420703	0.025830842
7.115832000	1.285643816	0.023313090
7.115833000	1.294179440	0.025879773
7.115834000	1.281936765	0.025219253
7.115835000	1.293032050	0.024976594
7.115836000	1.293833256	0.023778698
7.115837000	1.297577500	0.026134717
7.115838000	1.280316472	0.025227430
7.115839000	1.262936950	0.023286391
7.115840000	1.290866613	0.023779652
7.115841000	1.265846014	0.023027416
7.115842000	1.292538166	0.022439685
7.115843000	1.293059468	0.024057905
7.115844000	1.292579055	0.024883364
7.115845000	1.303910613	0.022013386
7.115846000	1.290534139	0.023151608
7.115847000	1.263725162	0.019673630
7.115848000	1.282748103	0.022462347
7.115849000	1.290186524	0.021706390
7.115850000	1.286644816	0.022329732
7.115851000	1.315812707	0.020577101
7.115852000	1.301636100	0.022640637
7.115853000	1.294052005	0.019970804
7.115854000	1.289513111	0.020189212
7.115855000	1.294578314	0.021827965
7.115856000	1.284069180	0.023608066
7.115857000	1.294416308	0.020409994
7.115858000	1.293344140	0.020397184
7.115859000	1.282726288	0.019906324
7.115860000	1.302325845	0.020851055
7.115861000	1.283514977	0.019259213
7.115862000	1.294810772	0.018494035
7.115863000	1.308071852	0.017116555
7.115864000	1.280262589	0.020122154
7.115865000	1.300362825	0.017265243
7.115866000	1.278651237	0.016635196
7.115867000	1.302921772	0.020380223
7.115868000	1.284494281	0.021472019
7.115869000	1.285070419	0.018498429
7.115870000	1.277214170	0.016437704
7.115871000	1.286654949	0.017535131
7.115872000	1.306347609	0.015609489
7.115873000	1.284878731	0.016022265
7.115874000	1.292072177	0.016416136
7.115875000	1.314857483	0.016718987
7.115876000	1.294657111	0.016508877
7.115877000	1.283574462	0.015989144
7.115878000	1.287154913	0.016053073
7.115879000	1.300704241	0.017294027
7.115880000	1.273302197	0.015902943
7.115881000	1.286885023	0.012945845
7.115882000	1.301748514	0.013767938
7.115883000	1.287737012	0.014283445
7.115884000	1.291735649	0.015919628
7.115885000	1.296878576	0.015642505
7.115886000	1.297886729	0.013899996
7.115887000	1.273878217	0.014859647
7.115888000	1.278767943	0.014354779
7.115889000	1.303890944	0.015217337
7.115890000	1.281140924	0.015434299
7.115891000	1.307248235	0.011851996
7.115892000	1.314099073	0.014421555
7.115893000	1.292668223	0.013443125
7.115894000	1.301181436	0.014222070
7.115895000	1.298883915	0.013701210
7.115896000	1.280621886	0.015280884
7.115897000	1.281907678	0.009140203
7.115898000	1.295942903	0.013476406
7.115899000	1.295345783	0.013797398
7.115900000	1.304590106	0.014489418
7.115901000	1.292057633	0.012686531
7.115902000	1.294379830	0.014181089
7.115903000	1.281318784	0.010617882
7.115904000	1.289997697	0.010406851
7.115905000	1.286162853	0.007727665
7.115906000	1.291007042	0.009529842
7.115907000	1.306531549	0.009427135
7.115908000	1.302455187	0.010394921
7.115909000	1.302394629	0.009190659
7.115910000	1.298598409	0.010500546
7.115911000	1.287719011	0.011553459
7.115912000	1.291089535	0.008570198
7.115913000	1.315929174	0.009518819
7.115914000	1.290050268	0.009899990
7.115915000	1.283449292	0.008060661
7.115916000	1.302889943	0.009451565
7.115917000	1.288197398	0.007242805
7.115918000	1.308292866	0.009474182
7.115919000	1.286596298	0.009123176
7.115920000	1.290868998	0.006446646
7.115921000	1.277531981	0.008659774
7.115922000	1.283883691	0.008154617
7.115923000	1.293431520	0.007558979
7.115924000	1.282324672	0.006740440
7.115925000	1.297744393	0.004113008
7.115926000	1.284139752	0.006284345
7.115927000	1.275507569	0.009426896
7.115928000	1.299000740	0.006726019
7.115929000	1.288390756	0.008870822
7.115930000	1.301190138	0.004986300
7.115931000	1.295403481	0.005796071
7.115932000	1.302238345	0.006506186
7.115933000	1.305200577	0.005307722
7.115934000	1.297745943	0.005401181
7.115935000	1.299905777	0.006892135
7.115936000	1.287714481	0.004112674
7.115937000	1.296122551	0.004980293
7.115938000	1.283274293	0.004969337
7.115939000	1.310379267	0.003664732
7.115940000	1.304570556	0.003981341
7.115941000	1.317125440	0.003190284
7.115942000	1.298473597	0.001438409
7.115943000	1.300467730	0.004458113
7.115944000	1.303690434	0.004452334
7.115945000	1.294175506	0.002308283
7.115946000	1.280674577	0.003452182
7.115947000	1.310457230	-0.000122739
7.115948000	1.290557027	-0.001091559
7.115949000	1.280316472	0.002494171
7.115950000	1.319971085	0.002876270
7.115951000	1.296795845	0.001177605
7.115952000	1.293874145	0.003369025
7.115953000	1.285024047	0.000182751
7.115954000	1.306683064	0.001389706
7.115955000	1.310549736	-0.001501450
7.115956000	1.311811686	-0.000941531
7.115957000	1.307626128	-0.001204068
7.115958000	1.292975664	0.000486555
7.115959000	1.311527371	-0.000001917
7.115960000	1.321865201	0.000476862
7.115961000	1.310642719	0.000521139
7.115962000	1.311095119	-0.001145455
7.115963000	1.325673699	-0.000757880
7.115964000	1.295269132	0.000779459
7.115965000	1.302480102	-0.001461892
7.115966000	1.303442836	-0.000383477
7.115967000	1.306796789	-0.004598931
7.115968000	1.302637696	-0.001307845
7.115969000	1.308454275	-0.003354419
7.115970000	1.319298387	-0.003298263
7.115971000	1.317304850	0.000256167
7.115972000	1.283608556	-0.003244800
7.115973000	1.299019933	-0.003475565
7.115974000	1.321102619	-0.005824049
7.115975000	1.318525910	-0.003862605
7.115976000	1.310642958	-0.003251432
7.115977000	1.301535726	-0.004099447
7.115978000	1.306848407	-0.006436129
7.115979000	1.316843748	-0.004705177
7.115980000	1.308299899	-0.005518687
7.115981000	1.313584685	-0.007493698
7.115982000	1.298529148	-0.006892390
7.115983000	1.320175409	-0.007185140
7.115984000	1.310388327	-0.006413303
7.115985000	1.309546232	-0.006671499
7.115986000	1.308928847	-0.004935968
7.115987000	1.299529910	-0.006242186
7.115988000	1.327571988	-0.006795172
7.115989000	1.296453714	-0.006752447
7.115990000	1.311427474	-0.008515706
7.115991000	1.293665171	-0.008107230
7.115992000	1.306254387	-0.007911583
7.115993000	1.303694963	-0.010226112
7.115994000	1.324481010	-0.008692309
7.115995000	1.319804192	-0.008760640
7.115996000	1.307100415	-0.009112481
7.115997000	1.304733753	-0.004948525
7.115998000	1.298044801	-0.009031812
7.115999000	1.309190989	-0.008805161
7.116000000	1.306299567	-0.011403692
7.116001000	1.316646814	-0.010747456
7.116002000	1.325475931	-0.011590136
7.116003000	1.313045025	-0.009947082
7.116004000	1.321238041	-0.011782159
7.116005000	1.317845106	-0.012224670
7.116006000	1.311271429	-0.012657788
7.116007000	1.313075781	-0.009993217
7.116008000	1.320011735	-0.011002392
7.116009000	1.311091661	-0.012561097
7.116010000	1.325321794	-0.014140990
7.116011000	1.305317044	-0.013112695
7.116012000	1.307917833	-0.014051125
7.116013000	1.302223206	-0.015463827
7.116014000	1.310079098	-0.014414961
7.116015000	1.308042645	-0.011596738
7.116016000	1.318478703	-0.013940195
7.116017000	1.308640361	-0.016845905
7.116018000	1.310578465	-0.016383456
7.116019000	1.322019458	-0.013782056
7.116020000	1.296701312	-0.014046246
7.116021000	1.300472856	-0.013550801
7.116022000	1.321231604	-0.015249952
7.116023000	1.323159695	-0.015907319
7.116024000	1.313000441	-0.016558619
7.116025000	1.309552193	-0.016456172
7.116026000	1.304385066	-0.015487632
7.116027000	1.308753252	-0.016530998
7.116028000	1.301854491	-0.017443439
7.116029000	1.317333460	-0.016341299
7.116030000	1.301548481	-0.016769772
7.116031000	1.309873223	-0.018489566
7.116032000	1.331992984	-0.016980475
7.116033000	1.315999150	-0.018364108
7.116034000	1.317969561	-0.018641751
7.116035000	1.330898523	-0.018896726
7.116036000	1.316444755	-0.019009382
7.116037000	1.322530031	-0.019062851
7.116038000	1.325035453	-0.021104185
7.116039000	1.310461402	-0.017629255
7.116040000	1.321111083	-0.019917634
7.116041000	1.316139221	-0.021300254
7.116042000	1.324080110	-0.021077963
7.116043000	1.315791965	-0.023223867
7.116044000	1.333953381	-0.022478775
7.116045000	1.321996808	-0.023030106
7.116046000	1.320461154	-0.021073377
7.116047000	1.315663218	-0.022362545
7.116048000	1.321512341	-0.022960579
7.116049000	1.329622746	-0.026256161
7.116050000	1.299055219	-0.021981124
7.116051000	1.325324535	-0.022489867
7.116052000	1.340590477	-0.022373743
7.116053000	1.307883859	-0.025298183
7.116054000	1.308401704	-0.024420652
7.116055000	1.337067604	-0.024223718
7.116056000	1.324971557	-0.027093216
7.116057000	1.317196608	-0.026527236
7.116058000	1.332247138	-0.022145658
7.116059000	1.325011134	-0.024943346
7.116060000	1.329298377	-0.025084529
7.116061000	1.310794115	-0.026632325
7.116062000	1.310391426	-0.025933900
7.116063000	1.321493149	-0.026389677
7.116064000	1.330255866	-0.026812648
7.116065000	1.328520775	-0.028951557
7.116066000	1.315318108	-0.027433713
7.116067000	1.332405210	-0.028737784
7.116068000	1.334411383	-0.026690427
7.116069000	1.327051520	-0.027769161
7.116070000	1.332202077	-0.029407351
7.116071000	1.332125545	-0.029375616
7.116072000	1.334555030	-0.026815298
7.116073000	1.342906713	-0.029449629
7.116074000	1.349957824	-0.028971568
7.116075000	1.310839057	-0.027441832
7.116076000	1.308302164	-0.031153642
7.116077000	1.322507024	-0.027371639
7.116078000	1.316923738	-0.029345278
7.116079000	1.322230458	-0.032470644
7.116080000	1.326547146	-0.032559015
7.116081000	1.345736623	-0.031017238
7.116082000	1.326517463	-0.034505037
7.116083000	1.328846693	-0.032887973
7.116084000	1.321106672	-0.031720631
7.116085000	1.335094333	-0.034294539
7.116086000	1.324940205	-0.035805573
7.116087000	1.329487920	-0.032261055
7.116088000	1.317933202	-0.033333864
7.116089000	1.319191337	-0.031004509
7.116090000	1.332534790	-0.034292714
7.116091000	1.301349878	-0.035004698
7.116092000	1.346595287	-0.035525254
7.116093000	1.312165499	-0.035196915
7.116094000	1.333451629	-0.035806363
7.116095000	1.326216459	-0.034881443
7.116096000	1.335276842	-0.035537076
7.116097000	1.335949779	-0.037522787
7.116098000	1.327497482	-0.036266653
7.116099000	1.316673160	-0.038967194
7.116100000	1.359396100	-0.038032279
7.116101000	1.308116317	-0.040422970
7.116102000	1.340349197	-0.039770391
7.116103000	1.329635620	-0.039766800
7.116104000	1.341106892	-0.041080404
7.116105000	1.329416037	-0.038599686
7.116106000	1.350476146	-0.040678691
7.116107000	1.324909925	-0.038007591
7.116108000	1.322737575	-0.040646342
7.116109000	1.322499394	-0.041770471
7.116110000	1.314164758	-0.043000160
7.116111000	1.335153699	-0.042036595
7.116112000	1.318048120	-0.042191870
7.116113000	1.344321132	-0.042740240
7.116114000	1.347435236	-0.041887092
7.116115000	1.339006543	-0.041678550
7.116116000	1.332189083	-0.045427116
7.116117000	1.326271296	-0.041669903
7.116118000	1.337928057	-0.042544752
7.116119000	1.339618683	-0.045157829
7.116120000	1.344456911	-0.046177428
7.116121000	1.316276073	-0.044398312
7.116122000	1.323783159	-0.045088778
7.116123000	1.339213848	-0.047225395
7.116124000	1.325828552	-0.045033334
7.116125000	1.333333135	-0.045554860
7.116126000	1.343021274	-0.046638163
7.116127000	1.325281143	-0.048567923
7.116128000	1.331501603	-0.048574406
7.116129000	1.333582997	-0.047909943
7.116130000	1.343269467	-0.049384261
7.116131000	1.350589275	-0.047832287
7.116132000	1.315406680	-0.046114690
7.116133000	1.348907351	-0.048155208
7.116134000	1.332744718	-0.050379097
7.116135000	1.331326723	-0.049658263
7.116136000	1.327243686	-0.049966969
7.116137000	1.349015355	-0.049441294
7.116138000	1.353526235	-0.054437060
7.116139000	1.349126220	-0.052152575
7.116140000	1.349670172	-0.051476424
7.116141000	1.331994891	-0.053435603
7.116142000	1.348001003	-0.053938075
7.116143000	1.328404188	-0.052395302
7.116144000	1.355368972	-0.053258307
7.116145000	1.346050143	-0.053775160
7.116146000	1.327346325	-0.054551081
7.116147000	1.346084118	-0.055276155
7.116148000	1.330242276	-0.054029750
7.116149000	1.335485935	-0.056216006
7.116150000	1.337115765	-0.057398741
7.116151000	1.347915888	-0.057137992
7.116152000	1.342386007	-0.055307689
7.116153000	1.337724447	-0.054273792
7.116154000	1.313134193	-0.060516158
7.116155000	1.341876507	-0.059486014
7.116156000	1.327753663	-0.056802692
7.116157000	1.337538123	-0.058539926
7.116158000	1.358994722	-0.057537200
7.116159000	1.334435582	-0.058148029
7.116160000	1.353671074	-0.058476068
7.116161000	1.348321319	-0.058345137
7.116162000	1.336707354	-0.060805015
7.116163000	1.345197916	-0.060459853
7.116164000	1.336051106	-0.059820137
7.116165000	1.353375077	-0.063631170
7.116166000	1.322404861	-0.059785719
7.116167000	1.334902287	-0.062798978
7.116168000	1.363595128	-0.063258232
7.116169000	1.324968219	-0.062495823
7.116170000	1.351928473	-0.064950654
7.116171000	1.328240037	-0.064347311
7.116172000	1.343892097	-0.062246031
7.116173000	1.339424372	-0.065288022
7.116174000	1.343696952	-0.067439786
7.116175000	1.327187657	-0.066538260
7.116176000	1.339218378	-0.068226554
7.116177000	1.342765689	-0.068128280
7.116178000	1.345066309	-0.069383773
7.116179000	1.332202315	-0.068658590
7.116180000	1.337808609	-0.066890309
7.116181000	1.349576116	-0.069005937
7.116182000	1.338664770	-0.069877269
7.116183000	1.341788769	-0.069594183
7.116184000	1.353311419	-0.070433295
7.116185000	1.355870843	-0.070706319
7.116186000	1.330079794	-0.072972669
7.116187000	1.348222494	-0.071298939
7.116188000	1.330818057	-0.070579228
7.116189000	1.338357329	-0.072072504
7.116190000	1.344986916	-0.073559797
7.116191000	1.350367427	-0.074539391
7.116192000	1.334698677	-0.075624421
7.116193000	1.330876589	-0.072166572
7.116194000	1.333686233	-0.074050617
7.116195000	1.325225830	-0.075811250
7.116196000	1.339617968	-0.073666415
7.116197000	1.337369800	-0.076457199
7.116198000	1.317000866	-0.076964631
7.116199000	1.305840492	-0.075849458
7.116200000	1.333649516	-0.075868782
7.116201000	1.340826035	-0.078462576
7.116202000	1.358141661	-0.076815053
7.116203000	1.328269362	-0.079385769
7.116204000	1.318498969	-0.078688853
7.116205000	1.351489544	-0.077390255
7.116206000	1.345175385	-0.078359154
7.116207000	1.333400488	-0.082879104
7.116208000	1.350696206	-0.080680241
7.116209000	1.344267368	-0.083961172
7.116210000	1.325071216	-0.082306799
7.116211000	1.337835789	-0.081414932
7.116212000	1.341984153	-0.081918452
7.116213000	1.316912532	-0.084137240
7.116214000	1.335938096	-0.087801650
7.116215000	1.348208308	-0.085511473
7.116216000	1.340614438	-0.085237741
7.116217000	1.346796513	-0.085424779
7.116218000	1.330013394	-0.088022742
7.116219000	1.340385675	-0.089226100
7.116220000	1.339344859	-0.089512082
7.116221000	1.340310335	-0.088951070
7.116222000	1.346500397	-0.089275110
7.116223000	1.327290773	-0.090229479
7.116224000	1.338076830	-0.091616062
7.116225000	1.328053236	-0.090915584
7.116226000	1.343306899	-0.089193351
7.116227000	1.363576293	-0.089913953
7.116228000	1.339185953	-0.091783766
7.116229000	1.359036088	-0.092503735
7.116230000	1.349224210	-0.091491235
7.116231000	1.341354012	-0.094423026
7.116232000	1.348539472	-0.094289352
7.116233000	1.352361798	-0.094799771
7.116234000	1.339469790	-0.094348232
7.116235000	1.342996359	-0.096059655
7.116236000	1.349388242	-0.094251551
7.116237000	1.332531929	-0.098020890
7.116238000	1.342952967	-0.098036269
7.116239000	1.352604747	-0.099861908
7.116240000	1.325369477	-0.099734259
7.116241000	1.338361621	-0.102817085
7.116242000	1.347961664	-0.100876314
7.116243000	1.340166569	-0.099473086
7.116244000	1.348516583	-0.101403662
7.116245000	1.333687663	-0.099495490
7.116246000	1.339323401	-0.098575609
7.116247000	1.354724407	-0.099490255
7.116248000	1.339802384	-0.104924702
7.116249000	1.353300810	-0.103032418
7.116250000	1.327255130	-0.105341029
7.116251000	1.341350913	-0.103453772
7.116252000	1.351745009	-0.106513910
7.116253000	1.349944949	-0.104191176
7.116254000	1.334086418	-0.108404313
7.116255000	1.349888325	-0.108371590
7.116256000	1.331232667	-0.107413651
7.116257000	1.356821418	-0.108576828
7.116258000	1.337797761	-0.110756983
7.116259000	1.343132257	-0.110954323
7.116260000	1.330343604	-0.110685028
7.116261000	1.332046390	-0.111654851
7.116262000	1.323709965	-0.113713400
7.116263000	1.328098774	-0.109733431
7.116264000	1.336434126	-0.111237118
7.116265000	1.357357264	-0.115492999
7.116266000	1.346338630	-0.114679645
7.116267000	1.359822989	-0.114225534
7.116268000	1.333669662	-0.120494699
7.116269000	1.333941340	-0.118071655
7.116270000	1.325758338	-0.117616238
7.116271000	1.331591487	-0.120318539
7.116272000	1.337772489	-0.120844089
7.116273000	1.331071377	-0.120542236
7.116274000	1.344058514	-0.121246367
7.116275000	1.343231559	-0.120706994
7.116276000	1.320528746	-0.120607134
7.116277000	1.366015434	-0.124345521
7.116278000	1.330946207	-0.124902671
7.116279000	1.333970666	-0.122904585
7.116280000	1.330774307	-0.124645368
7.116281000	1.330154657	-0.123878636
7.116282000	1.331705093	-0.124999211
7.116283000	1.321092963	-0.128160974
7.116284000	1.313395262	-0.128061680
7.116285000	1.323522687	-0.131102627
7.116286000	1.349753499	-0.128031611
7.116287000	1.339857697	-0.128785385
7.116288000	1.355131149	-0.132297454
7.116289000	1.333421707	-0.132263316
7.116290000	1.329958320	-0.133643765
7.116291000	1.324119210	-0.130814331
7.116292000	1.315786004	-0.134706882
7.116293000	1.339165449	-0.134065885
7.116294000	1.332427859	-0.134768892
7.116295000	1.318236470	-0.134722237
7.116296000	1.313707232	-0.136608379
7.116297000	1.327000976	-0.136951536
7.116298000	1.355166554	-0.138525323
7.116299000	1.305202842	-0.138946285
7.116300000	1.328060508	-0.139859899
7.116301000	1.338766336	-0.140494164
7.116302000	1.317543507	-0.141834783
7.116303000	1.326380014	-0.140755204
7.116304000	1.322562933	-0.144157692
7.116305000	1.323970079	-0.145006109
7.116306000	1.321975470	-0.147927330
7.116307000	1.341675401	-0.145600743
7.116308000	1.340583682	-0.145142845
7.116309000	1.319055676	-0.150489408
7.116310000	1.318980694	-0.148759285
7.116311000	1.321932435	-0.150079797
7.116312000	1.342749834	-0.152039517
7.116313000	1.332302332	-0.151047939
7.116314000	1.346537113	-0.152597832
7.116315000	1.332084060	-0.153499162
7.116316000	1.318649769	-0.154758322
7.116317000	1.339263082	-0.155100571
7.116318000	1.329945922	-0.158530656
7.116319000	1.303046703	-0.154058942
7.116320000	1.304428101	-0.155653077
7.116321000	1.311509013	-0.158321398
7.116322000	1.324596524	-0.158355037
7.116323000	1.328042507	-0.161484218
7.116324000	1.317849874	-0.161300593
7.116325000	1.329794049	-0.161524099
7.116326000	1.303691149	-0.163157848
7.116327000	1.326200843	-0.165188076
7.116328000	1.311482668	-0.164205303
7.116329000	1.316856742	-0.168982848
7.116330000	1.299694777	-0.169472004
7.116331000	1.284233332	-0.167101241
7.116332000	1.309744239	-0.171511319
7.116333000	1.298577905	-0.169689933
7.116334000	1.330843449	-0.168073045
7.116335000	1.306777596	-0.172995316
7.116336000	1.293921947	-0.172158817
7.116337000	1.304209352	-0.173392576
7.116338000	1.283469796	-0.174166657
7.116339000	1.314431429	-0.176565932
7.116340000	1.284144640	-0.176552633
7.116341000	1.307495594	-0.177148416
7.116342000	1.303597331	-0.179582861
7.116343000	1.304090023	-0.182506363
7.116344000	1.293144464	-0.180831551
7.116345000	1.301673293	-0.183785046
7.116346000	1.280745506	-0.186395327
7.116347000	1.310532570	-0.182823862
7.116348000	1.315244198	-0.186358858
7.116349000	1.296868801	-0.185905672
7.116350000	1.290770411	-0.191133390
7.116351000	1.302966356	-0.188992026
7.116352000	1.279289842	-0.190627207
7.116353000	1.287350535	-0.192269861
7.116354000	1.292350769	-0.193926647
7.116355000	1.289685249	-0.192964047
7.116356000	1.304845929	-0.196183876
7.116357000	1.284580350	-0.196143678
7.116358000	1.280821443	-0.197244147
7.116359000	1.279059410	-0.198352138
7.116360000	1.273137927	-0.203942779
7.116361000	1.263336301	-0.203774667
7.116362000	1.288673162	-0.204779544
7.116363000	1.262545824	-0.206548616
7.116364000	1.256576896	-0.206223660
7.116365000	1.280784249	-0.208703812
7.116366000	1.270547390	-0.209735221
7.116367000	1.260138750	-0.210187825
7.116368000	1.267688870	-0.211239557
7.116369000	1.266904950	-0.214692978
7.116370000	1.283578157	-0.213928967
7.116371000	1.245944977	-0.218629147
7.116372000	1.264861107	-0.217690200
7.116373000	1.240154505	-0.216281404
7.116374000	1.247428894	-0.221374483
7.116375000	1.269080043	-0.218666315
7.116376000	1.253687859	-0.223033616
7.116377000	1.272697210	-0.228194306
7.116378000	1.251670361	-0.223873877
7.116379000	1.270795703	-0.225663121
7.116380000	1.253396511	-0.230863093
7.116381000	1.229619622	-0.229527302
7.116382000	1.247152209	-0.234179578
7.116383000	1.234706879	-0.231406678
7.116384000	1.245084882	-0.234149451
7.116385000	1.237821102	-0.237961383
7.116386000	1.203042984	-0.238544715
7.116387000	1.224843860	-0.238617969
7.116388000	1.219505787	-0.242939214
7.116389000	1.215112209	-0.243317582
7.116390000	1.224521160	-0.246225788
7.116391000	1.238828659	-0.246257013
7.116392000	1.211121082	-0.246291202
7.116393000	1.207463384	-0.246478921
7.116394000	1.200561523	-0.251152103
7.116395000	1.193660975	-0.253728295
7.116396000	1.207980514	-0.253536681
7.116397000	1.216572523	-0.259639647
7.116398000	1.212468863	-0.254224609
7.116399000	1.207393408	-0.261400496
7.116400000	1.183189273	-0.260462498
7.116401000	1.192408323	-0.266250312
7.116402000	1.188760042	-0.265544242
7.116403000	1.176330447	-0.266207602
7.116404000	1.183862925	-0.270221352
7.116405000	1.169927716	-0.269681879
7.116406000	1.173482299	-0.273968736
7.116407000	1.186286092	-0.273427581
7.116408000	1.158157229	-0.277726706
7.116409000	1.134648204	-0.281246955
7.116410000	1.158411860	-0.282210520
7.116411000	1.134170055	-0.283245092
7.116412000	1.151774526	-0.285707883
7.116413000	1.133322954	-0.288899748
7.116414000	1.133378148	-0.290234691
7.116415000	1.140850902	-0.288450906
7.116416000	1.101218700	-0.294294614
7.116417000	1.105110884	-0.296541689
7.116418000	1.146519065	-0.296372612
7.116419000	1.121192575	-0.298779910
7.116420000	1.110221148	-0.304664963
7.116421000	1.100938916	-0.310239259
7.116422000	1.071810007	-0.309464445
7.116423000	1.074993730	-0.315663452
7.116424000	1.078491211	-0.313643844
7.116425000	1.046533585	-0.318108966
7.116426000	1.066534638	-0.318914506
7.116427000	1.054896712	-0.322827655
7.116428000	1.053372145	-0.319137479
7.116429000	1.046620607	-0.322780118
7.116430000	1.046515346	-0.329223669
7.116431000	1.018572688	-0.335179729
7.116432000	1.025084734	-0.338122755
7.116433000	1.039100170	-0.335899515
7.116434000	0.998800039	-0.340577923
7.116435000	0.993838608	-0.338681420
7.116436000	1.019728065	-0.343906575
7.116437000	0.975167572	-0.353116119
7.116438000	0.969337642	-0.355085993
7.116439000	0.964028060	-0.354330054
7.116440000	0.974966705	-0.356810789
7.116441000	0.939125538	-0.359803616
7.116442000	0.961198270	-0.365228875
7.116443000	0.949793398	-0.361710806
7.116444000	0.935751379	-0.366953638
7.116445000	0.930673063	-0.371466198
7.116446000	0.911794126	-0.375702222
7.116447000	0.889467835	-0.380879973
7.116448000	0.885976613	-0.382859068
7.116449000	0.878382564	-0.383829990
7.116450000	0.886247873	-0.391267832
7.116451000	0.856987953	-0.388852445
7.116452000	0.836494446	-0.393862350
7.116453000	0.826268375	-0.392583134
7.116454000	0.788605392	-0.410460835
7.116455000	0.790559292	-0.403879598
7.116456000	0.792738378	-0.409171499
7.116457000	0.778787732	-0.412527581
7.116458000	0.776657701	-0.411029253
7.116459000	0.750482917	-0.420553583
7.116460000	0.733611286	-0.420411470
7.116461000	0.743039370	-0.423415116
7.116462000	0.695267737	-0.430210039
7.116463000	0.712924957	-0.432034204
7.116464000	0.656789958	-0.443281466
7.116465000	0.642659426	-0.445041582
7.116466000	0.622689545	-0.457179471
7.116467000	0.608588755	-0.457000374
7.116468000	0.633470833	-0.456777234
7.116469000	0.536392927	-0.472412487
7.116470000	0.537846386	-0.474920419
7.116471000	0.493961096	-0.476905439
7.116472000	0.456019253	-0.488766959
7.116473000	0.489643127	-0.481684049
7.116474000	0.456504911	-0.487919574
7.116475000	0.439269453	-0.491968511
7.116476000	0.388239354	-0.501180552
7.116477000	0.426029533	-0.502801918
7.116478000	0.365798146	-0.507491245
7.116479000	0.322674781	-0.517091575
7.116480000	0.265059561	-0.523746781
7.116481000	0.277404904	-0.530033938
7.116482000	0.212294444	-0.537697684
7.116483000	0.221714422	-0.537030395
7.116484000	0.187628880	-0.545768926
7.116485000	0.174309388	-0.545151905
7.116486000	0.024568178	-0.566968687
7.116487000	0.033328556	-0.568903074
7.116488000	-0.065991282	-0.584757405
7.116489000	-0.063136436	-0.580822784
7.116490000	-0.120015606	-0.590612298
7.116491000	-0.175760597	-0.609529663
7.116492000	-0.223068684	-0.613005022
7.116493000	-0.292946070	-0.621329264
7.116494000	-0.357408613	-0.628840244
7.116495000	-0.434040338	-0.634404653
7.116496000	-0.522129714	-0.651670925
7.116497000	-0.765465260	-0.667751824
7.116498000	-0.617172480	-0.662641817
7.116499000	-0.787206352	-0.684897921
7.116500000	-0.789429963	-0.680689793
7.116501000	-0.871759713	-0.690186626
7.116502000	-0.854480028	-0.687157679
7.116503000	-1.145193100	-0.720334075
7.116504000	-1.189077139	-0.725012251
7.116505000	-1.259555578	-0.734921141
7.116506000	-1.546892643	-0.758220871
7.116507000	-1.527997494	-0.760041874
7.116508000	-1.805755258	-0.784777247
7.116509000	-1.851795435	-0.789060543
7.116510000	-2.089668036	-0.809184054
7.116511000	-2.340198994	-0.827297277
7.116512000	-2.285920143	-0.824309277
7.116513000	-2.424966335	-0.833202504
7.116514000	-2.608216286	-0.844623670
7.116515000	-2.765251160	-0.856160684
7.116516000	-2.971596956	-0.870155662
7.116517000	-3.278529882	-0.889408985
7.116518000	-3.486682415	-0.896570691
7.116519000	-3.660798788	-0.910026113
7.116520000	-3.855003119	-0.918303218
7.116521000	-4.104798794	-0.927766960
7.116522000	-4.405757904	-0.943318822
7.116523000	-4.769040585	-0.950690785
7.116524000	-5.030237675	-0.962451371
7.116525000	-5.391324997	-0.972223907
7.116526000	-5.215735912	-0.967589141
7.116527000	-5.750550270	-0.981347165
7.116528000	-5.827823162	-0.983683889
7.116529000	-6.184400558	-0.991478029
7.116530000	-6.369515896	-0.993131653
7.116531000	-6.848174095	-1.005028592
7.116532000	-7.359180927	-1.000587106
7.116533000	-7.369127750	-1.000232439
7.116534000	-7.747940540	-0.999208254
7.116535000	-8.147609711	-1.005528801
7.116536000	-8.787665367	-1.002746330
7.116537000	-8.616906166	-1.009325736
7.116538000	-9.213973999	-0.991663052
7.116539000	-9.573268890	-0.996309403
7.116540000	-9.790013313	-0.988515263
7.116541000	-10.423208237	-0.978131731
7.116542000	-10.685897827	-0.978576878
7.116543000	-11.107193947	-0.945072714
7.116544000	-11.509967804	-0.940956399
7.116545000	-11.963521957	-0.915480200
7.116546000	-12.178859711	-0.913721182
7.116547000	-12.778563499	-0.867697298
7.116548000	-13.310446739	-0.857724226
7.116549000	-13.211964607	-0.858792619
7.116550000	-13.884914398	-0.804090825
7.116551000	-14.038669586	-0.799616248
7.116552000	-14.337436676	-0.757465931
7.116553000	-14.193084717	-0.769806820
7.116554000	-15.100546837	-0.673830156
7.116555000	-15.291869164	-0.655154539
7.116556000	-15.720301628	-0.613565217
7.116557000	-16.318607330	-0.528636045
7.116558000	-16.692956924	-0.432425655
7.116559000	-16.815776825	-0.390314554
7.116560000	-16.868892670	-0.345990365
7.116561000	-16.956794739	-0.249155481
7.116562000	-17.367975235	-0.225298385
7.116563000	-17.375600815	-0.163789783
7.116564000	-17.304008484	-0.127482076
7.116565000	-17.236082077	-0.039748532
7.116566000	-17.261344910	0.040363781
7.116567000	-16.965164185	0.090740381
7.116568000	-16.721393585	0.227418644
7.116569000	-16.776842117	0.235232209
7.116570000	-16.448261261	0.293835019
7.116571000	-16.122137070	0.376241578
7.116572000	-15.823015213	0.387156511
7.116573000	-15.666330338	0.441473712
7.116574000	-15.398169518	0.458219569
7.116575000	-14.958655357	0.512719862
7.116576000	-14.693052292	0.540766910
7.116577000	-14.506130219	0.581402221
7.116578000	-14.406727791	0.564778769
7.116579000	-14.260972023	0.573901628
7.116580000	-13.477848053	0.642301192
7.116581000	-13.285753250	0.650521971
7.116582000	-13.390954971	0.657221685
7.116583000	-12.901879311	0.694318320
7.116584000	-12.733140945	0.695593242
7.116585000	-12.219984055	0.720226484
7.116586000	-11.911191940	0.741132365
7.116587000	-11.772608757	0.751477414
7.116588000	-11.814765930	0.746607757
7.116589000	-11.394031525	0.749929318
7.116590000	-11.356158257	0.762187383
7.116591000	-11.149433136	0.764315515
7.116592000	-10.659823418	0.774704640
7.116593000	-10.471896172	0.785083311
7.116594000	-10.421384811	0.791773571
7.116595000	-10.144762993	0.797862223
7.116596000	-9.964049339	0.803574704
7.116597000	-9.924020767	0.813010084
7.116598000	-9.709321022	0.804830384
7.116599000	-9.469076157	0.812113930
7.116600000	-9.402220726	0.809443379
7.116601000	-9.191932678	0.819333960
7.116602000	-9.002380371	0.813157157
7.116603000	-8.743977547	0.816799296
7.116604000	-8.490984917	0.823642288
7.116605000	-8.329145432	0.828174389
7.116606000	-8.225374222	0.827685167
7.116607000	-8.152901649	0.821833003
7.116608000	-8.000228882	0.827954878
7.116609000	-7.826570988	0.823477572
7.116610000	-7.656098843	0.817325736
7.116611000	-7.690047741	0.818940877
7.116612000	-7.486647129	0.813328065
7.116613000	-7.289015770	0.819090014
7.116614000	-7.222207546	0.828344299
7.116615000	-7.109741688	0.813173669
7.116616000	-7.045437336	0.817136119
7.116617000	-6.830945969	0.820725927
7.116618000	-6.714718819	0.812032571
7.116619000	-6.685391903	0.813572610
7.116620000	-6.498066425	0.808367528
7.116621000	-6.436016560	0.805682130
7.116622000	-6.382113934	0.813176332
7.116623000	-6.295894623	0.805982801
7.116624000	-6.192740917	0.805908565
7.116625000	-6.029580593	0.802315029
7.116626000	-5.958633900	0.798617962
7.116627000	-5.910456657	0.796693562
7.116628000	-5.694175243	0.797549435
7.116629000	-5.790684700	0.801395040
7.116630000	-5.511823177	0.790676016
7.116631000	-5.542672634	0.792012657
7.116632000	-5.458698273	0.789477460
7.116633000	-5.282673836	0.787488678
7.116634000	-5.163191795	0.776682303
7.116635000	-5.177863121	0.779413375
7.116636000	-5.106281757	0.776523445
7.116637000	-4.992770195	0.771731819
7.116638000	-4.919071198	0.773196891
7.116639000	-4.857917786	0.768719784
7.116640000	-4.756702900	0.766067076
7.116641000	-4.624049664	0.761408142
7.116642000	-4.626469612	0.756248001
7.116643000	-4.534467697	0.755194455
7.116644000	-4.448529720	0.757843235
7.116645000	-4.406435013	0.752654398
7.116646000	-4.382620335	0.752283753
7.116647000	-4.331184864	0.754821479
7.116648000	-4.204250813	0.744517309
7.116649000	-4.185733318	0.740837553
7.116650000	-4.114346504	0.741776717
7.116651000	-4.058354378	0.737854147
7.116652000	-3.946411610	0.732392336
7.116653000	-3.847986698	0.726265867
7.116654000	-3.817477942	0.731950584
7.116655000	-3.691425085	0.724581618
7.116656000	-3.731966496	0.723015945
7.116657000	-3.676810026	0.723167479
7.116658000	-3.602751970	0.713323503
7.116659000	-3.564868927	0.715166011
7.116660000	-3.385501146	0.705383488
7.116661000	-3.413901329	0.706100611
7.116662000	-3.386731625	0.704794331
7.116663000	-3.382719278	0.706612604
7.116664000	-3.315009832	0.699496904
7.116665000	-3.169771910	0.693996078
7.116666000	-3.241771221	0.694095148
7.116667000	-3.104114294	0.691324861
7.116668000	-3.061550856	0.679763945
7.116669000	-2.976203203	0.679883987
7.116670000	-2.919557095	0.679476657
7.116671000	-2.906231642	0.673008105
7.116672000	-2.855837584	0.670087283
7.116673000	-2.831903696	0.666911130
7.116674000	-2.757155180	0.666790756
7.116675000	-2.756250858	0.665526220
7.116676000	-2.751724005	0.664641651
7.116677000	-2.658184767	0.659577650
7.116678000	-2.645100832	0.660378263
7.116679000	-2.557065248	0.654100061
7.116680000	-2.578699350	0.655590033
7.116681000	-2.553668976	0.651621856
7.116682000	-2.508709192	0.649500515
7.116683000	-2.475959063	0.648063873
7.116684000	-2.437044144	0.646410383
7.116685000	-2.358565569	0.638506453
7.116686000	-2.394788504	0.639145679
7.116687000	-2.236232519	0.627561261
7.116688000	-2.229336262	0.630476290
7.116689000	-2.216695547	0.620592967
7.116690000	-2.181905031	0.625525341
7.116691000	-2.190211535	0.622710579
7.116692000	-2.110463142	0.621685462
7.116693000	-2.101532221	0.616692235
7.116694000	-2.051550865	0.612972997
7.116695000	-2.003379822	0.607694545
7.116696000	-1.976146340	0.607458523
7.116697000	-2.001468897	0.608954287
7.116698000	-1.931080818	0.603048661
7.116699000	-1.935452104	0.602760906
7.116700000	-1.874500394	0.598195715
7.116701000	-1.847205877	0.599120365
7.116702000	-1.872158527	0.595211244
7.116703000	-1.770646334	0.587741343
7.116704000	-1.743958354	0.588047341
7.116705000	-1.758683324	0.587703393
7.116706000	-1.748808503	0.587579490
7.116707000	-1.685227752	0.583538076
7.116708000	-1.686959624	0.578486526
7.116709000	-1.663595796	0.580374174
7.116710000	-1.628781676	0.580759400
7.116711000	-1.589673758	0.570847115
7.116712000	-1.555499554	0.571514836
7.116713000	-1.540294766	0.569530714
7.116714000	-1.514175534	0.562936195
7.116715000	-1.480429769	0.562046033
7.116716000	-1.409091592	0.558436218
7.116717000	-1.418456078	0.556845079
7.116718000	-1.437404275	0.557506509
7.116719000	-1.341618776	0.552510984
7.116720000	-1.353354573	0.550856129
7.116721000	-1.330410123	0.546786919
7.116722000	-1.309018850	0.545447849
7.116723000	-1.313828111	0.547975954
7.116724000	-1.279261231	0.542970709
7.116725000	-1.250932097	0.540896406
7.116726000	-1.230357289	0.540341803
7.116727000	-1.214438677	0.535239453
7.116728000	-1.206900120	0.534654689
7.116729000	-1.129246354	0.531685897
7.116730000	-1.169164896	0.527460625
7.116731000	-1.130075097	0.526392465
7.116732000	-1.068659544	0.523411089
7.116733000	-1.050415039	0.517401866
7.116734000	-1.047723293	0.521770782
7.116735000	-1.035312414	0.518893369
7.116736000	-1.003407478	0.514662805
7.116737000	-1.023271799	0.516097783
7.116738000	-1.011500597	0.514606179
7.116739000	-0.939440489	0.509804800
7.116740000	-0.929550469	0.505570107
7.116741000	-0.924757779	0.505312047
7.116742000	-0.961684525	0.504314194
7.116743000	-0.888878584	0.501877068
7.116744000	-0.909853756	0.496979715
7.116745000	-0.878688097	0.498707374
7.116746000	-0.839212537	0.495178453
7.116747000	-0.818638742	0.493690245
7.116748000	-0.818225622	0.489614809
7.116749000	-0.810859025	0.491509116
7.116750000	-0.779271901	0.480193211
7.116751000	-0.773708105	0.484770619
7.116752000	-0.769981623	0.485328285
7.116753000	-0.688968003	0.480011151
7.116754000	-0.742437243	0.478201600
7.116755000	-0.695201933	0.478604602
7.116756000	-0.685775399	0.477197488
7.116757000	-0.709290922	0.475868038
7.116758000	-0.697787702	0.473247621
7.116759000	-0.647158682	0.469559708
7.116760000	-0.645189047	0.473333141
7.116761000	-0.630802810	0.468116908
7.116762000	-0.630110323	0.463139326
7.116763000	-0.561363578	0.461698723
7.116764000	-0.604867458	0.464915688
7.116765000	-0.614751279	0.465089626
7.116766000	-0.567712486	0.462040772
7.116767000	-0.527994037	0.457846959
7.116768000	-0.542086899	0.459257603
7.116769000	-0.518495798	0.454130119
7.116770000	-0.501286924	0.453914236
7.116771000	-0.482806146	0.450871175
7.116772000	-0.476324230	0.448356286
7.116773000	-0.490855485	0.446698002
7.116774000	-0.459008813	0.451764732
7.116775000	-0.429551393	0.445028100
7.116776000	-0.431049645	0.441893559
7.116777000	-0.416493565	0.442699831
7.116778000	-0.409557939	0.440801930
7.116779000	-0.404254287	0.436401422
7.116780000	-0.406477511	0.439292883
7.116781000	-0.384443223	0.432744203
7.116782000	-0.383177042	0.433021038
7.116783000	-0.360495836	0.432770601
7.116784000	-0.346681625	0.432115098
7.116785000	-0.336749673	0.429298339
7.116786000	-0.371699303	0.429223104
7.116787000	-0.307112694	0.423138713
7.116788000	-0.323557615	0.426006239
7.116789000	-0.305593729	0.426124849
7.116790000	-0.274741858	0.422371956
7.116791000	-0.296539962	0.426253979
7.116792000	-0.286466807	0.421349602
7.116793000	-0.262505859	0.419408191
7.116794000	-0.266068429	0.417748342
7.116795000	-0.237326533	0.418500652
7.116796000	-0.255964339	0.419092806
7.116797000	-0.236574814	0.413341776
7.116798000	-0.228976652	0.411884494
7.116799000	-0.210804895	0.411441311
7.116800000	-0.223627642	0.410259833
7.116801000	-0.209216446	0.408604911
7.116802000	-0.194127038	0.408286430
7.116803000	-0.193836629	0.408435068
7.116804000	-0.181412458	0.406305039
7.116805000	-0.181734174	0.406544457
7.116806000	-0.168365940	0.403785422
7.116807000	-0.141123503	0.398943895
7.116808000	-0.162634313	0.397337077
7.116809000	-0.139159456	0.399907593
7.116810000	-0.137023970	0.394674848
7.116811000	-0.139307871	0.395892611
7.116812000	-0.079182401	0.391499827
7.116813000	-0.118172854	0.396277305
7.116814000	-0.094678864	0.392607569
7.116815000	-0.078593433	0.389883954
7.116816000	-0.052834313	0.386408795
7.116817000	-0.054819658	0.388883038
7.116818000	-0.089099467	0.384310058
7.116819000	-0.074745618	0.387912948
7.116820000	-0.052544955	0.382758999
7.116821000	-0.044446047	0.381429216
7.116822000	-0.027084744	0.381747797
7.116823000	-0.020202946	0.380581665
7.116824000	-0.025521703	0.384157825
7.116825000	-0.000270632	0.379838111
7.116826000	0.028839212	0.372754302
7.116827000	0.003732111	0.376017074
7.116828000	0.008766072	0.378093374
7.116829000	0.007081819	0.373697194
7.116830000	0.009778671	0.373706182
7.116831000	0.004918923	0.375716869
7.116832000	0.045469441	0.369187331
7.116833000	0.045793775	0.369872262
7.116834000	0.046189871	0.367411568
7.116835000	0.036835622	0.369492496
7.116836000	0.082805336	0.364313912
7.116837000	0.081580587	0.363520057
7.116838000	0.092912905	0.361933213
7.116839000	0.049590755	0.360295369
7.116840000	0.083061688	0.363064390
7.116841000	0.099112503	0.360373166
7.116842000	0.096269712	0.361227741
7.116843000	0.110924244	0.359223413
7.116844000	0.132667273	0.352857659
7.116845000	0.115045972	0.353924821
7.116846000	0.127578750	0.352405887
7.116847000	0.116288356	0.354945977
7.116848000	0.103969246	0.352166802
7.116849000	0.147188395	0.350338176
7.116850000	0.145609185	0.347920724
7.116851000	0.168614760	0.346548564
7.116852000	0.160625100	0.348046159
7.116853000	0.164952248	0.346591308
7.116854000	0.170693666	0.345614593
7.116855000	0.194984958	0.343767258
7.116856000	0.203968868	0.344390838
7.116857000	0.173650339	0.345265520
7.116858000	0.191815794	0.340803659
7.116859000	0.190865487	0.345876981
7.116860000	0.179886207	0.348154384
7.116861000	0.181807116	0.341584365
7.116862000	0.179302529	0.342015331
7.116863000	0.179442316	0.340480685
7.116864000	0.242161572	0.338379750
7.116865000	0.222290605	0.337071139
7.116866000	0.216870427	0.337477238
7.116867000	0.251543820	0.333880073
7.116868000	0.233653158	0.334581749
7.116869000	0.227294415	0.333820152
7.116870000	0.251947820	0.335062017
7.116871000	0.268230051	0.331004791
7.116872000	0.260727674	0.326379080
7.116873000	0.234877080	0.329860597
7.116874000	0.278963208	0.330946668
7.116875000	0.262834787	0.327381161
7.116876000	0.234458581	0.331686361
7.116877000	0.272905499	0.326741237
7.116878000	0.242085770	0.325855702
7.116879000	0.270217359	0.325094271
7.116880000	0.248394147	0.328006138
7.116881000	0.297457248	0.320505878
7.116882000	0.287084728	0.320511637
7.116883000	0.314435154	0.322696761
7.116884000	0.290950000	0.322407441
7.116885000	0.294656247	0.322414133
7.116886000	0.320888311	0.319999911
7.116887000	0.319506139	0.317952872
7.116888000	0.355795830	0.316243389
7.116889000	0.344012886	0.319049661
7.116890000	0.332381338	0.317380192
7.116891000	0.327623010	0.316276079
7.116892000	0.358965486	0.311904101
7.116893000	0.364048034	0.314442293
7.116894000	0.327104539	0.313010444
7.116895000	0.363002330	0.312988140
7.116896000	0.340066642	0.307577662
7.116897000	0.369455457	0.312467093
7.116898000	0.353138238	0.308678247
7.116899000	0.361573666	0.309725968
7.116900000	0.362058550	0.310683407
7.116901000	0.357017696	0.310038989
7.116902000	0.365310520	0.308675018
7.116903000	0.372965217	0.305151589
7.116904000	0.378032833	0.306075739
7.116905000	0.387753695	0.304768959
7.116906000	0.393489391	0.304134894
7.116907000	0.382483929	0.303596503
7.116908000	0.395681351	0.306232033
7.116909000	0.395040393	0.303137507
7.116910000	0.417526335	0.300217717
7.116911000	0.404482901	0.297830792
7.116912000	0.430273384	0.300090817
7.116913000	0.412900448	0.296843325
7.116914000	0.447660536	0.297930827
7.116915000	0.428244323	0.294118545
7.116916000	0.437561512	0.295013434
7.116917000	0.441689670	0.294420814
7.116918000	0.445924997	0.294686664
7.116919000	0.426924467	0.294578806
7.116920000	0.437186986	0.293515739
7.116921000	0.439972758	0.291885385
7.116922000	0.463228613	0.290438057
7.116923000	0.441785038	0.293069560
7.116924000	0.467291564	0.290332096
7.116925000	0.459564179	0.290924583
7.116926000	0.460135818	0.288469015
7.116927000	0.461221874	0.289099086
7.116928000	0.454869598	0.287842240
7.116929000	0.478022724	0.286077763
7.116930000	0.462824762	0.282672878
7.116931000	0.478600562	0.285432446
7.116932000	0.465924650	0.286991560
7.116933000	0.484405190	0.286356663
7.116934000	0.468205214	0.284492283
7.116935000	0.485773474	0.280990892
7.116936000	0.503913879	0.282747813
7.116937000	0.482664943	0.281863144
7.116938000	0.475723118	0.284299171
7.116939000	0.505563557	0.281928125
7.116940000	0.510809004	0.281480182
7.116941000	0.518336594	0.279355911
7.116942000	0.504065394	0.277786044
7.116943000	0.491825461	0.279663906
7.116944000	0.496736586	0.280993156
7.116945000	0.511601448	0.282176765
7.116946000	0.499925017	0.278419760
7.116947000	0.521983862	0.274514284
7.116948000	0.497568250	0.275556363
7.116949000	0.521206260	0.276221753
7.116950000	0.532960117	0.275883865
7.116951000	0.514909327	0.275750723
7.116952000	0.537567735	0.275227312
7.116953000	0.535780668	0.274703951
7.116954000	0.539329410	0.274609542
7.116955000	0.554431498	0.271445790
7.116956000	0.552836895	0.270495358
7.116957000	0.550286531	0.268989623
7.116958000	0.547216296	0.270634891
7.116959000	0.535382032	0.271386268
7.116960000	0.525275052	0.269481010
7.116961000	0.555478930	0.267562452
7.116962000	0.538127303	0.269328061
7.116963000	0.549837291	0.266612386
7.116964000	0.539357424	0.266125360
7.116965000	0.563040316	0.264049359
7.116966000	0.559909642	0.263894447
7.116967000	0.583291590	0.266240092
7.116968000	0.560171604	0.264659257
7.116969000	0.574340999	0.264611220
7.116970000	0.554551065	0.263887972
7.116971000	0.560422182	0.265311365
7.116972000	0.548574686	0.263022345
7.116973000	0.560877919	0.262008246
7.116974000	0.555989563	0.264436450
7.116975000	0.569609284	0.263056333
7.116976000	0.606583357	0.263560619
7.116977000	0.567897201	0.260099559
7.116978000	0.581521213	0.261557340
7.116979000	0.578465700	0.261646006
7.116980000	0.597757220	0.259077338
7.116981000	0.575058520	0.258852001
7.116982000	0.578691721	0.258820143
7.116983000	0.598494112	0.259515677
7.116984000	0.600305676	0.256126738
7.116985000	0.610176861	0.256835439
7.116986000	0.593356192	0.253695855
7.116987000	0.618233800	0.256459483
7.116988000	0.628319085	0.254199425
7.116989000	0.600109935	0.252886453
7.116990000	0.624679089	0.252681856
7.116991000	0.631648242	0.252692342
7.116992000	0.614308059	0.252887485
7.116993000	0.618021488	0.254319667
7.116994000	0.611880243	0.248946639
7.116995000	0.622312129	0.251186075
7.116996000	0.628953815	0.250522382
7.116997000	0.627017736	0.250014867
7.116998000	0.643310666	0.250490790
7.116999000	0.631959379	0.248647800
7.117000000	0.634008408	0.248906625
7.117001000	0.635654569	0.250021225
7.117002000	0.636990607	0.249513560
7.117003000	0.622873366	0.245660132
7.117004000	0.629255295	0.249036405
7.117005000	0.639847636	0.246634999
7.117006000	0.649924278	0.245217681
7.117007000	0.646010816	0.245415704
7.117008000	0.646650314	0.244966845
7.117009000	0.640840113	0.242292698
7.117010000	0.650779784	0.245929594
7.117011000	0.647572219	0.244036053
7.117012000	0.653818965	0.241637943
7.117013000	0.673152268	0.240635147
7.117014000	0.632123351	0.242416086
7.117015000	0.643757164	0.244338139
7.117016000	0.653710842	0.240327169
7.117017000	0.656208277	0.242419215
7.117018000	0.666421652	0.240226651
7.117019000	0.668978453	0.237877793
7.117020000	0.659962416	0.239657234
7.117021000	0.646406889	0.238854674
7.117022000	0.686950445	0.237313669
7.117023000	0.657897234	0.241083224
7.117024000	0.652045727	0.237081774
7.117025000	0.677452147	0.237102663
7.117026000	0.668700576	0.239020056
7.117027000	0.663268507	0.235766772
7.117028000	0.663795233	0.237191247
7.117029000	0.674248874	0.235707949
7.117030000	0.674866438	0.233754937
7.117031000	0.680572391	0.234723645
7.117032000	0.679064333	0.237729089
7.117033000	0.700765252	0.235752091
7.117034000	0.676144540	0.233265414
7.117035000	0.676765740	0.232220273
7.117036000	0.670519352	0.233773512
7.117037000	0.709862769	0.233060318
7.117038000	0.704180956	0.233844469
7.117039000	0.680435777	0.232360356
7.117040000	0.705408931	0.230991957
7.117041000	0.696487308	0.232328797
7.117042000	0.681690693	0.229902191
7.117043000	0.689198554	0.231959300
7.117044000	0.684955359	0.227388900
7.117045000	0.699550271	0.228360088
7.117046000	0.698828578	0.229993305
7.117047000	0.697209060	0.229517331
7.117048000	0.718438148	0.231171820
7.117049000	0.701341331	0.228353946
7.117050000	0.708073080	0.229588255
7.117051000	0.719894767	0.228358424
7.117052000	0.725310922	0.227437186
7.117053000	0.713173449	0.226021433
7.117054000	0.724680960	0.226282423
7.117055000	0.715015352	0.227270805
7.117056000	0.714544952	0.228314365
7.117057000	0.712813854	0.225515449
7.117058000	0.720633984	0.227814689
7.117059000	0.712894678	0.227413884
7.117060000	0.721080661	0.225031303
7.117061000	0.739585578	0.223780250
7.117062000	0.701603234	0.223641150
7.117063000	0.720046699	0.224084916
7.117064000	0.693044841	0.222553498
7.117065000	0.761679947	0.222416628
7.117066000	0.745677650	0.221886160
7.117067000	0.743513644	0.222518677
7.117068000	0.714457154	0.219437766
7.117069000	0.731198549	0.219669278
7.117070000	0.738049924	0.221723025
7.117071000	0.729134858	0.220035795
7.117072000	0.737156451	0.219091605
7.117073000	0.749287426	0.219501449
7.117074000	0.753316939	0.217192588
7.117075000	0.737028182	0.218429743
7.117076000	0.733876526	0.218561153
7.117077000	0.735882044	0.216241956
7.117078000	0.727157831	0.217860143
7.117079000	0.754539609	0.217577015
7.117080000	0.741981626	0.217787505
7.117081000	0.742424846	0.216206203
7.117082000	0.763336182	0.217531825
7.117083000	0.759182096	0.215960676
7.117084000	0.744472265	0.214867798
7.117085000	0.770746112	0.215960726
7.117086000	0.734881282	0.213830064
7.117087000	0.759793043	0.214238210
7.117088000	0.773355305	0.212956464
7.117089000	0.762507558	0.212902002
7.117090000	0.760824025	0.212018515
7.117091000	0.761859715	0.213901953
7.117092000	0.779102683	0.214366991
7.117093000	0.771134973	0.212932296
7.117094000	0.760620832	0.214276543
7.117095000	0.740729451	0.213933561
7.117096000	0.755846977	0.215190923
7.117097000	0.758823574	0.212241405
7.117098000	0.757546306	0.215115822
7.117099000	0.784484327	0.211817114
7.117100000	0.761076212	0.211457238
7.117101000	0.763969719	0.210784090
7.117102000	0.762018085	0.213021112
7.117103000	0.775560439	0.207033561
7.117104000	0.767110705	0.211644941
7.117105000	0.775044322	0.210180668
7.117106000	0.785492241	0.208355254
7.117107000	0.773752511	0.208955730
7.117108000	0.771957815	0.208296748
7.117109000	0.773651719	0.207368420
7.117110000	0.793400288	0.208605059
7.117111000	0.758101642	0.204375243
7.117112000	0.782545924	0.206469919
7.117113000	0.752772629	0.208361712
7.117114000	0.801022470	0.208609769
7.117115000	0.798062921	0.206269716
7.117116000	0.788014948	0.207178670
7.117117000	0.805121303	0.205125655
7.117118000	0.797403634	0.205727863
7.117119000	0.781821311	0.204739580
7.117120000	0.802054822	0.203182463
7.117121000	0.796976924	0.204700898
7.117122000	0.796599090	0.204979697
7.117123000	0.792984962	0.204633620
7.117124000	0.798647404	0.207118915
7.117125000	0.779241323	0.204021642
7.117126000	0.802093565	0.201851016
7.117127000	0.786888599	0.204425777
7.117128000	0.773260832	0.202204734
7.117129000	0.780233443	0.200088503
7.117130000	0.813487709	0.200117764
7.117131000	0.810949445	0.199590558
7.117132000	0.809757113	0.198784869
7.117133000	0.810561121	0.198365737
7.117134000	0.828479052	0.200511479
7.117135000	0.813128650	0.200869874
7.117136000	0.800791264	0.199407000
7.117137000	0.822447300	0.197918159
7.117138000	0.793647051	0.198775997
7.117139000	0.808702171	0.197877896
7.117140000	0.826838791	0.194742007
7.117141000	0.795414507	0.198462093
7.117142000	0.816453695	0.196695352
7.117143000	0.800197840	0.197635298
7.117144000	0.808014035	0.195766558
7.117145000	0.819122016	0.194489889
7.117146000	0.817855775	0.194484063
7.117147000	0.832503378	0.198481501
7.117148000	0.821583927	0.193899166
7.117149000	0.820818484	0.193491603
7.117150000	0.824688435	0.194286157
7.117151000	0.834123254	0.194190400
7.117152000	0.791555166	0.194349524
7.117153000	0.820458233	0.194443550
7.117154000	0.855408549	0.193833852
7.117155000	0.829446673	0.192110837
7.117156000	0.819385529	0.194654489
7.117157000	0.844101250	0.192869455
7.117158000	0.829518616	0.191439521
7.117159000	0.832226038	0.195540289
7.117160000	0.837055624	0.192357129
7.117161000	0.819770873	0.191608981
7.117162000	0.854991853	0.191656435
7.117163000	0.829474688	0.192258459
7.117164000	0.826920450	0.191828259
7.117165000	0.811704934	0.191860650
7.117166000	0.816540062	0.190114531
7.117167000	0.833205581	0.190151583
7.117168000	0.813750803	0.189803774
7.117169000	0.849398017	0.190581883
7.117170000	0.833525002	0.188069756
7.117171000	0.828088582	0.190222223
7.117172000	0.839668214	0.189825212
7.117173000	0.815399706	0.187840025
7.117174000	0.840046704	0.189449424
7.117175000	0.840291679	0.189657283
7.117176000	0.860257387	0.188027961
7.117177000	0.815856099	0.188259523
7.117178000	0.850867510	0.188258658
7.117179000	0.844149947	0.186404565
7.117180000	0.834729135	0.185513754
7.117181000	0.870633245	0.186158489
7.117182000	0.851203024	0.185776508
7.117183000	0.843351245	0.184314749
7.117184000	0.857639432	0.185346641
7.117185000	0.853697300	0.187269643
7.117186000	0.848382056	0.183069322
7.117187000	0.812941551	0.185871583
7.117188000	0.844095707	0.186038996
7.117189000	0.867831588	0.183807866
7.117190000	0.830695629	0.182435589
7.117191000	0.843636751	0.184644232
7.117192000	0.831269443	0.185520495
7.117193000	0.823315084	0.184116377
7.117194000	0.844142735	0.184363219
7.117195000	0.847957969	0.186242129
7.117196000	0.857304752	0.182137615
7.117197000	0.857060671	0.184142859
7.117198000	0.879082918	0.182653919
7.117199000	0.874989927	0.184116127
7.117200000	0.843289256	0.184730502
7.117201000	0.857249618	0.183555615
7.117202000	0.856430590	0.181561640
7.117203000	0.867329180	0.182990293
7.117204000	0.865583062	0.182479515
7.117205000	0.856741071	0.185346524
7.117206000	0.851089180	0.182415716
7.117207000	0.877327144	0.178844050
7.117208000	0.853261590	0.182641851
7.117209000	0.868382335	0.181437337
7.117210000	0.869792283	0.181112065
7.117211000	0.872995615	0.179525204
7.117212000	0.870199025	0.181042656
7.117213000	0.869791865	0.180186800
7.117214000	0.849054635	0.179929921
7.117215000	0.869130909	0.177068970
7.117216000	0.868063688	0.180780069
7.117217000	0.874027312	0.178257289
7.117218000	0.856984019	0.178659776
7.117219000	0.873121679	0.183087731
7.117220000	0.855600655	0.176747643
7.117221000	0.870359957	0.177724358
7.117222000	0.879621446	0.179134185
7.117223000	0.861011446	0.176814871
7.117224000	0.886940181	0.176958216
7.117225000	0.874646604	0.176656247
7.117226000	0.872377038	0.175489166
7.117227000	0.894400597	0.176950543
7.117228000	0.867839038	0.177432209
7.117229000	0.871753335	0.177992055
7.117230000	0.878028214	0.176933965
7.117231000	0.883317173	0.174697825
7.117232000	0.874659240	0.175981652
7.117233000	0.883325100	0.173484522
7.117234000	0.851260900	0.176245421
7.117235000	0.866275311	0.176688854
7.117236000	0.876282990	0.174030520
7.117237000	0.873452365	0.177792618
7.117238000	0.858802855	0.175633876
7.117239000	0.868045151	0.173399950
7.117240000	0.884079814	0.174739337
7.117241000	0.874648035	0.173095501
7.117242000	0.893708766	0.174513734
7.117243000	0.864277124	0.172312981
7.117244000	0.878881454	0.176228959
7.117245000	0.880830407	0.173613136
7.117246000	0.888219178	0.172115907
7.117247000	0.874203146	0.172637320
7.117248000	0.873727560	0.172226195
7.117249000	0.882499456	0.170928886
7.117250000	0.888794124	0.171004586
7.117251000	0.879325628	0.173578182
7.117252000	0.884825170	0.172622224
7.117253000	0.897907734	0.170603514
7.117254000	0.901375234	0.170925008
7.117255000	0.916334152	0.170581410
7.117256000	0.894678771	0.170154971
7.117257000	0.882847667	0.168412881
7.117258000	0.908734024	0.172294655
7.117259000	0.892254174	0.169348283
7.117260000	0.876281917	0.170020032
7.117261000	0.887029052	0.169637652
7.117262000	0.926301658	0.169702567
7.117263000	0.886288702	0.165720309
7.117264000	0.889162004	0.169004136
7.117265000	0.901049376	0.166306720
7.117266000	0.905351937	0.167515762
7.117267000	0.907334924	0.168644243
7.117268000	0.890923798	0.164747456
7.117269000	0.895429432	0.166788736
7.117270000	0.908170521	0.166712303
7.117271000	0.870796859	0.169190574
7.117272000	0.896148801	0.167190174
7.117273000	0.912064373	0.166850704
7.117274000	0.902625561	0.168129438
7.117275000	0.861729026	0.167649020
7.117276000	0.902812600	0.167695858
7.117277000	0.898932815	0.166233999
7.117278000	0.917362511	0.165358718
7.117279000	0.889442205	0.165954401
7.117280000	0.893789172	0.167979435
7.117281000	0.889922619	0.165001322
7.117282000	0.900898337	0.163643093
7.117283000	0.906890094	0.166228956
7.117284000	0.905860782	0.168361848
7.117285000	0.917778015	0.165676966
7.117286000	0.918622434	0.165654912
7.117287000	0.879717767	0.165050324
7.117288000	0.886045933	0.164344836
7.117289000	0.906206429	0.161488080
7.117290000	0.935546279	0.166473817
7.117291000	0.911824942	0.164854049
7.117292000	0.887677252	0.163769111
7.117293000	0.902265847	0.164507206
7.117294000	0.918133259	0.166043433
7.117295000	0.914277196	0.161962622
7.117296000	0.886550903	0.162380988
7.117297000	0.884181678	0.163360831
7.117298000	0.918312550	0.165478477
7.117299000	0.913414478	0.162865483
7.117300000	0.912590444	0.161930031
7.117301000	0.901437044	0.162420569
7.117302000	0.911327899	0.165375213
7.117303000	0.915641844	0.162139639
7.117304000	0.930729568	0.161872590
7.117305000	0.915560663	0.159305919
7.117306000	0.923482835	0.162567908
7.117307000	0.898183107	0.159878915
7.117308000	0.913641214	0.162684089
7.117309000	0.905379295	0.161256085
7.117310000	0.916381896	0.159318885
7.117311000	0.917613685	0.162029650
7.117312000	0.926135004	0.159810921
7.117313000	0.894564748	0.160136759
7.117314000	0.917782307	0.157037888
7.117315000	0.909955800	0.160793444
7.117316000	0.922352374	0.160687950
7.117317000	0.924239397	0.158881777
7.117318000	0.901034534	0.159602895
7.117319000	0.919981241	0.156907293
7.117320000	0.933333516	0.159764482
7.117321000	0.934075654	0.158128252
7.117322000	0.912879109	0.158852166
7.117323000	0.934187651	0.157522716
7.117324000	0.922393024	0.155574231
7.117325000	0.926694751	0.158043730
7.117326000	0.924550653	0.156609418
7.117327000	0.928422928	0.156432651
7.117328000	0.925206900	0.159216220
7.117329000	0.931528926	0.158843944
7.117330000	0.915634334	0.157105798
7.117331000	0.916826725	0.157161924
7.117332000	0.920310259	0.156831742
7.117333000	0.938176930	0.158638880
7.117334000	0.904832721	0.158111225
7.117335000	0.926599920	0.155699083
7.117336000	0.900273919	0.155028383
7.117337000	0.910005212	0.155402207
7.117338000	0.917710066	0.154481353
7.117339000	0.932786405	0.155211092
7.117340000	0.911320925	0.155936071
7.117341000	0.926321805	0.154856459
7.117342000	0.930187225	0.156640910
7.117343000	0.911001980	0.153874718
7.117344000	0.945541322	0.156398180
7.117345000	0.934957325	0.153752595
7.117346000	0.945310473	0.155749866
7.117347000	0.939609885	0.154023605
7.117348000	0.924462140	0.154093031
7.117349000	0.942915738	0.154662248
7.117350000	0.932819366	0.152270297
7.117351000	0.925987303	0.153693939
7.117352000	0.970276058	0.155408699
7.117353000	0.903361201	0.152910071
7.117354000	0.942428708	0.151880410
7.117355000	0.913234711	0.151684385
7.117356000	0.926475227	0.149707803
7.117357000	0.934783041	0.153740561
7.117358000	0.940073967	0.155538128
7.117359000	0.945057929	0.153517555
7.117360000	0.934507728	0.152792126
7.117361000	0.916451275	0.150912784
7.117362000	0.936877728	0.150104764
7.117363000	0.920938551	0.151827463
7.117364000	0.928849161	0.150344665
7.117365000	0.932635725	0.151071125
7.117366000	0.958760917	0.151513709
7.117367000	0.929423392	0.151426507
7.117368000	0.927764654	0.150827146
7.117369000	0.928704679	0.151977532
7.117370000	0.920578599	0.151209410
7.117371000	0.918477952	0.149163270
7.117372000	0.930303991	0.150038351
7.117373000	0.920947075	0.152771687
7.117374000	0.919705629	0.150221960
7.117375000	0.921753228	0.151876898
7.117376000	0.941241145	0.149897487
7.117377000	0.927950919	0.146553921
7.117378000	0.940339088	0.148297260
7.117379000	0.946845949	0.152094628
7.117380000	0.932849824	0.147527889
7.117381000	0.951598287	0.148568852
7.117382000	0.927844942	0.147338555
7.117383000	0.944936991	0.148070775
7.117384000	0.950690269	0.152622267
7.117385000	0.937443078	0.147837415
7.117386000	0.939081073	0.147516870
7.117387000	0.940754831	0.148610830
7.117388000	0.932683229	0.148820871
7.117389000	0.934889555	0.145238702
7.117390000	0.959259391	0.145707585
7.117391000	0.958228111	0.145415087
7.117392000	0.947814405	0.147874283
7.117393000	0.945147991	0.146526158
7.117394000	0.947416186	0.147127133
7.117395000	0.948704600	0.142287337
7.117396000	0.955687344	0.146406832
7.117397000	0.951148450	0.146863314
7.117398000	0.957987964	0.144192629
7.117399000	0.943482637	0.147084073
7.117400000	0.937866092	0.147060371
7.117401000	0.952657163	0.144997570
7.117402000	0.949123144	0.147163436
7.117403000	0.953250945	0.144987383
7.117404000	0.924572110	0.146316334
7.117405000	0.960681915	0.146168595
7.117406000	0.942964554	0.146161221
7.117407000	0.956464946	0.145094775
7.117408000	0.967888653	0.144213452
7.117409000	0.957864285	0.144710315
7.117410000	0.953438282	0.144044558
7.117411000	0.924182236	0.143254115
7.117412000	0.952059627	0.144267314
7.117413000	0.956813276	0.141156243
7.117414000	0.945415080	0.142004260
7.117415000	0.950876713	0.142945504
7.117416000	0.935173750	0.146170176
7.117417000	0.951937854	0.141483046
7.117418000	0.952984869	0.142311755
7.117419000	0.961620271	0.141696781
7.117420000	0.974467337	0.141693153
7.117421000	0.945415199	0.143073086
7.117422000	0.944908440	0.140957788
7.117423000	0.949373186	0.140207375
7.117424000	0.954423785	0.141451654
7.117425000	0.939645469	0.141030825
7.117426000	0.960364819	0.142292015
7.117427000	0.961812556	0.142212236
7.117428000	0.967148483	0.142035552
7.117429000	0.973603725	0.140627622
7.117430000	0.961752474	0.140658681
7.117431000	0.955909610	0.141185388
7.117432000	0.953101993	0.139818953
7.117433000	0.960046828	0.141815142
7.117434000	0.951057494	0.141017675
7.117435000	0.952023804	0.140079610
7.117436000	0.968082845	0.138885632
7.117437000	0.949278712	0.140558097
7.117438000	0.968004405	0.140746665
7.117439000	0.939006388	0.139826210
7.117440000	0.955930710	0.142614374
7.117441000	0.970109046	0.140125184
7.117442000	0.979646623	0.140666471
7.117443000	0.948459089	0.138884916
7.117444000	0.945001602	0.138520021
7.117445000	0.963075459	0.140035019
7.117446000	0.974743247	0.137268677
7.117447000	0.971293926	0.140037482
7.117448000	0.947205067	0.137732999
7.117449000	0.966187119	0.138802591
7.117450000	0.970783472	0.138729279
7.117451000	0.957265198	0.139382586
7.117452000	0.983551681	0.138387055
7.117453000	0.979997873	0.138093283
7.117454000	0.939165115	0.138149709
7.117455000	0.974681377	0.136895035
7.117456000	0.983627141	0.134525313
7.117457000	0.966773510	0.134396183
7.117458000	0.965092540	0.137244151
7.117459000	0.981248856	0.134353131
7.117460000	0.943831801	0.137954732
7.117461000	0.959503949	0.137276933
7.117462000	0.947177112	0.136741579
7.117463000	0.940608203	0.137807609
7.117464000	0.965113759	0.135871841
7.117465000	0.958709300	0.137643891
7.117466000	0.960366666	0.136402026
7.117467000	0.961868644	0.133788391
7.117468000	0.954685390	0.134887694
7.117469000	0.971386135	0.135382743
7.117470000	0.984428346	0.134952992
7.117471000	0.946796536	0.133121927
7.117472000	0.960198045	0.133190071
7.117473000	0.947662950	0.136145455
7.117474000	0.973957062	0.135733439
7.117475000	0.942877829	0.135889143
7.117476000	0.995189905	0.134863526
7.117477000	0.994084895	0.133199250
7.117478000	0.988392413	0.132638414
7.117479000	0.959149659	0.135081997
7.117480000	0.967170835	0.134858658
7.117481000	0.974548697	0.134595829
7.117482000	0.956781924	0.135721838
7.117483000	0.966020048	0.130809454
7.117484000	0.969869673	0.135515601
7.117485000	0.984128237	0.133146170
7.117486000	0.952432513	0.134973332
7.117487000	0.976731002	0.132807974
7.117488000	0.961616874	0.135957262
7.117489000	0.962726712	0.131444593
7.117490000	0.977664649	0.132618923
7.117491000	0.976110697	0.129623798
7.117492000	0.972033620	0.131445093
7.117493000	0.967033982	0.130915032
7.117494000	0.957633018	0.128607078
7.117495000	0.979105055	0.131576894
7.117496000	0.983992577	0.130696345
7.117497000	0.973059535	0.130605448
7.117498000	0.960630059	0.129873054
7.117499000	1.000998020	0.130340813
7.117500000	0.980023742	0.128876166
7.117501000	0.992419064	0.130992979
7.117502000	0.970102370	0.131081197
7.117503000	0.995746672	0.130938876
7.117504000	0.957578599	0.130308106
7.117505000	0.963995039	0.132903190
7.117506000	0.982836902	0.129428822
7.117507000	0.976217031	0.129266386
7.117508000	0.978062630	0.128959489
7.117509000	0.983336568	0.128171493
7.117510000	0.954825938	0.130583452
7.117511000	0.975378811	0.127891853
7.117512000	0.991117835	0.127371463
7.117513000	0.986597896	0.129058351
7.117514000	0.955749869	0.129568771
7.117515000	0.989514291	0.128645836
7.117516000	0.971623540	0.128279243
7.117517000	0.972451508	0.129062554
7.117518000	0.995601356	0.125975018
7.117519000	1.006021142	0.129064535
7.117520000	0.974301517	0.127821238
7.117521000	0.968549252	0.127166217
7.117522000	0.970227897	0.129129874
7.117523000	0.980217516	0.129714238
7.117524000	0.976200521	0.128326073
7.117525000	0.967679977	0.125720220
7.117526000	0.984764755	0.126171842
7.117527000	0.952437222	0.129439083
7.117528000	0.976304114	0.126809553
7.117529000	0.980013371	0.128856184
7.117530000	0.990576565	0.127429096
7.117531000	0.990764916	0.128404720
7.117532000	0.984804392	0.125724939
7.117533000	0.990350783	0.124673148
7.117534000	0.966856182	0.124610156
7.117535000	0.953658879	0.126050760
7.117536000	0.983462393	0.124415812
7.117537000	0.985633492	0.128269007
7.117538000	0.959983706	0.125699256
7.117539000	0.966235220	0.125877172
7.117540000	0.976199567	0.126093138
7.117541000	0.978973508	0.123686622
7.117542000	0.980571091	0.126408356
7.117543000	1.002160549	0.125494259
7.117544000	0.992173016	0.125627550
7.117545000	0.991615534	0.125355858
7.117546000	0.968227327	0.126143230
7.117547000	0.980129480	0.123271718
7.117548000	0.995912194	0.124889172
7.117549000	0.996383309	0.124075335
7.117550000	0.981938183	0.123913215
7.117551000	0.970579445	0.123727809
7.117552000	0.998375356	0.124743572
7.117553000	0.991858482	0.123630970
7.117554000	0.979136705	0.123687529
7.117555000	0.984423280	0.120587002
7.117556000	0.961053610	0.124809103
7.117557000	0.979647219	0.123658767
7.117558000	0.984614909	0.122831897
7.117559000	0.982293129	0.124850240
7.117560000	0.958589852	0.123995382
7.117561000	0.998642385	0.123354076
7.117562000	0.995549142	0.120430367
7.117563000	0.992298722	0.122940895
7.117564000	0.998704195	0.124643213
7.117565000	0.958192766	0.123275197
7.117566000	1.010005951	0.122700595
7.117567000	0.981530488	0.121900598
7.117568000	0.997317553	0.122732004
7.117569000	0.974229693	0.125080196
7.117570000	0.985250771	0.124502831
7.117571000	0.982592046	0.121054936
7.117572000	0.991158366	0.123424550
7.117573000	0.985412538	0.120602365
7.117574000	0.989191413	0.124151876
7.117575000	0.991178155	0.122539582
7.117576000	0.977861881	0.121759808
7.117577000	0.983672500	0.120635488
7.117578000	0.993013442	0.118796084
7.117579000	0.978894174	0.119540105
7.117580000	0.965983212	0.120046455
7.117581000	0.998572528	0.121928569
7.117582000	0.998217940	0.123620359
7.117583000	0.981566727	0.121743696
7.117584000	0.959178507	0.119966943
7.117585000	0.975460112	0.122891960
7.117586000	0.994653046	0.122150344
7.117587000	0.966471672	0.120852827
7.117588000	0.962725103	0.119766557
7.117589000	0.994939387	0.119109464
7.117590000	0.957095981	0.120838379
7.117591000	0.986003280	0.121244986
7.117592000	0.964028478	0.120318264
7.117593000	0.975977421	0.118759449
7.117594000	0.980146289	0.119532016
7.117595000	1.007107735	0.119645192
7.117596000	1.001381636	0.117508371
7.117597000	0.970692456	0.119463606
7.117598000	0.967674553	0.117577389
7.117599000	0.974881291	0.118184232
7.117600000	0.975751042	0.117412106
7.117601000	0.986259222	0.117543475
7.117602000	1.009882212	0.118255305
7.117603000	1.000427365	0.118616904
7.117604000	0.985283256	0.119300446
7.117605000	0.984733343	0.115820801
7.117606000	1.000680327	0.118892324
7.117607000	0.981508374	0.117314368
7.117608000	0.977621019	0.116201924
7.117609000	0.999848783	0.117042851
7.117610000	0.991169930	0.118910176
7.117611000	0.995621085	0.119003919
7.117612000	1.001850367	0.117101307
7.117613000	1.008205771	0.118399373
7.117614000	0.983592629	0.117342148
7.117615000	1.008464098	0.114844727
7.117616000	1.001959205	0.115687368
7.117617000	0.975668490	0.116698113
7.117618000	0.969773173	0.116997252
7.117619000	1.006268144	0.117255421
7.117620000	0.999673247	0.116236762
7.117621000	1.009848714	0.116032489
7.117622000	0.987606466	0.118553171
7.117623000	1.006603003	0.117118792
7.117624000	1.002833366	0.114489820
7.117625000	1.016545534	0.113407935
7.117626000	0.978345931	0.115124210
7.117627000	1.002805591	0.113365916
7.117628000	1.017617345	0.114412804
7.117629000	0.997099161	0.113703838
7.117630000	0.994463742	0.115152680
7.117631000	1.000918150	0.114800719
7.117632000	0.994196951	0.115109171
7.117633000	0.989638984	0.114682516
7.117634000	0.973709166	0.112213017
7.117635000	1.003353477	0.114678521
7.117636000	0.987171471	0.113609362
7.117637000	0.970848203	0.114229554
7.117638000	0.986517191	0.114630443
7.117639000	0.986406565	0.114080300
7.117640000	0.988618135	0.114496827
7.117641000	0.984582305	0.115130460
7.117642000	1.017901659	0.111325793
7.117643000	0.981797934	0.114238800
7.117644000	0.995698035	0.115424240
7.117645000	0.973894358	0.113905514
7.117646000	0.996946752	0.112333550
7.117647000	0.995057762	0.113599966
7.117648000	0.973763764	0.111307775
7.117649000	0.982685804	0.111374071
7.117650000	1.001478434	0.113440817
7.117651000	0.992737770	0.113775210
7.117652000	0.980859160	0.111352075
7.117653000	1.001511812	0.113622744
7.117654000	0.996543050	0.109881893
7.117655000	1.010710120	0.115369936
7.117656000	1.010039210	0.111443413
7.117657000	0.981137753	0.111559144
7.117658000	0.991196752	0.111795941
7.117659000	0.997029185	0.110118549
7.117660000	1.001467466	0.110086499
7.117661000	0.984914958	0.108945218
7.117662000	0.989075601	0.108944336
7.117663000	1.018935442	0.110168658
7.117664000	0.996864974	0.109189322
7.117665000	0.999640822	0.111009584
7.117666000	0.990605414	0.110580399
7.117667000	0.985537231	0.110483010
7.117668000	0.995478690	0.110147344
7.117669000	0.999011934	0.111051562
7.117670000	1.011115909	0.111270507
7.117671000	0.995806754	0.111203221
7.117672000	0.998731077	0.110528342
7.117673000	1.012182236	0.110453316
7.117674000	0.985734940	0.110549190
7.117675000	0.970588207	0.111244550
7.117676000	1.025716543	0.109872772
7.117677000	0.975684941	0.111370076
7.117678000	0.975177765	0.110326300
7.117679000	0.988251984	0.108973672
7.117680000	1.008187056	0.108446724
7.117681000	0.985913277	0.108582063
7.117682000	0.983548582	0.109852748
7.117683000	0.989774942	0.108871340
7.117684000	0.973907292	0.105899502
7.117685000	0.985090911	0.109545769
7.117686000	0.989239037	0.110123575
7.117687000	0.991127193	0.110585534
7.117688000	0.986312032	0.107854837
7.117689000	0.999689102	0.107097883
7.117690000	0.984010994	0.107514393
7.117691000	0.997948527	0.111228779
7.117692000	0.996886253	0.105004181
7.117693000	0.992923975	0.107733946
7.117694000	0.986415088	0.110004199
7.117695000	0.992915273	0.107252871
7.117696000	1.002488852	0.106309820
7.117697000	0.987024307	0.107946907
7.117698000	1.004661918	0.106664920
7.117699000	1.009789586	0.108613496
7.117700000	0.996256709	0.109270265
7.117701000	0.988225400	0.107741378
7.117702000	0.969616771	0.110482744
7.117703000	1.005654812	0.106345740
7.117704000	1.010661483	0.107854396
7.117705000	0.995733559	0.107678444
7.117706000	0.979301751	0.106121094
7.117707000	1.010748267	0.107291711
7.117708000	0.998064399	0.104792276
7.117709000	1.003012061	0.108745240
7.117710000	1.011850476	0.106628867
7.117711000	1.009617925	0.109142633
7.117712000	1.019228458	0.104978273
7.117713000	0.986685157	0.105977533
7.117714000	0.983694315	0.105742567
7.117715000	0.983587623	0.105583335
7.117716000	0.982766747	0.106365472
7.117717000	0.993529797	0.106061880
7.117718000	1.014839292	0.104076285
7.117719000	1.000165462	0.105257497
7.117720000	0.999254405	0.102201795
7.117721000	1.034438372	0.104728186
7.117722000	1.003271818	0.105255566
7.117723000	1.010268688	0.105231224
7.117724000	0.989636660	0.104422613
7.117725000	1.010459661	0.104037395
7.117726000	0.976289749	0.103343858
7.117727000	1.005764008	0.103487427
