D:\KID metingen\Entropy ADR\LT343chip5_BF_20240530_mapping\S21\Power\KID360_106dBm_.dat
Power at KID:106dBm
resonance Frequency in GHz :7.738332
Q=21676.000001, Qc=23128.254710, Qi=345206.695625  S21min=-24.042001


Temperature in K:0.099980
GHz	dB	Rad
7.737469000	1.192030191	0.064516268
7.737470000	1.223953485	0.065869274
7.737471000	1.211153865	0.066053577
7.737472000	1.243171096	0.066384808
7.737473000	1.228027940	0.063636051
7.737474000	1.191748381	0.065835032
7.737475000	1.199782372	0.061618786
7.737476000	1.225022078	0.065254100
7.737477000	1.242846012	0.065049923
7.737478000	1.215412021	0.062175515
7.737479000	1.201621413	0.061383196
7.737480000	1.206223726	0.065429087
7.737481000	1.211056828	0.063379855
7.737482000	1.239658237	0.066006185
7.737483000	1.207963943	0.058016552
7.737484000	1.184767604	0.063959434
7.737485000	1.200789690	0.061420859
7.737486000	1.216649652	0.061077011
7.737487000	1.182067156	0.062153865
7.737488000	1.189696789	0.063207873
7.737489000	1.210149765	0.061163610
7.737490000	1.191854119	0.060584872
7.737491000	1.210595012	0.063817575
7.737492000	1.194746733	0.056804186
7.737493000	1.185578823	0.060661250
7.737494000	1.206558347	0.061995169
7.737495000	1.192902327	0.060946350
7.737496000	1.197239161	0.063168974
7.737497000	1.227156997	0.061047841
7.737498000	1.213094950	0.059907588
7.737499000	1.191973090	0.062423693
7.737500000	1.209943771	0.059972407
7.737501000	1.218010664	0.058993300
7.737502000	1.207456350	0.060293393
7.737503000	1.212867022	0.059195704
7.737504000	1.209225297	0.058942388
7.737505000	1.216359019	0.058747053
7.737506000	1.182329893	0.061512779
7.737507000	1.236585855	0.053658406
7.737508000	1.202026486	0.056977025
7.737509000	1.173189402	0.056105626
7.737510000	1.240503311	0.059222120
7.737511000	1.200048447	0.056739300
7.737512000	1.207797050	0.054137463
7.737513000	1.212761283	0.056553229
7.737514000	1.195135117	0.057317290
7.737515000	1.192259073	0.057481016
7.737516000	1.192870378	0.056545763
7.737517000	1.209793806	0.055545239
7.737518000	1.212054372	0.059297429
7.737519000	1.196953535	0.051125398
7.737520000	1.192937613	0.054825108
7.737521000	1.179922938	0.054913870
7.737522000	1.218839765	0.051368137
7.737523000	1.194079280	0.055912480
7.737524000	1.182101130	0.050281880
7.737525000	1.194159746	0.049831776
7.737526000	1.187082171	0.056537191
7.737527000	1.177455902	0.050506363
7.737528000	1.190970659	0.050290984
7.737529000	1.189968944	0.049083020
7.737530000	1.175437331	0.049311702
7.737531000	1.216793418	0.051876780
7.737532000	1.182534337	0.052419803
7.737533000	1.201369882	0.050277885
7.737534000	1.244001031	0.050936693
7.737535000	1.188971639	0.047951002
7.737536000	1.190740943	0.050554729
7.737537000	1.190517664	0.046630353
7.737538000	1.187019348	0.051176157
7.737539000	1.164817572	0.054357756
7.737540000	1.185169101	0.049691207
7.737541000	1.202654600	0.051943888
7.737542000	1.197998405	0.049803089
7.737543000	1.157064795	0.046440748
7.737544000	1.208975077	0.048604084
7.737545000	1.208047986	0.044130706
7.737546000	1.165368080	0.045486105
7.737547000	1.184597015	0.046236688
7.737548000	1.162832737	0.049843698
7.737549000	1.171531796	0.044087571
7.737550000	1.184821606	0.048540568
7.737551000	1.181194544	0.044959723
7.737552000	1.213296294	0.044236654
7.737553000	1.181835890	0.044016868
7.737554000	1.188142180	0.045849655
7.737555000	1.184924364	0.045524429
7.737556000	1.158990979	0.047855611
7.737557000	1.196701884	0.045337475
7.737558000	1.187643290	0.044638591
7.737559000	1.184595346	0.044278232
7.737560000	1.194216251	0.040555940
7.737561000	1.187616467	0.040048567
7.737562000	1.189802766	0.042139119
7.737563000	1.176973939	0.040070658
7.737564000	1.179439783	0.043594865
7.737565000	1.162218332	0.044940469
7.737566000	1.186070681	0.042987394
7.737567000	1.199642301	0.040174172
7.737568000	1.182787180	0.039121949
7.737569000	1.205181718	0.037491208
7.737570000	1.189248443	0.043260984
7.737571000	1.186555624	0.040823759
7.737572000	1.168209434	0.035139287
7.737573000	1.199804544	0.040222716
7.737574000	1.215100169	0.042521740
7.737575000	1.185763955	0.037443308
7.737576000	1.193930507	0.040222933
7.737577000	1.181838274	0.037223581
7.737578000	1.186538815	0.039554122
7.737579000	1.173694372	0.039856099
7.737580000	1.187949061	0.039399280
7.737581000	1.174597144	0.040106811
7.737582000	1.176327705	0.038427887
7.737583000	1.163671613	0.039174921
7.737584000	1.190791368	0.035476889
7.737585000	1.145155072	0.035443695
7.737586000	1.139728427	0.037805390
7.737587000	1.148908973	0.040736007
7.737588000	1.164944053	0.038297542
7.737589000	1.175334692	0.032363478
7.737590000	1.153980732	0.034541611
7.737591000	1.187208533	0.034884658
7.737592000	1.176975846	0.037080103
7.737593000	1.179147959	0.035944743
7.737594000	1.150470495	0.034254152
7.737595000	1.174042702	0.033350130
7.737596000	1.184162498	0.037157597
7.737597000	1.180740356	0.031276886
7.737598000	1.188566804	0.032801826
7.737599000	1.178837657	0.036684441
7.737600000	1.171968460	0.032615345
7.737601000	1.174473763	0.032490445
7.737602000	1.166358948	0.033302174
7.737603000	1.151374221	0.028812646
7.737604000	1.160791039	0.036501161
7.737605000	1.163575649	0.031025635
7.737606000	1.188288450	0.030675373
7.737607000	1.169304848	0.027922480
7.737608000	1.174333811	0.030793160
7.737609000	1.147655964	0.028858386
7.737610000	1.190296531	0.027958766
7.737611000	1.166068196	0.027072549
7.737612000	1.153862476	0.026161449
7.737613000	1.150843143	0.025846282
7.737614000	1.173181534	0.025557279
7.737615000	1.109325290	0.026837952
7.737616000	1.170913815	0.023929210
7.737617000	1.155790329	0.026296244
7.737618000	1.133715034	0.026649363
7.737619000	1.169295192	0.026166875
7.737620000	1.172122955	0.027224062
7.737621000	1.165208936	0.026216586
7.737622000	1.155786395	0.023904370
7.737623000	1.154655099	0.025552009
7.737624000	1.150861263	0.025797673
7.737625000	1.155892968	0.027873478
7.737626000	1.173251271	0.021303687
7.737627000	1.163719296	0.024118234
7.737628000	1.185626507	0.019245781
7.737629000	1.155849814	0.026563309
7.737630000	1.143364310	0.020297278
7.737631000	1.154896140	0.027891115
7.737632000	1.165691257	0.024140538
7.737633000	1.153376579	0.022138030
7.737634000	1.149626493	0.023501517
7.737635000	1.127441645	0.021893254
7.737636000	1.162872553	0.021152989
7.737637000	1.158331275	0.022534587
7.737638000	1.167441487	0.021711275
7.737639000	1.140648007	0.018388037
7.737640000	1.156143188	0.017373913
7.737641000	1.149907827	0.021805312
7.737642000	1.161902666	0.019609787
7.737643000	1.151414752	0.017703821
7.737644000	1.158548474	0.015512571
7.737645000	1.138592839	0.018252357
7.737646000	1.149643421	0.017923174
7.737647000	1.152872562	0.017794150
7.737648000	1.172258258	0.017911712
7.737649000	1.131048799	0.014939460
7.737650000	1.128274560	0.015981868
7.737651000	1.136202574	0.014227300
7.737652000	1.126718044	0.017487495
7.737653000	1.159296632	0.011717142
7.737654000	1.125788927	0.014792343
7.737655000	1.156005263	0.018991772
7.737656000	1.138005257	0.017336950
7.737657000	1.125154853	0.014749425
7.737658000	1.160609603	0.014400943
7.737659000	1.110166311	0.012908874
7.737660000	1.149860740	0.015154030
7.737661000	1.117159009	0.008223243
7.737662000	1.122535110	0.010890170
7.737663000	1.128367662	0.013064617
7.737664000	1.119759560	0.010481550
7.737665000	1.108128786	0.009669166
7.737666000	1.112633944	0.010806351
7.737667000	1.096082926	0.009539781
7.737668000	1.134419203	0.011659685
7.737669000	1.134508491	0.011101225
7.737670000	1.111808658	0.008590438
7.737671000	1.121938348	0.009841725
7.737672000	1.142370701	0.007407548
7.737673000	1.125890374	0.005917419
7.737674000	1.143697023	0.006865984
7.737675000	1.119248271	0.006919068
7.737676000	1.117812037	0.008401802
7.737677000	1.080175161	0.003222543
7.737678000	1.116621852	0.009478859
7.737679000	1.103084683	0.005219172
7.737680000	1.109232306	0.007085610
7.737681000	1.144803643	0.002886856
7.737682000	1.131203294	0.002005819
7.737683000	1.137109041	0.005881534
7.737684000	1.121767879	0.008934225
7.737685000	1.107640147	0.004723029
7.737686000	1.134386778	0.001995445
7.737687000	1.103210568	0.002816610
7.737688000	1.093342304	0.004294681
7.737689000	1.151636124	-0.000122717
7.737690000	1.119398117	0.003459408
7.737691000	1.111892700	0.003608457
7.737692000	1.129813075	0.006502568
7.737693000	1.114718914	-0.002626311
7.737694000	1.153031945	-0.001850392
7.737695000	1.108478308	-0.001517495
7.737696000	1.098762870	-0.003167876
7.737697000	1.119074583	-0.003736125
7.737698000	1.132159710	-0.005575277
7.737699000	1.101353765	-0.000783008
7.737700000	1.093649507	-0.001953359
7.737701000	1.115630269	-0.007204361
7.737702000	1.065596938	-0.002557762
7.737703000	1.114296079	-0.001075500
7.737704000	1.115691304	-0.005982032
7.737705000	1.072912335	-0.004977089
7.737706000	1.083943725	-0.003546728
7.737707000	1.069825888	-0.003656861
7.737708000	1.131602407	-0.006682649
7.737709000	1.118051529	-0.007821553
7.737710000	1.058360338	-0.006466776
7.737711000	1.103566527	-0.004763256
7.737712000	1.105407476	-0.008042660
7.737713000	1.088751912	-0.007467126
7.737714000	1.098713279	-0.010233851
7.737715000	1.061952472	-0.008056176
7.737716000	1.110131264	-0.014315952
7.737717000	1.098785162	-0.006740939
7.737718000	1.088780403	-0.012066141
7.737719000	1.114366889	-0.010364743
7.737720000	1.075531721	-0.010398658
7.737721000	1.107835174	-0.010678189
7.737722000	1.091275215	-0.010292109
7.737723000	1.109372139	-0.014685509
7.737724000	1.079862833	-0.012163768
7.737725000	1.104131341	-0.014794655
7.737726000	1.088046551	-0.013903049
7.737727000	1.095291257	-0.015503719
7.737728000	1.103244305	-0.014676652
7.737729000	1.098959446	-0.015190053
7.737730000	1.075820327	-0.016386820
7.737731000	1.073382020	-0.015084237
7.737732000	1.088863611	-0.020993639
7.737733000	1.060108423	-0.020214387
7.737734000	1.088402033	-0.020361814
7.737735000	1.109936714	-0.020353105
7.737736000	1.096578002	-0.014622804
7.737737000	1.085337520	-0.018649428
7.737738000	1.093672991	-0.020095223
7.737739000	1.056746483	-0.015646643
7.737740000	1.070722461	-0.023454187
7.737741000	1.049713373	-0.019039147
7.737742000	1.048716307	-0.024887153
7.737743000	1.057774067	-0.021152531
7.737744000	1.021128416	-0.019765707
7.737745000	1.052837968	-0.024433898
7.737746000	1.097016573	-0.024039323
7.737747000	1.081232309	-0.025708765
7.737748000	1.041070580	-0.022665852
7.737749000	1.053323150	-0.027116583
7.737750000	1.067220211	-0.025399474
7.737751000	1.056508660	-0.026576013
7.737752000	1.063833594	-0.023922552
7.737753000	1.081560850	-0.025970442
7.737754000	1.068151593	-0.025564412
7.737755000	1.088767052	-0.028603245
7.737756000	1.056428909	-0.029772458
7.737757000	1.054087996	-0.025197603
7.737758000	1.057678342	-0.029541626
7.737759000	1.074208021	-0.029101551
7.737760000	1.056746840	-0.026972972
7.737761000	1.051277757	-0.026152931
7.737762000	1.058282614	-0.032339040
7.737763000	1.039962173	-0.030616900
7.737764000	1.038312197	-0.036661005
7.737765000	1.040668368	-0.028677820
7.737766000	1.074412942	-0.031325851
7.737767000	1.040320754	-0.028863891
7.737768000	1.038272262	-0.029904736
7.737769000	1.072302222	-0.030657761
7.737770000	1.047866225	-0.037339037
7.737771000	1.026833057	-0.037545445
7.737772000	1.051566839	-0.032139998
7.737773000	1.033767581	-0.038130720
7.737774000	1.062098861	-0.035519849
7.737775000	1.020365357	-0.037855899
7.737776000	0.998604417	-0.035312592
7.737777000	1.032590032	-0.040774203
7.737778000	1.061054945	-0.034050104
7.737779000	1.040676594	-0.037511323
7.737780000	1.053027630	-0.038647477
7.737781000	1.019205213	-0.038447578
7.737782000	1.006071329	-0.041268303
7.737783000	1.013383031	-0.044598132
7.737784000	1.031106472	-0.044425530
7.737785000	1.019019961	-0.041732496
7.737786000	1.015508294	-0.039770732
7.737787000	1.038435698	-0.040577054
7.737788000	1.019002438	-0.044824667
7.737789000	1.025893569	-0.045670483
7.737790000	1.009548664	-0.045016673
7.737791000	1.023227572	-0.049431000
7.737792000	0.998039544	-0.046794528
7.737793000	0.981720150	-0.045695879
7.737794000	1.047726870	-0.045787620
7.737795000	1.013436556	-0.049508052
7.737796000	0.978457689	-0.048841501
7.737797000	0.982988477	-0.050064449
7.737798000	1.012254477	-0.047485119
7.737799000	1.046816349	-0.049051258
7.737800000	1.019890428	-0.049705576
7.737801000	1.027817130	-0.047536185
7.737802000	1.014612675	-0.052924484
7.737803000	1.005979538	-0.055315025
7.737804000	0.977367580	-0.054305317
7.737805000	1.013346314	-0.057437702
7.737806000	0.996568203	-0.052237934
7.737807000	0.993241310	-0.051101293
7.737808000	1.021735430	-0.055918506
7.737809000	1.010613322	-0.054400491
7.737810000	0.985286534	-0.057208212
7.737811000	1.004621148	-0.057979102
7.737812000	0.962079287	-0.056905669
7.737813000	0.951003551	-0.058835017
7.737814000	1.024867058	-0.059150568
7.737815000	0.941905141	-0.059106089
7.737816000	0.980564415	-0.065597274
7.737817000	0.985503316	-0.062763059
7.737818000	0.997471213	-0.058514568
7.737819000	0.968604326	-0.060518480
7.737820000	0.986903369	-0.061734608
7.737821000	0.985934317	-0.060083490
7.737822000	0.997473300	-0.061518310
7.737823000	1.000319600	-0.063090037
7.737824000	1.010996103	-0.060220514
7.737825000	0.976231635	-0.062548474
7.737826000	0.949919462	-0.067174943
7.737827000	0.978771567	-0.062353710
7.737828000	0.961583138	-0.070639582
7.737829000	0.937793255	-0.069665119
7.737830000	0.949331641	-0.068995646
7.737831000	0.965037227	-0.068696203
7.737832000	0.947059631	-0.072498718
7.737833000	0.949210584	-0.074084839
7.737834000	0.933429420	-0.073009604
7.737835000	0.966162562	-0.071436641
7.737836000	0.979685664	-0.073832920
7.737837000	0.920715094	-0.071490271
7.737838000	0.938922763	-0.075392984
7.737839000	0.937042594	-0.071525691
7.737840000	0.952322483	-0.074854284
7.737841000	0.953580678	-0.073411017
7.737842000	0.919388235	-0.079346613
7.737843000	0.949863315	-0.077395514
7.737844000	0.932552218	-0.077857739
7.737845000	0.946047366	-0.080669721
7.737846000	0.938465238	-0.078381150
7.737847000	0.912941813	-0.079470233
7.737848000	0.914137065	-0.081273626
7.737849000	0.920333624	-0.083236451
7.737850000	0.953373492	-0.083221271
7.737851000	0.933330357	-0.082332724
7.737852000	0.932155788	-0.079276621
7.737853000	0.931302845	-0.083745672
7.737854000	0.937581182	-0.082801931
7.737855000	0.921882153	-0.085833099
7.737856000	0.912425876	-0.083942796
7.737857000	0.914522827	-0.079679400
7.737858000	0.895209312	-0.080823827
7.737859000	0.922148108	-0.083546226
7.737860000	0.915744424	-0.083650664
7.737861000	0.929011166	-0.086983552
7.737862000	0.905118585	-0.090418172
7.737863000	0.928801119	-0.086022783
7.737864000	0.943366349	-0.091155568
7.737865000	0.925348818	-0.090367422
7.737866000	0.893942356	-0.089668775
7.737867000	0.903665066	-0.091636086
7.737868000	0.876928031	-0.093334966
7.737869000	0.886692762	-0.093142777
7.737870000	0.884232223	-0.090976038
7.737871000	0.919108391	-0.093644251
7.737872000	0.882962525	-0.097266674
7.737873000	0.854476750	-0.096447869
7.737874000	0.879111409	-0.094461958
7.737875000	0.876924098	-0.097697382
7.737876000	0.872098744	-0.098725229
7.737877000	0.856738925	-0.099579005
7.737878000	0.876324117	-0.103029155
7.737879000	0.849747658	-0.100763671
7.737880000	0.888978541	-0.100578731
7.737881000	0.885422468	-0.099998645
7.737882000	0.861384630	-0.103411061
7.737883000	0.846446335	-0.106263898
7.737884000	0.897943258	-0.107583203
7.737885000	0.841977239	-0.104032135
7.737886000	0.853953779	-0.103684959
7.737887000	0.879151046	-0.106114694
7.737888000	0.859820426	-0.104452773
7.737889000	0.859130085	-0.110230019
7.737890000	0.869042933	-0.107210934
7.737891000	0.838587284	-0.112129701
7.737892000	0.848321915	-0.112216753
7.737893000	0.848347604	-0.109257432
7.737894000	0.830041111	-0.109480530
7.737895000	0.795264542	-0.110961414
7.737896000	0.834610343	-0.112026487
7.737897000	0.876727462	-0.113439777
7.737898000	0.832177639	-0.112330479
7.737899000	0.800044417	-0.120857762
7.737900000	0.810816407	-0.120790085
7.737901000	0.820740342	-0.114372083
7.737902000	0.839551866	-0.119799306
7.737903000	0.797884703	-0.120908171
7.737904000	0.792524159	-0.117616704
7.737905000	0.845274806	-0.114745125
7.737906000	0.813357234	-0.122551757
7.737907000	0.814966857	-0.121454419
7.737908000	0.800710857	-0.127486129
7.737909000	0.806230783	-0.123064017
7.737910000	0.780872703	-0.128625113
7.737911000	0.781577349	-0.126731056
7.737912000	0.820509255	-0.122601009
7.737913000	0.798708797	-0.130365222
7.737914000	0.791421592	-0.127605414
7.737915000	0.786213815	-0.126025543
7.737916000	0.775746942	-0.129012412
7.737917000	0.795781195	-0.125641274
7.737918000	0.782928467	-0.129649906
7.737919000	0.807146609	-0.125270204
7.737920000	0.769944310	-0.133953973
7.737921000	0.785158336	-0.137205377
7.737922000	0.788524985	-0.139242470
7.737923000	0.728844106	-0.137008120
7.737924000	0.762991071	-0.139616570
7.737925000	0.736540198	-0.139503452
7.737926000	0.762518525	-0.138646214
7.737927000	0.752035439	-0.137920902
7.737928000	0.770833373	-0.137715805
7.737929000	0.751466572	-0.137984177
7.737930000	0.738601089	-0.136507396
7.737931000	0.759697318	-0.141811497
7.737932000	0.750126541	-0.139299545
7.737933000	0.746978521	-0.140366999
7.737934000	0.741674364	-0.142900131
7.737935000	0.725448787	-0.149635931
7.737936000	0.724612892	-0.147748399
7.737937000	0.689266682	-0.142807636
7.737938000	0.700667381	-0.154970392
7.737939000	0.713921666	-0.149714627
7.737940000	0.685022831	-0.150866961
7.737941000	0.680023432	-0.153572250
7.737942000	0.667907834	-0.153251405
7.737943000	0.694720507	-0.154277904
7.737944000	0.689481199	-0.154650380
7.737945000	0.662332833	-0.160459134
7.737946000	0.665140629	-0.154590426
7.737947000	0.656253099	-0.162929249
7.737948000	0.688125193	-0.156309047
7.737949000	0.684159517	-0.157219249
7.737950000	0.687626302	-0.162868746
7.737951000	0.699646294	-0.162827533
7.737952000	0.695066273	-0.165242221
7.737953000	0.647044778	-0.161988538
7.737954000	0.654935956	-0.160129784
7.737955000	0.678341329	-0.165402194
7.737956000	0.657147288	-0.163860823
7.737957000	0.692852795	-0.163345768
7.737958000	0.674320221	-0.165305921
7.737959000	0.635746956	-0.166194668
7.737960000	0.614126801	-0.170956716
7.737961000	0.616661191	-0.172472854
7.737962000	0.652011871	-0.167899224
7.737963000	0.591338158	-0.173345688
7.737964000	0.586362660	-0.180884082
7.737965000	0.623250604	-0.182651422
7.737966000	0.588308692	-0.184927143
7.737967000	0.588740587	-0.186546012
7.737968000	0.579456210	-0.184326950
7.737969000	0.607290983	-0.177416613
7.737970000	0.572961688	-0.186083288
7.737971000	0.558260322	-0.185237318
7.737972000	0.587710381	-0.187515369
7.737973000	0.566377103	-0.190452553
7.737974000	0.585162103	-0.186643667
7.737975000	0.590081871	-0.190553121
7.737976000	0.567509472	-0.188388221
7.737977000	0.561282754	-0.190045372
7.737978000	0.514198244	-0.194595666
7.737979000	0.547896743	-0.192937399
7.737980000	0.530758798	-0.196134474
7.737981000	0.523915172	-0.198771636
7.737982000	0.521621168	-0.195845504
7.737983000	0.517397344	-0.202395765
7.737984000	0.538124502	-0.203965299
7.737985000	0.516359627	-0.203363608
7.737986000	0.515261531	-0.199422046
7.737987000	0.526924729	-0.209843878
7.737988000	0.506566584	-0.204513095
7.737989000	0.477885008	-0.205501810
7.737990000	0.498995423	-0.208379622
7.737991000	0.463646740	-0.207920543
7.737992000	0.489860684	-0.209819194
7.737993000	0.446329862	-0.210926103
7.737994000	0.474477053	-0.210980748
7.737995000	0.482526124	-0.218653332
7.737996000	0.442228585	-0.214155303
7.737997000	0.433704585	-0.213807011
7.737998000	0.443194211	-0.217839786
7.737999000	0.431085318	-0.219072730
7.738000000	0.395129293	-0.222929736
7.738001000	0.450789690	-0.222010629
7.738002000	0.415366381	-0.228314481
7.738003000	0.397553951	-0.226349934
7.738004000	0.386262208	-0.224287266
7.738005000	0.416308254	-0.225735476
7.738006000	0.389391989	-0.230751224
7.738007000	0.438136250	-0.230570861
7.738008000	0.394541502	-0.231282042
7.738009000	0.400387347	-0.235172637
7.738010000	0.352239758	-0.234833883
7.738011000	0.371785790	-0.234046869
7.738012000	0.332549512	-0.242465504
7.738013000	0.341317326	-0.239452187
7.738014000	0.321909964	-0.236631567
7.738015000	0.320103705	-0.237038664
7.738016000	0.364869237	-0.248192998
7.738017000	0.348930895	-0.244630188
7.738018000	0.335868537	-0.243651926
7.738019000	0.366962940	-0.240757136
7.738020000	0.324461639	-0.246317001
7.738021000	0.312132835	-0.249915115
7.738022000	0.295414567	-0.245556219
7.738023000	0.283382177	-0.253164204
7.738024000	0.272112966	-0.249500960
7.738025000	0.274276346	-0.252530672
7.738026000	0.288283944	-0.255173177
7.738027000	0.307025641	-0.250317934
7.738028000	0.326425314	-0.245729840
7.738029000	0.266070515	-0.248394550
7.738030000	0.291425675	-0.251008925
7.738031000	0.303421408	-0.251960988
7.738032000	0.296077400	-0.256702464
7.738033000	0.224555477	-0.258387695
7.738034000	0.216045663	-0.259083579
7.738035000	0.234505579	-0.264313578
7.738036000	0.235940322	-0.266810775
7.738037000	0.185063973	-0.265488715
7.738038000	0.183534876	-0.270698990
7.738039000	0.218229651	-0.266065988
7.738040000	0.189944342	-0.271594644
7.738041000	0.212583795	-0.272620594
7.738042000	0.203349262	-0.274922913
7.738043000	0.173674226	-0.270193156
7.738044000	0.211346298	-0.282255095
7.738045000	0.177454665	-0.273741751
7.738046000	0.168416023	-0.276764955
7.738047000	0.126704320	-0.280004890
7.738048000	0.076622188	-0.279216378
7.738049000	0.159838885	-0.285112434
7.738050000	0.142404556	-0.284664557
7.738051000	0.138709694	-0.286633199
7.738052000	0.080332555	-0.289600160
7.738053000	0.063024223	-0.286350903
7.738054000	0.086673751	-0.288724679
7.738055000	0.096830569	-0.294001067
7.738056000	0.071906842	-0.293478954
7.738057000	0.038695212	-0.299596601
7.738058000	0.065886371	-0.302058061
7.738059000	0.024736542	-0.300638630
7.738060000	0.046804868	-0.304709338
7.738061000	0.029131878	-0.300721088
7.738062000	-0.026267504	-0.309418672
7.738063000	-0.037017282	-0.310451080
7.738064000	0.029042417	-0.304289124
7.738065000	0.004353660	-0.305808491
7.738066000	-0.007660464	-0.306325244
7.738067000	0.037802842	-0.303500229
7.738068000	-0.029204598	-0.309782893
7.738069000	0.002321131	-0.314360933
7.738070000	-0.038542833	-0.314954552
7.738071000	-0.080202989	-0.315800871
7.738072000	-0.058339532	-0.318557576
7.738073000	-0.020799402	-0.312713602
7.738074000	-0.078599378	-0.322344724
7.738075000	-0.067005239	-0.323523672
7.738076000	-0.065324016	-0.324623857
7.738077000	-0.087126434	-0.318003405
7.738078000	-0.116150677	-0.327185918
7.738079000	-0.192868873	-0.332064696
7.738080000	-0.142418966	-0.333031890
7.738081000	-0.109582417	-0.326967372
7.738082000	-0.188111022	-0.338286040
7.738083000	-0.177470326	-0.338673230
7.738084000	-0.204804301	-0.340475724
7.738085000	-0.193561986	-0.342471797
7.738086000	-0.204352796	-0.339368182
7.738087000	-0.182194963	-0.340483248
7.738088000	-0.247304857	-0.346781591
7.738089000	-0.247015804	-0.350708721
7.738090000	-0.253212363	-0.355023708
7.738091000	-0.248581439	-0.347189953
7.738092000	-0.277109981	-0.356392373
7.738093000	-0.273912281	-0.355677714
7.738094000	-0.313084632	-0.359089323
7.738095000	-0.298203588	-0.360186678
7.738096000	-0.319979727	-0.360524900
7.738097000	-0.329762876	-0.360875472
7.738098000	-0.357172310	-0.363961210
7.738099000	-0.319354326	-0.369579781
7.738100000	-0.393357337	-0.376556597
7.738101000	-0.401778489	-0.371502017
7.738102000	-0.405474752	-0.374325035
7.738103000	-0.385133117	-0.373339731
7.738104000	-0.398501873	-0.375057337
7.738105000	-0.439251333	-0.375962679
7.738106000	-0.463894099	-0.381377185
7.738107000	-0.451758832	-0.377678720
7.738108000	-0.512669981	-0.381832352
7.738109000	-0.488755256	-0.392798651
7.738110000	-0.549885809	-0.394635932
7.738111000	-0.566851079	-0.398877050
7.738112000	-0.602058113	-0.401227888
7.738113000	-0.585958898	-0.404885907
7.738114000	-0.643419385	-0.407894746
7.738115000	-0.630757332	-0.405361714
7.738116000	-0.650513947	-0.410596090
7.738117000	-0.633054554	-0.410794129
7.738118000	-0.654608667	-0.408728182
7.738119000	-0.651761532	-0.409826337
7.738120000	-0.738081753	-0.412758510
7.738121000	-0.741870761	-0.422232673
7.738122000	-0.766336203	-0.419125563
7.738123000	-0.786170781	-0.433136387
7.738124000	-0.714321434	-0.420546492
7.738125000	-0.821295083	-0.431659764
7.738126000	-0.772184372	-0.437091347
7.738127000	-0.842008054	-0.434724363
7.738128000	-0.892957032	-0.429604269
7.738129000	-0.871581912	-0.442396531
7.738130000	-0.889336288	-0.441611497
7.738131000	-0.872919142	-0.437870621
7.738132000	-0.854573250	-0.442255150
7.738133000	-0.905004501	-0.448908026
7.738134000	-0.996246874	-0.452331353
7.738135000	-0.993472695	-0.451810139
7.738136000	-0.988942385	-0.458226693
7.738137000	-1.002480030	-0.459901855
7.738138000	-1.028717637	-0.458560787
7.738139000	-1.037381887	-0.458233417
7.738140000	-1.047195196	-0.462593278
7.738141000	-1.021580935	-0.459878918
7.738142000	-1.091989160	-0.466507360
7.738143000	-1.118644118	-0.474263150
7.738144000	-1.173979640	-0.476087649
7.738145000	-1.246927381	-0.482848150
7.738146000	-1.263193130	-0.483368498
7.738147000	-1.239692211	-0.484151101
7.738148000	-1.281837702	-0.485185240
7.738149000	-1.217690825	-0.485775563
7.738150000	-1.278931260	-0.491834954
7.738151000	-1.335617065	-0.493673234
7.738152000	-1.387044191	-0.495593273
7.738153000	-1.377078772	-0.493159743
7.738154000	-1.349141955	-0.496774252
7.738155000	-1.412910819	-0.500936407
7.738156000	-1.336184382	-0.502240956
7.738157000	-1.441726446	-0.508618361
7.738158000	-1.499295950	-0.508961576
7.738159000	-1.484280586	-0.515409589
7.738160000	-1.551666498	-0.521945252
7.738161000	-1.577531219	-0.521758498
7.738162000	-1.622748852	-0.526705752
7.738163000	-1.640399218	-0.525395511
7.738164000	-1.725473881	-0.523451869
7.738165000	-1.692975998	-0.535638627
7.738166000	-1.816115022	-0.544804828
7.738167000	-1.673844814	-0.533944491
7.738168000	-1.734585762	-0.526684281
7.738169000	-1.714239240	-0.536481218
7.738170000	-1.788313746	-0.544364208
7.738171000	-1.766194940	-0.540753794
7.738172000	-1.717150450	-0.536119994
7.738173000	-1.870655179	-0.550438479
7.738174000	-1.791035056	-0.548967482
7.738175000	-1.844904542	-0.545647919
7.738176000	-1.951868892	-0.557195185
7.738177000	-2.037789822	-0.564318376
7.738178000	-2.025218725	-0.568180026
7.738179000	-2.091002703	-0.574095705
7.738180000	-2.086683273	-0.571451453
7.738181000	-2.181440353	-0.572591086
7.738182000	-2.224516153	-0.576602739
7.738183000	-2.132203579	-0.574532996
7.738184000	-2.187970877	-0.578466685
7.738185000	-2.265450239	-0.588032027
7.738186000	-2.233238459	-0.582099636
7.738187000	-2.350524664	-0.593355021
7.738188000	-2.388945103	-0.596694824
7.738189000	-2.449253798	-0.599813785
7.738190000	-2.421236038	-0.603765051
7.738191000	-2.447377443	-0.607615982
7.738192000	-2.588176250	-0.614736476
7.738193000	-2.481741667	-0.606747525
7.738194000	-2.538642645	-0.611372171
7.738195000	-2.529458761	-0.606775222
7.738196000	-2.564129114	-0.606903653
7.738197000	-2.630632162	-0.617608628
7.738198000	-2.681387186	-0.620054076
7.738199000	-2.820236206	-0.629971954
7.738200000	-2.783834219	-0.631012185
7.738201000	-2.838606834	-0.634741343
7.738202000	-2.963301420	-0.642225491
7.738203000	-2.925612688	-0.643883442
7.738204000	-3.076752424	-0.644663815
7.738205000	-3.121845245	-0.650998676
7.738206000	-3.224432230	-0.659670728
7.738207000	-3.220599651	-0.658940090
7.738208000	-3.212193727	-0.655699489
7.738209000	-3.196447372	-0.656340378
7.738210000	-3.424099684	-0.667820200
7.738211000	-3.346639395	-0.663513403
7.738212000	-3.395069122	-0.674133024
7.738213000	-3.336009502	-0.671679920
7.738214000	-3.600085735	-0.686289622
7.738215000	-3.633934975	-0.682814730
7.738216000	-3.558157206	-0.682321778
7.738217000	-3.712605238	-0.687149291
7.738218000	-3.694018364	-0.688013153
7.738219000	-3.815726995	-0.696117818
7.738220000	-3.897097826	-0.710095286
7.738221000	-3.820055246	-0.703053156
7.738222000	-3.961801529	-0.710792169
7.738223000	-3.988461733	-0.708365630
7.738224000	-4.111256123	-0.711792918
7.738225000	-4.190246582	-0.721777775
7.738226000	-4.118828297	-0.721773314
7.738227000	-4.251670361	-0.728214768
7.738228000	-4.496124268	-0.733198675
7.738229000	-4.418033123	-0.731970025
7.738230000	-4.447777748	-0.742559819
7.738231000	-4.629827499	-0.740573301
7.738232000	-4.439642906	-0.741807876
7.738233000	-4.615730762	-0.748772441
7.738234000	-4.733110428	-0.747957780
7.738235000	-4.821905136	-0.752932565
7.738236000	-4.996267796	-0.764650541
7.738237000	-5.067306519	-0.765254412
7.738238000	-4.985479832	-0.762069205
7.738239000	-5.107802868	-0.777333912
7.738240000	-4.937218189	-0.757741502
7.738241000	-5.233960152	-0.769317331
7.738242000	-5.257086277	-0.779671435
7.738243000	-5.418385029	-0.788103602
7.738244000	-5.609370232	-0.794520822
7.738245000	-5.561696529	-0.781864082
7.738246000	-5.686066628	-0.787895210
7.738247000	-5.645505905	-0.794929617
7.738248000	-5.830653667	-0.798790069
7.738249000	-5.882884026	-0.799052790
7.738250000	-6.124534130	-0.809170804
7.738251000	-6.106214046	-0.815354065
7.738252000	-6.286707401	-0.816267796
7.738253000	-6.518939018	-0.823658334
7.738254000	-6.514875412	-0.821399308
7.738255000	-6.723429203	-0.831443420
7.738256000	-6.856726646	-0.824892310
7.738257000	-6.982589245	-0.839371783
7.738258000	-6.900807858	-0.841010227
7.738259000	-6.989436150	-0.834014036
7.738260000	-7.208527565	-0.844035511
7.738261000	-7.171519279	-0.839830380
7.738262000	-7.541793346	-0.848266275
7.738263000	-7.646371365	-0.857111765
7.738264000	-7.792100430	-0.837346782
7.738265000	-7.946610451	-0.855091225
7.738266000	-8.009537697	-0.856106289
7.738267000	-8.504034996	-0.863606749
7.738268000	-8.518787384	-0.861557580
7.738269000	-7.918256283	-0.850424767
7.738270000	-8.481190681	-0.870349407
7.738271000	-8.562756538	-0.867933853
7.738272000	-8.749984741	-0.862459193
7.738273000	-8.950039864	-0.875995442
7.738274000	-9.066221237	-0.886645556
7.738275000	-8.945290565	-0.886878250
7.738276000	-9.296384811	-0.876952582
7.738277000	-9.357105255	-0.880171478
7.738278000	-9.310499191	-0.881234479
7.738279000	-9.534578323	-0.891697972
7.738280000	-9.475004196	-0.882309663
7.738281000	-9.720061302	-0.889285880
7.738282000	-9.607617378	-0.876279534
7.738283000	-9.625844002	-0.875862883
7.738284000	-10.143669128	-0.871867276
7.738285000	-10.314368248	-0.883696105
7.738286000	-10.430134773	-0.883295033
7.738287000	-10.748044968	-0.885191204
7.738288000	-10.623996735	-0.881355386
7.738289000	-10.538754463	-0.870578439
7.738290000	-11.448224068	-0.889075025
7.738291000	-11.126679420	-0.881756991
7.738292000	-11.244484901	-0.876610832
7.738293000	-11.509002686	-0.882416922
7.738294000	-11.558999062	-0.883883924
7.738295000	-12.020591736	-0.883848571
7.738296000	-11.815268517	-0.857139795
7.738297000	-12.601488113	-0.875283512
7.738298000	-12.748928070	-0.882395484
7.738299000	-13.053628922	-0.880083061
7.738300000	-13.294504166	-0.866795219
7.738301000	-13.330806732	-0.860414551
7.738302000	-13.586976051	-0.860955372
7.738303000	-13.512380600	-0.842464845
7.738304000	-13.679880142	-0.828399427
7.738305000	-13.941271782	-0.859714206
7.738306000	-14.869910240	-0.791896876
7.738307000	-15.357067108	-0.810455780
7.738308000	-15.445183754	-0.768003061
7.738309000	-15.039161682	-0.820646565
7.738310000	-15.932789803	-0.758882866
7.738311000	-15.951725006	-0.741830313
7.738312000	-16.575437546	-0.751045649
7.738313000	-16.962545395	-0.706134633
7.738314000	-17.072702408	-0.720597728
7.738315000	-17.577316284	-0.709351465
7.738316000	-18.388818741	-0.598102704
7.738317000	-17.938831329	-0.647987174
7.738318000	-18.367368698	-0.621915093
7.738319000	-18.689256668	-0.593679793
7.738320000	-19.829956055	-0.524734680
7.738321000	-19.898525238	-0.478420844
7.738322000	-20.542816162	-0.415386917
7.738323000	-20.375131607	-0.300144713
7.738324000	-21.356372833	-0.248758188
7.738325000	-21.728338242	-0.204881061
7.738326000	-21.316299438	-0.310694759
7.738327000	-21.154172897	-0.222758345
7.738328000	-22.210906982	-0.015115120
7.738329000	-21.824668884	-0.049627795
7.738330000	-22.742794037	0.104142673
7.738331000	-22.273778915	0.111726324
7.738332000	-22.798000336	0.120151093
7.738333000	-22.288108826	0.258554975
7.738334000	-22.720943451	0.249704026
7.738335000	-22.472240448	0.381188899
7.738336000	-21.614957809	0.570581132
7.738337000	-20.900812149	0.647922992
7.738338000	-21.284828186	0.672793787
7.738339000	-20.923496246	0.720951529
7.738340000	-20.691238403	0.794451513
7.738341000	-20.634504318	0.800101276
7.738342000	-19.936754227	0.790153171
7.738343000	-19.328252792	0.930147427
7.738344000	-19.309204102	0.947804851
7.738345000	-18.259700775	0.966074335
7.738346000	-18.741756439	0.982988471
7.738347000	-18.774574280	0.958962697
7.738348000	-18.088335037	1.023152935
7.738349000	-17.493982315	1.065221293
7.738350000	-16.687755585	1.099234853
7.738351000	-16.649421692	1.084256636
7.738352000	-16.331008911	1.140732163
7.738353000	-16.247316360	1.138084848
7.738354000	-15.712412834	1.163810584
7.738355000	-15.774531364	1.179527496
7.738356000	-14.969743729	1.170255168
7.738357000	-14.778786659	1.172586632
7.738358000	-15.103812218	1.179508720
7.738359000	-14.493294716	1.180658807
7.738360000	-14.103360176	1.187901673
7.738361000	-14.308218956	1.215491622
7.738362000	-13.650197983	1.233578614
7.738363000	-13.584142685	1.236215276
7.738364000	-13.181919098	1.230833827
7.738365000	-13.447322845	1.221722087
7.738366000	-13.249846458	1.196672394
7.738367000	-12.814580917	1.233389529
7.738368000	-11.918151855	1.230752068
7.738369000	-12.171836853	1.223288825
7.738370000	-11.749520302	1.245956321
7.738371000	-11.737398148	1.241861711
7.738372000	-11.881027222	1.248452901
7.738373000	-11.645454407	1.264042913
7.738374000	-11.825332642	1.253850995
7.738375000	-11.028851509	1.248442781
7.738376000	-10.860842705	1.256628939
7.738377000	-10.851006508	1.259708885
7.738378000	-10.719719887	1.250669317
7.738379000	-10.821619987	1.260199972
7.738380000	-10.277733803	1.252186786
7.738381000	-9.961474419	1.253447527
7.738382000	-10.306461334	1.255752626
7.738383000	-9.796468735	1.249885016
7.738384000	-9.101263046	1.239853021
7.738385000	-9.150625229	1.238023030
7.738386000	-9.289264679	1.234389147
7.738387000	-9.040512085	1.252464554
7.738388000	-9.063434601	1.247418662
7.738389000	-9.031976700	1.258026566
7.738390000	-8.822276115	1.247038097
7.738391000	-8.912194252	1.238686690
7.738392000	-8.860364914	1.241426417
7.738393000	-8.451183319	1.233452513
7.738394000	-8.257166862	1.232261814
7.738395000	-8.505819321	1.247980589
7.738396000	-8.380789757	1.242637623
7.738397000	-8.108021736	1.230941818
7.738398000	-8.253175735	1.231298815
7.738399000	-7.870764256	1.228777067
7.738400000	-7.989468098	1.220842046
7.738401000	-7.628331661	1.236629797
7.738402000	-7.599033356	1.220528991
7.738403000	-7.697365761	1.221637665
7.738404000	-7.551946163	1.224812020
7.738405000	-7.431339741	1.219570520
7.738406000	-7.131013393	1.207799747
7.738407000	-7.365468979	1.215572050
7.738408000	-6.987534523	1.202841873
7.738409000	-7.186079979	1.209185390
7.738410000	-7.200942039	1.205381197
7.738411000	-7.094589233	1.213375208
7.738412000	-6.936857700	1.204709814
7.738413000	-6.662964344	1.201763426
7.738414000	-6.582164764	1.200195890
7.738415000	-6.603683949	1.205143111
7.738416000	-6.318136692	1.186976091
7.738417000	-6.223835945	1.192018920
7.738418000	-6.264075756	1.187981168
7.738419000	-6.082868099	1.181760556
7.738420000	-6.117476463	1.181362414
7.738421000	-6.290248871	1.175631691
7.738422000	-6.009021759	1.179849738
7.738423000	-5.992638588	1.181788120
7.738424000	-5.784129143	1.175345933
7.738425000	-5.707149506	1.163508449
7.738426000	-5.685789108	1.161211206
7.738427000	-5.638487339	1.150602237
7.738428000	-5.485886574	1.163992744
7.738429000	-5.521291256	1.163806723
7.738430000	-5.603460312	1.167462977
7.738431000	-5.440476894	1.152591619
7.738432000	-5.327510357	1.154026397
7.738433000	-5.311995983	1.149403016
7.738434000	-5.217732430	1.146149299
7.738435000	-4.998692989	1.139840270
7.738436000	-5.039212704	1.138368874
7.738437000	-5.072537422	1.138263413
7.738438000	-4.926245689	1.135146582
7.738439000	-5.014144421	1.130302026
7.738440000	-4.807035923	1.133430574
7.738441000	-4.789705753	1.131760373
7.738442000	-4.794693470	1.124277955
7.738443000	-4.670758724	1.115089317
7.738444000	-4.559661865	1.112043260
7.738445000	-4.580055714	1.122504956
7.738446000	-4.657495975	1.115459430
7.738447000	-4.616805077	1.112014098
7.738448000	-4.467826843	1.099705700
7.738449000	-4.401331425	1.104899863
7.738450000	-4.469278812	1.107720284
7.738451000	-4.338224888	1.106668868
7.738452000	-4.259726524	1.094523189
7.738453000	-4.186481953	1.094903954
7.738454000	-4.125295162	1.085499201
7.738455000	-4.023721695	1.089593678
7.738456000	-4.027441978	1.089086811
7.738457000	-4.030951977	1.084630477
7.738458000	-4.089380741	1.082581441
7.738459000	-3.895133018	1.082656875
7.738460000	-3.881550550	1.074435364
7.738461000	-3.790523291	1.067644037
7.738462000	-3.651897430	1.066617122
7.738463000	-3.675303698	1.064222474
7.738464000	-3.562386990	1.062721051
7.738465000	-3.748237848	1.066752477
7.738466000	-3.691783190	1.063951764
7.738467000	-3.613389015	1.045388732
7.738468000	-3.333765984	1.044756431
7.738469000	-3.433507204	1.050017706
7.738470000	-3.423808575	1.050279894
7.738471000	-3.375303268	1.045661839
7.738472000	-3.336850643	1.042857664
7.738473000	-3.350649595	1.041783345
7.738474000	-3.375107765	1.047957884
7.738475000	-3.323422670	1.039440628
7.738476000	-3.224165440	1.033424747
7.738477000	-3.164940119	1.028295499
7.738478000	-3.191174984	1.031406870
7.738479000	-3.102968931	1.026360979
7.738480000	-3.148733616	1.027077702
7.738481000	-3.075099707	1.029113289
7.738482000	-3.048871517	1.027351741
7.738483000	-2.878633022	1.006845934
7.738484000	-2.885440350	1.007652871
7.738485000	-2.832909584	1.010657450
7.738486000	-2.806017876	1.008047019
7.738487000	-2.746974707	1.004689972
7.738488000	-2.679268837	0.992113992
7.738489000	-2.732913256	0.998834279
7.738490000	-2.653967857	0.992238894
7.738491000	-2.636194706	0.992430575
7.738492000	-2.528164148	0.988631044
7.738493000	-2.445867538	0.978624349
7.738494000	-2.455732346	0.979295865
7.738495000	-2.477226019	0.980577511
7.738496000	-2.417313337	0.975145462
7.738497000	-2.421584129	0.973723067
7.738498000	-2.424510241	0.970433398
7.738499000	-2.339128971	0.965336840
7.738500000	-2.388094187	0.972101069
7.738501000	-2.501083612	0.981211743
7.738502000	-2.484225512	0.976672851
7.738503000	-2.328660488	0.967412574
7.738504000	-2.355234861	0.963378417
7.738505000	-2.385985851	0.967498128
7.738506000	-2.235010147	0.956209587
7.738507000	-2.257792473	0.954377399
7.738508000	-2.185351372	0.947570626
7.738509000	-2.264077425	0.958416615
7.738510000	-2.185258627	0.958746182
7.738511000	-2.127648830	0.942619543
7.738512000	-2.130384445	0.947970832
7.738513000	-2.138838291	0.946801172
7.738514000	-2.043143749	0.940676500
7.738515000	-2.084373236	0.947313298
7.738516000	-1.997762084	0.934943514
7.738517000	-1.982605100	0.934839184
7.738518000	-1.944401383	0.937448550
7.738519000	-1.846571088	0.921273774
7.738520000	-1.867373705	0.923768290
7.738521000	-1.836214066	0.918254548
7.738522000	-1.790744662	0.912430348
7.738523000	-1.892742395	0.917270643
7.738524000	-1.848606229	0.916647930
7.738525000	-1.761808634	0.914406281
7.738526000	-1.770090342	0.919825947
7.738527000	-1.778407097	0.912500256
7.738528000	-1.829453230	0.917067311
7.738529000	-1.711871266	0.909726840
7.738530000	-1.714993358	0.908141128
7.738531000	-1.689163566	0.905516050
7.738532000	-1.695089698	0.905716652
7.738533000	-1.645099044	0.910040228
7.738534000	-1.638423085	0.899364214
7.738535000	-1.674895883	0.902425118
7.738536000	-1.580290794	0.893915853
7.738537000	-1.624336600	0.897831299
7.738538000	-1.576312304	0.893205587
7.738539000	-1.595317245	0.887391907
7.738540000	-1.471178651	0.887796175
7.738541000	-1.535321474	0.888114822
7.738542000	-1.555254698	0.885687817
7.738543000	-1.467222452	0.883861887
7.738544000	-1.478666663	0.873472895
7.738545000	-1.477802157	0.879027983
7.738546000	-1.376909256	0.874160390
7.738547000	-1.409231544	0.879520601
7.738548000	-1.370631933	0.870430167
7.738549000	-1.431843042	0.875582851
7.738550000	-1.339436889	0.876192848
7.738551000	-1.395240545	0.875988784
7.738552000	-1.357669115	0.873974102
7.738553000	-1.284948468	0.868936134
7.738554000	-1.329834700	0.866860200
7.738555000	-1.296463966	0.861337336
7.738556000	-1.271517992	0.863340899
7.738557000	-1.258746147	0.865007971
7.738558000	-1.244755745	0.856401900
7.738559000	-1.193939805	0.849705581
7.738560000	-1.239685893	0.855255941
7.738561000	-1.139929771	0.850170036
7.738562000	-1.129610062	0.849009763
7.738563000	-1.152532101	0.847460070
7.738564000	-1.125009060	0.844767348
7.738565000	-1.118474483	0.838306253
7.738566000	-1.092747211	0.844424399
7.738567000	-1.073302865	0.841416891
7.738568000	-1.090984583	0.835756542
7.738569000	-1.017460823	0.835830179
7.738570000	-0.999048889	0.831573582
7.738571000	-1.059392333	0.832596369
7.738572000	-1.032147527	0.835254936
7.738573000	-0.981211007	0.829819291
7.738574000	-0.975479662	0.825666757
7.738575000	-0.965387285	0.829349310
7.738576000	-0.935203910	0.821947519
7.738577000	-0.970966220	0.823487958
7.738578000	-0.904715955	0.823294813
7.738579000	-0.895311654	0.812318528
7.738580000	-0.887034237	0.817452170
7.738581000	-0.862782061	0.817653638
7.738582000	-0.850365579	0.809430995
7.738583000	-0.873453677	0.822789345
7.738584000	-0.840767741	0.807514851
7.738585000	-0.840825260	0.806499387
7.738586000	-0.825629532	0.807378830
7.738587000	-0.815701723	0.803010047
7.738588000	-0.756985486	0.802425017
7.738589000	-0.794739604	0.802904586
7.738590000	-0.827350974	0.796965936
7.738591000	-0.736943245	0.799708327
7.738592000	-0.746430039	0.793320602
7.738593000	-0.759233236	0.799229091
7.738594000	-0.747079074	0.799332089
7.738595000	-0.726249576	0.793950373
7.738596000	-0.756101668	0.791494738
7.738597000	-0.729049802	0.790085860
7.738598000	-0.675353944	0.786499713
7.738599000	-0.648455381	0.791739882
7.738600000	-0.717307091	0.792309200
7.738601000	-0.647135973	0.787527228
7.738602000	-0.668947458	0.782745322
7.738603000	-0.629050195	0.783611182
7.738604000	-0.657739758	0.776676843
7.738605000	-0.666591048	0.780451808
7.738606000	-0.614108384	0.776722650
7.738607000	-0.567642868	0.780859671
7.738608000	-0.609046817	0.777346029
7.738609000	-0.560168207	0.779713912
7.738610000	-0.566923440	0.771115963
7.738611000	-0.548562825	0.768784832
7.738612000	-0.524224043	0.765403882
7.738613000	-0.550555527	0.771251452
7.738614000	-0.542083383	0.769887847
7.738615000	-0.561542034	0.768545547
7.738616000	-0.557058513	0.768381296
7.738617000	-0.491656363	0.760811993
7.738618000	-0.494899094	0.758723476
7.738619000	-0.493634224	0.764588556
7.738620000	-0.516678512	0.752367509
7.738621000	-0.478208303	0.760278296
7.738622000	-0.474319905	0.760598075
7.738623000	-0.449795097	0.752669378
7.738624000	-0.436361998	0.751403778
7.738625000	-0.410541564	0.754215210
7.738626000	-0.415663630	0.747674620
7.738627000	-0.397359312	0.751457507
7.738628000	-0.395904094	0.744614514
7.738629000	-0.420647651	0.745413263
7.738630000	-0.386620641	0.745116121
7.738631000	-0.351403028	0.746472735
7.738632000	-0.382447571	0.747936209
7.738633000	-0.385145038	0.744620839
7.738634000	-0.357087493	0.740045928
7.738635000	-0.331978977	0.738424329
7.738636000	-0.385354698	0.738469470
7.738637000	-0.347633570	0.740960458
7.738638000	-0.310437381	0.739808707
7.738639000	-0.331980228	0.730130913
7.738640000	-0.269623697	0.730558550
7.738641000	-0.252473205	0.722329649
7.738642000	-0.287353635	0.733577443
7.738643000	-0.246111289	0.726239768
7.738644000	-0.274665892	0.722996571
7.738645000	-0.242740706	0.726160606
7.738646000	-0.268239707	0.729047339
7.738647000	-0.247119054	0.724507116
7.738648000	-0.247381836	0.719190114
7.738649000	-0.244225979	0.718879856
7.738650000	-0.216437668	0.720539871
7.738651000	-0.240003675	0.722405882
7.738652000	-0.250692844	0.724193395
7.738653000	-0.224146038	0.720618568
7.738654000	-0.263016194	0.717347473
7.738655000	-0.200677380	0.715185453
7.738656000	-0.166353017	0.713531962
7.738657000	-0.180676520	0.713252397
7.738658000	-0.212338790	0.717886763
7.738659000	-0.104612470	0.709069503
7.738660000	-0.177638084	0.712820233
7.738661000	-0.159926414	0.708761242
7.738662000	-0.148348033	0.708357840
7.738663000	-0.131889194	0.705857065
7.738664000	-0.152161598	0.708655515
7.738665000	-0.104909427	0.703987593
7.738666000	-0.132034317	0.703955568
7.738667000	-0.113865323	0.699564149
7.738668000	-0.132174090	0.696344720
7.738669000	-0.067241997	0.694184896
7.738670000	-0.100856982	0.695655960
7.738671000	-0.104874909	0.695858227
7.738672000	-0.085635513	0.693716446
7.738673000	-0.046365622	0.695777533
7.738674000	-0.050192103	0.689299860
7.738675000	-0.089623041	0.694805080
7.738676000	-0.067462131	0.692379939
7.738677000	-0.045235611	0.688718358
7.738678000	-0.028033627	0.687782390
7.738679000	-0.021217853	0.684622017
7.738680000	-0.028736232	0.686443486
7.738681000	-0.022725463	0.688672352
7.738682000	-0.054526720	0.686038153
7.738683000	-0.023353644	0.682875649
7.738684000	-0.008105928	0.684515957
7.738685000	-0.019974481	0.684379869
7.738686000	-0.016918205	0.685887551
7.738687000	0.021328038	0.681106045
7.738688000	-0.006034035	0.675497362
7.738689000	0.015567093	0.679773799
7.738690000	0.019924009	0.678533299
7.738691000	0.020558720	0.675142362
7.738692000	0.049279645	0.676091579
7.738693000	0.011472982	0.671972002
7.738694000	0.062385753	0.673129612
7.738695000	0.112026297	0.672278532
7.738696000	0.076462202	0.669124550
7.738697000	0.053929057	0.673914978
7.738698000	0.059225611	0.669852326
7.738699000	0.127543136	0.660315013
7.738700000	0.071692117	0.669017891
7.738701000	0.078985393	0.664581530
7.738702000	0.083217338	0.664447440
7.738703000	0.082755961	0.662621510
7.738704000	0.122598052	0.658574371
7.738705000	0.110501014	0.662975711
7.738706000	0.109419689	0.663128510
7.738707000	0.114670321	0.660746179
7.738708000	0.130538598	0.656513484
7.738709000	0.126679495	0.658309852
7.738710000	0.158053353	0.656261815
7.738711000	0.143473133	0.654408122
7.738712000	0.155625731	0.654419640
7.738713000	0.125896752	0.657922030
7.738714000	0.159414485	0.652903902
7.738715000	0.180822983	0.652766150
7.738716000	0.146385238	0.651682443
7.738717000	0.202254429	0.651626716
7.738718000	0.179879516	0.650139873
7.738719000	0.181991443	0.650674503
7.738720000	0.176163033	0.648970213
7.738721000	0.173540011	0.647430174
7.738722000	0.184538424	0.645610369
7.738723000	0.163241759	0.644713350
7.738724000	0.188447550	0.642884091
7.738725000	0.217913449	0.645550847
7.738726000	0.203185946	0.644446834
7.738727000	0.213324621	0.642818444
7.738728000	0.204304338	0.640499630
7.738729000	0.230290845	0.642114637
7.738730000	0.217687637	0.637218549
7.738731000	0.240536228	0.636313940
7.738732000	0.231038794	0.636027849
7.738733000	0.227829635	0.636594637
7.738734000	0.241182983	0.634159575
7.738735000	0.287612796	0.634918843
7.738736000	0.252630949	0.634132944
7.738737000	0.274206311	0.632607285
7.738738000	0.240823418	0.637018945
7.738739000	0.245769322	0.633313356
7.738740000	0.243658856	0.632198690
7.738741000	0.286055624	0.634063702
7.738742000	0.243995413	0.632007808
7.738743000	0.286510378	0.630401589
7.738744000	0.284903973	0.633716092
7.738745000	0.265092313	0.630125752
7.738746000	0.241349772	0.624002479
7.738747000	0.297066271	0.623823248
7.738748000	0.296327084	0.624440968
7.738749000	0.343688518	0.619279762
7.738750000	0.311500490	0.623040878
7.738751000	0.325941384	0.614647859
7.738752000	0.311297804	0.618469229
7.738753000	0.322260767	0.618362170
7.738754000	0.283274263	0.627072038
7.738755000	0.341702104	0.620056606
7.738756000	0.296416074	0.614256641
7.738757000	0.354529679	0.621032388
7.738758000	0.322370678	0.616399620
7.738759000	0.349831104	0.618392596
7.738760000	0.357016325	0.610855584
7.738761000	0.337899268	0.613582528
7.738762000	0.306297898	0.614170887
7.738763000	0.324897110	0.614958384
7.738764000	0.373504966	0.611335286
7.738765000	0.366291434	0.612848361
7.738766000	0.347194582	0.609778003
7.738767000	0.371900946	0.610044718
7.738768000	0.350431800	0.612780450
7.738769000	0.337575525	0.607624704
7.738770000	0.364563465	0.611799275
7.738771000	0.340962797	0.608608542
7.738772000	0.351618052	0.611401998
7.738773000	0.380153418	0.607722508
7.738774000	0.378426403	0.609233919
7.738775000	0.382352144	0.606436002
7.738776000	0.402923405	0.604951090
7.738777000	0.380439341	0.605467210
7.738778000	0.419437379	0.604386966
7.738779000	0.395989329	0.608056802
7.738780000	0.413719267	0.598618625
7.738781000	0.422587812	0.602514564
7.738782000	0.358768940	0.602110163
7.738783000	0.422202051	0.601346701
7.738784000	0.420920968	0.600724453
7.738785000	0.385396659	0.597147695
7.738786000	0.424957842	0.601105485
7.738787000	0.440608263	0.598739932
7.738788000	0.412291467	0.599149726
7.738789000	0.418751240	0.596858476
7.738790000	0.409080535	0.599547203
7.738791000	0.437903255	0.598200043
7.738792000	0.426163644	0.595840016
7.738793000	0.434987694	0.593742777
7.738794000	0.446931481	0.589805759
7.738795000	0.433682352	0.587544003
7.738796000	0.445033789	0.589498897
7.738797000	0.414579242	0.591279020
7.738798000	0.429825932	0.586713629
7.738799000	0.443607748	0.586122607
7.738800000	0.420036733	0.584530370
7.738801000	0.414838612	0.587979763
7.738802000	0.478964984	0.584619919
7.738803000	0.484311908	0.587383215
7.738804000	0.469990999	0.586642323
7.738805000	0.482761979	0.585166599
7.738806000	0.487651646	0.582432199
7.738807000	0.498903453	0.586230665
7.738808000	0.484312475	0.581926997
7.738809000	0.495944798	0.575226084
7.738810000	0.477261782	0.584035621
7.738811000	0.491217017	0.583077682
7.738812000	0.496601254	0.577464005
7.738813000	0.498349935	0.580210190
7.738814000	0.500226438	0.575700193
7.738815000	0.532553315	0.574532131
7.738816000	0.505873203	0.574690522
7.738817000	0.509640872	0.575150117
7.738818000	0.516952455	0.572997950
7.738819000	0.538966358	0.574181725
7.738820000	0.498367786	0.575628288
7.738821000	0.476611733	0.575278149
7.738822000	0.506613076	0.574372541
7.738823000	0.506473601	0.575254180
7.738824000	0.534553289	0.573087965
7.738825000	0.533217490	0.575678555
7.738826000	0.516811788	0.571241929
7.738827000	0.520368218	0.572805737
7.738828000	0.498474807	0.571179810
7.738829000	0.544262350	0.572494746
7.738830000	0.538203716	0.568825043
7.738831000	0.539112687	0.572272905
7.738832000	0.531974494	0.567901526
7.738833000	0.506245375	0.572401935
7.738834000	0.542911291	0.565755550
7.738835000	0.537933886	0.565820731
7.738836000	0.541073740	0.565805019
7.738837000	0.558978856	0.564437485
7.738838000	0.516977012	0.565771796
7.738839000	0.545463920	0.564084084
7.738840000	0.568339765	0.563399185
7.738841000	0.549571693	0.559263230
7.738842000	0.525708437	0.559478879
7.738843000	0.587917268	0.565518263
7.738844000	0.565953314	0.562428730
7.738845000	0.598029733	0.563769498
7.738846000	0.594104826	0.561421322
7.738847000	0.591505647	0.555411633
7.738848000	0.594455719	0.558803035
7.738849000	0.573743761	0.556553863
7.738850000	0.569929183	0.558676469
7.738851000	0.591514945	0.561931784
7.738852000	0.579075336	0.557258802
7.738853000	0.562620699	0.563688138
7.738854000	0.581985176	0.554764884
7.738855000	0.588599145	0.557142088
7.738856000	0.576569676	0.556835192
7.738857000	0.588725328	0.554208417
7.738858000	0.623649478	0.551495255
7.738859000	0.618143499	0.551637002
7.738860000	0.608983219	0.556157817
7.738861000	0.594231844	0.552493208
7.738862000	0.604654551	0.554682992
7.738863000	0.638553023	0.550820410
7.738864000	0.636982679	0.548746839
7.738865000	0.603903294	0.549322082
7.738866000	0.627871573	0.550664382
7.738867000	0.673323095	0.546608754
7.738868000	0.622422338	0.548700167
7.738869000	0.612003505	0.547220116
7.738870000	0.607381701	0.545004732
7.738871000	0.636881232	0.547723054
7.738872000	0.646726191	0.550886057
7.738873000	0.621356308	0.546690879
7.738874000	0.603085458	0.544227422
7.738875000	0.606902242	0.547687600
7.738876000	0.632870018	0.543462229
7.738877000	0.646090090	0.548379057
7.738878000	0.635761082	0.543086224
7.738879000	0.623465419	0.542665478
7.738880000	0.625918806	0.545586599
7.738881000	0.614213228	0.544871873
7.738882000	0.638237119	0.539198475
7.738883000	0.620589972	0.543894227
7.738884000	0.637153089	0.538788315
7.738885000	0.669482231	0.541195047
7.738886000	0.633827031	0.538909622
7.738887000	0.642621279	0.540736816
7.738888000	0.627941012	0.538557951
7.738889000	0.637778938	0.540282614
7.738890000	0.661957681	0.537913333
7.738891000	0.664514065	0.538327654
7.738892000	0.672222376	0.532691007
7.738893000	0.653923810	0.537508300
7.738894000	0.685556889	0.534921072
7.738895000	0.647745609	0.534918309
7.738896000	0.655976593	0.534016629
7.738897000	0.690464795	0.531370778
7.738898000	0.682469249	0.531594817
7.738899000	0.674773872	0.532451822
7.738900000	0.663389206	0.536344964
7.738901000	0.654003739	0.536397395
7.738902000	0.700322986	0.533652841
7.738903000	0.690495253	0.529136952
7.738904000	0.684005618	0.531071739
7.738905000	0.680928409	0.531929443
7.738906000	0.732104838	0.525877543
7.738907000	0.666635215	0.528956789
7.738908000	0.665488780	0.527976513
7.738909000	0.652330577	0.527736662
7.738910000	0.725708008	0.529091246
7.738911000	0.696892321	0.530047653
7.738912000	0.689296246	0.530009504
7.738913000	0.695841014	0.522561541
7.738914000	0.707156658	0.523587158
7.738915000	0.681434214	0.526496128
7.738916000	0.714298606	0.525034486
7.738917000	0.664580226	0.524943372
7.738918000	0.689269841	0.526046820
7.738919000	0.723144889	0.524129211
7.738920000	0.744466901	0.521578601
7.738921000	0.693843007	0.522008968
7.738922000	0.710400343	0.519653802
7.738923000	0.720856130	0.526067027
7.738924000	0.720717072	0.523468214
7.738925000	0.738506138	0.519214746
7.738926000	0.726597846	0.517288282
7.738927000	0.740775406	0.519463053
7.738928000	0.737836540	0.522556714
7.738929000	0.743644178	0.519080989
7.738930000	0.713881671	0.520764473
7.738931000	0.737870455	0.518534908
7.738932000	0.730825126	0.516324584
7.738933000	0.721562803	0.514895931
7.738934000	0.751180649	0.521563521
7.738935000	0.717008650	0.517805268
7.738936000	0.703751683	0.514478348
7.738937000	0.712123513	0.511914156
7.738938000	0.722326517	0.517651671
7.738939000	0.752955139	0.514466696
7.738940000	0.729229331	0.519749110
7.738941000	0.730747223	0.514709776
7.738942000	0.730581522	0.515390580
7.738943000	0.734427929	0.511575036
7.738944000	0.734346628	0.518468995
7.738945000	0.767547786	0.515380394
7.738946000	0.741702616	0.512545226
7.738947000	0.755127072	0.510178275
7.738948000	0.737211049	0.508340793
7.738949000	0.726564348	0.509254624
7.738950000	0.759342313	0.509873709
7.738951000	0.767004848	0.512064092
7.738952000	0.765532732	0.505073661
7.738953000	0.763489425	0.508703416
7.738954000	0.777873695	0.510595559
7.738955000	0.738978982	0.510295620
7.738956000	0.783043385	0.509128590
7.738957000	0.761629939	0.507081285
7.738958000	0.796986401	0.507843082
7.738959000	0.781975508	0.507806363
7.738960000	0.740293562	0.504898025
7.738961000	0.757480800	0.503825004
7.738962000	0.778194308	0.504504809
7.738963000	0.755792379	0.509959396
7.738964000	0.757486284	0.504568592
7.738965000	0.742352128	0.506817632
7.738966000	0.777005076	0.509244870
7.738967000	0.771162570	0.506362864
7.738968000	0.772858560	0.504464463
7.738969000	0.762048781	0.502104702
7.738970000	0.803745329	0.502221582
7.738971000	0.770375848	0.500771291
7.738972000	0.765898824	0.501988222
7.738973000	0.792783737	0.499131516
7.738974000	0.783681154	0.500939003
7.738975000	0.786670744	0.499169066
7.738976000	0.811144710	0.497154984
7.738977000	0.790281653	0.502863470
7.738978000	0.778210104	0.499716313
7.738979000	0.782920301	0.497405787
7.738980000	0.779685855	0.501413279
7.738981000	0.766237795	0.499809390
7.738982000	0.802118182	0.502367689
7.738983000	0.830915630	0.501416375
7.738984000	0.816568375	0.500194450
7.738985000	0.793394208	0.499315640
7.738986000	0.801482916	0.492017946
7.738987000	0.795031190	0.497158380
7.738988000	0.799566448	0.499334515
7.738989000	0.790487289	0.495675232
7.738990000	0.827555776	0.497312843
7.738991000	0.822794378	0.493246795
7.738992000	0.796379983	0.494766928
7.738993000	0.789138913	0.492881742
7.738994000	0.809621453	0.493137439
7.738995000	0.805513144	0.493473031
7.738996000	0.823282897	0.495543106
7.738997000	0.826435745	0.495649532
7.738998000	0.825052500	0.491149156
7.738999000	0.848262250	0.487820871
7.739000000	0.819431543	0.490427107
7.739001000	0.815192044	0.489402456
7.739002000	0.814609945	0.491679159
7.739003000	0.795755029	0.487802062
7.739004000	0.843505979	0.489133843
7.739005000	0.822233737	0.490718723
7.739006000	0.834445357	0.485834119
7.739007000	0.808790565	0.490243216
7.739008000	0.823184669	0.486280898
7.739009000	0.857320666	0.483663044
7.739010000	0.831924736	0.482507099
7.739011000	0.843539298	0.486561296
7.739012000	0.788860142	0.486729874
7.739013000	0.822444856	0.485975733
7.739014000	0.825310051	0.487122890
7.739015000	0.826830566	0.485876064
7.739016000	0.808170199	0.488706938
7.739017000	0.822804868	0.481265034
7.739018000	0.810521126	0.483053147
7.739019000	0.849268973	0.483856556
7.739020000	0.822779119	0.480869055
7.739021000	0.858029783	0.486948819
7.739022000	0.852896690	0.482677441
7.739023000	0.847237468	0.478305030
7.739024000	0.863618255	0.477240498
7.739025000	0.863512456	0.487242033
7.739026000	0.832332253	0.483250920
7.739027000	0.876542628	0.483712878
7.739028000	0.876018047	0.481333477
7.739029000	0.836614728	0.481143693
7.739030000	0.833146513	0.479991444
7.739031000	0.864476919	0.475202747
7.739032000	0.846964657	0.479532381
7.739033000	0.864950597	0.476904207
7.739034000	0.850100577	0.478391716
7.739035000	0.868835986	0.480326636
7.739036000	0.862612426	0.475084869
7.739037000	0.864446938	0.481502521
7.739038000	0.891336739	0.475513538
7.739039000	0.858115196	0.475250617
7.739040000	0.870267689	0.473631915
7.739041000	0.855325043	0.472593182
7.739042000	0.868177652	0.477590504
7.739043000	0.867419302	0.471382675
7.739044000	0.878841043	0.475784681
7.739045000	0.851007640	0.472888427
7.739046000	0.864544451	0.473769134
7.739047000	0.860967577	0.472566850
7.739048000	0.880815327	0.471504349
7.739049000	0.866352916	0.473387337
7.739050000	0.840458155	0.468272636
7.739051000	0.889613450	0.477149018
7.739052000	0.865542591	0.471161833
7.739053000	0.870168567	0.467763173
7.739054000	0.883144319	0.470634127
7.739055000	0.862298787	0.471418395
7.739056000	0.892298162	0.471503982
7.739057000	0.854809225	0.469363234
7.739058000	0.903116167	0.468440515
7.739059000	0.901812971	0.472110184
7.739060000	0.874448299	0.467509208
7.739061000	0.829105020	0.465820530
7.739062000	0.874418914	0.468325367
7.739063000	0.893832028	0.468703369
7.739064000	0.887667716	0.470036348
7.739065000	0.849743068	0.466415547
7.739066000	0.891129792	0.469397555
7.739067000	0.859417558	0.469384606
7.739068000	0.901212215	0.467629016
7.739069000	0.887908816	0.470126862
7.739070000	0.877247155	0.467325549
7.739071000	0.875606656	0.466634825
7.739072000	0.870110750	0.465916138
7.739073000	0.877154291	0.465630481
7.739074000	0.894271433	0.469208804
7.739075000	0.868347168	0.464477032
7.739076000	0.907005250	0.466152194
7.739077000	0.915172577	0.463611405
7.739078000	0.875511050	0.461097048
7.739079000	0.900131464	0.463634807
7.739080000	0.871768475	0.466450401
7.739081000	0.866484582	0.462994883
7.739082000	0.881696880	0.464198565
7.739083000	0.894286275	0.463843799
7.739084000	0.889858067	0.464390080
7.739085000	0.939618409	0.462183318
7.739086000	0.898011446	0.459759542
7.739087000	0.885874689	0.463352512
7.739088000	0.897913814	0.458695276
7.739089000	0.918755472	0.457644393
7.739090000	0.892552793	0.461125044
7.739091000	0.894072890	0.457486001
7.739092000	0.891798258	0.461250446
7.739093000	0.927102447	0.460342208
7.739094000	0.922241330	0.457032532
7.739095000	0.920366466	0.460773141
7.739096000	0.883011818	0.461784942
7.739097000	0.907192528	0.460892717
7.739098000	0.889404833	0.457500382
7.739099000	0.903377712	0.460380891
7.739100000	0.902818382	0.459923526
7.739101000	0.936477840	0.456756195
7.739102000	0.895017743	0.459164758
7.739103000	0.883603692	0.455466360
7.739104000	0.906874061	0.459969532
7.739105000	0.909202039	0.457151841
7.739106000	0.914976478	0.459029203
7.739107000	0.918647707	0.459090656
7.739108000	0.948182762	0.456699004
7.739109000	0.941478252	0.453326776
7.739110000	0.903666437	0.458993916
7.739111000	0.936858773	0.455183665
7.739112000	0.895256519	0.456202591
7.739113000	0.909307003	0.455861040
7.739114000	0.935862064	0.456168935
7.739115000	0.923285663	0.457662802
7.739116000	0.909216225	0.455217055
7.739117000	0.902176440	0.454996645
7.739118000	0.925276875	0.454113507
7.739119000	0.923684657	0.456375097
7.739120000	0.909479380	0.457142820
7.739121000	0.928003848	0.452672737
7.739122000	0.923309803	0.454687552
7.739123000	0.898765326	0.455622454
7.739124000	0.943225026	0.456470838
7.739125000	0.916654706	0.453532106
7.739126000	0.943367302	0.454487948
7.739127000	0.933951139	0.451650616
7.739128000	0.930648088	0.449920227
7.739129000	0.948498070	0.454278157
7.739130000	0.929543078	0.454291673
7.739131000	0.890553415	0.451578577
7.739132000	0.955169082	0.447462762
7.739133000	0.935129106	0.450757025
7.739134000	0.963888228	0.451829114
7.739135000	0.931763470	0.448493139
7.739136000	0.935306072	0.451800718
7.739137000	0.890159488	0.454888454
7.739138000	0.956577063	0.447518455
7.739139000	0.915567398	0.448183413
7.739140000	0.961631477	0.452914419
7.739141000	0.919560432	0.451439860
7.739142000	0.936672866	0.445466123
7.739143000	0.953225434	0.450040935
7.739144000	0.938612163	0.455288860
7.739145000	0.924042940	0.450923839
7.739146000	0.932899296	0.447911871
7.739147000	0.923386931	0.448658155
7.739148000	0.931512475	0.448412079
7.739149000	0.973812044	0.451164023
7.739150000	0.916594326	0.448504224
7.739151000	0.948917449	0.447322513
7.739152000	0.943582237	0.444652661
7.739153000	0.953112006	0.444626595
7.739154000	0.907321215	0.448503625
7.739155000	0.924663782	0.446924204
7.739156000	0.906322360	0.446137473
7.739157000	0.907655060	0.448161176
7.739158000	0.932639062	0.447774318
7.739159000	0.935666859	0.445662964
7.739160000	0.963080525	0.443370182
7.739161000	0.937811553	0.441667757
7.739162000	0.962837517	0.450281385
7.739163000	0.920167267	0.445656506
7.739164000	0.959170461	0.445075304
7.739165000	0.983161688	0.444904862
7.739166000	0.933978260	0.443046109
7.739167000	0.923326433	0.440443701
7.739168000	0.973774672	0.438906525
7.739169000	0.937316298	0.439998254
7.739170000	0.945594370	0.443265886
7.739171000	0.956271946	0.439840462
7.739172000	0.937018394	0.443119812
7.739173000	0.967861295	0.441525111
7.739174000	0.962711930	0.440567105
7.739175000	0.945088565	0.439280199
7.739176000	0.940125346	0.441591623
7.739177000	0.953319192	0.439934538
7.739178000	0.997427881	0.439123605
7.739179000	0.983761609	0.442130847
7.739180000	0.979652166	0.442237740
7.739181000	0.952405870	0.438532550
7.739182000	0.945277631	0.441214054
7.739183000	0.974098086	0.439266318
7.739184000	0.953869939	0.437393816
7.739185000	0.949145675	0.441465756
7.739186000	0.958104551	0.436661014
7.739187000	0.952843428	0.435562793
7.739188000	0.966879249	0.440819906
7.739189000	0.966148138	0.443529173
7.739190000	0.954235375	0.435668653
7.739191000	0.962422490	0.438587112
7.739192000	0.974528730	0.437902812
7.739193000	0.961256862	0.434279615
7.739194000	0.971814930	0.434993475
7.739195000	0.975793540	0.441006261
7.739196000	0.952428579	0.435438623
7.739197000	0.979834914	0.435020606
7.739198000	0.921241641	0.436581751
7.739199000	1.012053132	0.437397344
7.739200000	0.953313887	0.434545132
7.739201000	0.956624687	0.435643420
7.739202000	0.954003811	0.436106477
7.739203000	0.973013699	0.433377170
7.739204000	0.978755534	0.433743787
7.739205000	0.948996902	0.432582915
7.739206000	0.976446927	0.434003778
7.739207000	0.965813041	0.435825247
7.739208000	0.972971797	0.429844586
7.739209000	0.969371378	0.432518433
7.739210000	0.993140459	0.434286040
7.739211000	0.988798976	0.433295277
7.739212000	0.959007084	0.433319279
7.739213000	0.997639358	0.434444664
7.739214000	1.024529219	0.430127980
7.739215000	0.977508187	0.432371460
7.739216000	0.986000180	0.432313736
7.739217000	0.994628191	0.432053312
7.739218000	0.988231301	0.435290884
7.739219000	0.969361782	0.431024833
7.739220000	0.976255536	0.429307726
7.739221000	0.994199932	0.432094391
7.739222000	1.022099614	0.430953127
7.739223000	0.980857849	0.432796867
7.739224000	0.982119381	0.431916792
7.739225000	0.964478910	0.432583847
7.739226000	0.983770251	0.432045056
7.739227000	1.016434550	0.432221424
7.739228000	0.993641913	0.432024883
7.739229000	0.991156161	0.431539256
7.739230000	1.007730722	0.430761712
7.739231000	1.022271276	0.425882269
7.739232000	0.967363060	0.429855638
7.739233000	0.977002144	0.428796533
7.739234000	1.000855088	0.426550056
7.739235000	0.984855831	0.428115596
7.739236000	1.003167391	0.428363569
7.739237000	0.983300984	0.424710611
7.739238000	0.981677771	0.429762428
7.739239000	1.000130773	0.427059086
7.739240000	0.949449897	0.425735495
7.739241000	0.972424686	0.426683947
7.739242000	0.978704393	0.422920900
7.739243000	1.014275551	0.430955324
7.739244000	1.009716153	0.426681084
7.739245000	0.981626570	0.428305512
7.739246000	0.989435017	0.425259855
7.739247000	0.981407821	0.424582346
7.739248000	0.976299882	0.425584560
7.739249000	0.978776455	0.423838326
7.739250000	1.022013307	0.425106823
7.739251000	1.002854109	0.425408426
7.739252000	1.005592227	0.424384573
7.739253000	1.021842957	0.425448806
7.739254000	1.020546317	0.425748944
7.739255000	0.996994555	0.424530548
7.739256000	1.002427101	0.424353082
7.739257000	1.016778946	0.424726690
7.739258000	1.006063938	0.423308090
7.739259000	1.001809239	0.424066026
7.739260000	0.978542030	0.424486339
7.739261000	0.979268551	0.423119372
7.739262000	0.994864762	0.420187298
7.739263000	0.996385634	0.422912212
7.739264000	0.986321449	0.425230460
7.739265000	0.984646201	0.427386855
7.739266000	1.009760499	0.422393195
7.739267000	0.991289198	0.421275333
7.739268000	1.005592704	0.425930505
7.739269000	0.990042508	0.423202396
7.739270000	1.008675933	0.419473538
7.739271000	1.044168591	0.423539186
7.739272000	1.007393956	0.422105340
7.739273000	1.001257062	0.422644264
7.739274000	0.973532677	0.418971732
7.739275000	1.000203013	0.420468994
7.739276000	1.013985038	0.418038826
7.739277000	1.015492082	0.419336585
7.739278000	0.990510225	0.418614768
7.739279000	1.014413118	0.419116242
7.739280000	0.998744786	0.422527451
7.739281000	1.000261664	0.421342145
7.739282000	1.025192618	0.417169238
7.739283000	1.023192763	0.418754984
7.739284000	1.023629427	0.419979172
7.739285000	1.046154380	0.411139508
7.739286000	0.984972835	0.416435370
7.739287000	1.035375714	0.417966455
7.739288000	1.010608435	0.419096035
7.739289000	1.016253233	0.421368410
7.739290000	1.004094839	0.416817234
7.739291000	1.003267765	0.416844798
7.739292000	1.016841173	0.415942819
7.739293000	1.004509330	0.416914540
7.739294000	1.016849041	0.421046634
7.739295000	1.029067278	0.418791469
7.739296000	1.019633889	0.419035148
7.739297000	1.008131742	0.414640134
7.739298000	1.039142370	0.418322087
7.739299000	1.007472754	0.418956152
7.739300000	0.987969100	0.415696909
7.739301000	1.016549826	0.415511320
7.739302000	1.004616976	0.412892900
7.739303000	1.050068021	0.413262847
7.739304000	0.987082243	0.412892933
7.739305000	1.042726159	0.417128591
7.739306000	1.012430906	0.415847245
7.739307000	0.996224880	0.408010960
7.739308000	1.014342308	0.411353427
7.739309000	1.022623658	0.416023246
7.739310000	1.037595868	0.415375099
7.739311000	1.030935168	0.413659158
7.739312000	1.017598271	0.414550551
7.739313000	1.022640824	0.408317856
7.739314000	1.021820545	0.411008481
7.739315000	1.037058115	0.413683659
7.739316000	1.009368658	0.411669544
7.739317000	1.030386448	0.412571457
7.739318000	1.001084566	0.410650019
7.739319000	1.029510975	0.411512817
7.739320000	1.036999822	0.411578697
7.739321000	1.018849611	0.410831147
7.739322000	1.025349975	0.408337563
7.739323000	0.989417434	0.413970249
7.739324000	0.994414926	0.410167754
7.739325000	1.022359490	0.410264294
7.739326000	1.038267136	0.411334318
7.739327000	1.049057126	0.405957662
7.739328000	1.057847500	0.411229456
7.739329000	1.004408002	0.410409469
7.739330000	1.024477839	0.411244903
7.739331000	1.017667413	0.408496820
7.739332000	1.015256882	0.407777833
7.739333000	1.009376645	0.409171299
7.739334000	1.018299222	0.408857978
7.739335000	1.012449980	0.411281954
7.739336000	1.047962666	0.406935642
7.739337000	1.078057647	0.409793047
7.739338000	1.013257623	0.407731527
7.739339000	1.047869444	0.407375862
7.739340000	1.054680347	0.410480176
7.739341000	1.053481221	0.408340592
7.739342000	1.050938249	0.407753099
7.739343000	1.042954922	0.412153740
7.739344000	1.060583830	0.407771175
7.739345000	1.034739852	0.405142968
7.739346000	1.011508942	0.410542461
7.739347000	1.037824631	0.409695842
7.739348000	1.030077100	0.409026090
7.739349000	1.029189944	0.407375163
7.739350000	1.071599007	0.407242438
7.739351000	1.036514878	0.407259649
7.739352000	1.068675041	0.406782044
7.739353000	1.030283809	0.402700616
7.739354000	1.020769119	0.406402044
7.739355000	1.037609577	0.401523133
7.739356000	1.049778342	0.406852651
7.739357000	1.014409542	0.402476345
7.739358000	1.034755826	0.401568540
7.739359000	1.033211350	0.405049458
7.739360000	1.067306399	0.403736120
7.739361000	1.036772370	0.404921327
7.739362000	1.050997734	0.407688218
7.739363000	1.020001888	0.405105884
7.739364000	1.038929939	0.404756510
7.739365000	1.061856270	0.406048143
7.739366000	1.023186922	0.402310563
7.739367000	1.044646382	0.402404773
7.739368000	1.043103933	0.405482188
7.739369000	1.060763359	0.407128921
7.739370000	1.028494358	0.405031848
7.739371000	1.040731788	0.404130368
7.739372000	1.064471841	0.404760838
7.739373000	1.021431088	0.403431787
7.739374000	1.047715902	0.404873789
7.739375000	1.042784452	0.400338126
7.739376000	1.080502510	0.408741898
7.739377000	1.052994370	0.402433435
7.739378000	1.078905940	0.400174442
7.739379000	1.062456131	0.404430573
7.739380000	1.037717581	0.397643207
7.739381000	1.053033590	0.400931778
7.739382000	1.045167327	0.400280369
7.739383000	1.045203209	0.403171597
7.739384000	1.024442554	0.402159362
7.739385000	1.068609834	0.399070395
7.739386000	1.044793129	0.400387395
7.739387000	1.049595952	0.401793577
7.739388000	1.029650450	0.399154451
7.739389000	1.031227946	0.399418204
7.739390000	1.051574588	0.400140187
7.739391000	1.073170424	0.399541874
7.739392000	1.048211336	0.397142200
7.739393000	1.047505260	0.403561616
7.739394000	1.068350077	0.395534416
7.739395000	1.034217834	0.400005664
7.739396000	1.075374126	0.397246795
7.739397000	1.054515243	0.401221264
7.739398000	1.060290813	0.399724534
7.739399000	1.026351452	0.401531922
7.739400000	1.073126197	0.399508718
7.739401000	1.049550414	0.397159643
7.739402000	1.043151379	0.396650214
7.739403000	1.042489052	0.398379471
7.739404000	1.076384664	0.396698617
7.739405000	1.078780532	0.395607254
7.739406000	1.061839342	0.400398047
7.739407000	1.085037351	0.400043248
7.739408000	1.067854643	0.400688365
7.739409000	1.054590821	0.398084459
7.739410000	1.050031066	0.394958141
7.739411000	1.050929308	0.398274709
7.739412000	1.046599865	0.398000870
7.739413000	1.066468716	0.393583950
7.739414000	1.056143045	0.397993912
7.739415000	1.061973095	0.397462978
7.739416000	1.056122661	0.393864015
7.739417000	1.065651536	0.396032361
7.739418000	1.075806856	0.396976684
7.739419000	1.042575717	0.393949669
7.739420000	1.033718228	0.396763598
7.739421000	1.050578713	0.396182097
7.739422000	1.074168563	0.395251622
7.739423000	1.069446921	0.395237607
7.739424000	1.063086390	0.394769789
7.739425000	1.050648093	0.394462261
7.739426000	1.052030087	0.392680107
7.739427000	1.055735707	0.397242135
7.739428000	1.040893316	0.395276156
7.739429000	1.058291435	0.392771786
7.739430000	1.053941488	0.395391371
7.739431000	1.072329879	0.394475543
7.739432000	1.074089766	0.395758688
7.739433000	1.067863822	0.395678260
7.739434000	1.101871490	0.397216835
7.739435000	1.055667281	0.394750615
7.739436000	1.097856760	0.390896588
7.739437000	1.055332661	0.388472146
7.739438000	1.061779857	0.392776580
7.739439000	1.078543544	0.392765361
7.739440000	1.055695653	0.395884256
7.739441000	1.097006440	0.391356982
7.739442000	1.049751997	0.396816362
7.739443000	1.092735648	0.391306248
7.739444000	1.041283488	0.396112023
7.739445000	1.078976631	0.391405484
7.739446000	1.082313299	0.390142380
7.739447000	1.105149269	0.393796970
7.739448000	1.061922789	0.393326656
7.739449000	1.028027892	0.393029347
7.739450000	1.075516462	0.394559999
7.739451000	1.075870991	0.391633851
7.739452000	1.082203150	0.390771053
7.739453000	1.078117013	0.388723149
7.739454000	1.084429145	0.389932890
7.739455000	1.073706388	0.393138670
7.739456000	1.070628166	0.390195477
7.739457000	1.040120840	0.388927979
7.739458000	1.078223228	0.388546248
7.739459000	1.052955031	0.387080211
7.739460000	1.071493626	0.389324291
7.739461000	1.072802782	0.389504487
7.739462000	1.058430791	0.389211606
7.739463000	1.063542008	0.389856657
7.739464000	1.080620408	0.389176219
7.739465000	1.061360598	0.390409163
7.739466000	1.071423054	0.390107726
7.739467000	1.095661402	0.391712946
7.739468000	1.077674389	0.387637611
7.739469000	1.086426854	0.385925365
