D:\KID metingen\Entropy ADR\LT343chip5_BF_20240530_mapping\S21\Power\KID30_96dBm_.dat
Power at KID:96dBm
resonance Frequency in GHz :5.792730
Q=30014.145079, Qc=33484.643990, Qi=289587.459513  S21min=-19.689075


Temperature in K:0.100003
GHz	dB	Rad
5.791961000	-2.850588799	-0.577119791
5.791962000	-2.846606970	-0.577618402
5.791963000	-2.843128204	-0.578605968
5.791964000	-2.842822313	-0.577437307
5.791965000	-2.847650051	-0.578692188
5.791966000	-2.838862419	-0.578073736
5.791967000	-2.842569828	-0.577506016
5.791968000	-2.851008415	-0.578479601
5.791969000	-2.848317146	-0.579534546
5.791970000	-2.847637653	-0.578012882
5.791971000	-2.854212999	-0.579479552
5.791972000	-2.850572109	-0.579039864
5.791973000	-2.853217602	-0.579020822
5.791974000	-2.854096651	-0.579392866
5.791975000	-2.850884914	-0.578802776
5.791976000	-2.850544453	-0.579715708
5.791977000	-2.858461142	-0.578669551
5.791978000	-2.845366955	-0.580517053
5.791979000	-2.854413509	-0.579100384
5.791980000	-2.855512619	-0.580142679
5.791981000	-2.852877140	-0.580762130
5.791982000	-2.846827745	-0.580504669
5.791983000	-2.855455160	-0.581132509
5.791984000	-2.852513313	-0.580551075
5.791985000	-2.858100891	-0.581021722
5.791986000	-2.856547832	-0.580657535
5.791987000	-2.855200529	-0.580022371
5.791988000	-2.862516403	-0.580785167
5.791989000	-2.854683876	-0.581277652
5.791990000	-2.849478245	-0.581592837
5.791991000	-2.851017237	-0.581363539
5.791992000	-2.859318256	-0.581384578
5.791993000	-2.855036259	-0.581368066
5.791994000	-2.861886501	-0.581736048
5.791995000	-2.860248566	-0.582344780
5.791996000	-2.850250721	-0.582426473
5.791997000	-2.859607220	-0.582199172
5.791998000	-2.858131647	-0.583049253
5.791999000	-2.859178305	-0.582205963
5.792000000	-2.853688478	-0.583047389
5.792001000	-2.858324766	-0.582126667
5.792002000	-2.856458902	-0.583036670
5.792003000	-2.860521078	-0.583710915
5.792004000	-2.862093210	-0.583460845
5.792005000	-2.862364531	-0.583166099
5.792006000	-2.858134985	-0.584140017
5.792007000	-2.854578018	-0.582732403
5.792008000	-2.858646631	-0.584305200
5.792009000	-2.867697239	-0.584188553
5.792010000	-2.865856409	-0.584960471
5.792011000	-2.855349064	-0.584073039
5.792012000	-2.866583586	-0.585106944
5.792013000	-2.855658293	-0.584659933
5.792014000	-2.859128237	-0.584128965
5.792015000	-2.856940508	-0.585161339
5.792016000	-2.859351397	-0.585273259
5.792017000	-2.856992483	-0.584836101
5.792018000	-2.859687328	-0.586078798
5.792019000	-2.858538151	-0.585945108
5.792020000	-2.863458395	-0.584499810
5.792021000	-2.874700308	-0.585483382
5.792022000	-2.871463299	-0.585810818
5.792023000	-2.862134218	-0.586164153
5.792024000	-2.858041286	-0.586234394
5.792025000	-2.857042789	-0.586442387
5.792026000	-2.865980387	-0.586283329
5.792027000	-2.869164467	-0.586508966
5.792028000	-2.857797861	-0.586982875
5.792029000	-2.857467651	-0.587121759
5.792030000	-2.860958338	-0.587631022
5.792031000	-2.858061790	-0.587102118
5.792032000	-2.862981081	-0.587158910
5.792033000	-2.864491701	-0.587278619
5.792034000	-2.872040272	-0.587584417
5.792035000	-2.865738392	-0.586615026
5.792036000	-2.871404886	-0.586696852
5.792037000	-2.869745731	-0.588307798
5.792038000	-2.868152380	-0.588162589
5.792039000	-2.870749712	-0.588208662
5.792040000	-2.865119457	-0.588862201
5.792041000	-2.872043371	-0.589904762
5.792042000	-2.871587753	-0.588533834
5.792043000	-2.874833345	-0.589361145
5.792044000	-2.867186546	-0.588347079
5.792045000	-2.879799604	-0.589527858
5.792046000	-2.878478765	-0.590102435
5.792047000	-2.868822336	-0.590824019
5.792048000	-2.870004654	-0.590097042
5.792049000	-2.862875700	-0.589738914
5.792050000	-2.870137453	-0.590236792
5.792051000	-2.866933584	-0.591317236
5.792052000	-2.870964289	-0.591114770
5.792053000	-2.873659372	-0.590811369
5.792054000	-2.884248495	-0.591298994
5.792055000	-2.873099804	-0.591606855
5.792056000	-2.883938789	-0.590722486
5.792057000	-2.876174927	-0.591749867
5.792058000	-2.871336937	-0.592216053
5.792059000	-2.874175072	-0.592007727
5.792060000	-2.879731417	-0.591894943
5.792061000	-2.880260944	-0.592074373
5.792062000	-2.876747370	-0.592335563
5.792063000	-2.879506111	-0.591780760
5.792064000	-2.884936333	-0.592649882
5.792065000	-2.882177591	-0.592128901
5.792066000	-2.875466108	-0.592607338
5.792067000	-2.886819839	-0.593141235
5.792068000	-2.880956650	-0.592791829
5.792069000	-2.884502172	-0.592923322
5.792070000	-2.881810188	-0.593281717
5.792071000	-2.888918638	-0.593649366
5.792072000	-2.876762629	-0.594910440
5.792073000	-2.877072811	-0.593697170
5.792074000	-2.879611015	-0.593490709
5.792075000	-2.877817869	-0.594448781
5.792076000	-2.881784201	-0.594350577
5.792077000	-2.885168791	-0.594550980
5.792078000	-2.888050318	-0.594443787
5.792079000	-2.890744448	-0.594381003
5.792080000	-2.892420530	-0.593918279
5.792081000	-2.885166883	-0.594778813
5.792082000	-2.881607771	-0.595215771
5.792083000	-2.882340670	-0.595284081
5.792084000	-2.892352581	-0.595242536
5.792085000	-2.877973080	-0.595783091
5.792086000	-2.887783527	-0.596731709
5.792087000	-2.890967607	-0.596726383
5.792088000	-2.886965036	-0.595684754
5.792089000	-2.888350487	-0.595634154
5.792090000	-2.883469105	-0.596016584
5.792091000	-2.891698122	-0.596865600
5.792092000	-2.880559206	-0.597773737
5.792093000	-2.882438421	-0.597570871
5.792094000	-2.888861179	-0.597139173
5.792095000	-2.886594296	-0.597475796
5.792096000	-2.887345076	-0.597987922
5.792097000	-2.887512922	-0.598429741
5.792098000	-2.885314226	-0.597557622
5.792099000	-2.899199009	-0.598078403
5.792100000	-2.889997482	-0.598522285
5.792101000	-2.896739483	-0.598559237
5.792102000	-2.895521879	-0.598672155
5.792103000	-2.897278309	-0.598930881
5.792104000	-2.888146162	-0.599188142
5.792105000	-2.892784834	-0.598776418
5.792106000	-2.888946772	-0.598802383
5.792107000	-2.886285305	-0.600786971
5.792108000	-2.895148754	-0.599330355
5.792109000	-2.893487930	-0.599554593
5.792110000	-2.899473190	-0.599964654
5.792111000	-2.897355080	-0.599829298
5.792112000	-2.893985271	-0.600295618
5.792113000	-2.898220539	-0.599909726
5.792114000	-2.901058674	-0.600676383
5.792115000	-2.892864227	-0.600957014
5.792116000	-2.895526409	-0.600124576
5.792117000	-2.909912586	-0.600662801
5.792118000	-2.905496836	-0.601094766
5.792119000	-2.898610115	-0.600420454
5.792120000	-2.903683186	-0.600817731
5.792121000	-2.898689985	-0.601955100
5.792122000	-2.898462296	-0.602300179
5.792123000	-2.902167082	-0.602077339
5.792124000	-2.899519205	-0.602453378
5.792125000	-2.901318550	-0.602537001
5.792126000	-2.910248041	-0.601624069
5.792127000	-2.898208857	-0.602607109
5.792128000	-2.911664009	-0.602199379
5.792129000	-2.909243584	-0.603288212
5.792130000	-2.901151896	-0.602975157
5.792131000	-2.913229942	-0.603119700
5.792132000	-2.904573679	-0.603365177
5.792133000	-2.901177406	-0.603909061
5.792134000	-2.901176691	-0.604636171
5.792135000	-2.909250975	-0.604483638
5.792136000	-2.903511047	-0.604293222
5.792137000	-2.904238224	-0.605457290
5.792138000	-2.908478975	-0.605189709
5.792139000	-2.913577080	-0.605309218
5.792140000	-2.914512873	-0.605004619
5.792141000	-2.903833389	-0.606038392
5.792142000	-2.900506496	-0.606089192
5.792143000	-2.901408672	-0.605718946
5.792144000	-2.916688681	-0.606023678
5.792145000	-2.913028955	-0.606416627
5.792146000	-2.912468910	-0.606698523
5.792147000	-2.910865784	-0.606848326
5.792148000	-2.916893721	-0.606964772
5.792149000	-2.909750700	-0.607578431
5.792150000	-2.915092945	-0.607138277
5.792151000	-2.917942047	-0.608051875
5.792152000	-2.915354967	-0.608351946
5.792153000	-2.918543100	-0.608274848
5.792154000	-2.915495157	-0.608511869
5.792155000	-2.912462234	-0.608890371
5.792156000	-2.914505005	-0.608175912
5.792157000	-2.926280260	-0.609354227
5.792158000	-2.922526360	-0.608530778
5.792159000	-2.913211346	-0.609309952
5.792160000	-2.918131351	-0.609936394
5.792161000	-2.927424431	-0.609895981
5.792162000	-2.923254013	-0.610368825
5.792163000	-2.921499729	-0.610087129
5.792164000	-2.917789698	-0.610137130
5.792165000	-2.920908213	-0.610303711
5.792166000	-2.918126345	-0.610565965
5.792167000	-2.929692030	-0.610413167
5.792168000	-2.923146963	-0.609651236
5.792169000	-2.925792933	-0.611072366
5.792170000	-2.924595118	-0.611621776
5.792171000	-2.932472944	-0.611887493
5.792172000	-2.923289776	-0.611151595
5.792173000	-2.929943323	-0.611814722
5.792174000	-2.931553364	-0.612381043
5.792175000	-2.922341585	-0.612677320
5.792176000	-2.929692030	-0.612804352
5.792177000	-2.926979542	-0.611483558
5.792178000	-2.930421352	-0.612178576
5.792179000	-2.937028408	-0.613800574
5.792180000	-2.934823990	-0.613161016
5.792181000	-2.934216022	-0.613463085
5.792182000	-2.940303802	-0.614106838
5.792183000	-2.938703299	-0.612808680
5.792184000	-2.934516191	-0.613783930
5.792185000	-2.941703558	-0.614585075
5.792186000	-2.940153360	-0.615009450
5.792187000	-2.935906887	-0.614753520
5.792188000	-2.932723999	-0.615787293
5.792189000	-2.938361406	-0.614886345
5.792190000	-2.932498932	-0.614980887
5.792191000	-2.937650442	-0.616227247
5.792192000	-2.939083815	-0.615565518
5.792193000	-2.935720444	-0.615924978
5.792194000	-2.939747334	-0.616282374
5.792195000	-2.931136131	-0.616692701
5.792196000	-2.946395874	-0.616865007
5.792197000	-2.944174290	-0.615999080
5.792198000	-2.943906069	-0.617073133
5.792199000	-2.945616722	-0.616934183
5.792200000	-2.948193073	-0.617422939
5.792201000	-2.944784164	-0.617866755
5.792202000	-2.944020748	-0.617507961
5.792203000	-2.946738958	-0.618030673
5.792204000	-2.948376656	-0.619254861
5.792205000	-2.950691700	-0.618728022
5.792206000	-2.946245432	-0.619074033
5.792207000	-2.954392910	-0.619106856
5.792208000	-2.951084137	-0.619253530
5.792209000	-2.947001219	-0.620393163
5.792210000	-2.952994585	-0.620135502
5.792211000	-2.951915741	-0.620302016
5.792212000	-2.952595234	-0.620698894
5.792213000	-2.955266237	-0.621212751
5.792214000	-2.954419374	-0.619985300
5.792215000	-2.949271679	-0.620608213
5.792216000	-2.952265978	-0.620867539
5.792217000	-2.952614546	-0.621424605
5.792218000	-2.953403473	-0.621453434
5.792219000	-2.952919722	-0.621593583
5.792220000	-2.958208084	-0.622100449
5.792221000	-2.963486671	-0.621356096
5.792222000	-2.958418131	-0.622367697
5.792223000	-2.954406261	-0.622338203
5.792224000	-2.967286587	-0.622809183
5.792225000	-2.964072227	-0.622816973
5.792226000	-2.965715885	-0.624118459
5.792227000	-2.966812849	-0.624169126
5.792228000	-2.966681719	-0.623934568
5.792229000	-2.955513716	-0.624235039
5.792230000	-2.962667227	-0.624022319
5.792231000	-2.961596727	-0.625000498
5.792232000	-2.964553118	-0.624483579
5.792233000	-2.964844465	-0.625089248
5.792234000	-2.977770090	-0.625160687
5.792235000	-2.968738079	-0.625489987
5.792236000	-2.972352982	-0.625790791
5.792237000	-2.967054129	-0.626264235
5.792238000	-2.963067055	-0.625530534
5.792239000	-2.967581511	-0.626622963
5.792240000	-2.973917961	-0.626519765
5.792241000	-2.968365908	-0.626964913
5.792242000	-2.969986200	-0.626593601
5.792243000	-2.970742464	-0.627325238
5.792244000	-2.975446701	-0.627810666
5.792245000	-2.971462965	-0.627057258
5.792246000	-2.971172094	-0.627159656
5.792247000	-2.973827839	-0.628197024
5.792248000	-2.973312378	-0.630099054
5.792249000	-2.969395399	-0.628700295
5.792250000	-2.983702421	-0.629130595
5.792251000	-2.978806257	-0.629309426
5.792252000	-2.977605104	-0.630003846
5.792253000	-2.983072281	-0.630045058
5.792254000	-2.976803064	-0.630431150
5.792255000	-2.980354309	-0.631069576
5.792256000	-2.979359627	-0.630835018
5.792257000	-2.980926037	-0.630963183
5.792258000	-2.980405092	-0.632355617
5.792259000	-2.983758688	-0.631825847
5.792260000	-2.987924814	-0.631463791
5.792261000	-2.979541063	-0.632207678
5.792262000	-2.983434677	-0.633372278
5.792263000	-2.986929893	-0.632493635
5.792264000	-2.990755796	-0.632858222
5.792265000	-2.988911152	-0.634080812
5.792266000	-2.987014771	-0.632949169
5.792267000	-2.992519379	-0.633555704
5.792268000	-2.989805460	-0.635402672
5.792269000	-2.987354755	-0.633630472
5.792270000	-2.983008146	-0.634518103
5.792271000	-2.989602089	-0.634208178
5.792272000	-2.992137671	-0.635576777
5.792273000	-2.996432304	-0.635445150
5.792274000	-2.995259047	-0.635694755
5.792275000	-2.995974541	-0.636326390
5.792276000	-2.989149570	-0.635896822
5.792277000	-2.983241796	-0.636398828
5.792278000	-2.995669603	-0.637298710
5.792279000	-2.996498346	-0.636717941
5.792280000	-2.997568369	-0.638003449
5.792281000	-3.002597570	-0.638244665
5.792282000	-3.000859737	-0.637865098
5.792283000	-3.002328634	-0.638099589
5.792284000	-3.002915621	-0.639095878
5.792285000	-3.002693415	-0.639544620
5.792286000	-2.992290974	-0.639548682
5.792287000	-3.003208637	-0.639789698
5.792288000	-3.014346361	-0.640522666
5.792289000	-3.016681194	-0.641052702
5.792290000	-3.009847879	-0.640283381
5.792291000	-3.019099712	-0.641288724
5.792292000	-3.017857075	-0.642017299
5.792293000	-3.022029638	-0.641875219
5.792294000	-3.009258270	-0.641731475
5.792295000	-3.012979746	-0.641535267
5.792296000	-3.015040398	-0.641897124
5.792297000	-3.013269663	-0.642046727
5.792298000	-3.010490179	-0.642664580
5.792299000	-3.018752575	-0.643113389
5.792300000	-3.011467934	-0.644643176
5.792301000	-3.018866777	-0.642911056
5.792302000	-3.019154787	-0.645318154
5.792303000	-3.026849270	-0.645320883
5.792304000	-3.020327330	-0.645144982
5.792305000	-3.023534536	-0.645440393
5.792306000	-3.024698257	-0.645630809
5.792307000	-3.028406620	-0.645360631
5.792308000	-3.028601408	-0.645681742
5.792309000	-3.026570797	-0.645833276
5.792310000	-3.023782730	-0.645576081
5.792311000	-3.029503107	-0.646045330
5.792312000	-3.026321411	-0.647963405
5.792313000	-3.037454367	-0.646943414
5.792314000	-3.038263321	-0.647509136
5.792315000	-3.028374434	-0.648120798
5.792316000	-3.025549650	-0.647118784
5.792317000	-3.033482313	-0.649146781
5.792318000	-3.032035351	-0.648033713
5.792319000	-3.040987253	-0.649647721
5.792320000	-3.038644552	-0.649460767
5.792321000	-3.034930706	-0.649752517
5.792322000	-3.033107758	-0.650705662
5.792323000	-3.039052725	-0.650861790
5.792324000	-3.039648771	-0.650895812
5.792325000	-3.041488886	-0.651088159
5.792326000	-3.044928789	-0.651779582
5.792327000	-3.044844389	-0.650865119
5.792328000	-3.050168276	-0.651198946
5.792329000	-3.051121473	-0.652834194
5.792330000	-3.055603266	-0.652205621
5.792331000	-3.048907995	-0.652820079
5.792332000	-3.049002409	-0.652647639
5.792333000	-3.051234961	-0.652928336
5.792334000	-3.054745197	-0.654494009
5.792335000	-3.047414303	-0.654287614
5.792336000	-3.062189579	-0.654804267
5.792337000	-3.060149670	-0.655764669
5.792338000	-3.058445454	-0.656150362
5.792339000	-3.049307346	-0.656202826
5.792340000	-3.053635836	-0.656877072
5.792341000	-3.062221289	-0.656605895
5.792342000	-3.061830759	-0.657378811
5.792343000	-3.065419436	-0.657234268
5.792344000	-3.066460848	-0.657979687
5.792345000	-3.071556330	-0.658813856
5.792346000	-3.062951565	-0.657589800
5.792347000	-3.057437181	-0.658849875
5.792348000	-3.062948704	-0.658451799
5.792349000	-3.063726902	-0.658631363
5.792350000	-3.062960625	-0.659834912
5.792351000	-3.072449684	-0.660704234
5.792352000	-3.070692301	-0.660749508
5.792353000	-3.067955732	-0.661200115
5.792354000	-3.073675394	-0.661836410
5.792355000	-3.080086470	-0.661891604
5.792356000	-3.079211235	-0.661839273
5.792357000	-3.081058979	-0.661845066
5.792358000	-3.075137138	-0.662334888
5.792359000	-3.082405090	-0.662692883
5.792360000	-3.075247049	-0.663442763
5.792361000	-3.085983992	-0.663731316
5.792362000	-3.086167574	-0.663608877
5.792363000	-3.091529131	-0.664512288
5.792364000	-3.086967230	-0.664070004
5.792365000	-3.092602015	-0.664650972
5.792366000	-3.091426849	-0.665362968
5.792367000	-3.087860823	-0.666097335
5.792368000	-3.096464634	-0.664972083
5.792369000	-3.094393492	-0.667199551
5.792370000	-3.089232445	-0.668123601
5.792371000	-3.091787100	-0.668279796
5.792372000	-3.095819950	-0.667524789
5.792373000	-3.095020056	-0.667097485
5.792374000	-3.094223022	-0.668919487
5.792375000	-3.097307920	-0.669932354
5.792376000	-3.097596169	-0.669843337
5.792377000	-3.096081734	-0.669827026
5.792378000	-3.099987745	-0.671163133
5.792379000	-3.106153488	-0.671295026
5.792380000	-3.098133326	-0.671329182
5.792381000	-3.107193708	-0.672607432
5.792382000	-3.107358932	-0.672576340
5.792383000	-3.101942301	-0.672682999
5.792384000	-3.106700182	-0.672694518
5.792385000	-3.112074375	-0.673094924
5.792386000	-3.110059023	-0.673125484
5.792387000	-3.111022711	-0.674636029
5.792388000	-3.109214306	-0.675772466
5.792389000	-3.118694305	-0.675437840
5.792390000	-3.103072882	-0.675890244
5.792391000	-3.113385201	-0.676710565
5.792392000	-3.118637323	-0.676825147
5.792393000	-3.117604017	-0.677746534
5.792394000	-3.116381884	-0.677555519
5.792395000	-3.122041225	-0.677938016
5.792396000	-3.129763842	-0.678607601
5.792397000	-3.124060631	-0.677584747
5.792398000	-3.132993460	-0.679037901
5.792399000	-3.123121262	-0.677833154
5.792400000	-3.131782293	-0.680130796
5.792401000	-3.129353046	-0.679742773
5.792402000	-3.133650064	-0.678753675
5.792403000	-3.136036873	-0.680447712
5.792404000	-3.132084131	-0.681116698
5.792405000	-3.134915590	-0.681697400
5.792406000	-3.144473791	-0.681878828
5.792407000	-3.136168957	-0.682998088
5.792408000	-3.142716169	-0.683058675
5.792409000	-3.144876003	-0.683809220
5.792410000	-3.145039082	-0.685601728
5.792411000	-3.154736519	-0.684625013
5.792412000	-3.143229723	-0.685886353
5.792413000	-3.146418571	-0.686709003
5.792414000	-3.151545048	-0.686928914
5.792415000	-3.147156000	-0.686233563
5.792416000	-3.157670498	-0.686472115
5.792417000	-3.159039736	-0.686210193
5.792418000	-3.157860041	-0.688019279
5.792419000	-3.153355837	-0.687822471
5.792420000	-3.157033920	-0.688953382
5.792421000	-3.159056664	-0.690659736
5.792422000	-3.170016527	-0.690485566
5.792423000	-3.164130926	-0.690677380
5.792424000	-3.171801567	-0.690825918
5.792425000	-3.160449982	-0.691165404
5.792426000	-3.167898178	-0.692351110
5.792427000	-3.172999859	-0.692632207
5.792428000	-3.169842720	-0.693150791
5.792429000	-3.169182301	-0.693888686
5.792430000	-3.171483040	-0.692846924
5.792431000	-3.180319071	-0.694594291
5.792432000	-3.177507162	-0.694231834
5.792433000	-3.172522068	-0.695395835
5.792434000	-3.181831360	-0.695540046
5.792435000	-3.192468882	-0.697242138
5.792436000	-3.188950539	-0.697171232
5.792437000	-3.187117338	-0.697560186
5.792438000	-3.200507879	-0.697897409
5.792439000	-3.192021608	-0.698841966
5.792440000	-3.199160337	-0.699270868
5.792441000	-3.195855856	-0.700089058
5.792442000	-3.189914227	-0.701101991
5.792443000	-3.200233936	-0.701092803
5.792444000	-3.198829889	-0.701161446
5.792445000	-3.206464052	-0.702677717
5.792446000	-3.199645758	-0.701147398
5.792447000	-3.206304312	-0.702835775
5.792448000	-3.216544390	-0.702979919
5.792449000	-3.205839634	-0.703508423
5.792450000	-3.212192774	-0.704177476
5.792451000	-3.215520382	-0.704117422
5.792452000	-3.212916374	-0.704475084
5.792453000	-3.219224691	-0.706160199
5.792454000	-3.214755058	-0.706483374
5.792455000	-3.218435526	-0.707270005
5.792456000	-3.226227283	-0.707042771
5.792457000	-3.223157644	-0.706182969
5.792458000	-3.226021290	-0.708826756
5.792459000	-3.228554964	-0.709324967
5.792460000	-3.235866070	-0.710250216
5.792461000	-3.242266893	-0.710363067
5.792462000	-3.234204769	-0.711479930
5.792463000	-3.236026049	-0.712077810
5.792464000	-3.241585970	-0.711894118
5.792465000	-3.245167494	-0.712021284
5.792466000	-3.243539095	-0.712919369
5.792467000	-3.246993065	-0.713427899
5.792468000	-3.255290031	-0.714844368
5.792469000	-3.255245686	-0.715614288
5.792470000	-3.259996176	-0.716923565
5.792471000	-3.259324789	-0.716287868
5.792472000	-3.266295195	-0.717298737
5.792473000	-3.267165184	-0.717996885
5.792474000	-3.269595146	-0.718202881
5.792475000	-3.265939951	-0.718316931
5.792476000	-3.272449970	-0.719863495
5.792477000	-3.270087481	-0.719313552
5.792478000	-3.278853416	-0.720285872
5.792479000	-3.274106741	-0.721659198
5.792480000	-3.271519899	-0.721773647
5.792481000	-3.279240131	-0.722305813
5.792482000	-3.288596869	-0.722986517
5.792483000	-3.293282032	-0.722554153
5.792484000	-3.277180672	-0.723806904
5.792485000	-3.284414530	-0.723795719
5.792486000	-3.290295839	-0.725880375
5.792487000	-3.290150404	-0.725492419
5.792488000	-3.295411587	-0.725569251
5.792489000	-3.299764156	-0.727101767
5.792490000	-3.299322128	-0.728046124
5.792491000	-3.304031372	-0.728893608
5.792492000	-3.314390421	-0.729700613
5.792493000	-3.312500954	-0.730284178
5.792494000	-3.312843561	-0.730225721
5.792495000	-3.311765432	-0.732390738
5.792496000	-3.331240177	-0.733239754
5.792497000	-3.322525501	-0.733267983
5.792498000	-3.322167873	-0.733518054
5.792499000	-3.324431181	-0.733495351
5.792500000	-3.336952686	-0.736527826
5.792501000	-3.330971003	-0.735630740
5.792502000	-3.335106850	-0.736657921
5.792503000	-3.338811398	-0.737047542
5.792504000	-3.344724655	-0.737873055
5.792505000	-3.338821411	-0.738626530
5.792506000	-3.348050833	-0.739196513
5.792507000	-3.359778166	-0.741392888
5.792508000	-3.350714922	-0.740709921
5.792509000	-3.351018667	-0.740459717
5.792510000	-3.363176346	-0.742084911
5.792511000	-3.367362261	-0.744236279
5.792512000	-3.366175890	-0.744686819
5.792513000	-3.375652075	-0.745486500
5.792514000	-3.374614954	-0.745639831
5.792515000	-3.367426157	-0.745319054
5.792516000	-3.373134851	-0.747024409
5.792517000	-3.380353451	-0.747354241
5.792518000	-3.377016068	-0.748702866
5.792519000	-3.391200542	-0.749215924
5.792520000	-3.394514799	-0.750132118
5.792521000	-3.394511938	-0.750962359
5.792522000	-3.389111042	-0.751848259
5.792523000	-3.394535065	-0.753257804
5.792524000	-3.397346020	-0.753510804
5.792525000	-3.405124187	-0.755613636
5.792526000	-3.402193069	-0.755004105
5.792527000	-3.411479712	-0.755594328
5.792528000	-3.410146952	-0.756054323
5.792529000	-3.420780659	-0.758321006
5.792530000	-3.419094324	-0.758984532
5.792531000	-3.419467926	-0.760480097
5.792532000	-3.424070358	-0.760791221
5.792533000	-3.440963268	-0.762131457
5.792534000	-3.442537546	-0.761445959
5.792535000	-3.446306229	-0.763695398
5.792536000	-3.441395760	-0.765054675
5.792537000	-3.452132225	-0.765107805
5.792538000	-3.449590206	-0.766395843
5.792539000	-3.454215527	-0.767541002
5.792540000	-3.462148666	-0.768589955
5.792541000	-3.463769197	-0.769644900
5.792542000	-3.468338490	-0.770303167
5.792543000	-3.476895094	-0.771534479
5.792544000	-3.473153353	-0.770357695
5.792545000	-3.474121809	-0.772293946
5.792546000	-3.479514122	-0.773042561
5.792547000	-3.482572556	-0.773416069
5.792548000	-3.486320972	-0.775236473
5.792549000	-3.492800474	-0.775765177
5.792550000	-3.504346132	-0.778440389
5.792551000	-3.510360479	-0.777791243
5.792552000	-3.512812853	-0.778805974
5.792553000	-3.514726639	-0.779061771
5.792554000	-3.510376930	-0.780860603
5.792555000	-3.539072990	-0.782444252
5.792556000	-3.531193972	-0.784166318
5.792557000	-3.537854671	-0.785085908
5.792558000	-3.542571545	-0.785169198
5.792559000	-3.557032824	-0.786694923
5.792560000	-3.548511505	-0.786957178
5.792561000	-3.555214167	-0.787896675
5.792562000	-3.543831110	-0.790670423
5.792563000	-3.572824240	-0.791884159
5.792564000	-3.564685345	-0.790585602
5.792565000	-3.571698427	-0.792578978
5.792566000	-3.585530519	-0.793072861
5.792567000	-3.579014063	-0.794067885
5.792568000	-3.591639757	-0.796368390
5.792569000	-3.596257925	-0.798285599
5.792570000	-3.598674297	-0.798660106
5.792571000	-3.602454662	-0.798987009
5.792572000	-3.611403942	-0.799851538
5.792573000	-3.609797239	-0.800898826
5.792574000	-3.615665436	-0.801310085
5.792575000	-3.628734112	-0.803618313
5.792576000	-3.632010698	-0.805234120
5.792577000	-3.633910894	-0.806041324
5.792578000	-3.643384457	-0.807592548
5.792579000	-3.649489880	-0.808163663
5.792580000	-3.653238058	-0.809561823
5.792581000	-3.658522606	-0.810830353
5.792582000	-3.658584356	-0.810150515
5.792583000	-3.671885729	-0.812585709
5.792584000	-3.680386782	-0.813065544
5.792585000	-3.682232618	-0.814683415
5.792586000	-3.687945127	-0.816276984
5.792587000	-3.695387125	-0.817659297
5.792588000	-3.709086895	-0.819828043
5.792589000	-3.705911398	-0.820518534
5.792590000	-3.725764990	-0.823303068
5.792591000	-3.722100973	-0.821906573
5.792592000	-3.728273630	-0.825192648
5.792593000	-3.747720480	-0.825941662
5.792594000	-3.742954254	-0.826671301
5.792595000	-3.754051685	-0.827812266
5.792596000	-3.751274109	-0.830869775
5.792597000	-3.761849880	-0.830942945
5.792598000	-3.758879900	-0.833346515
5.792599000	-3.777929544	-0.834430754
5.792600000	-3.782576323	-0.835165720
5.792601000	-3.794978857	-0.837747588
5.792602000	-3.797344685	-0.838473166
5.792603000	-3.810368776	-0.840320069
5.792604000	-3.812350512	-0.841152440
5.792605000	-3.829732418	-0.842932696
5.792606000	-3.818528175	-0.845148912
5.792607000	-3.830152035	-0.844067669
5.792608000	-3.845571518	-0.847902155
5.792609000	-3.849239826	-0.848528464
5.792610000	-3.867823362	-0.851308537
5.792611000	-3.862587690	-0.851724324
5.792612000	-3.882344246	-0.853392661
5.792613000	-3.881579638	-0.855511405
5.792614000	-3.895713091	-0.855955221
5.792615000	-3.893551588	-0.857636008
5.792616000	-3.906770468	-0.858503200
5.792617000	-3.924588680	-0.861528085
5.792618000	-3.926886320	-0.864741322
5.792619000	-3.946766853	-0.865271358
5.792620000	-3.945212603	-0.865728490
5.792621000	-3.959114075	-0.867382046
5.792622000	-3.964761496	-0.869475890
5.792623000	-3.983404875	-0.870873450
5.792624000	-3.982405186	-0.872235524
5.792625000	-3.995179653	-0.874088951
5.792626000	-4.007235050	-0.877313440
5.792627000	-4.019881248	-0.879089768
5.792628000	-4.043405533	-0.882589628
5.792629000	-4.061392307	-0.884697520
5.792630000	-4.062397957	-0.884964369
5.792631000	-4.071651936	-0.886890034
5.792632000	-4.098814011	-0.889521903
5.792633000	-4.106028557	-0.892258101
5.792634000	-4.116906166	-0.893695010
5.792635000	-4.120694160	-0.894912674
5.792636000	-4.129571438	-0.897590016
5.792637000	-4.146730423	-0.897927971
5.792638000	-4.152243137	-0.900087329
5.792639000	-4.167824268	-0.901455861
5.792640000	-4.201678753	-0.907087914
5.792641000	-4.197432518	-0.908318894
5.792642000	-4.219668388	-0.909705002
5.792643000	-4.231075287	-0.913447875
5.792644000	-4.246092319	-0.915472011
5.792645000	-4.273169518	-0.919228067
5.792646000	-4.274520874	-0.919128065
5.792647000	-4.288268089	-0.921080695
5.792648000	-4.308778286	-0.925298343
5.792649000	-4.322153568	-0.926449827
5.792650000	-4.330644131	-0.927661033
5.792651000	-4.359634399	-0.931939601
5.792652000	-4.380939960	-0.935401511
5.792653000	-4.389276028	-0.938179055
5.792654000	-4.406297684	-0.938632325
5.792655000	-4.421515465	-0.942900040
5.792656000	-4.449490070	-0.946078656
5.792657000	-4.469968319	-0.949304410
5.792658000	-4.474863052	-0.949060598
5.792659000	-4.518660069	-0.954527202
5.792660000	-4.515528202	-0.954061948
5.792661000	-4.537346363	-0.960921452
5.792662000	-4.555018902	-0.962436124
5.792663000	-4.587687016	-0.965735182
5.792664000	-4.625568867	-0.969973869
5.792665000	-4.645125389	-0.972236158
5.792666000	-4.641438961	-0.972711865
5.792667000	-4.689450264	-0.980467523
5.792668000	-4.699347973	-0.981726599
5.792669000	-4.716312408	-0.983607789
5.792670000	-4.764922619	-0.989542777
5.792671000	-4.812153816	-0.994032067
5.792672000	-4.837601662	-0.998775290
5.792673000	-4.860088825	-1.000759612
5.792674000	-4.898599625	-1.006490734
5.792675000	-4.931511879	-1.010057240
5.792676000	-4.958789349	-1.013808236
5.792677000	-5.001823902	-1.017063417
5.792678000	-5.035205841	-1.020704491
5.792679000	-5.066229343	-1.023886902
5.792680000	-5.125369072	-1.031700950
5.792681000	-5.142668247	-1.034063440
5.792682000	-5.178772926	-1.039497287
5.792683000	-5.212444782	-1.042073163
5.792684000	-5.291274071	-1.049495127
5.792685000	-5.319452763	-1.053594131
5.792686000	-5.385469437	-1.060744985
5.792687000	-5.477045059	-1.070388358
5.792688000	-5.494737625	-1.072637198
5.792689000	-5.563334465	-1.079721206
5.792690000	-5.653830528	-1.091071732
5.792691000	-5.721027374	-1.094141491
5.792692000	-5.819046021	-1.104083671
5.792693000	-5.873778820	-1.107633598
5.792694000	-5.999509335	-1.119042713
5.792695000	-6.040045738	-1.125479574
5.792696000	-6.177598476	-1.133298881
5.792697000	-6.248756409	-1.140973712
5.792698000	-6.313855171	-1.142532060
5.792699000	-6.477919579	-1.157071189
5.792700000	-6.603176594	-1.166515823
5.792701000	-6.755438805	-1.178716563
5.792702000	-6.874420166	-1.185425332
5.792703000	-7.240090847	-1.198977626
5.792704000	-7.279841900	-1.210709251
5.792705000	-7.527627468	-1.223380438
5.792706000	-7.974151134	-1.248001762
5.792707000	-8.279270172	-1.260651777
5.792708000	-8.464550018	-1.267767743
5.792709000	-8.786259651	-1.279709624
5.792710000	-9.440223694	-1.298224452
5.792711000	-10.061856270	-1.316116501
5.792712000	-10.342173576	-1.317684304
5.792713000	-11.299058914	-1.327510569
5.792714000	-12.040009499	-1.334851306
5.792715000	-12.732050896	-1.326440910
5.792716000	-13.835684776	-1.317349411
5.792717000	-14.523564339	-1.296971835
5.792718000	-14.405800819	-1.293068040
5.792719000	-15.565837860	-1.250804872
5.792720000	-15.992435455	-1.247583113
5.792721000	-16.692123413	-1.206428219
5.792722000	-16.660177231	-1.200786179
5.792723000	-17.967453003	-1.119510231
5.792724000	-18.396680832	-1.092245587
5.792725000	-19.134656906	-1.022878163
5.792726000	-19.796682358	-0.939439995
5.792727000	-20.377649307	-0.859468929
5.792728000	-20.663787842	-0.800624188
5.792729000	-21.875288010	-0.561150279
5.792730000	-22.278474808	-0.417905435
5.792731000	-22.268428802	-0.324978058
5.792732000	-22.168891907	-0.264456307
5.792733000	-21.945520401	-0.119323757
5.792734000	-21.566160202	-0.047066258
5.792735000	-21.437843323	-0.047272433
5.792736000	-20.997280121	0.058014276
5.792737000	-20.704408646	0.099841302
5.792738000	-20.419496536	0.170828085
5.792739000	-20.226926804	0.188791590
5.792740000	-19.878690720	0.185399921
5.792741000	-19.425439835	0.275385954
5.792742000	-19.348224640	0.269617946
5.792743000	-18.356578827	0.368806765
5.792744000	-18.004383087	0.397270298
5.792745000	-18.007295609	0.395155082
5.792746000	-17.412223816	0.442695637
5.792747000	-17.179546356	0.453240922
5.792748000	-16.734174728	0.465383472
5.792749000	-16.735733032	0.465569095
5.792750000	-16.462677002	0.483697598
5.792751000	-16.191696167	0.495314440
5.792752000	-15.750300407	0.516443195
5.792753000	-15.634535789	0.517493912
5.792754000	-15.156443596	0.548040636
5.792755000	-14.950130463	0.552226725
5.792756000	-14.820020676	0.553371485
5.792757000	-14.665935516	0.552755895
5.792758000	-14.401730537	0.557980651
5.792759000	-14.179653168	0.563374818
5.792760000	-14.025132179	0.567727089
5.792761000	-13.856257439	0.571215696
5.792762000	-13.588969231	0.575745401
5.792763000	-13.461962700	0.575096455
5.792764000	-13.457059860	0.576029693
5.792765000	-13.246459007	0.582935603
5.792766000	-12.926184654	0.584137354
5.792767000	-12.660515785	0.596198677
5.792768000	-12.546608925	0.597588115
5.792769000	-12.515533447	0.588804078
5.792770000	-12.195766449	0.591624632
5.792771000	-12.204293251	0.589209078
5.792772000	-12.139884949	0.587088070
5.792773000	-11.889944077	0.588882508
5.792774000	-11.776151657	0.584570384
5.792775000	-11.627021790	0.586782605
5.792776000	-11.499624252	0.587615975
5.792777000	-11.566633224	0.579142795
5.792778000	-11.304704666	0.590824352
5.792779000	-11.189798355	0.583833421
5.792780000	-11.106332779	0.581055943
5.792781000	-11.003196716	0.576217379
5.792782000	-10.987616539	0.569999764
5.792783000	-10.822292328	0.577477387
5.792784000	-10.731458664	0.575984286
5.792785000	-10.677699089	0.572392414
5.792786000	-10.499125481	0.574987132
5.792787000	-10.330547333	0.574530799
5.792788000	-10.265138626	0.567286202
5.792789000	-10.207440376	0.568396807
5.792790000	-10.343612671	0.557362798
5.792791000	-10.200333595	0.558045200
5.792792000	-9.935667992	0.565390498
5.792793000	-9.829262733	0.560059049
5.792794000	-9.782001495	0.558070000
5.792795000	-9.659584045	0.557901522
5.792796000	-9.570546150	0.557869797
5.792797000	-9.521649361	0.555002638
5.792798000	-9.460021019	0.551153904
5.792799000	-9.374513626	0.549953584
5.792800000	-9.299179077	0.547758840
5.792801000	-9.174106598	0.546842646
5.792802000	-9.017219543	0.547383434
5.792803000	-8.978495598	0.544737217
5.792804000	-8.886817932	0.546872207
5.792805000	-8.813238144	0.540667474
5.792806000	-8.699785233	0.532923834
5.792807000	-8.651053429	0.536177951
5.792808000	-8.636262894	0.531761997
5.792809000	-8.555862427	0.530976597
5.792810000	-8.464231491	0.529407563
5.792811000	-8.404481888	0.528873865
5.792812000	-8.371860504	0.525103229
5.792813000	-8.302574158	0.523720449
5.792814000	-8.220734596	0.522673960
5.792815000	-8.198945999	0.518165894
5.792816000	-8.114045143	0.518009966
5.792817000	-8.053453445	0.514013060
5.792818000	-8.031279564	0.511298733
5.792819000	-7.976279736	0.506545490
5.792820000	-7.887094021	0.504874656
5.792821000	-7.819136620	0.502404041
5.792822000	-7.817092896	0.500426178
5.792823000	-7.783307076	0.494305036
5.792824000	-7.762338638	0.492681939
5.792825000	-7.712221622	0.490368950
5.792826000	-7.603384972	0.487560913
5.792827000	-7.526338100	0.488536895
5.792828000	-7.489660740	0.488292417
5.792829000	-7.417730808	0.485490938
5.792830000	-7.352910519	0.480379466
5.792831000	-7.358085155	0.477271391
5.792832000	-7.293023586	0.479472493
5.792833000	-7.218482971	0.474345342
5.792834000	-7.169501781	0.472085184
5.792835000	-7.151146889	0.469398521
5.792836000	-7.099318504	0.465303111
5.792837000	-7.040338516	0.465060764
5.792838000	-7.026821136	0.460258419
5.792839000	-7.003386497	0.456814285
5.792840000	-6.927561283	0.456991486
5.792841000	-6.884788990	0.453767130
5.792842000	-6.818192482	0.451007795
5.792843000	-6.845828056	0.449336728
5.792844000	-6.759919167	0.448576928
5.792845000	-6.751887798	0.441074105
5.792846000	-6.751283646	0.440277586
5.792847000	-6.689515114	0.436260274
5.792848000	-6.650716782	0.435446879
5.792849000	-6.619081974	0.431591920
5.792850000	-6.565384865	0.430303449
5.792851000	-6.529072762	0.428657282
5.792852000	-6.507193565	0.425342313
5.792853000	-6.485560894	0.422582945
5.792854000	-6.428988457	0.417509623
5.792855000	-6.392710209	0.415478730
5.792856000	-6.379135609	0.414688337
5.792857000	-6.322373390	0.412872960
5.792858000	-6.320004463	0.409313146
5.792859000	-6.285940170	0.405721906
5.792860000	-6.229805470	0.404213458
5.792861000	-6.198744297	0.401718343
5.792862000	-6.134726524	0.399285678
5.792863000	-6.111183643	0.397993779
5.792864000	-6.066476345	0.396339257
5.792865000	-6.038813114	0.391649763
5.792866000	-5.972809792	0.386472045
5.792867000	-5.928834915	0.386301936
5.792868000	-5.928607941	0.385862547
5.792869000	-5.885121822	0.382977745
5.792870000	-5.871913433	0.378627405
5.792871000	-5.865230560	0.376867821
5.792872000	-5.792967319	0.372905437
5.792873000	-5.789799213	0.372881435
5.792874000	-5.772540092	0.368969384
5.792875000	-5.727503777	0.366142372
5.792876000	-5.698984146	0.365649121
5.792877000	-5.677525520	0.363676784
5.792878000	-5.681639671	0.361309001
5.792879000	-5.649038792	0.357608039
5.792880000	-5.568716049	0.354369070
5.792881000	-5.548947334	0.351694757
5.792882000	-5.514286995	0.349077269
5.792883000	-5.522214413	0.346609983
5.792884000	-5.482007027	0.346379653
5.792885000	-5.432815552	0.343249140
5.792886000	-5.389297962	0.342371729
5.792887000	-5.382891178	0.337243113
5.792888000	-5.343976498	0.335258925
5.792889000	-5.311083794	0.332742504
5.792890000	-5.300141811	0.330900562
5.792891000	-5.262476444	0.328427351
5.792892000	-5.256167412	0.327707931
5.792893000	-5.222790241	0.325179925
5.792894000	-5.193544865	0.322399618
5.792895000	-5.169914722	0.320552184
5.792896000	-5.131626129	0.317142905
5.792897000	-5.144427299	0.314959945
5.792898000	-5.126240730	0.310830314
5.792899000	-5.113941193	0.309350595
5.792900000	-5.089628696	0.308334266
5.792901000	-5.059643269	0.304097011
5.792902000	-5.038084507	0.302688798
5.792903000	-5.022205353	0.299406318
5.792904000	-4.980683327	0.297913317
5.792905000	-4.963383675	0.295896139
5.792906000	-4.919229984	0.293506318
5.792907000	-4.888652325	0.290290251
5.792908000	-4.883545876	0.289028312
5.792909000	-4.874868870	0.286347108
5.792910000	-4.854670525	0.284664989
5.792911000	-4.824729919	0.281316797
5.792912000	-4.797883511	0.278021967
5.792913000	-4.786144257	0.277424420
5.792914000	-4.779389858	0.276267327
5.792915000	-4.748475075	0.272235301
5.792916000	-4.719622612	0.270393708
5.792917000	-4.707989693	0.267355175
5.792918000	-4.705044746	0.265297084
5.792919000	-4.690453529	0.263627764
5.792920000	-4.671100616	0.260690331
5.792921000	-4.629806995	0.258033545
5.792922000	-4.618045330	0.255549015
5.792923000	-4.619161129	0.254053983
5.792924000	-4.584342003	0.249739013
5.792925000	-4.569590569	0.250235526
5.792926000	-4.551134109	0.247220828
5.792927000	-4.528932095	0.245792308
5.792928000	-4.503361225	0.242538275
5.792929000	-4.492334843	0.240154829
5.792930000	-4.454061031	0.236939228
5.792931000	-4.442888260	0.236058454
5.792932000	-4.422526836	0.233716454
5.792933000	-4.400008202	0.230403448
5.792934000	-4.394572258	0.228783830
5.792935000	-4.372922897	0.227753303
5.792936000	-4.344240189	0.223179607
5.792937000	-4.340608120	0.220925774
5.792938000	-4.349664211	0.220918234
5.792939000	-4.342169285	0.217036227
5.792940000	-4.311094761	0.216290143
5.792941000	-4.282471180	0.213347100
5.792942000	-4.267621994	0.208847506
5.792943000	-4.265314579	0.209274910
5.792944000	-4.253424168	0.209276125
5.792945000	-4.237378597	0.204542706
5.792946000	-4.226654053	0.205133595
5.792947000	-4.186374187	0.199916263
5.792948000	-4.189507484	0.200788198
5.792949000	-4.178914070	0.196788646
5.792950000	-4.154201031	0.195693055
5.792951000	-4.140915394	0.191377769
5.792952000	-4.124507904	0.189912398
5.792953000	-4.108330727	0.187157058
5.792954000	-4.101172924	0.183985716
5.792955000	-4.074537277	0.182197220
5.792956000	-4.072441101	0.181145022
5.792957000	-4.061027050	0.178527817
5.792958000	-4.048780441	0.176480861
5.792959000	-4.028105736	0.172882148
5.792960000	-4.027994633	0.173276912
5.792961000	-4.011350155	0.170436001
5.792962000	-3.991498709	0.167110512
5.792963000	-3.992472887	0.164918997
5.792964000	-3.967672348	0.163677498
5.792965000	-3.962610722	0.163463013
5.792966000	-3.943050146	0.158621170
5.792967000	-3.929692745	0.157353023
5.792968000	-3.915400743	0.155982344
5.792969000	-3.897418976	0.151481851
5.792970000	-3.887459755	0.151127368
5.792971000	-3.888582945	0.149699131
5.792972000	-3.867658138	0.148026533
5.792973000	-3.854056597	0.145514323
5.792974000	-3.848729610	0.144438822
5.792975000	-3.821557045	0.139482646
5.792976000	-3.818358183	0.139023767
5.792977000	-3.797974825	0.135894028
5.792978000	-3.803477049	0.135151014
5.792979000	-3.804854393	0.133899379
5.792980000	-3.773699999	0.130963418
5.792981000	-3.769900560	0.128935879
5.792982000	-3.767152071	0.127091498
5.792983000	-3.750756741	0.125632419
5.792984000	-3.741016150	0.123674638
5.792985000	-3.725258350	0.121903170
5.792986000	-3.707637548	0.118421478
5.792987000	-3.706357479	0.117719260
5.792988000	-3.693639040	0.115421127
5.792989000	-3.676642179	0.113125773
5.792990000	-3.682639360	0.113640113
5.792991000	-3.669322491	0.111431645
5.792992000	-3.663640022	0.109859456
5.792993000	-3.646130323	0.106426400
5.792994000	-3.636039734	0.105441180
5.792995000	-3.620563984	0.102522572
5.792996000	-3.620817423	0.100513925
5.792997000	-3.607291937	0.097261747
5.792998000	-3.586380482	0.095497070
5.792999000	-3.590391874	0.094632716
5.793000000	-3.588556051	0.092784058
5.793001000	-3.567078829	0.091554901
5.793002000	-3.557314157	0.087727564
5.793003000	-3.550243855	0.085638822
5.793004000	-3.538028479	0.084472557
5.793005000	-3.551430225	0.085542182
5.793006000	-3.534051895	0.083118290
5.793007000	-3.524223328	0.081137397
5.793008000	-3.517838717	0.079069095
5.793009000	-3.492494583	0.075797926
5.793010000	-3.495349169	0.075051400
5.793011000	-3.481139421	0.071625543
5.793012000	-3.473527670	0.070645658
5.793013000	-3.472009420	0.068500190
5.793014000	-3.451651096	0.066678979
5.793015000	-3.453035831	0.065137558
5.793016000	-3.436627388	0.063961656
5.793017000	-3.441912413	0.063119539
5.793018000	-3.427663803	0.060452055
5.793019000	-3.411073208	0.057378655
5.793020000	-3.410950899	0.055639498
5.793021000	-3.408375978	0.055088765
5.793022000	-3.404745817	0.053561284
5.793023000	-3.400011063	0.051493048
5.793024000	-3.379779100	0.049983327
5.793025000	-3.373815775	0.047752938
5.793026000	-3.368777275	0.047344234
5.793027000	-3.360520840	0.043368692
5.793028000	-3.347764969	0.042459647
5.793029000	-3.333444595	0.040407016
5.793030000	-3.339988470	0.038717739
5.793031000	-3.331804752	0.037661754
5.793032000	-3.340513468	0.037885705
5.793033000	-3.318539858	0.034132972
5.793034000	-3.307996035	0.032110382
5.793035000	-3.298522234	0.031309930
5.793036000	-3.301439047	0.029934322
5.793037000	-3.287401438	0.026640185
5.793038000	-3.292193890	0.026035450
5.793039000	-3.273309708	0.023570209
5.793040000	-3.273687124	0.021978276
5.793041000	-3.273383141	0.022826996
5.793042000	-3.259023666	0.019542418
5.793043000	-3.253789186	0.017875749
5.793044000	-3.254672050	0.016993718
5.793045000	-3.245372057	0.015160167
5.793046000	-3.239669085	0.013401132
5.793047000	-3.233905554	0.011864694
5.793048000	-3.226448774	0.010604500
5.793049000	-3.217003107	0.011153425
5.793050000	-3.212162495	0.007862395
5.793051000	-3.211238623	0.006517310
5.793052000	-3.199778080	0.004607014
5.793053000	-3.198372602	0.003508505
5.793054000	-3.197455406	0.001963774
5.793055000	-3.188795567	-0.000400434
5.793056000	-3.188579321	-0.000182447
5.793057000	-3.171397209	-0.002058992
5.793058000	-3.170764685	-0.004532113
5.793059000	-3.171192646	-0.005960710
5.793060000	-3.161145926	-0.008676030
5.793061000	-3.155530453	-0.010074017
5.793062000	-3.156004429	-0.010622746
5.793063000	-3.147789240	-0.011464450
5.793064000	-3.132840633	-0.013443278
5.793065000	-3.139454126	-0.013930583
5.793066000	-3.127217293	-0.016929284
5.793067000	-3.120278597	-0.019065874
5.793068000	-3.122892618	-0.019034251
5.793069000	-3.114737749	-0.020164305
5.793070000	-3.099340677	-0.022307659
5.793071000	-3.101499081	-0.023784095
5.793072000	-3.094130754	-0.025927717
5.793073000	-3.092497826	-0.027306208
5.793074000	-3.088187218	-0.028053903
5.793075000	-3.091284275	-0.030241649
5.793076000	-3.086865187	-0.031162601
5.793077000	-3.073583841	-0.033083576
5.793078000	-3.073352337	-0.033712831
5.793079000	-3.075052738	-0.035095674
5.793080000	-3.071653366	-0.037258664
5.793081000	-3.063632965	-0.036335691
5.793082000	-3.068654537	-0.039099154
5.793083000	-3.056307793	-0.042078249
5.793084000	-3.040439606	-0.042356903
5.793085000	-3.046770573	-0.043851694
5.793086000	-3.040775776	-0.044027358
5.793087000	-3.036291361	-0.046381339
5.793088000	-3.035045385	-0.048138305
5.793089000	-3.023264408	-0.048694981
5.793090000	-3.016378164	-0.050463037
5.793091000	-3.021898270	-0.051463691
5.793092000	-3.024172068	-0.053302071
5.793093000	-3.013947487	-0.054800536
5.793094000	-3.010822535	-0.054257351
5.793095000	-3.011230946	-0.056384093
5.793096000	-3.002387047	-0.057637364
5.793097000	-2.999704838	-0.058712062
5.793098000	-3.000224352	-0.060511988
5.793099000	-2.994948387	-0.062135281
5.793100000	-2.989085674	-0.063043931
5.793101000	-2.985554218	-0.062995249
5.793102000	-2.985907793	-0.065912792
5.793103000	-2.984667301	-0.066100503
5.793104000	-2.976365805	-0.068643114
5.793105000	-2.975993395	-0.068620145
5.793106000	-2.971282959	-0.070265666
5.793107000	-2.967443943	-0.072485228
5.793108000	-2.954477072	-0.073478404
5.793109000	-2.950380564	-0.074350339
5.793110000	-2.948101997	-0.075450075
5.793111000	-2.949318171	-0.078029879
5.793112000	-2.945156574	-0.079492987
5.793113000	-2.942952394	-0.078961536
5.793114000	-2.938023090	-0.081334313
5.793115000	-2.936397314	-0.084660326
5.793116000	-2.928272486	-0.083583977
5.793117000	-2.929080963	-0.084776848
5.793118000	-2.929323912	-0.085374678
5.793119000	-2.932479620	-0.086698236
5.793120000	-2.927694321	-0.088879514
5.793121000	-2.911641598	-0.088161609
5.793122000	-2.920527697	-0.089926020
5.793123000	-2.919202805	-0.090365267
5.793124000	-2.910893440	-0.092061850
5.793125000	-2.903615713	-0.093079536
5.793126000	-2.902007341	-0.094693578
5.793127000	-2.897860765	-0.094588957
5.793128000	-2.900520802	-0.096147997
5.793129000	-2.899564981	-0.097270286
5.793130000	-2.893543720	-0.099997163
5.793131000	-2.887369156	-0.100116964
5.793132000	-2.894859076	-0.101003247
5.793133000	-2.883747339	-0.101924368
5.793134000	-2.888382435	-0.102967512
5.793135000	-2.879026651	-0.104038019
5.793136000	-2.877438307	-0.105909056
5.793137000	-2.865560532	-0.106113421
5.793138000	-2.874806643	-0.106534475
5.793139000	-2.866815090	-0.107587955
5.793140000	-2.870415211	-0.108473289
5.793141000	-2.875997543	-0.110351384
5.793142000	-2.860028982	-0.111282150
5.793143000	-2.854645252	-0.112963029
5.793144000	-2.858683109	-0.113682649
5.793145000	-2.856336355	-0.114818787
5.793146000	-2.851681948	-0.115729005
5.793147000	-2.856909752	-0.116261404
5.793148000	-2.847828150	-0.118810599
5.793149000	-2.848005056	-0.118207850
5.793150000	-2.843927145	-0.121157942
5.793151000	-2.840673208	-0.121110571
5.793152000	-2.842319727	-0.121020631
5.793153000	-2.840731621	-0.123125419
5.793154000	-2.834596634	-0.123813422
5.793155000	-2.837871552	-0.124485795
5.793156000	-2.839270592	-0.124851339
5.793157000	-2.831014395	-0.125812906
5.793158000	-2.831448078	-0.128551934
5.793159000	-2.821377039	-0.128646643
5.793160000	-2.826728582	-0.129681556
5.793161000	-2.820569992	-0.131837202
5.793162000	-2.819977045	-0.131750374
5.793163000	-2.813539028	-0.133582071
5.793164000	-2.813959122	-0.134225400
5.793165000	-2.816945314	-0.134250924
5.793166000	-2.808077097	-0.137336388
5.793167000	-2.804769516	-0.136879414
5.793168000	-2.811870337	-0.138221947
5.793169000	-2.800007820	-0.138380871
5.793170000	-2.800176620	-0.139249203
5.793171000	-2.796502590	-0.140013913
5.793172000	-2.802248716	-0.140734282
5.793173000	-2.794210196	-0.142941110
5.793174000	-2.800630331	-0.142270326
5.793175000	-2.795871258	-0.144006291
5.793176000	-2.792654991	-0.144278766
5.793177000	-2.799778938	-0.147393666
5.793178000	-2.787723541	-0.146346161
5.793179000	-2.788398743	-0.146875398
5.793180000	-2.783216000	-0.148575810
5.793181000	-2.787125349	-0.149288788
5.793182000	-2.783166170	-0.149863432
5.793183000	-2.777658463	-0.152111090
5.793184000	-2.782392740	-0.152071991
5.793185000	-2.772070408	-0.152956044
5.793186000	-2.773813725	-0.155293517
5.793187000	-2.774729252	-0.154432617
5.793188000	-2.762695789	-0.155432368
5.793189000	-2.773530722	-0.155853879
5.793190000	-2.766556025	-0.156971575
5.793191000	-2.767369747	-0.158926502
5.793192000	-2.769134521	-0.160467839
5.793193000	-2.757175922	-0.160921559
5.793194000	-2.756298780	-0.161225509
5.793195000	-2.760289907	-0.161919096
5.793196000	-2.760109186	-0.162926253
5.793197000	-2.759754658	-0.162366756
5.793198000	-2.752743959	-0.164446219
5.793199000	-2.747818708	-0.164750152
5.793200000	-2.754365206	-0.166575849
5.793201000	-2.752725840	-0.167933679
5.793202000	-2.745061159	-0.167182933
5.793203000	-2.747448206	-0.169058182
5.793204000	-2.746858120	-0.169319954
5.793205000	-2.741527557	-0.170552481
5.793206000	-2.739159584	-0.170239294
5.793207000	-2.741292953	-0.172987892
5.793208000	-2.739500999	-0.172726620
5.793209000	-2.737000942	-0.173744912
5.793210000	-2.743494749	-0.173252660
5.793211000	-2.727545023	-0.175619678
5.793212000	-2.738838196	-0.176373569
5.793213000	-2.733781099	-0.176063294
5.793214000	-2.727314949	-0.178527983
5.793215000	-2.735206604	-0.176740603
5.793216000	-2.741872549	-0.178405095
5.793217000	-2.732855797	-0.178349152
5.793218000	-2.732683420	-0.179349751
5.793219000	-2.722389698	-0.181342611
5.793220000	-2.726380587	-0.181635559
5.793221000	-2.721349955	-0.182700174
5.793222000	-2.721984148	-0.182787410
5.793223000	-2.729107141	-0.183514469
5.793224000	-2.723468542	-0.184094389
5.793225000	-2.718664885	-0.184401568
5.793226000	-2.726086855	-0.184644748
5.793227000	-2.719902039	-0.185812461
5.793228000	-2.715161562	-0.187513838
5.793229000	-2.723620892	-0.188121072
5.793230000	-2.713181973	-0.188564222
5.793231000	-2.709944248	-0.189574043
5.793232000	-2.715482950	-0.189961067
5.793233000	-2.712338209	-0.189912381
5.793234000	-2.701535463	-0.191632850
5.793235000	-2.707779646	-0.192514772
5.793236000	-2.712373972	-0.193082325
5.793237000	-2.709395647	-0.193454235
5.793238000	-2.713665485	-0.193358744
5.793239000	-2.707688808	-0.194289935
5.793240000	-2.702236176	-0.195214202
5.793241000	-2.699499369	-0.196665775
5.793242000	-2.701884270	-0.197160840
5.793243000	-2.701869011	-0.196909920
5.793244000	-2.702024937	-0.198069560
5.793245000	-2.709887266	-0.199209177
5.793246000	-2.700952053	-0.199266651
5.793247000	-2.700643063	-0.199153517
5.793248000	-2.698648691	-0.201743874
5.793249000	-2.698435068	-0.201204783
5.793250000	-2.700121403	-0.202073057
5.793251000	-2.706674814	-0.202736717
5.793252000	-2.698518515	-0.203899935
5.793253000	-2.688886166	-0.204145213
5.793254000	-2.692617178	-0.205498947
5.793255000	-2.693857670	-0.206190321
5.793256000	-2.687278509	-0.207503692
5.793257000	-2.688625097	-0.207913502
5.793258000	-2.689011097	-0.209139255
5.793259000	-2.689035892	-0.207619806
5.793260000	-2.688514948	-0.209658855
5.793261000	-2.673026085	-0.209833625
5.793262000	-2.687918901	-0.209247280
5.793263000	-2.683330297	-0.210780695
5.793264000	-2.684798241	-0.210630709
5.793265000	-2.683150291	-0.212002370
5.793266000	-2.687430382	-0.212630244
5.793267000	-2.686163187	-0.213621622
5.793268000	-2.677735329	-0.213444239
5.793269000	-2.683718204	-0.213605476
5.793270000	-2.684131145	-0.215280971
5.793271000	-2.683849573	-0.216347550
5.793272000	-2.684988737	-0.216553679
5.793273000	-2.682357550	-0.216054453
5.793274000	-2.679475307	-0.217176476
5.793275000	-2.671270609	-0.217699887
5.793276000	-2.677634239	-0.218952888
5.793277000	-2.680314541	-0.218999343
5.793278000	-2.674540758	-0.218944565
5.793279000	-2.668863773	-0.220388981
5.793280000	-2.672489643	-0.220666965
5.793281000	-2.672230244	-0.222605163
5.793282000	-2.671736240	-0.223178542
5.793283000	-2.667221546	-0.221826522
5.793284000	-2.675798893	-0.224469143
5.793285000	-2.669650793	-0.222993336
5.793286000	-2.662778139	-0.224883231
5.793287000	-2.665591717	-0.225080322
5.793288000	-2.665069342	-0.225947780
5.793289000	-2.666495562	-0.226557028
5.793290000	-2.669080973	-0.226492297
5.793291000	-2.665779114	-0.226707397
5.793292000	-2.671016693	-0.227515550
5.793293000	-2.665292025	-0.229256858
5.793294000	-2.662833691	-0.229156956
5.793295000	-2.661007643	-0.229906785
5.793296000	-2.663589716	-0.230079142
5.793297000	-2.658910751	-0.230427866
5.793298000	-2.663051128	-0.230939925
5.793299000	-2.659334421	-0.232573275
5.793300000	-2.660526752	-0.232763608
5.793301000	-2.655223608	-0.232980190
5.793302000	-2.659828901	-0.233147569
5.793303000	-2.660528183	-0.234756052
5.793304000	-2.662183762	-0.234588789
5.793305000	-2.665568590	-0.234806719
5.793306000	-2.654959917	-0.236173603
5.793307000	-2.649000883	-0.236797265
5.793308000	-2.655964375	-0.236450305
5.793309000	-2.656045914	-0.237105510
5.793310000	-2.659563065	-0.237563923
5.793311000	-2.656419277	-0.238335024
5.793312000	-2.654994488	-0.237811014
5.793313000	-2.654712439	-0.238166580
5.793314000	-2.652481794	-0.239344862
5.793315000	-2.656159639	-0.239743204
5.793316000	-2.658174038	-0.240804590
5.793317000	-2.655045986	-0.241271576
5.793318000	-2.659570456	-0.241473959
5.793319000	-2.654428720	-0.241730954
5.793320000	-2.651339531	-0.242222907
5.793321000	-2.644505978	-0.243441220
5.793322000	-2.650339842	-0.243507366
5.793323000	-2.650276661	-0.244319547
5.793324000	-2.650125742	-0.244185240
5.793325000	-2.656847477	-0.244524577
5.793326000	-2.649945498	-0.245431500
5.793327000	-2.654831648	-0.245919208
5.793328000	-2.653239012	-0.245257795
5.793329000	-2.651807308	-0.245597615
5.793330000	-2.648951054	-0.246462509
5.793331000	-2.652687550	-0.246869524
5.793332000	-2.646195173	-0.247768757
5.793333000	-2.653836250	-0.247826481
5.793334000	-2.646169901	-0.249329835
5.793335000	-2.647099257	-0.250092182
5.793336000	-2.647097349	-0.250097275
5.793337000	-2.646834612	-0.250673982
5.793338000	-2.645943642	-0.251352905
5.793339000	-2.652482748	-0.251404671
5.793340000	-2.644766808	-0.251477575
5.793341000	-2.646256924	-0.252107063
5.793342000	-2.642715931	-0.251729693
5.793343000	-2.640043259	-0.252811735
5.793344000	-2.642354965	-0.254052851
5.793345000	-2.640106678	-0.254580374
5.793346000	-2.634621143	-0.254363243
5.793347000	-2.641639471	-0.254361212
5.793348000	-2.649519205	-0.254876251
5.793349000	-2.634894848	-0.256873855
5.793350000	-2.636694193	-0.256804979
5.793351000	-2.643474817	-0.256201889
5.793352000	-2.631609440	-0.256937538
5.793353000	-2.641073704	-0.259292821
5.793354000	-2.634154797	-0.257517674
5.793355000	-2.641434431	-0.258946027
5.793356000	-2.625762701	-0.259602197
5.793357000	-2.636124372	-0.259520205
5.793358000	-2.634190083	-0.259351909
5.793359000	-2.639469624	-0.260767280
5.793360000	-2.640703201	-0.260452361
5.793361000	-2.628724575	-0.260880031
5.793362000	-2.632652760	-0.261377909
5.793363000	-2.635235548	-0.262912273
5.793364000	-2.638647079	-0.263327476
5.793365000	-2.636579752	-0.263358119
5.793366000	-2.629528284	-0.263777617
5.793367000	-2.637809515	-0.263431256
5.793368000	-2.633705616	-0.263793829
5.793369000	-2.630845785	-0.264126158
5.793370000	-2.624946833	-0.265438348
5.793371000	-2.631096840	-0.265293006
5.793372000	-2.628594637	-0.266309351
5.793373000	-2.631182194	-0.265737804
5.793374000	-2.625447512	-0.266626900
5.793375000	-2.629630327	-0.266893982
5.793376000	-2.627968073	-0.267496239
5.793377000	-2.619364023	-0.267471738
5.793378000	-2.629825592	-0.268594893
5.793379000	-2.628951550	-0.268639784
5.793380000	-2.631618500	-0.268762206
5.793381000	-2.629503727	-0.269378994
5.793382000	-2.626390934	-0.270230556
5.793383000	-2.628011703	-0.271412700
5.793384000	-2.628110170	-0.271618013
5.793385000	-2.625834703	-0.271755699
5.793386000	-2.626494646	-0.272952939
5.793387000	-2.628055573	-0.271785792
5.793388000	-2.622641802	-0.273217325
5.793389000	-2.616133690	-0.273391729
5.793390000	-2.614692211	-0.273200397
5.793391000	-2.625854731	-0.273964258
5.793392000	-2.621819258	-0.273499903
5.793393000	-2.630571365	-0.274478049
5.793394000	-2.619437695	-0.274122633
5.793395000	-2.626925468	-0.274599822
5.793396000	-2.624434710	-0.275235751
5.793397000	-2.619783878	-0.275566882
5.793398000	-2.616818190	-0.275628667
5.793399000	-2.623452663	-0.275650006
5.793400000	-2.615571260	-0.275771762
5.793401000	-2.626074791	-0.277215312
5.793402000	-2.630386114	-0.277571077
5.793403000	-2.618500233	-0.277631880
5.793404000	-2.618100882	-0.279278313
5.793405000	-2.624141216	-0.278879788
5.793406000	-2.627706051	-0.278940258
5.793407000	-2.621148586	-0.278880637
5.793408000	-2.619764805	-0.279063646
5.793409000	-2.631285906	-0.280279995
5.793410000	-2.623608589	-0.280153628
5.793411000	-2.620424986	-0.281102812
5.793412000	-2.623355150	-0.281350352
5.793413000	-2.621798992	-0.281817071
5.793414000	-2.617836237	-0.281773595
5.793415000	-2.617357016	-0.281928558
5.793416000	-2.619454861	-0.282500572
5.793417000	-2.618828773	-0.283406246
5.793418000	-2.617401838	-0.283568865
5.793419000	-2.617439747	-0.283359474
5.793420000	-2.609384537	-0.284618817
5.793421000	-2.615935802	-0.284895253
5.793422000	-2.616456509	-0.285479650
5.793423000	-2.615443945	-0.285081940
5.793424000	-2.613141298	-0.284859633
5.793425000	-2.607699633	-0.285977761
5.793426000	-2.616912603	-0.285725693
5.793427000	-2.627324343	-0.285968141
5.793428000	-2.625843763	-0.286643119
5.793429000	-2.626195192	-0.286028827
5.793430000	-2.617383718	-0.287114232
5.793431000	-2.618661404	-0.287884551
5.793432000	-2.619387150	-0.287493999
5.793433000	-2.615216494	-0.288298040
5.793434000	-2.612701416	-0.289234907
5.793435000	-2.613503933	-0.288847584
5.793436000	-2.619215012	-0.290044375
5.793437000	-2.619542599	-0.290161421
5.793438000	-2.615703821	-0.290864296
5.793439000	-2.613741159	-0.290884902
5.793440000	-2.614082098	-0.291803726
5.793441000	-2.615760088	-0.290765892
5.793442000	-2.604320049	-0.290803809
5.793443000	-2.612671375	-0.291140665
5.793444000	-2.607025623	-0.292260225
5.793445000	-2.612088442	-0.293585514
5.793446000	-2.612480879	-0.293379718
5.793447000	-2.613736629	-0.293788114
5.793448000	-2.616166353	-0.294894757
5.793449000	-2.606401443	-0.293572464
5.793450000	-2.617954254	-0.294008424
5.793451000	-2.612635136	-0.294695519
5.793452000	-2.615980148	-0.295243698
5.793453000	-2.614746809	-0.295064966
5.793454000	-2.607279539	-0.295514708
5.793455000	-2.613971472	-0.296279567
5.793456000	-2.609360456	-0.296969160
5.793457000	-2.612478733	-0.295955427
5.793458000	-2.611812353	-0.296267883
5.793459000	-2.604947329	-0.296270479
5.793460000	-2.617220879	-0.298012486
5.793461000	-2.613809109	-0.296635998
5.793462000	-2.615883827	-0.298304668
5.793463000	-2.618213654	-0.298102967
5.793464000	-2.611328840	-0.297888982
5.793465000	-2.618741035	-0.298597150
5.793466000	-2.610622883	-0.299222161
5.793467000	-2.610464811	-0.299585682
5.793468000	-2.615057230	-0.299488577
5.793469000	-2.610881805	-0.299786684
5.793470000	-2.618139267	-0.300091949
5.793471000	-2.617396355	-0.301664413
5.793472000	-2.612247944	-0.301565742
5.793473000	-2.605374813	-0.301139304
5.793474000	-2.611428499	-0.300268350
5.793475000	-2.613086224	-0.300411162
5.793476000	-2.613560200	-0.301652562
5.793477000	-2.612363815	-0.302502742
5.793478000	-2.608410597	-0.302367387
5.793479000	-2.609186649	-0.302579808
5.793480000	-2.610713720	-0.302721222
5.793481000	-2.611246109	-0.303228554
5.793482000	-2.604120016	-0.303490143
5.793483000	-2.608395338	-0.304074607
5.793484000	-2.605607510	-0.303790381
5.793485000	-2.607632875	-0.304247812
5.793486000	-2.613414764	-0.305398065
5.793487000	-2.613171577	-0.304772255
5.793488000	-2.614336491	-0.304599482
5.793489000	-2.608675241	-0.305635219
5.793490000	-2.607343435	-0.305849570
5.793491000	-2.608759880	-0.305623801
5.793492000	-2.610556364	-0.306341023
5.793493000	-2.609491825	-0.305895676
5.793494000	-2.607794046	-0.307091635
5.793495000	-2.609283686	-0.307409617
5.793496000	-2.606110811	-0.307178255
5.793497000	-2.612367630	-0.306640329
5.793498000	-2.612401009	-0.307213974
5.793499000	-2.604488611	-0.307614480
5.793500000	-2.612856388	-0.307909592
5.793501000	-2.610023737	-0.308661269
5.793502000	-2.610049009	-0.308880447
5.793503000	-2.618418694	-0.308948458
5.793504000	-2.609317780	-0.310333235
5.793505000	-2.605194569	-0.310172813
5.793506000	-2.609517574	-0.309909360
5.793507000	-2.603710890	-0.311044765
5.793508000	-2.603092194	-0.311485685
5.793509000	-2.604043961	-0.310704014
5.793510000	-2.605861187	-0.311131884
5.793511000	-2.608582973	-0.311590846
5.793512000	-2.607207060	-0.312576382
5.793513000	-2.609691858	-0.312493924
5.793514000	-2.602874041	-0.312605311
5.793515000	-2.607226610	-0.312328542
5.793516000	-2.608787537	-0.311972211
5.793517000	-2.605000257	-0.312563766
5.793518000	-2.612200737	-0.313563017
5.793519000	-2.605472088	-0.313424066
5.793520000	-2.601725817	-0.315181187
5.793521000	-2.608519793	-0.314179738
5.793522000	-2.603838682	-0.313698139
5.793523000	-2.602619171	-0.315179955
5.793524000	-2.602114916	-0.314878885
5.793525000	-2.604100466	-0.315776803
5.793526000	-2.593215942	-0.315716549
5.793527000	-2.613283634	-0.315192272
5.793528000	-2.606048584	-0.315851704
5.793529000	-2.598297119	-0.316005968
5.793530000	-2.602427959	-0.316209200
5.793531000	-2.606525660	-0.317026458
5.793532000	-2.610499382	-0.317180022
5.793533000	-2.603609562	-0.317029554
5.793534000	-2.604900122	-0.317394307
5.793535000	-2.611760139	-0.318526650
5.793536000	-2.594053268	-0.318202077
5.793537000	-2.601853371	-0.318367726
5.793538000	-2.597450256	-0.318749323
5.793539000	-2.600290298	-0.318125212
5.793540000	-2.603346586	-0.319132319
5.793541000	-2.610078335	-0.319269938
5.793542000	-2.599016428	-0.318825523
5.793543000	-2.605571747	-0.320167790
5.793544000	-2.609591246	-0.320148515
5.793545000	-2.601639032	-0.320366428
5.793546000	-2.605096102	-0.320093654
5.793547000	-2.604451656	-0.321004189
5.793548000	-2.611023188	-0.320723192
5.793549000	-2.605553150	-0.321831433
5.793550000	-2.599444628	-0.321282789
5.793551000	-2.605049133	-0.322514234
5.793552000	-2.601498127	-0.321811825
5.793553000	-2.599380493	-0.321482326
5.793554000	-2.603833199	-0.321929637
5.793555000	-2.606608152	-0.322385004
5.793556000	-2.598974466	-0.322607045
5.793557000	-2.603707075	-0.322243258
5.793558000	-2.603714228	-0.322949694
5.793559000	-2.597132683	-0.322430711
5.793560000	-2.603116989	-0.323749009
5.793561000	-2.592199802	-0.323506495
5.793562000	-2.602409363	-0.324531412
5.793563000	-2.599844217	-0.323845548
5.793564000	-2.596224785	-0.325109818
5.793565000	-2.603852987	-0.325175731
5.793566000	-2.606672525	-0.325035049
5.793567000	-2.603566408	-0.324876125
5.793568000	-2.601203680	-0.326062464
5.793569000	-2.598135710	-0.325818884
5.793570000	-2.600592375	-0.326359373
5.793571000	-2.596411467	-0.325192775
5.793572000	-2.597800493	-0.326215163
5.793573000	-2.593253613	-0.326230842
5.793574000	-2.603875875	-0.326505547
5.793575000	-2.599780560	-0.326417796
5.793576000	-2.597132444	-0.327111949
5.793577000	-2.607377768	-0.327416548
5.793578000	-2.599759817	-0.327407327
5.793579000	-2.603402376	-0.328650790
5.793580000	-2.597396612	-0.327416481
5.793581000	-2.601223230	-0.328288866
5.793582000	-2.596349001	-0.328826292
5.793583000	-2.606529951	-0.328424787
5.793584000	-2.601285934	-0.328653087
5.793585000	-2.605273962	-0.328883916
5.793586000	-2.603655815	-0.330464103
5.793587000	-2.598556757	-0.329552736
5.793588000	-2.608059406	-0.329444878
5.793589000	-2.599429369	-0.330077645
5.793590000	-2.605967760	-0.329970186
5.793591000	-2.605158567	-0.329871483
5.793592000	-2.593845844	-0.331037015
5.793593000	-2.598392725	-0.330269959
5.793594000	-2.595044136	-0.331091244
5.793595000	-2.607070446	-0.331448008
5.793596000	-2.610233307	-0.330545396
5.793597000	-2.604111671	-0.331333658
5.793598000	-2.603262663	-0.331968323
5.793599000	-2.599616051	-0.331383193
5.793600000	-2.601662159	-0.331294477
5.793601000	-2.595487118	-0.332488571
5.793602000	-2.597205639	-0.331890126
5.793603000	-2.596592903	-0.332984752
5.793604000	-2.599325895	-0.334091561
5.793605000	-2.603754520	-0.333007921
5.793606000	-2.607065678	-0.334551389
5.793607000	-2.598042250	-0.334007872
5.793608000	-2.591912985	-0.334395328
5.793609000	-2.601847410	-0.333898049
5.793610000	-2.597518444	-0.333774579
5.793611000	-2.606255293	-0.334566370
5.793612000	-2.609774351	-0.335159622
5.793613000	-2.600902319	-0.334657417
5.793614000	-2.610367060	-0.334961416
5.793615000	-2.606160402	-0.335685264
5.793616000	-2.601185322	-0.335300570
5.793617000	-2.598338127	-0.335688593
5.793618000	-2.607937098	-0.336191031
5.793619000	-2.599691629	-0.335488855
5.793620000	-2.598040581	-0.336037400
5.793621000	-2.601047993	-0.335677940
5.793622000	-2.604262352	-0.336228049
5.793623000	-2.605489969	-0.336738910
5.793624000	-2.602483749	-0.336633482
5.793625000	-2.608480692	-0.337310691
5.793626000	-2.605116844	-0.336675627
5.793627000	-2.592064381	-0.337085387
5.793628000	-2.599160910	-0.337670650
5.793629000	-2.599157810	-0.338222590
5.793630000	-2.599184990	-0.338291932
5.793631000	-2.598549128	-0.338396794
5.793632000	-2.601919174	-0.338972237
5.793633000	-2.596318483	-0.339480435
5.793634000	-2.598029852	-0.339900582
5.793635000	-2.606299400	-0.339544950
5.793636000	-2.604814529	-0.339005094
5.793637000	-2.597845554	-0.339971688
5.793638000	-2.603246689	-0.340042162
5.793639000	-2.597123146	-0.340494966
5.793640000	-2.589399338	-0.340540306
5.793641000	-2.604058027	-0.340513208
5.793642000	-2.598800659	-0.340891311
5.793643000	-2.590743542	-0.341380933
5.793644000	-2.595221043	-0.340601892
5.793645000	-2.597290277	-0.341133292
5.793646000	-2.603252888	-0.340874599
5.793647000	-2.596597195	-0.341107693
5.793648000	-2.600030422	-0.341347344
5.793649000	-2.589890480	-0.342033141
5.793650000	-2.598448515	-0.342273225
5.793651000	-2.609018326	-0.342037502
5.793652000	-2.600594282	-0.342227119
5.793653000	-2.597961187	-0.342386143
5.793654000	-2.599334955	-0.342481418
5.793655000	-2.592365503	-0.342814513
5.793656000	-2.595448732	-0.343532201
5.793657000	-2.599350452	-0.343083692
5.793658000	-2.598572969	-0.344304351
5.793659000	-2.598877192	-0.343471414
5.793660000	-2.605595589	-0.344018228
5.793661000	-2.594551802	-0.344152451
5.793662000	-2.596290827	-0.345288523
5.793663000	-2.600777626	-0.345247743
5.793664000	-2.603472471	-0.344413275
5.793665000	-2.598914385	-0.345554473
5.793666000	-2.610222101	-0.344370331
5.793667000	-2.603607416	-0.345112288
5.793668000	-2.599573135	-0.344916412
5.793669000	-2.598318815	-0.345358930
5.793670000	-2.602525711	-0.345812500
5.793671000	-2.597018003	-0.345859571
5.793672000	-2.597156763	-0.345889764
5.793673000	-2.606892109	-0.345922921
5.793674000	-2.601534128	-0.346553224
5.793675000	-2.589840651	-0.346286409
5.793676000	-2.599515438	-0.346178451
5.793677000	-2.598567963	-0.346467937
5.793678000	-2.599825621	-0.347096709
5.793679000	-2.605890989	-0.346761817
5.793680000	-2.600023031	-0.346838882
5.793681000	-2.599162102	-0.346453190
5.793682000	-2.601997852	-0.347882375
5.793683000	-2.602132082	-0.347150139
5.793684000	-2.594837666	-0.347473879
5.793685000	-2.599847794	-0.348168299
5.793686000	-2.600772619	-0.347771987
5.793687000	-2.597123146	-0.346877265
5.793688000	-2.601351023	-0.348572233
5.793689000	-2.604169130	-0.349454805
5.793690000	-2.602922678	-0.348818376
5.793691000	-2.603931427	-0.348818143
5.793692000	-2.602106333	-0.348943345
5.793693000	-2.602877617	-0.349951884
5.793694000	-2.596069574	-0.348775433
5.793695000	-2.600149393	-0.349644622
5.793696000	-2.601957560	-0.349699317
5.793697000	-2.602247477	-0.349522949
5.793698000	-2.599109888	-0.349579241
5.793699000	-2.601856947	-0.349763698
5.793700000	-2.604268074	-0.350494869
5.793701000	-2.606984377	-0.349825883
5.793702000	-2.595236301	-0.350721871
5.793703000	-2.600214720	-0.351009092
5.793704000	-2.598888874	-0.350670771
5.793705000	-2.606456041	-0.350776965
5.793706000	-2.604430199	-0.350314607
5.793707000	-2.603104591	-0.351489260
5.793708000	-2.605036497	-0.351945360
5.793709000	-2.600658655	-0.351577211
5.793710000	-2.593229771	-0.351659803
5.793711000	-2.594580889	-0.351966266
5.793712000	-2.600752831	-0.352335380
5.793713000	-2.600240946	-0.353220648
5.793714000	-2.601038933	-0.352445468
5.793715000	-2.600345373	-0.352626197
5.793716000	-2.595839024	-0.352715513
5.793717000	-2.600283861	-0.353178104
5.793718000	-2.596832991	-0.353150940
5.793719000	-2.605473757	-0.354036341
5.793720000	-2.601820469	-0.353270183
5.793721000	-2.600483894	-0.354889252
5.793722000	-2.597471952	-0.353626214
5.793723000	-2.597877979	-0.353290090
5.793724000	-2.594113350	-0.354385049
5.793725000	-2.599085808	-0.354010908
5.793726000	-2.599574566	-0.355347715
5.793727000	-2.599839926	-0.353860805
5.793728000	-2.597252607	-0.355409334
5.793729000	-2.597048521	-0.355428242
5.793730000	-2.609556198	-0.355626281
5.793731000	-2.601403713	-0.355054201
5.793732000	-2.601860285	-0.356016967
5.793733000	-2.598088264	-0.354496136
5.793734000	-2.601792097	-0.356686552
5.793735000	-2.595196486	-0.356053619
5.793736000	-2.603586674	-0.355509069
5.793737000	-2.596240759	-0.356109845
5.793738000	-2.599183321	-0.356706626
5.793739000	-2.603798866	-0.356665447
5.793740000	-2.603927374	-0.356942116
5.793741000	-2.594726562	-0.357202140
5.793742000	-2.596786976	-0.357032830
5.793743000	-2.594509363	-0.357177473
5.793744000	-2.600538731	-0.356933694
5.793745000	-2.592834711	-0.357430606
5.793746000	-2.598752737	-0.358106650
5.793747000	-2.600354671	-0.357835607
5.793748000	-2.594187975	-0.356991817
5.793749000	-2.610044956	-0.357013356
5.793750000	-2.604000092	-0.358540279
5.793751000	-2.594121218	-0.358620873
5.793752000	-2.605899811	-0.358742912
5.793753000	-2.597969055	-0.358241772
5.793754000	-2.605266571	-0.359488398
5.793755000	-2.601250887	-0.358403692
5.793756000	-2.604293108	-0.358994415
5.793757000	-2.596199751	-0.359699819
5.793758000	-2.609029770	-0.358388412
5.793759000	-2.607091188	-0.359316191
5.793760000	-2.604442120	-0.359170749
5.793761000	-2.600799322	-0.360681461
5.793762000	-2.599277735	-0.360133282
5.793763000	-2.603327751	-0.358829199
5.793764000	-2.603816509	-0.360118202
5.793765000	-2.600530386	-0.360230987
5.793766000	-2.596419096	-0.361308202
5.793767000	-2.608006716	-0.360826137
5.793768000	-2.604341745	-0.361269886
5.793769000	-2.601222038	-0.360850172
5.793770000	-2.605064154	-0.360781729
5.793771000	-2.600983858	-0.361503079
5.793772000	-2.597596645	-0.361799755
5.793773000	-2.596624851	-0.361205870
5.793774000	-2.601354599	-0.362740983
5.793775000	-2.601399899	-0.361711438
5.793776000	-2.601759434	-0.361591995
5.793777000	-2.596717119	-0.361244220
5.793778000	-2.604959011	-0.361978520
5.793779000	-2.605240345	-0.361807079
5.793780000	-2.606040478	-0.360765317
5.793781000	-2.599141836	-0.362631560
5.793782000	-2.612946272	-0.362796377
5.793783000	-2.604191542	-0.361769096
5.793784000	-2.597408295	-0.362731096
5.793785000	-2.603583813	-0.362733393
5.793786000	-2.605068207	-0.362678099
5.793787000	-2.593821764	-0.363746393
5.793788000	-2.599380016	-0.362595974
5.793789000	-2.599663496	-0.363516196
5.793790000	-2.602825403	-0.362835825
5.793791000	-2.602959871	-0.363431640
5.793792000	-2.598328352	-0.364404660
5.793793000	-2.599004745	-0.364376597
5.793794000	-2.599725723	-0.364153524
5.793795000	-2.605221748	-0.363956117
5.793796000	-2.603126764	-0.364294671
5.793797000	-2.600915670	-0.364813089
5.793798000	-2.601389170	-0.364361483
5.793799000	-2.604147196	-0.364308087
5.793800000	-2.606575966	-0.363984646
5.793801000	-2.610053301	-0.365386134
5.793802000	-2.601600647	-0.364991088
5.793803000	-2.611873388	-0.365328876
5.793804000	-2.602456331	-0.364561786
5.793805000	-2.607177019	-0.364601334
5.793806000	-2.614233017	-0.365600019
5.793807000	-2.608186245	-0.365102774
5.793808000	-2.602727652	-0.365430243
5.793809000	-2.608715057	-0.365986844
5.793810000	-2.608678102	-0.365416361
5.793811000	-2.599865675	-0.366510022
5.793812000	-2.605078697	-0.366285284
5.793813000	-2.596199274	-0.366102591
5.793814000	-2.606017113	-0.367465664
5.793815000	-2.599692583	-0.366477132
5.793816000	-2.596364021	-0.366531327
5.793817000	-2.605441809	-0.367447388
5.793818000	-2.599961996	-0.366946214
5.793819000	-2.601544857	-0.367731614
5.793820000	-2.601010323	-0.367056236
5.793821000	-2.605768919	-0.367239029
5.793822000	-2.600736856	-0.368100428
5.793823000	-2.608588219	-0.367230839
5.793824000	-2.600888252	-0.367341594
5.793825000	-2.596526861	-0.368881633
5.793826000	-2.604453087	-0.368525602
5.793827000	-2.604167700	-0.367927123
5.793828000	-2.600839376	-0.369358073
5.793829000	-2.601246119	-0.369144354
5.793830000	-2.604973555	-0.368398735
5.793831000	-2.608143330	-0.367793998
5.793832000	-2.603567839	-0.368316477
5.793833000	-2.597266436	-0.368934930
5.793834000	-2.605252743	-0.369082735
5.793835000	-2.600636482	-0.368906933
5.793836000	-2.603683233	-0.369634409
5.793837000	-2.597993374	-0.369227478
5.793838000	-2.611409426	-0.369471057
5.793839000	-2.604741335	-0.368311350
5.793840000	-2.605967760	-0.369370456
5.793841000	-2.603884459	-0.369450518
5.793842000	-2.605027914	-0.369579448
5.793843000	-2.603826046	-0.369117290
5.793844000	-2.606839418	-0.369803719
5.793845000	-2.607618809	-0.370082452
5.793846000	-2.604740143	-0.369061996
5.793847000	-2.601667166	-0.370508392
5.793848000	-2.599662066	-0.370110282
5.793849000	-2.609305620	-0.371147084
5.793850000	-2.610570669	-0.370440514
5.793851000	-2.600302219	-0.371010264
5.793852000	-2.607846260	-0.370345706
5.793853000	-2.607369661	-0.370836926
5.793854000	-2.602504492	-0.372386952
5.793855000	-2.598634958	-0.370875276
5.793856000	-2.600249052	-0.371599988
5.793857000	-2.606745005	-0.372188347
5.793858000	-2.597318411	-0.371971566
5.793859000	-2.605662346	-0.371823993
5.793860000	-2.600280523	-0.372446541
5.793861000	-2.606764793	-0.372211683
5.793862000	-2.603239059	-0.371805917
5.793863000	-2.600452900	-0.371635009
5.793864000	-2.604213953	-0.372441514
5.793865000	-2.604614019	-0.372807832
5.793866000	-2.613402128	-0.372225265
5.793867000	-2.604887009	-0.372900410
5.793868000	-2.606489182	-0.372970817
5.793869000	-2.603129148	-0.373171819
5.793870000	-2.605405331	-0.373482144
5.793871000	-2.604975224	-0.372664787
5.793872000	-2.600325823	-0.373101279
5.793873000	-2.602380753	-0.373023947
5.793874000	-2.603411436	-0.373491998
5.793875000	-2.608456135	-0.374445576
5.793876000	-2.599913120	-0.373120254
5.793877000	-2.600957870	-0.373208304
5.793878000	-2.611452579	-0.374300533
5.793879000	-2.597680807	-0.373865340
5.793880000	-2.600192070	-0.373808814
5.793881000	-2.606138945	-0.374283722
5.793882000	-2.601694107	-0.375225882
5.793883000	-2.602067947	-0.374715587
5.793884000	-2.604549646	-0.374751440
5.793885000	-2.604315758	-0.374264914
5.793886000	-2.605309963	-0.374835929
5.793887000	-2.600000143	-0.375079575
5.793888000	-2.600467682	-0.375993205
5.793889000	-2.608062506	-0.375660510
5.793890000	-2.610349178	-0.375268959
5.793891000	-2.610671759	-0.375222520
5.793892000	-2.604930401	-0.376223436
5.793893000	-2.607924461	-0.375665037
5.793894000	-2.608626604	-0.375852091
5.793895000	-2.595714569	-0.375788641
5.793896000	-2.603803158	-0.375920168
5.793897000	-2.606186628	-0.374896749
5.793898000	-2.605010033	-0.376301133
5.793899000	-2.608663082	-0.376599541
5.793900000	-2.604049683	-0.376840656
5.793901000	-2.601449013	-0.376802307
5.793902000	-2.597069025	-0.377300052
5.793903000	-2.600658178	-0.377233406
5.793904000	-2.595808268	-0.377048183
5.793905000	-2.604854584	-0.377477418
5.793906000	-2.607190609	-0.377389734
5.793907000	-2.601429224	-0.377143125
5.793908000	-2.607707739	-0.377597693
5.793909000	-2.604777813	-0.377678187
5.793910000	-2.606570482	-0.378021635
5.793911000	-2.599029303	-0.377347622
5.793912000	-2.605541229	-0.377038962
5.793913000	-2.608125925	-0.376939626
5.793914000	-2.604073048	-0.377827424
5.793915000	-2.616231918	-0.377137666
5.793916000	-2.605829954	-0.377496493
5.793917000	-2.610169888	-0.378094107
5.793918000	-2.605452538	-0.377592500
5.793919000	-2.613261700	-0.377968705
5.793920000	-2.608531475	-0.377830420
5.793921000	-2.610446453	-0.378731135
5.793922000	-2.609345198	-0.378750842
5.793923000	-2.607071877	-0.378890425
5.793924000	-2.610319138	-0.378749244
5.793925000	-2.607402325	-0.379351318
5.793926000	-2.609841824	-0.379120489
5.793927000	-2.606230497	-0.378640021
5.793928000	-2.605459690	-0.379409542
5.793929000	-2.606016636	-0.379324321
5.793930000	-2.605374336	-0.379035601
5.793931000	-2.607346058	-0.380021536
5.793932000	-2.607498169	-0.380121305
5.793933000	-2.610512733	-0.379244226
5.793934000	-2.611536264	-0.378828440
5.793935000	-2.608766317	-0.380414519
5.793936000	-2.617416620	-0.380541185
5.793937000	-2.606033802	-0.380978144
5.793938000	-2.605394363	-0.380118542
5.793939000	-2.616931200	-0.380874646
5.793940000	-2.600504875	-0.380643384
5.793941000	-2.602480412	-0.381293362
5.793942000	-2.604917526	-0.380374705
5.793943000	-2.611052036	-0.380869953
5.793944000	-2.606107712	-0.380687426
5.793945000	-2.611336946	-0.381439303
5.793946000	-2.614193678	-0.381507047
5.793947000	-2.609584808	-0.381019323
5.793948000	-2.601074457	-0.381497826
5.793949000	-2.608128309	-0.381836813
5.793950000	-2.613795280	-0.381596496
5.793951000	-2.613832474	-0.380651840
5.793952000	-2.611021519	-0.381306212
5.793953000	-2.606258631	-0.381561908
5.793954000	-2.612236738	-0.381710613
5.793955000	-2.611616135	-0.382344845
5.793956000	-2.610593319	-0.381483811
5.793957000	-2.608176470	-0.383666139
5.793958000	-2.605607271	-0.382363786
5.793959000	-2.604498625	-0.383891009
5.793960000	-2.605950594	-0.383249587
5.793961000	-2.607541561	-0.382294577
