D:\KID metingen\Entropy ADR\LT343chip5_BF_20240530_mapping\S21\Power\KID357_112dBm_.dat
Power at KID:112dBm
resonance Frequency in GHz :7.723316
Q=12396.975924, Qc=12799.905186, Qi=393816.313212  S21min=-30.039559


Temperature in K:0.100001
GHz	dB	Rad
7.722687000	1.261828780	0.045266565
7.722688000	1.292110324	0.045303087
7.722689000	1.300155759	0.044517538
7.722690000	1.242009997	0.040952668
7.722691000	1.265897393	0.049235395
7.722692000	1.260862947	0.034632344
7.722693000	1.244898319	0.038312148
7.722694000	1.267608762	0.042494360
7.722695000	1.272845864	0.040246431
7.722696000	1.249879837	0.037703428
7.722697000	1.233584881	0.044576340
7.722698000	1.232517958	0.033736259
7.722699000	1.271598577	0.045263631
7.722700000	1.173184991	0.037198801
7.722701000	1.228955030	0.037660701
7.722702000	1.259237885	0.037552032
7.722703000	1.154730558	0.045735127
7.722704000	1.235969305	0.032054373
7.722705000	1.126968026	0.039250854
7.722706000	1.236652970	0.025206102
7.722707000	1.206132054	0.032214258
7.722708000	1.226139069	0.032997317
7.722709000	1.297816634	0.035994844
7.722710000	1.237908959	0.036485873
7.722711000	1.238430023	0.022467147
7.722712000	1.241354704	0.027874822
7.722713000	1.279195666	0.029374128
7.722714000	1.237461805	0.029780876
7.722715000	1.264371991	0.030736888
7.722716000	1.188465357	0.024984325
7.722717000	1.219059587	0.025098997
7.722718000	1.254782319	0.023275670
7.722719000	1.255930424	0.016975584
7.722720000	1.199526191	0.018229914
7.722721000	1.261951923	0.021113720
7.722722000	1.220967889	0.019418100
7.722723000	1.295459151	0.015017644
7.722724000	1.271287918	0.028112767
7.722725000	1.286285877	0.019792151
7.722726000	1.151511550	0.015277312
7.722727000	1.213630319	0.006945116
7.722728000	1.276198983	0.021140751
7.722729000	1.257564425	0.015925244
7.722730000	1.184919715	0.019243923
7.722731000	1.263642430	0.015584179
7.722732000	1.235359907	0.016325523
7.722733000	1.244965911	0.011945387
7.722734000	1.190913439	0.007886924
7.722735000	1.200299978	0.008968226
7.722736000	1.231378794	0.007985320
7.722737000	1.173262119	0.008249364
7.722738000	1.128968954	0.009809395
7.722739000	1.216451168	0.009036341
7.722740000	1.312168598	-0.000206320
7.722741000	1.258875608	0.007007125
7.722742000	1.187638640	0.000292128
7.722743000	1.202542663	0.001247579
7.722744000	1.181580186	0.006343581
7.722745000	1.248159885	0.003026464
7.722746000	1.195894361	-0.000482093
7.722747000	1.208554268	0.000761087
7.722748000	1.233222961	0.002396328
7.722749000	1.182586074	0.003934801
7.722750000	1.212643504	-0.002904372
7.722751000	1.234539151	-0.007876374
7.722752000	1.258470416	-0.002595796
7.722753000	1.208696842	-0.000139063
7.722754000	1.207742214	-0.007668953
7.722755000	1.270782113	-0.010304897
7.722756000	1.237996936	-0.010280016
7.722757000	1.200306535	-0.013195425
7.722758000	1.238766074	-0.009958911
7.722759000	1.192422986	-0.017653797
7.722760000	1.209686875	-0.013655353
7.722761000	1.168455243	-0.008223560
7.722762000	1.222888589	-0.008839770
7.722763000	1.257658839	-0.015992195
7.722764000	1.255572796	-0.020703974
7.722765000	1.107230306	-0.016700016
7.722766000	1.214037180	-0.019928162
7.722767000	1.087491989	-0.013902949
7.722768000	1.223818421	-0.011459219
7.722769000	1.190901160	-0.019777516
7.722770000	1.171311617	-0.021544355
7.722771000	1.234627128	-0.019347716
7.722772000	1.221661091	-0.019404143
7.722773000	1.174531817	-0.021706933
7.722774000	1.241514802	-0.028433853
7.722775000	1.190647244	-0.021972691
7.722776000	1.237189054	-0.029139687
7.722777000	1.166885138	-0.030385370
7.722778000	1.200950742	-0.031471894
7.722779000	1.169379115	-0.035865843
7.722780000	1.137711287	-0.028705046
7.722781000	1.166170716	-0.026872302
7.722782000	1.211698532	-0.026488830
7.722783000	1.168019056	-0.036351745
7.722784000	1.203694940	-0.025172650
7.722785000	1.089187264	-0.030146185
7.722786000	1.208767056	-0.013882620
7.722787000	1.230449200	-0.031132938
7.722788000	1.128692865	-0.031794459
7.722789000	1.183417678	-0.039881099
7.722790000	1.130146623	-0.037171229
7.722791000	1.119096875	-0.026332898
7.722792000	1.140389800	-0.042782580
7.722793000	1.196754575	-0.040076097
7.722794000	1.171668649	-0.037522525
7.722795000	1.154980540	-0.036359140
7.722796000	1.188387632	-0.041206301
7.722797000	1.173822999	-0.046666085
7.722798000	1.176162839	-0.046017039
7.722799000	1.131364822	-0.046610258
7.722800000	1.221282840	-0.048734238
7.722801000	1.140467405	-0.044164187
7.722802000	1.123736501	-0.046985527
7.722803000	1.106655836	-0.050757424
7.722804000	1.187829375	-0.050777714
7.722805000	1.187198162	-0.052424559
7.722806000	1.169178009	-0.050433551
7.722807000	1.171038270	-0.055000572
7.722808000	1.095342040	-0.061506633
7.722809000	1.091916919	-0.052266026
7.722810000	1.085378647	-0.055415576
7.722811000	1.163344026	-0.064979866
7.722812000	1.174616337	-0.058626620
7.722813000	1.116422772	-0.053302387
7.722814000	1.139411688	-0.064596104
7.722815000	1.174793720	-0.064334012
7.722816000	1.106384516	-0.065674559
7.722817000	1.099024892	-0.064941533
7.722818000	1.104958892	-0.068140509
7.722819000	1.159417272	-0.070060894
7.722820000	1.028235674	-0.075811042
7.722821000	1.055551291	-0.065705502
7.722822000	1.087077618	-0.065642739
7.722823000	1.195765495	-0.076849957
7.722824000	1.061910272	-0.062999614
7.722825000	1.087319136	-0.076890895
7.722826000	1.117149472	-0.077353054
7.722827000	1.066849232	-0.076927713
7.722828000	1.091339827	-0.078095418
7.722829000	1.129204988	-0.063789940
7.722830000	1.166438818	-0.066452282
7.722831000	1.127707243	-0.071242122
7.722832000	1.149204016	-0.081537837
7.722833000	1.085930943	-0.077169953
7.722834000	1.064817786	-0.081139919
7.722835000	1.115564466	-0.086238449
7.722836000	1.126452565	-0.084625464
7.722837000	1.141583204	-0.080137805
7.722838000	1.123360872	-0.086474713
7.722839000	1.084577203	-0.093176966
7.722840000	1.071954250	-0.091470054
7.722841000	1.080148697	-0.092740857
7.722842000	1.126472712	-0.091147504
7.722843000	1.041577697	-0.095378351
7.722844000	0.998742044	-0.091395935
7.722845000	1.063603044	-0.094007323
7.722846000	1.046580195	-0.098198165
7.722847000	1.073850989	-0.098144785
7.722848000	1.043377519	-0.100390088
7.722849000	1.087359190	-0.102707529
7.722850000	1.025534511	-0.103095477
7.722851000	1.051856160	-0.101291826
7.722852000	1.061923862	-0.103360394
7.722853000	1.038722515	-0.109626064
7.722854000	1.015305042	-0.112811154
7.722855000	1.022723198	-0.104312932
7.722856000	1.032882452	-0.110837069
7.722857000	1.113137245	-0.110247304
7.722858000	1.045825720	-0.111062082
7.722859000	1.068623662	-0.116561834
7.722860000	1.004093885	-0.104359504
7.722861000	1.101127505	-0.107363117
7.722862000	1.007101536	-0.117119708
7.722863000	1.020863771	-0.112695115
7.722864000	1.064953923	-0.114241072
7.722865000	1.073313713	-0.118228740
7.722866000	1.008478045	-0.113123876
7.722867000	1.004265070	-0.112664439
7.722868000	1.085828900	-0.121505668
7.722869000	0.960633993	-0.129195662
7.722870000	0.988137901	-0.123765194
7.722871000	0.984223843	-0.138519747
7.722872000	1.072138071	-0.126768324
7.722873000	1.014656305	-0.129775723
7.722874000	1.067967415	-0.127425076
7.722875000	0.922915637	-0.126886460
7.722876000	1.003670096	-0.136860830
7.722877000	0.996824145	-0.132629392
7.722878000	0.990052342	-0.136932386
7.722879000	1.005449414	-0.136212575
7.722880000	1.038305998	-0.141039946
7.722881000	1.000634670	-0.138732974
7.722882000	1.066445827	-0.135409907
7.722883000	0.976109803	-0.145539323
7.722884000	1.043108225	-0.142502837
7.722885000	0.982144058	-0.134698660
7.722886000	0.982139826	-0.141891425
7.722887000	0.978477478	-0.138645456
7.722888000	0.976830363	-0.145056293
7.722889000	1.000380158	-0.141009819
7.722890000	0.930063725	-0.147578306
7.722891000	0.983508050	-0.149808937
7.722892000	0.969714761	-0.153415839
7.722893000	0.985760331	-0.151330717
7.722894000	0.999809802	-0.158932444
7.722895000	1.018751979	-0.153647850
7.722896000	0.896278918	-0.151116515
7.722897000	1.000675201	-0.160410482
7.722898000	0.932196140	-0.154216002
7.722899000	0.984330058	-0.162203505
7.722900000	0.923569024	-0.163526247
7.722901000	0.958316863	-0.165555359
7.722902000	0.954257250	-0.168822775
7.722903000	0.932972968	-0.167329574
7.722904000	0.932003558	-0.169041554
7.722905000	0.954000533	-0.168353143
7.722906000	0.921700060	-0.165500232
7.722907000	0.921560407	-0.165889619
7.722908000	0.917567968	-0.171066638
7.722909000	0.908818722	-0.176709161
7.722910000	0.932561457	-0.170122165
7.722911000	0.885102391	-0.178902357
7.722912000	0.965718746	-0.190989996
7.722913000	0.915183842	-0.187074134
7.722914000	0.804710507	-0.184875960
7.722915000	0.850257933	-0.180915341
7.722916000	0.881156027	-0.183818902
7.722917000	0.911444366	-0.187450055
7.722918000	0.855838001	-0.191512475
7.722919000	0.852170229	-0.190567835
7.722920000	0.873663604	-0.190366766
7.722921000	0.864662886	-0.194022604
7.722922000	0.849817991	-0.194851729
7.722923000	0.809000909	-0.194379867
7.722924000	0.844982862	-0.202335611
7.722925000	0.838803887	-0.192863280
7.722926000	0.872055292	-0.204993779
7.722927000	0.814687848	-0.203333098
7.722928000	0.806677401	-0.199548563
7.722929000	0.772749007	-0.205145845
7.722930000	0.795209110	-0.212989604
7.722931000	0.801268041	-0.205818077
7.722932000	0.827275395	-0.202962752
7.722933000	0.790681958	-0.203194514
7.722934000	0.805249870	-0.210170698
7.722935000	0.801025271	-0.211783125
7.722936000	0.738223135	-0.215146565
7.722937000	0.784633100	-0.215713685
7.722938000	0.728046954	-0.220036794
7.722939000	0.832135856	-0.212034494
7.722940000	0.735842168	-0.216582724
7.722941000	0.750770390	-0.212898923
7.722942000	0.760641277	-0.215864004
7.722943000	0.758821070	-0.215616463
7.722944000	0.711423635	-0.227544711
7.722945000	0.785726190	-0.224133785
7.722946000	0.754037023	-0.227997832
7.722947000	0.712453425	-0.227367262
7.722948000	0.748105943	-0.237265682
7.722949000	0.790165067	-0.227652902
7.722950000	0.723955333	-0.234467782
7.722951000	0.711629689	-0.229941556
7.722952000	0.689582765	-0.237852510
7.722953000	0.661900818	-0.238459860
7.722954000	0.726575971	-0.231868387
7.722955000	0.632408917	-0.258586167
7.722956000	0.720123231	-0.247860552
7.722957000	0.728623092	-0.252955795
7.722958000	0.688961804	-0.244926731
7.722959000	0.680956066	-0.251033309
7.722960000	0.720902264	-0.253609685
7.722961000	0.640472412	-0.251332283
7.722962000	0.650267482	-0.254810105
7.722963000	0.625442505	-0.260325278
7.722964000	0.553868949	-0.258751134
7.722965000	0.559450865	-0.263821077
7.722966000	0.615310252	-0.264582691
7.722967000	0.612405181	-0.256722238
7.722968000	0.586132228	-0.263369621
7.722969000	0.649597645	-0.272209119
7.722970000	0.552723289	-0.266886924
7.722971000	0.597860277	-0.268350215
7.722972000	0.590757072	-0.268175811
7.722973000	0.595393836	-0.269729999
7.722974000	0.557446778	-0.284492017
7.722975000	0.601108432	-0.271440364
7.722976000	0.575237155	-0.272913525
7.722977000	0.572008371	-0.275079524
7.722978000	0.620383859	-0.280703005
7.722979000	0.631745934	-0.280763292
7.722980000	0.593094468	-0.285395661
7.722981000	0.583669960	-0.287359143
7.722982000	0.508896053	-0.288798249
7.722983000	0.456208587	-0.295449427
7.722984000	0.592772305	-0.289459012
7.722985000	0.480206221	-0.300715861
7.722986000	0.467634320	-0.309879732
7.722987000	0.417704374	-0.313997878
7.722988000	0.520738542	-0.301851300
7.722989000	0.535041511	-0.310524650
7.722990000	0.501641393	-0.315359019
7.722991000	0.446308494	-0.316321419
7.722992000	0.426205337	-0.314663701
7.722993000	0.456233650	-0.318040656
7.722994000	0.407872826	-0.307852467
7.722995000	0.372046471	-0.313658058
7.722996000	0.421082646	-0.319043603
7.722997000	0.398679703	-0.328454315
7.722998000	0.408654213	-0.321282689
7.722999000	0.355267435	-0.329418712
7.723000000	0.387555033	-0.345665893
7.723001000	0.338146776	-0.338404884
7.723002000	0.313575238	-0.341774348
7.723003000	0.356227845	-0.343313056
7.723004000	0.290408820	-0.348914283
7.723005000	0.270521462	-0.350454589
7.723006000	0.346763134	-0.341882739
7.723007000	0.404602438	-0.345751979
7.723008000	0.303933680	-0.352358450
7.723009000	0.332565933	-0.348137905
7.723010000	0.339363307	-0.340790344
7.723011000	0.348006010	-0.348874935
7.723012000	0.243152067	-0.344663978
7.723013000	0.298102140	-0.351316854
7.723014000	0.238807097	-0.360754997
7.723015000	0.274622291	-0.359699320
7.723016000	0.286147684	-0.362495240
7.723017000	0.213073716	-0.363555810
7.723018000	0.213251412	-0.365376514
7.723019000	0.237327009	-0.368075794
7.723020000	0.187258780	-0.373104142
7.723021000	0.240072802	-0.364264710
7.723022000	0.209272519	-0.364870413
7.723023000	0.224982053	-0.360491011
7.723024000	0.236862242	-0.370811426
7.723025000	0.263938665	-0.382276534
7.723026000	0.161401257	-0.380862063
7.723027000	0.072185710	-0.391421064
7.723028000	0.189267084	-0.384639191
7.723029000	0.126346305	-0.381499923
7.723030000	0.068114579	-0.383493932
7.723031000	0.194633260	-0.392603208
7.723032000	0.104390740	-0.387308244
7.723033000	0.121508151	-0.387431615
7.723034000	0.042661481	-0.398613663
7.723035000	0.151906729	-0.389161006
7.723036000	0.010740337	-0.386946820
7.723037000	0.135510474	-0.405610686
7.723038000	0.031604648	-0.405046429
7.723039000	0.038555123	-0.409208783
7.723040000	0.101316489	-0.409003786
7.723041000	0.059265114	-0.416513834
7.723042000	-0.031131929	-0.417492146
7.723043000	-0.120110691	-0.420990142
7.723044000	-0.011812566	-0.415412018
7.723045000	-0.011241147	-0.440089101
7.723046000	-0.050269969	-0.426266596
7.723047000	-0.067859910	-0.428820667
7.723048000	-0.141764835	-0.438357913
7.723049000	-0.108213715	-0.447369984
7.723050000	-0.172909573	-0.447873754
7.723051000	-0.256264776	-0.446891480
7.723052000	-0.209128708	-0.458007182
7.723053000	-0.130496562	-0.438827362
7.723054000	-0.231555462	-0.454663983
7.723055000	-0.227752268	-0.462558491
7.723056000	-0.239575833	-0.473210936
7.723057000	-0.246977121	-0.475013063
7.723058000	-0.291781604	-0.473988146
7.723059000	-0.288372457	-0.463717698
7.723060000	-0.232668310	-0.467338532
7.723061000	-0.264504761	-0.462411351
7.723062000	-0.276947439	-0.465874093
7.723063000	-0.368525863	-0.480175934
7.723064000	-0.323107243	-0.482968558
7.723065000	-0.430865884	-0.491993312
7.723066000	-0.335611045	-0.475418563
7.723067000	-0.385010928	-0.498960474
7.723068000	-0.340172708	-0.485386309
7.723069000	-0.449777395	-0.482604337
7.723070000	-0.448200077	-0.491558884
7.723071000	-0.385334432	-0.492644721
7.723072000	-0.432722390	-0.494028500
7.723073000	-0.398455352	-0.490108793
7.723074000	-0.433024943	-0.492914932
7.723075000	-0.429433227	-0.492671419
7.723076000	-0.649481416	-0.517938094
7.723077000	-0.471521139	-0.510756214
7.723078000	-0.561397433	-0.515084916
7.723079000	-0.542136312	-0.513104789
7.723080000	-0.499181896	-0.515974478
7.723081000	-0.649214268	-0.519126795
7.723082000	-0.711097598	-0.534210674
7.723083000	-0.665051281	-0.532208942
7.723084000	-0.763104141	-0.547435399
7.723085000	-0.711602688	-0.538518603
7.723086000	-0.733148277	-0.549497718
7.723087000	-0.842696607	-0.550882528
7.723088000	-0.801804304	-0.554234516
7.723089000	-0.884268939	-0.564443344
7.723090000	-0.894882083	-0.561590899
7.723091000	-0.998014688	-0.567705850
7.723092000	-0.906815231	-0.568530897
7.723093000	-0.788139939	-0.556735291
7.723094000	-0.738855660	-0.546212209
7.723095000	-0.803683639	-0.560007650
7.723096000	-0.811999083	-0.549106433
7.723097000	-0.867646396	-0.561828253
7.723098000	-0.880381942	-0.568399404
7.723099000	-0.918341637	-0.567440666
7.723100000	-0.910954535	-0.568878440
7.723101000	-0.980601072	-0.577161470
7.723102000	-0.938391209	-0.590122143
7.723103000	-0.912460089	-0.574298505
7.723104000	-0.963312387	-0.578431065
7.723105000	-1.035643101	-0.593486514
7.723106000	-1.032348871	-0.588463260
7.723107000	-1.089785576	-0.579938481
7.723108000	-1.076279879	-0.595219300
7.723109000	-1.134651303	-0.594041051
7.723110000	-1.074739933	-0.591107978
7.723111000	-1.164263248	-0.606180738
7.723112000	-1.127072453	-0.606063758
7.723113000	-1.224124193	-0.595052719
7.723114000	-1.295895338	-0.615759263
7.723115000	-1.223520279	-0.611300266
7.723116000	-1.282287240	-0.611394675
7.723117000	-1.513204575	-0.636929396
7.723118000	-1.443381071	-0.641953915
7.723119000	-1.476250052	-0.634635815
7.723120000	-1.371641755	-0.637055896
7.723121000	-1.485411286	-0.634848668
7.723122000	-1.472673774	-0.637095311
7.723123000	-1.519480944	-0.633138519
7.723124000	-1.514681816	-0.643615329
7.723125000	-1.563168645	-0.641643058
7.723126000	-1.589914083	-0.660857233
7.723127000	-1.801404715	-0.665063096
7.723128000	-1.675099373	-0.659204075
7.723129000	-1.574311137	-0.653742931
7.723130000	-1.703316927	-0.664871349
7.723131000	-1.596493363	-0.664595978
7.723132000	-1.756932735	-0.674802543
7.723133000	-1.851697564	-0.692235196
7.723134000	-1.934252143	-0.696536334
7.723135000	-1.935188532	-0.696563032
7.723136000	-1.937887788	-0.694681775
7.723137000	-1.950775623	-0.694732043
7.723138000	-1.996158600	-0.695735056
7.723139000	-2.022905350	-0.699422136
7.723140000	-2.015271187	-0.710081305
7.723141000	-2.033945560	-0.704538933
7.723142000	-2.043312788	-0.708877489
7.723143000	-2.154205561	-0.722426920
7.723144000	-2.175005436	-0.713594547
7.723145000	-2.217547417	-0.727042245
7.723146000	-2.266676188	-0.725436093
7.723147000	-2.369725704	-0.737836503
7.723148000	-2.312787294	-0.739445851
7.723149000	-2.280163288	-0.736696071
7.723150000	-2.293303490	-0.721513523
7.723151000	-2.303150654	-0.744313777
7.723152000	-2.504209042	-0.759906785
7.723153000	-2.495980740	-0.742933660
7.723154000	-2.585560799	-0.757219722
7.723155000	-2.575986862	-0.751673489
7.723156000	-2.604535341	-0.754027990
7.723157000	-2.747134924	-0.770819287
7.723158000	-2.767786264	-0.771900264
7.723159000	-2.747631311	-0.778635732
7.723160000	-2.918564081	-0.778648315
7.723161000	-2.836027384	-0.783852798
7.723162000	-2.792370558	-0.787719574
7.723163000	-2.847403526	-0.780730840
7.723164000	-2.959726334	-0.774866693
7.723165000	-2.924037695	-0.789370335
7.723166000	-3.127407789	-0.802170619
7.723167000	-3.072874546	-0.817186453
7.723168000	-3.003946304	-0.807254993
7.723169000	-3.080415249	-0.805900309
7.723170000	-3.262285948	-0.814545862
7.723171000	-3.116207123	-0.813386921
7.723172000	-3.192203283	-0.815445412
7.723173000	-3.306843519	-0.829541656
7.723174000	-3.511797428	-0.836841447
7.723175000	-3.488679886	-0.845056301
7.723176000	-3.539987803	-0.835524181
7.723177000	-3.533907652	-0.841972826
7.723178000	-3.574649811	-0.843004269
7.723179000	-3.500112534	-0.849195186
7.723180000	-3.776986599	-0.847655479
7.723181000	-3.819053650	-0.844288112
7.723182000	-3.854830742	-0.865218827
7.723183000	-3.910223484	-0.861911647
7.723184000	-4.077489853	-0.877890946
7.723185000	-3.996578217	-0.880567623
7.723186000	-4.153478622	-0.893158117
7.723187000	-4.114236832	-0.877158910
7.723188000	-4.146785259	-0.894843232
7.723189000	-4.404944897	-0.903648308
7.723190000	-4.432034492	-0.903681198
7.723191000	-4.437494755	-0.914567269
7.723192000	-4.390264511	-0.911278664
7.723193000	-4.447829247	-0.913465985
7.723194000	-4.673456192	-0.912972301
7.723195000	-4.695342064	-0.910040760
7.723196000	-4.684380531	-0.938910891
7.723197000	-4.797266006	-0.919077532
7.723198000	-4.853178501	-0.920631886
7.723199000	-4.964680195	-0.941103139
7.723200000	-4.909512043	-0.942038974
7.723201000	-4.882653713	-0.939998127
7.723202000	-5.088276386	-0.939360566
7.723203000	-5.145347118	-0.942540380
7.723204000	-5.158736229	-0.944710857
7.723205000	-5.095079422	-0.960974449
7.723206000	-5.314477921	-0.951955121
7.723207000	-5.467341423	-0.958095971
7.723208000	-5.382208347	-0.970288189
7.723209000	-5.303060055	-0.948488950
7.723210000	-5.549853325	-0.978928016
7.723211000	-5.783555984	-0.983447667
7.723212000	-5.694777012	-0.993885594
7.723213000	-5.769043922	-0.976352206
7.723214000	-6.166525841	-0.993992986
7.723215000	-5.782811642	-1.002224350
7.723216000	-5.633623123	-0.962636727
7.723217000	-5.729539871	-0.971449260
7.723218000	-6.007920742	-0.995283087
7.723219000	-5.993165970	-0.978613097
7.723220000	-5.999785423	-0.987250794
7.723221000	-6.110339165	-0.999283954
7.723222000	-6.073331356	-0.989336582
7.723223000	-6.274633884	-0.996133834
7.723224000	-6.147785664	-1.011516319
7.723225000	-6.004897118	-1.004621395
7.723226000	-6.503573895	-1.004570862
7.723227000	-6.846714973	-1.045564434
7.723228000	-6.708198547	-1.027155400
7.723229000	-6.964380264	-1.036796908
7.723230000	-6.984075546	-1.057317164
7.723231000	-7.000136375	-1.030818445
7.723232000	-7.179144382	-1.051869535
7.723233000	-7.457718849	-1.060516486
7.723234000	-7.462797165	-1.055955290
7.723235000	-7.471142769	-1.076433401
7.723236000	-7.613889694	-1.071065334
7.723237000	-7.553367615	-1.039154205
7.723238000	-7.598702431	-1.065860851
7.723239000	-7.718178272	-1.073869709
7.723240000	-8.150687218	-1.071652694
7.723241000	-8.267993927	-1.059671265
7.723242000	-8.046366692	-1.079541842
7.723243000	-8.598489761	-1.089134016
7.723244000	-8.769083023	-1.085730829
7.723245000	-8.698425293	-1.086597222
7.723246000	-8.787784576	-1.117587961
7.723247000	-8.816251755	-1.112569700
7.723248000	-9.040889740	-1.099066408
7.723249000	-9.184007645	-1.094870465
7.723250000	-9.130898476	-1.094567797
7.723251000	-9.445256233	-1.109594617
7.723252000	-9.014706612	-1.108577622
7.723253000	-9.173225403	-1.123442655
7.723254000	-9.524768829	-1.104646929
7.723255000	-9.513527870	-1.110976797
7.723256000	-9.891612053	-1.124956662
7.723257000	-10.188821793	-1.137260866
7.723258000	-9.648700714	-1.119744323
7.723259000	-10.025733948	-1.134199695
7.723260000	-10.265256882	-1.132572770
7.723261000	-10.485876083	-1.102688174
7.723262000	-10.560620308	-1.142332989
7.723263000	-10.244037628	-1.139502049
7.723264000	-10.675531387	-1.147019487
7.723265000	-10.796646118	-1.129819860
7.723266000	-10.846132278	-1.180325246
7.723267000	-11.030950546	-1.159387473
7.723268000	-11.391902924	-1.162287522
7.723269000	-11.365956306	-1.140271969
7.723270000	-11.353307724	-1.145403214
7.723271000	-11.652877808	-1.142311817
7.723272000	-11.707007408	-1.167939816
7.723273000	-11.962411880	-1.168993495
7.723274000	-13.360143661	-1.156170907
7.723275000	-13.473479271	-1.117867860
7.723276000	-12.663704872	-1.162435594
7.723277000	-12.757005692	-1.155018957
7.723278000	-13.745499611	-1.154865292
7.723279000	-14.309810638	-1.184411067
7.723280000	-13.345255852	-1.164917394
7.723281000	-13.563367844	-1.171902599
7.723282000	-13.698684692	-1.158059754
7.723283000	-14.248674393	-1.162867426
7.723284000	-14.516356468	-1.213066281
7.723285000	-14.064353943	-1.145245289
7.723286000	-14.702030182	-1.137259135
7.723287000	-15.340950012	-1.130133581
7.723288000	-16.050527573	-1.173984925
7.723289000	-16.432155609	-1.157625659
7.723290000	-16.505558014	-1.199408260
7.723291000	-16.536756516	-1.170041449
7.723292000	-16.688743591	-1.238031952
7.723293000	-16.917228699	-1.103686327
7.723294000	-18.153272629	-1.103662758
7.723295000	-18.993356705	-1.095848111
7.723296000	-18.069702148	-1.042115374
7.723297000	-17.272863388	-1.181271334
7.723298000	-19.497323990	-1.075931195
7.723299000	-19.575490952	-1.103250501
7.723300000	-19.998842239	-1.157044424
7.723301000	-19.070070267	-1.082084762
7.723302000	-22.249652863	-1.021981477
7.723303000	-23.038410187	-0.942434120
7.723304000	-24.665744781	-0.734538378
7.723305000	-25.021430969	-0.756943086
7.723306000	-24.996862411	-0.775530219
7.723307000	-26.641557693	-0.642600132
7.723308000	-25.032762527	-0.595155251
7.723309000	-24.660795212	-0.914650958
7.723310000	-26.282350540	-0.591642541
7.723311000	-26.902957916	-0.764852208
7.723312000	-27.039161682	-0.785220397
7.723313000	-28.473894119	-0.413060812
7.723314000	-28.647838593	-0.402309864
7.723315000	-27.503301620	-0.182380612
7.723316000	-28.727390289	0.263114124
7.723317000	-28.648065567	0.424572293
7.723318000	-28.579708099	0.324019353
7.723319000	-27.683504105	0.409570440
7.723320000	-25.980102539	0.729992895
7.723321000	-27.449731827	0.432079877
7.723322000	-27.960367203	0.440032309
7.723323000	-28.464708328	0.502110727
7.723324000	-27.140806198	0.555574951
7.723325000	-27.890508652	0.456986059
7.723326000	-27.530904770	0.432336506
7.723327000	-22.893115997	0.961036767
7.723328000	-21.609182358	0.980880646
7.723329000	-23.307558060	1.035339227
7.723330000	-20.791187286	1.131782610
7.723331000	-21.564815521	1.081954001
7.723332000	-22.251182556	1.046978839
7.723333000	-20.722347260	1.041746993
7.723334000	-19.767036438	1.079879531
7.723335000	-19.811246872	1.169791378
7.723336000	-18.151748657	1.218873171
7.723337000	-20.713094711	1.090043086
7.723338000	-19.586055756	1.100594397
7.723339000	-19.155258179	1.203268911
7.723340000	-19.408739090	1.131649186
7.723341000	-18.918737411	1.167100121
7.723342000	-18.746723175	1.249554118
7.723343000	-18.825708389	1.150861097
7.723344000	-18.686960220	1.153174851
7.723345000	-19.288286209	1.240877939
7.723346000	-16.602153778	1.191216909
7.723347000	-16.060403824	1.172727913
7.723348000	-15.787955284	1.204095556
7.723349000	-14.611930847	1.261390405
7.723350000	-14.417976379	1.229823956
7.723351000	-14.157806396	1.213705973
7.723352000	-15.599267006	1.211791959
7.723353000	-14.955967903	1.200149684
7.723354000	-15.018655777	1.212169728
7.723355000	-14.792282104	1.241124947
7.723356000	-15.185376167	1.231165124
7.723357000	-14.220226288	1.233427479
7.723358000	-13.857507706	1.214727561
7.723359000	-13.402648926	1.212991313
7.723360000	-13.323281288	1.162132393
7.723361000	-13.458727837	1.199205460
7.723362000	-13.888554573	1.208370729
7.723363000	-14.826675415	1.195650672
7.723364000	-13.622700691	1.239416130
7.723365000	-13.301602364	1.231074177
7.723366000	-13.356979370	1.187800073
7.723367000	-12.227519989	1.187111246
7.723368000	-12.252808571	1.245521427
7.723369000	-12.247200966	1.199894686
7.723370000	-11.891401291	1.229147913
7.723371000	-11.784272194	1.191190677
7.723372000	-11.968956947	1.179629894
7.723373000	-11.721602440	1.212057875
7.723374000	-12.091968536	1.176071378
7.723375000	-11.496085167	1.190184934
7.723376000	-11.418229103	1.180048011
7.723377000	-11.244947433	1.213658302
7.723378000	-11.016445160	1.171022158
7.723379000	-10.931891441	1.179243869
7.723380000	-10.695224762	1.183778300
7.723381000	-10.784374237	1.158149769
7.723382000	-10.633981705	1.195064644
7.723383000	-10.554433823	1.159933288
7.723384000	-10.521955490	1.188346154
7.723385000	-10.087145805	1.167881359
7.723386000	-9.990199089	1.216383914
7.723387000	-9.881241798	1.162965164
7.723388000	-10.770860672	1.189650571
7.723389000	-10.414994240	1.173113006
7.723390000	-10.591706276	1.178358901
7.723391000	-10.499827385	1.206048852
7.723392000	-10.144094467	1.151659113
7.723393000	-9.730937958	1.160405067
7.723394000	-9.733228683	1.151682416
7.723395000	-9.607367516	1.135255772
7.723396000	-9.409893990	1.147524555
7.723397000	-9.392567635	1.141850025
7.723398000	-9.165842056	1.141114593
7.723399000	-8.930457115	1.117630572
7.723400000	-8.828703880	1.133073444
7.723401000	-8.872649193	1.120680957
7.723402000	-8.620387077	1.104790807
7.723403000	-8.408371925	1.112834818
7.723404000	-8.483776093	1.117229766
7.723405000	-8.425517082	1.107655636
7.723406000	-7.980933666	1.096522357
7.723407000	-8.150349617	1.122844775
7.723408000	-8.405295372	1.117673715
7.723409000	-8.129677773	1.102368462
7.723410000	-7.869823456	1.095023863
7.723411000	-7.727969170	1.087199829
7.723412000	-7.974333286	1.106364469
7.723413000	-7.944355965	1.077582621
7.723414000	-7.469952106	1.062842358
7.723415000	-8.039829254	1.094162464
7.723416000	-8.049748421	1.079518939
7.723417000	-7.668477535	1.066817658
7.723418000	-7.918459892	1.090544093
7.723419000	-7.963847637	1.087852103
7.723420000	-7.721467018	1.084545523
7.723421000	-7.440243721	1.075243367
7.723422000	-7.408271790	1.062954077
7.723423000	-7.684250355	1.032525065
7.723424000	-7.219178200	1.046507593
7.723425000	-7.110808372	1.046889224
7.723426000	-7.389269829	1.055514803
7.723427000	-6.990866184	1.042685624
7.723428000	-6.864817142	1.034196132
7.723429000	-6.748956680	1.033303041
7.723430000	-6.649386883	1.023880377
7.723431000	-6.825532913	1.033688933
7.723432000	-6.690158367	1.023075237
7.723433000	-6.678283215	1.000614270
7.723434000	-6.670635223	1.017546781
7.723435000	-6.432479382	0.997540050
7.723436000	-6.415112972	0.996282771
7.723437000	-6.512360573	1.004027843
7.723438000	-6.545628071	1.001018072
7.723439000	-6.251196384	1.007646480
7.723440000	-6.100337982	0.977971542
7.723441000	-6.349316597	0.996068853
7.723442000	-6.140836239	0.975791744
7.723443000	-6.023893833	0.952974779
7.723444000	-6.062305450	0.961303815
7.723445000	-6.053052902	0.967208043
7.723446000	-5.963044167	0.969307280
7.723447000	-5.937603951	0.965579387
7.723448000	-5.959690094	0.960666853
7.723449000	-5.781799316	0.942163676
7.723450000	-5.885252953	0.952659261
7.723451000	-6.074301720	0.945005336
7.723452000	-5.720775127	0.942879601
7.723453000	-5.783024311	0.917051865
7.723454000	-5.775208473	0.928368702
7.723455000	-5.841296196	0.927324543
7.723456000	-5.729218960	0.931950786
7.723457000	-5.685454369	0.907639521
7.723458000	-5.670740604	0.894194552
7.723459000	-5.533131123	0.919045174
7.723460000	-5.761342049	0.906726523
7.723461000	-6.006731987	0.930438111
7.723462000	-5.783441544	0.918674196
7.723463000	-5.466527939	0.872014482
7.723464000	-5.465558529	0.870130828
7.723465000	-5.835551739	0.886511266
7.723466000	-5.760595322	0.876859038
7.723467000	-5.620384216	0.881490941
7.723468000	-5.548432350	0.866988564
7.723469000	-5.531496048	0.871709949
7.723470000	-5.599525452	0.873643870
7.723471000	-5.332032204	0.869155645
7.723472000	-5.268579960	0.862582764
7.723473000	-5.528183937	0.847458339
7.723474000	-5.471997261	0.855285835
7.723475000	-5.333850384	0.845939405
7.723476000	-5.032727242	0.833160693
7.723477000	-5.230062485	0.824676993
7.723478000	-5.420714378	0.818177216
7.723479000	-5.187837601	0.800204007
7.723480000	-5.231402397	0.811961930
7.723481000	-5.067901134	0.785307283
7.723482000	-4.832187653	0.800287764
7.723483000	-4.774560928	0.760876775
7.723484000	-4.937369823	0.786010158
7.723485000	-4.890447617	0.789030782
7.723486000	-4.992869377	0.765816273
7.723487000	-5.098972321	0.776576908
7.723488000	-4.919341087	0.777198424
7.723489000	-4.924130917	0.774307829
7.723490000	-4.931783676	0.737491025
7.723491000	-4.728399277	0.733424977
7.723492000	-4.953543186	0.746612152
7.723493000	-4.647946358	0.728417835
7.723494000	-4.923001766	0.739608437
7.723495000	-4.599667549	0.725310724
7.723496000	-5.100265026	0.736399595
7.723497000	-4.856146336	0.731628874
7.723498000	-4.808281898	0.721808801
7.723499000	-4.849248886	0.687281849
7.723500000	-4.765636921	0.707290778
7.723501000	-4.785018921	0.655150345
7.723502000	-4.700278759	0.659633510
7.723503000	-4.957021713	0.689905929
7.723504000	-5.008616924	0.670917923
7.723505000	-4.736442089	0.648625201
7.723506000	-4.800286770	0.596401011
7.723507000	-4.493681431	0.608180039
7.723508000	-4.947187424	0.583715642
7.723509000	-4.949592590	0.577248688
7.723510000	-4.884645939	0.597709622
7.723511000	-4.915569305	0.590037721
7.723512000	-4.771472931	0.594079467
7.723513000	-4.950005054	0.576554203
7.723514000	-4.850724220	0.580479502
7.723515000	-4.980883121	0.610337533
7.723516000	-5.066219330	0.569037763
7.723517000	-4.746930599	0.565146619
7.723518000	-5.427806377	0.542451759
7.723519000	-5.165254593	0.551715498
7.723520000	-5.178655148	0.515854004
7.723521000	-5.040624142	0.517919784
7.723522000	-5.386800289	0.515923146
7.723523000	-5.338822365	0.525108954
7.723524000	-5.520956993	0.499878100
7.723525000	-5.559262753	0.456444938
7.723526000	-5.400738239	0.441664827
7.723527000	-5.422204494	0.462717848
7.723528000	-5.469680309	0.424221621
7.723529000	-5.186711788	0.421077094
7.723530000	-5.242521763	0.452338976
7.723531000	-5.365246296	0.419684427
7.723532000	-5.414318562	0.403009809
7.723533000	-5.468206882	0.365994500
7.723534000	-5.457631111	0.355552013
7.723535000	-5.919310570	0.361155470
7.723536000	-5.532413006	0.364676602
7.723537000	-5.756181240	0.363185764
7.723538000	-6.088896275	0.333538922
7.723539000	-6.207049370	0.334083971
7.723540000	-6.215513706	0.294148373
7.723541000	-6.277817249	0.323053291
7.723542000	-6.343410969	0.289180246
7.723543000	-7.189576149	0.283837778
7.723544000	-8.116956711	0.313938955
7.723545000	-7.556765556	0.276258538
7.723546000	-7.995442867	0.236535044
7.723547000	-8.170193672	0.228659760
7.723548000	-8.915763855	0.253366555
7.723549000	-9.137217522	0.232299436
7.723550000	-8.337935448	0.170498170
7.723551000	-9.003643990	0.192161187
7.723552000	-9.177883148	0.202650647
7.723553000	-9.739400864	0.213840667
7.723554000	-9.839534760	0.221943684
7.723555000	-10.582359314	0.226155723
7.723556000	-9.414134026	0.179494644
7.723557000	-10.223566055	0.185578103
7.723558000	-11.470851898	0.276862560
7.723559000	-13.706999779	0.355921426
7.723560000	-13.083486557	0.376565752
7.723561000	-12.792207718	0.347444485
7.723562000	-13.167121887	0.423392845
7.723563000	-13.878335953	0.416143421
7.723564000	-15.097116470	0.685889482
7.723565000	-16.079265594	0.767317497
7.723566000	-15.335645676	0.736155383
7.723567000	-15.198491096	0.822772900
7.723568000	-15.776560783	0.940053987
7.723569000	-14.786776543	0.991212512
7.723570000	-15.431251526	0.834096661
7.723571000	-15.339946747	1.086664067
7.723572000	-15.784683228	1.060260689
7.723573000	-14.350296974	1.218497931
7.723574000	-14.843572617	1.117468519
7.723575000	-14.652464867	1.184465662
7.723576000	-15.015441895	1.044430593
7.723577000	-13.604521751	1.197825144
7.723578000	-12.629481316	1.384868401
7.723579000	-11.824532509	1.371892149
7.723580000	-12.894959450	1.306755489
7.723581000	-11.763838768	1.391360522
7.723582000	-11.258086205	1.421301377
7.723583000	-11.056049347	1.408526859
7.723584000	-10.254912376	1.471409285
7.723585000	-10.963239670	1.469179820
7.723586000	-11.184720039	1.444235189
7.723587000	-10.094882011	1.487049897
7.723588000	-10.236007690	1.507759171
7.723589000	-9.437823296	1.506737715
7.723590000	-8.665750504	1.494285972
7.723591000	-9.848982811	1.507887269
7.723592000	-8.861616135	1.509230434
7.723593000	-8.715944290	1.500615907
7.723594000	-9.028944016	1.472545789
7.723595000	-8.263633728	1.487918354
7.723596000	-9.272633553	1.471330722
7.723597000	-8.479631424	1.481217042
7.723598000	-7.451233387	1.481838091
7.723599000	-7.308564663	1.430249731
7.723600000	-7.595337868	1.488112365
7.723601000	-7.257868290	1.485194606
7.723602000	-7.679611683	1.467528793
7.723603000	-6.917269707	1.437862111
7.723604000	-6.793429375	1.439793569
7.723605000	-6.624027252	1.420928668
7.723606000	-6.798832893	1.456574147
7.723607000	-6.462601185	1.436755834
7.723608000	-6.493432999	1.486603285
7.723609000	-6.391998291	1.453126152
7.723610000	-6.661367893	1.454512327
7.723611000	-6.236259937	1.420315608
7.723612000	-5.844386578	1.420651965
7.723613000	-6.050464630	1.398002579
7.723614000	-6.094547272	1.390805253
7.723615000	-5.797696590	1.394416366
7.723616000	-5.561920643	1.390454248
7.723617000	-5.296731949	1.362718890
7.723618000	-5.550358295	1.359531353
7.723619000	-5.198886871	1.359178750
7.723620000	-5.279129505	1.339163763
7.723621000	-5.332481384	1.381511886
7.723622000	-5.022152901	1.348158190
7.723623000	-4.928472996	1.342021069
7.723624000	-5.049677849	1.342121869
7.723625000	-4.996668816	1.325026772
7.723626000	-5.158192635	1.353938581
7.723627000	-5.001195431	1.323941667
7.723628000	-4.620327950	1.316103851
7.723629000	-4.508062840	1.299520480
7.723630000	-4.722734451	1.309431167
7.723631000	-4.498610020	1.291915424
7.723632000	-4.425913334	1.296930556
7.723633000	-4.352978230	1.302784050
7.723634000	-4.371912479	1.292608778
7.723635000	-4.377603531	1.283255357
7.723636000	-4.422014236	1.298292097
7.723637000	-4.192115307	1.276418223
7.723638000	-4.119805336	1.263733054
7.723639000	-4.236809254	1.274215389
7.723640000	-4.294801235	1.259352420
7.723641000	-4.182901382	1.235689568
7.723642000	-3.987357140	1.235951890
7.723643000	-4.010985851	1.235963475
7.723644000	-3.894546270	1.230501065
7.723645000	-3.709452629	1.213877214
7.723646000	-3.831766605	1.222987488
7.723647000	-3.521734715	1.220405154
7.723648000	-3.704918861	1.230609455
7.723649000	-4.027134895	1.227725385
7.723650000	-3.852593422	1.225730811
7.723651000	-3.931313753	1.227142952
7.723652000	-3.489822149	1.205742721
7.723653000	-3.651803017	1.212390371
7.723654000	-3.444372416	1.195122434
7.723655000	-3.572246075	1.205931140
7.723656000	-3.343570709	1.197923015
7.723657000	-3.218261480	1.197574007
7.723658000	-3.257444143	1.187387017
7.723659000	-3.310689926	1.178752782
7.723660000	-3.185685635	1.170287392
7.723661000	-3.129563332	1.188885578
7.723662000	-3.189433813	1.166023937
7.723663000	-3.288310766	1.175035009
7.723664000	-3.344011307	1.181909960
7.723665000	-3.273329496	1.187867185
7.723666000	-3.069113970	1.158781870
7.723667000	-3.142880440	1.164639493
7.723668000	-3.223778725	1.172869060
7.723669000	-3.154811144	1.164338556
7.723670000	-3.178812504	1.162610564
7.723671000	-3.106389046	1.145139695
7.723672000	-3.129595280	1.154380198
7.723673000	-2.941401958	1.148488220
7.723674000	-3.078575850	1.152251799
7.723675000	-2.990197659	1.155856255
7.723676000	-3.006050348	1.141744963
7.723677000	-2.855263233	1.132042002
7.723678000	-2.929215670	1.133202608
7.723679000	-2.877629280	1.138017070
7.723680000	-2.772915125	1.118620602
7.723681000	-2.653222322	1.129632906
7.723682000	-2.796344757	1.117470117
7.723683000	-2.629376173	1.105092210
7.723684000	-2.789601326	1.115105762
7.723685000	-2.605883598	1.115664160
7.723686000	-2.731474400	1.103690988
7.723687000	-2.505815744	1.097813391
7.723688000	-2.675811052	1.098527784
7.723689000	-2.542186737	1.080990336
7.723690000	-2.648988008	1.111484995
7.723691000	-2.587175369	1.095898379
7.723692000	-2.574985027	1.098842037
7.723693000	-2.561822891	1.087854301
7.723694000	-2.540502310	1.081858260
7.723695000	-2.586893320	1.080984344
7.723696000	-2.389144421	1.086767331
7.723697000	-2.513859510	1.086774389
7.723698000	-2.380809784	1.080638199
7.723699000	-2.381788731	1.067307746
7.723700000	-2.405273437	1.070108327
7.723701000	-2.198498964	1.069992546
7.723702000	-2.372352600	1.062966927
7.723703000	-2.222114563	1.046870848
7.723704000	-2.290330648	1.054090012
7.723705000	-2.278848886	1.060264218
7.723706000	-2.364657164	1.057469963
7.723707000	-2.347608328	1.055767071
7.723708000	-2.207834005	1.058853874
7.723709000	-2.230448246	1.050704601
7.723710000	-2.136855364	1.045180939
7.723711000	-2.201968670	1.057034136
7.723712000	-2.197607517	1.051015259
7.723713000	-2.053543329	1.044401765
7.723714000	-2.189191818	1.039788371
7.723715000	-2.129778624	1.049552451
7.723716000	-2.267876625	1.047124381
7.723717000	-2.155439854	1.038534887
7.723718000	-2.106112957	1.041898859
7.723719000	-2.084007025	1.033124942
7.723720000	-2.183666468	1.034890218
7.723721000	-2.140532970	1.029378873
7.723722000	-2.041401863	1.032770875
7.723723000	-2.085143328	1.021168813
7.723724000	-2.125265837	1.025802114
7.723725000	-2.002876043	1.028963486
7.723726000	-2.082552910	1.013132925
7.723727000	-1.918886185	1.004168658
7.723728000	-1.891979337	0.990083332
7.723729000	-1.870622873	1.007184421
7.723730000	-1.927278042	1.002071418
7.723731000	-1.951819301	0.994374883
7.723732000	-1.846785784	0.996210467
7.723733000	-1.806204557	0.989321268
7.723734000	-1.823082328	0.973006411
7.723735000	-1.911698341	0.986214358
7.723736000	-1.935411096	0.980377774
7.723737000	-1.857584834	0.992714002
7.723738000	-1.731639266	1.000391496
7.723739000	-1.783400536	0.989380191
7.723740000	-1.817891598	0.992920464
7.723741000	-1.811405540	0.990927088
7.723742000	-1.768303275	0.986043783
7.723743000	-1.815387607	0.994123547
7.723744000	-1.784091234	0.989627332
7.723745000	-1.782605052	0.987302659
7.723746000	-1.754454494	0.993476066
7.723747000	-1.776556015	0.961563074
7.723748000	-1.727924585	0.978013020
7.723749000	-1.713220000	0.974042314
7.723750000	-1.814679980	0.979205451
7.723751000	-1.708313465	0.979555923
7.723752000	-1.721452236	0.975618106
7.723753000	-1.709350228	0.971076218
7.723754000	-1.644778252	0.972188820
7.723755000	-1.666082859	0.970590990
7.723756000	-1.567203760	0.969198556
7.723757000	-1.682066202	0.976704276
7.723758000	-1.635582924	0.962978344
7.723759000	-1.625660300	0.949916937
7.723760000	-1.626807809	0.956888227
7.723761000	-1.594440222	0.965025649
7.723762000	-1.631713152	0.969496431
7.723763000	-1.627599239	0.958211485
7.723764000	-1.669227719	0.954090443
7.723765000	-1.643999815	0.964702941
7.723766000	-1.630176067	0.955279145
7.723767000	-1.551004529	0.953438701
7.723768000	-1.589875221	0.944595808
7.723769000	-1.545438766	0.953071518
7.723770000	-1.432095170	0.958743851
7.723771000	-1.514592648	0.933673785
7.723772000	-1.533743382	0.944992952
7.723773000	-1.455055237	0.938058147
7.723774000	-1.482632756	0.933430638
7.723775000	-1.401833296	0.940464313
7.723776000	-1.479500413	0.931075206
7.723777000	-1.506640911	0.931502643
7.723778000	-1.402100205	0.930726331
7.723779000	-1.401321769	0.930701431
7.723780000	-1.473670006	0.939722689
7.723781000	-1.511005998	0.932027552
7.723782000	-1.480396867	0.928996275
7.723783000	-1.391497254	0.932779163
7.723784000	-1.404864669	0.929229635
7.723785000	-1.453933835	0.929547084
7.723786000	-1.433072686	0.932424563
7.723787000	-1.339940071	0.914611810
7.723788000	-1.306651473	0.917941494
7.723789000	-1.387488723	0.932058178
7.723790000	-1.393006682	0.919843457
7.723791000	-1.357395530	0.921052732
7.723792000	-1.324603319	0.907835929
7.723793000	-1.352593660	0.912355447
7.723794000	-1.406894684	0.925091815
7.723795000	-1.360073924	0.901902406
7.723796000	-1.418838263	0.919295378
7.723797000	-1.351035953	0.915720684
7.723798000	-1.327934146	0.916704921
7.723799000	-1.260002971	0.911672745
7.723800000	-1.357559800	0.900992537
7.723801000	-1.303302169	0.904637007
7.723802000	-1.375681520	0.904507511
7.723803000	-1.271537542	0.907298770
7.723804000	-1.202574849	0.902969868
7.723805000	-1.267050624	0.894971796
7.723806000	-1.187567115	0.903554299
7.723807000	-1.188411713	0.897804267
7.723808000	-1.285664916	0.897757196
7.723809000	-1.186011910	0.898933914
7.723810000	-1.223996043	0.900270554
7.723811000	-1.276309967	0.903287716
7.723812000	-1.263870239	0.886613931
7.723813000	-1.223914146	0.889292938
7.723814000	-1.221825242	0.887798838
7.723815000	-1.180488467	0.887594174
7.723816000	-1.156890869	0.893812455
7.723817000	-1.270150900	0.895523004
7.723818000	-1.177126288	0.887906296
7.723819000	-1.263561726	0.893852935
7.723820000	-1.224482656	0.887953767
7.723821000	-1.179284573	0.885676765
7.723822000	-1.110737443	0.887454358
7.723823000	-1.121981621	0.883314341
7.723824000	-1.081492662	0.892941269
7.723825000	-1.100320220	0.875763147
7.723826000	-1.097676754	0.879270131
7.723827000	-1.066444993	0.870140748
7.723828000	-1.138610125	0.877730691
7.723829000	-1.108879805	0.864698845
7.723830000	-1.193476915	0.875448229
7.723831000	-1.206599951	0.873950666
7.723832000	-1.078665972	0.876914432
7.723833000	-1.123186111	0.873870971
7.723834000	-1.099436760	0.871393632
7.723835000	-1.184013367	0.876078266
7.723836000	-1.101061583	0.869160572
7.723837000	-1.024300933	0.865608581
7.723838000	-1.128415465	0.873175620
7.723839000	-1.075921416	0.858118573
7.723840000	-1.078342795	0.868437790
7.723841000	-1.102741480	0.870446879
7.723842000	-1.110595107	0.861616169
7.723843000	-1.020541072	0.855757148
7.723844000	-1.071810961	0.861613573
7.723845000	-1.026871800	0.862001795
7.723846000	-1.053617954	0.858218242
7.723847000	-1.068618774	0.868086119
7.723848000	-1.076369286	0.853902723
7.723849000	-0.996081591	0.862174035
7.723850000	-1.010713696	0.863913212
7.723851000	-1.073138714	0.846521572
7.723852000	-0.893143237	0.851220720
7.723853000	-1.001820803	0.864600641
7.723854000	-1.023668170	0.857547525
7.723855000	-1.019271612	0.856542315
7.723856000	-1.020220160	0.848909029
7.723857000	-1.041580915	0.853415830
7.723858000	-0.990427077	0.853132803
7.723859000	-0.987914145	0.856013544
7.723860000	-0.957805872	0.843588033
7.723861000	-0.957520187	0.852453564
7.723862000	-0.958560050	0.841894862
7.723863000	-0.947240233	0.848115074
7.723864000	-0.915377975	0.843758609
7.723865000	-0.893685043	0.844920080
7.723866000	-0.918956876	0.849023212
7.723867000	-0.894752324	0.843605277
7.723868000	-0.908202648	0.833647452
7.723869000	-0.953771830	0.844022795
7.723870000	-0.889774740	0.839210130
7.723871000	-0.890205204	0.837828681
7.723872000	-0.841987193	0.835885639
7.723873000	-0.887086153	0.838477561
7.723874000	-0.884830534	0.841738601
7.723875000	-0.856249869	0.828936919
7.723876000	-0.940507650	0.829394317
7.723877000	-0.934459388	0.836197562
7.723878000	-0.929932356	0.837109961
7.723879000	-0.904620111	0.836345700
7.723880000	-0.867564738	0.834498665
7.723881000	-0.965280712	0.830003915
7.723882000	-0.836631179	0.836715746
7.723883000	-0.885704994	0.821317349
7.723884000	-0.860088646	0.819789560
7.723885000	-0.824899316	0.830556254
7.723886000	-0.800997555	0.832525529
7.723887000	-0.878212750	0.826451058
7.723888000	-0.828476489	0.830728095
7.723889000	-0.824816406	0.823191216
7.723890000	-0.864333272	0.828483516
7.723891000	-0.793517947	0.820206278
7.723892000	-0.815882385	0.818243129
7.723893000	-0.728276372	0.818348590
7.723894000	-0.855281353	0.821364287
7.723895000	-0.699385405	0.809638589
7.723896000	-0.747818768	0.816085635
7.723897000	-0.818192482	0.820991445
7.723898000	-0.731191337	0.810320558
7.723899000	-0.817782640	0.820643969
7.723900000	-0.851306438	0.815611127
7.723901000	-0.800480187	0.817684331
7.723902000	-0.836087763	0.815979775
7.723903000	-0.838692963	0.803717116
7.723904000	-0.784021497	0.814814908
7.723905000	-0.754530489	0.818812646
7.723906000	-0.728330135	0.814375021
7.723907000	-0.819489241	0.814366498
7.723908000	-0.738323390	0.804616865
7.723909000	-0.632218480	0.805752437
7.723910000	-0.756980836	0.814268028
7.723911000	-0.827262938	0.810823495
7.723912000	-0.741914392	0.800154073
7.723913000	-0.690504849	0.799868649
7.723914000	-0.749446630	0.802573089
7.723915000	-0.679429770	0.812066726
7.723916000	-0.754938841	0.806115759
7.723917000	-0.757549942	0.803066772
7.723918000	-0.731893361	0.795278757
7.723919000	-0.641230106	0.796521455
7.723920000	-0.740106165	0.804340962
7.723921000	-0.705750048	0.803957267
7.723922000	-0.719083369	0.801401232
7.723923000	-0.725206614	0.791902801
7.723924000	-0.694365680	0.793998376
7.723925000	-0.601485908	0.800022713
7.723926000	-0.589171112	0.796090955
7.723927000	-0.699509621	0.799315710
7.723928000	-0.658057630	0.799430492
7.723929000	-0.692898095	0.799718180
7.723930000	-0.616686702	0.788503609
7.723931000	-0.700074196	0.796107666
7.723932000	-0.600684881	0.798259500
7.723933000	-0.737560987	0.795291341
7.723934000	-0.566487789	0.789057546
7.723935000	-0.696207583	0.791926570
7.723936000	-0.593790472	0.791404857
7.723937000	-0.570159495	0.792810207
7.723938000	-0.640380025	0.795091271
7.723939000	-0.654574335	0.796293555
7.723940000	-0.613131225	0.790377143
7.723941000	-0.638061345	0.787893945
7.723942000	-0.621231735	0.782004897
7.723943000	-0.555565119	0.785293235
7.723944000	-0.493634343	0.784243150
7.723945000	-0.616375506	0.781065533
7.723946000	-0.515901148	0.781539909
7.723947000	-0.665367901	0.776683967
7.723948000	-0.549374342	0.786517091
7.723949000	-0.635921299	0.773981392
7.723950000	-0.620243311	0.778731273
7.723951000	-0.637332320	0.782521550
7.723952000	-0.550321996	0.785402757
7.723953000	-0.561476827	0.781496566
7.723954000	-0.594991565	0.767580351
7.723955000	-0.571164727	0.773867075
7.723956000	-0.594152391	0.775734883
7.723957000	-0.682366967	0.765277715
7.723958000	-0.565439999	0.773853693
7.723959000	-0.561012387	0.775804592
7.723960000	-0.592788100	0.779110973
7.723961000	-0.527253926	0.769172322
7.723962000	-0.578129947	0.774176868
7.723963000	-0.528543293	0.785807491
7.723964000	-0.501975715	0.770792256
7.723965000	-0.557561040	0.773715874
7.723966000	-0.484433949	0.779323493
7.723967000	-0.504303277	0.765329247
7.723968000	-0.547877789	0.769249087
7.723969000	-0.560913682	0.769706752
7.723970000	-0.460165590	0.772913464
7.723971000	-0.467198521	0.769149485
7.723972000	-0.445586890	0.765935383
7.723973000	-0.570855558	0.770767755
7.723974000	-0.500720441	0.760207189
7.723975000	-0.522376597	0.763710112
7.723976000	-0.473347366	0.768629303
7.723977000	-0.554144561	0.768353666
7.723978000	-0.507415593	0.768317247
7.723979000	-0.468282610	0.759936346
7.723980000	-0.424545199	0.757186632
7.723981000	-0.540838599	0.771734949
7.723982000	-0.439460754	0.757071118
7.723983000	-0.501615465	0.757362867
7.723984000	-0.474931657	0.763521893
7.723985000	-0.468901664	0.764662125
7.723986000	-0.483758390	0.756231889
7.723987000	-0.436030328	0.752573704
7.723988000	-0.456284136	0.756146934
7.723989000	-0.521705687	0.758769948
7.723990000	-0.486556858	0.757130772
7.723991000	-0.514929712	0.754701770
7.723992000	-0.478074133	0.753941637
7.723993000	-0.479312927	0.745873191
7.723994000	-0.432668686	0.751814237
7.723995000	-0.451429725	0.750082783
7.723996000	-0.449384153	0.751941803
7.723997000	-0.461061358	0.756676171
7.723998000	-0.494962037	0.753220653
7.723999000	-0.451451868	0.749388497
7.724000000	-0.396934897	0.750591181
7.724001000	-0.518003821	0.759254444
7.724002000	-0.376159608	0.752208052
7.724003000	-0.376394987	0.750106552
7.724004000	-0.447568893	0.740380954
7.724005000	-0.432505250	0.756273235
7.724006000	-0.379766196	0.753349017
7.724007000	-0.376278520	0.753810343
7.724008000	-0.447368741	0.736142333
7.724009000	-0.429714650	0.743413296
7.724010000	-0.432374626	0.746067202
7.724011000	-0.371920884	0.736858790
7.724012000	-0.465663612	0.747545656
7.724013000	-0.452553213	0.744829032
7.724014000	-0.467994630	0.741058462
7.724015000	-0.435743779	0.744763252
7.724016000	-0.421225876	0.735689529
7.724017000	-0.369255215	0.738921741
7.724018000	-0.420037538	0.740435016
7.724019000	-0.451678604	0.733837034
7.724020000	-0.362670809	0.741819860
7.724021000	-0.461676747	0.736840947
7.724022000	-0.463500857	0.749344555
7.724023000	-0.402887404	0.748683359
7.724024000	-0.346635640	0.739077270
7.724025000	-0.355238050	0.739517291
7.724026000	-0.312047869	0.731368284
7.724027000	-0.305700183	0.722708816
7.724028000	-0.380558074	0.718673528
7.724029000	-0.371590525	0.733399477
7.724030000	-0.301737458	0.738234779
7.724031000	-0.317231178	0.729173107
7.724032000	-0.353342474	0.734535249
7.724033000	-0.286355853	0.729017645
7.724034000	-0.350215018	0.725626043
7.724035000	-0.395303309	0.738298695
7.724036000	-0.254056305	0.735527343
7.724037000	-0.383265287	0.733574846
7.724038000	-0.346950352	0.722299089
7.724039000	-0.350872964	0.733879645
7.724040000	-0.279995203	0.724339070
7.724041000	-0.308284521	0.730587978
7.724042000	-0.329966933	0.724931424
7.724043000	-0.350774914	0.723351770
7.724044000	-0.364509672	0.729089417
7.724045000	-0.334966660	0.724839012
7.724046000	-0.353571057	0.726048487
7.724047000	-0.290663749	0.727149105
7.724048000	-0.361652017	0.709340613
7.724049000	-0.343898416	0.718539238
7.724050000	-0.316880107	0.726834319
7.724051000	-0.249292150	0.725855740
7.724052000	-0.256177962	0.714351351
7.724053000	-0.354574889	0.719589123
7.724054000	-0.228822038	0.725750945
7.724055000	-0.276606798	0.723505234
7.724056000	-0.296864986	0.728010504
7.724057000	-0.321914405	0.716624359
7.724058000	-0.242444232	0.731253169
7.724059000	-0.264144421	0.720478685
7.724060000	-0.303544909	0.729782771
7.724061000	-0.275057226	0.727077266
7.724062000	-0.307058603	0.713507794
7.724063000	-0.256783575	0.714977992
7.724064000	-0.274590582	0.713648143
7.724065000	-0.287432522	0.718871001
7.724066000	-0.224851787	0.716463237
7.724067000	-0.268795043	0.720514172
7.724068000	-0.256242990	0.713741287
7.724069000	-0.341597438	0.714778322
7.724070000	-0.310926139	0.716189864
7.724071000	-0.297013164	0.718999632
7.724072000	-0.247330964	0.715400636
7.724073000	-0.271307945	0.718302549
7.724074000	-0.263167381	0.709882366
7.724075000	-0.309097052	0.708000044
7.724076000	-0.257918686	0.713553201
7.724077000	-0.215074807	0.711495976
7.724078000	-0.349554956	0.714755352
7.724079000	-0.238543630	0.709513652
7.724080000	-0.212010041	0.709191409
7.724081000	-0.259029716	0.703634923
7.724082000	-0.299299240	0.713962529
7.724083000	-0.206037432	0.710136698
7.724084000	-0.250404209	0.711586257
7.724085000	-0.253877729	0.710478049
7.724086000	-0.285340369	0.712449055
7.724087000	-0.255646020	0.703767283
7.724088000	-0.241014034	0.706157936
7.724089000	-0.210882142	0.702693629
7.724090000	-0.312448561	0.707304160
7.724091000	-0.188570857	0.704381874
7.724092000	-0.211791664	0.706331774
7.724093000	-0.186115935	0.707892719
7.724094000	-0.281465918	0.709599472
7.724095000	-0.253433704	0.709376100
7.724096000	-0.219855651	0.701682161
7.724097000	-0.142125130	0.698108664
7.724098000	-0.198851064	0.707409155
7.724099000	-0.127880976	0.710080306
7.724100000	-0.243833140	0.691311745
7.724101000	-0.168013006	0.702213794
7.724102000	-0.255933315	0.708768433
7.724103000	-0.164457634	0.713327299
7.724104000	-0.172995642	0.700122547
7.724105000	-0.162415773	0.710767002
7.724106000	-0.171709269	0.701927105
7.724107000	-0.233436123	0.692939202
7.724108000	-0.170524344	0.705681696
7.724109000	-0.157409161	0.701532225
7.724110000	-0.170814320	0.693315307
7.724111000	-0.139082462	0.696774354
7.724112000	-0.128839210	0.693457720
7.724113000	-0.223668784	0.702143753
7.724114000	-0.144087583	0.694898823
7.724115000	-0.132670730	0.697874439
7.724116000	-0.252506047	0.693766980
7.724117000	-0.146271750	0.682018111
7.724118000	-0.248795629	0.698490895
7.724119000	-0.121939555	0.690227705
7.724120000	-0.146664053	0.692120613
7.724121000	-0.199467182	0.697923042
7.724122000	-0.182977811	0.689760653
7.724123000	-0.202431917	0.697170832
7.724124000	-0.217519969	0.694366657
7.724125000	-0.145225912	0.689702929
7.724126000	-0.146263912	0.686969793
7.724127000	-0.156652361	0.684365488
7.724128000	-0.200836375	0.684990066
7.724129000	-0.191611916	0.682889032
7.724130000	-0.138775855	0.690748420
7.724131000	-0.170823812	0.684628542
7.724132000	-0.154919699	0.685214704
7.724133000	-0.168890730	0.686977184
7.724134000	-0.127475291	0.685830160
7.724135000	-0.116470821	0.689840947
7.724136000	-0.172818571	0.684566224
7.724137000	-0.115718529	0.683340371
7.724138000	-0.099052735	0.688574747
7.724139000	-0.129076034	0.695263543
7.724140000	-0.161123827	0.689270232
7.724141000	-0.157304958	0.677241199
7.724142000	-0.104376562	0.687869542
7.724143000	-0.119983926	0.697772174
7.724144000	-0.179096460	0.690363460
7.724145000	-0.154298812	0.689457985
7.724146000	-0.180523649	0.689943745
7.724147000	-0.135759935	0.682908872
7.724148000	-0.177592486	0.679306015
7.724149000	-0.165340409	0.683011204
7.724150000	-0.122570805	0.683240036
7.724151000	-0.136325642	0.668284856
7.724152000	-0.111383907	0.680503106
7.724153000	-0.190860525	0.683393701
7.724154000	-0.154315040	0.679297426
7.724155000	-0.147733837	0.679400291
7.724156000	-0.152390108	0.684268882
7.724157000	-0.086901113	0.683516140
7.724158000	-0.119046077	0.682715260
7.724159000	-0.110907272	0.675248156
7.724160000	-0.067761816	0.684139452
7.724161000	-0.112004071	0.676590722
7.724162000	-0.111405231	0.675521064
7.724163000	-0.092876732	0.675801295
7.724164000	-0.129151508	0.669040527
7.724165000	-0.053621124	0.680183327
7.724166000	-0.086755835	0.683861685
7.724167000	-0.095525511	0.674683966
7.724168000	-0.028818801	0.679879726
7.724169000	-0.128144518	0.673608048
7.724170000	-0.154427901	0.669187800
7.724171000	-0.128499597	0.674916659
7.724172000	-0.102086365	0.672845519
7.724173000	-0.094128408	0.668353498
7.724174000	-0.066264950	0.675061668
7.724175000	-0.122240588	0.670821716
7.724176000	0.013665467	0.669056839
7.724177000	-0.041558530	0.670778107
7.724178000	-0.145002082	0.666673377
7.724179000	-0.183617607	0.674015379
7.724180000	-0.113495409	0.668432927
7.724181000	-0.121858649	0.675498427
7.724182000	-0.095620885	0.669074949
7.724183000	-0.063021131	0.675483247
7.724184000	-0.092298053	0.674069574
7.724185000	-0.009801574	0.667871999
7.724186000	-0.004761399	0.667963545
7.724187000	-0.084641606	0.669841673
7.724188000	-0.079466589	0.665739672
7.724189000	-0.069050327	0.658160915
7.724190000	-0.064516790	0.671424190
7.724191000	-0.009806392	0.674231295
7.724192000	-0.148690045	0.665625489
7.724193000	-0.036249876	0.662692151
7.724194000	-0.017010868	0.666475038
7.724195000	-0.036285564	0.669046187
7.724196000	-0.026043596	0.668837927
7.724197000	-0.017143380	0.655481376
7.724198000	-0.015506784	0.658619245
7.724199000	-0.099703282	0.662354994
7.724200000	-0.027864719	0.664463486
7.724201000	-0.061079878	0.666371907
7.724202000	-0.088798374	0.665896599
7.724203000	-0.071274579	0.661236667
7.724204000	-0.036188405	0.657202310
7.724205000	-0.023459794	0.659477049
7.724206000	-0.001775648	0.655498620
7.724207000	-0.013263961	0.665001111
7.724208000	-0.082123697	0.659613603
7.724209000	-0.022977114	0.664338184
7.724210000	-0.005999327	0.666567716
7.724211000	-0.009794134	0.661757980
7.724212000	0.017792106	0.654629297
7.724213000	-0.015987851	0.661124481
7.724214000	0.030519551	0.666157323
7.724215000	-0.069031812	0.671238900
7.724216000	-0.016499996	0.666852474
7.724217000	-0.012236052	0.662184885
7.724218000	-0.016135447	0.659983849
7.724219000	0.011619477	0.659859080
7.724220000	0.014148002	0.662727438
7.724221000	0.064273193	0.663807016
7.724222000	0.041872978	0.664376001
7.724223000	-0.015012672	0.659286301
7.724224000	-0.003465274	0.652485120
7.724225000	-0.035594817	0.657143255
7.724226000	-0.027226932	0.664070536
7.724227000	-0.073092997	0.655560472
7.724228000	-0.053033601	0.654008648
7.724229000	0.066973917	0.657267292
7.724230000	0.017152959	0.657245187
7.724231000	0.002079112	0.654975908
7.724232000	-0.093552232	0.656294239
7.724233000	0.012183290	0.660428397
7.724234000	0.085096546	0.648753498
7.724235000	-0.007560583	0.648546105
7.724236000	0.020224249	0.651605344
7.724237000	-0.024048552	0.659483175
7.724238000	0.012597975	0.650241406
7.724239000	0.030028518	0.653800522
7.724240000	0.041577313	0.647288493
7.724241000	0.049069021	0.648810490
7.724242000	0.004964966	0.648864153
7.724243000	0.000142547	0.652585854
7.724244000	0.075078398	0.656650037
7.724245000	-0.008340410	0.651833378
7.724246000	0.024521247	0.652818481
7.724247000	-0.026207289	0.656101559
7.724248000	0.033871550	0.653729681
7.724249000	-0.010188799	0.649803316
7.724250000	0.026274262	0.651408071
7.724251000	0.082165577	0.646961657
7.724252000	0.075232930	0.650283085
7.724253000	0.028812313	0.644568141
7.724254000	-0.077915572	0.651027172
7.724255000	-0.005931947	0.641364491
7.724256000	-0.008859499	0.642377891
7.724257000	0.058595870	0.643841897
7.724258000	0.085982434	0.651312730
7.724259000	0.075034730	0.645923224
7.724260000	0.040335018	0.655537901
7.724261000	0.001608987	0.646803931
7.724262000	0.034918491	0.650203190
7.724263000	0.048175961	0.643205268
7.724264000	0.079743966	0.642995478
7.724265000	0.122518301	0.643376510
7.724266000	0.079033494	0.646013771
7.724267000	-0.040305093	0.634173157
7.724268000	0.128373981	0.651736372
7.724269000	0.045522951	0.643937238
7.724270000	0.016990455	0.643769526
7.724271000	0.087123930	0.647957812
7.724272000	0.064753145	0.642716445
7.724273000	0.062360689	0.650266507
7.724274000	0.030091567	0.656338980
7.724275000	0.014367050	0.644846774
7.724276000	0.098783836	0.637637797
7.724277000	0.020446854	0.643468322
7.724278000	0.099533409	0.640717343
7.724279000	0.057894472	0.636643905
7.724280000	0.083371326	0.644715014
7.724281000	0.081553787	0.632494967
7.724282000	0.148420542	0.642594605
7.724283000	0.109876953	0.638193665
7.724284000	0.055587955	0.636259411
7.724285000	0.045923740	0.634181613
7.724286000	0.044420455	0.640745440
7.724287000	-0.019711770	0.637330002
7.724288000	0.064361036	0.634792143
7.724289000	0.085211232	0.639500279
7.724290000	0.081489861	0.642105915
7.724291000	0.048150461	0.635057260
7.724292000	0.088401332	0.635104132
7.724293000	0.115337558	0.632895439
7.724294000	0.090151548	0.641555706
7.724295000	0.097726151	0.644723536
7.724296000	0.125989869	0.638120162
7.724297000	0.096077301	0.636819008
7.724298000	0.103024475	0.633690593
7.724299000	0.133560792	0.641167617
7.724300000	0.109640181	0.636286709
7.724301000	0.026352838	0.630220227
7.724302000	0.083859742	0.632711615
7.724303000	0.137550130	0.631400074
7.724304000	0.120744273	0.634279151
7.724305000	0.086961336	0.633793457
7.724306000	0.095708787	0.632694903
7.724307000	0.148611531	0.632352088
7.724308000	0.056635186	0.632025984
7.724309000	0.126407489	0.637543654
7.724310000	0.127645642	0.632377721
7.724311000	0.074967779	0.638805060
7.724312000	0.071147963	0.638446133
7.724313000	0.069900505	0.632379585
7.724314000	0.121647678	0.636039101
7.724315000	0.066436015	0.629180196
7.724316000	0.123005241	0.627927712
7.724317000	0.149102792	0.634223358
7.724318000	0.143176287	0.625353833
7.724319000	0.095849827	0.633982542
7.724320000	0.076395102	0.640806160
7.724321000	0.137734979	0.633635399
7.724322000	0.197314829	0.632409812
7.724323000	0.190702349	0.624438571
7.724324000	0.112468623	0.630950666
7.724325000	0.083952881	0.633252436
7.724326000	0.172502965	0.629829741
7.724327000	0.083305068	0.627747549
7.724328000	0.107409053	0.622123286
7.724329000	0.076543622	0.623464920
7.724330000	0.181042537	0.623984968
7.724331000	0.183555260	0.623041677
7.724332000	0.131457120	0.629906374
7.724333000	0.107652448	0.625362622
7.724334000	0.066389047	0.629472345
7.724335000	0.200831681	0.617168807
7.724336000	0.105343699	0.622214832
7.724337000	0.143076181	0.615953008
7.724338000	0.170016244	0.630450990
7.724339000	0.137419775	0.627484628
7.724340000	0.085353129	0.622778956
7.724341000	0.139084920	0.623620581
7.724342000	0.123265892	0.621337786
7.724343000	0.134145886	0.619764124
7.724344000	0.129019797	0.619390949
7.724345000	0.153359175	0.616596494
7.724346000	0.212050855	0.614886012
7.724347000	0.163855463	0.624757685
7.724348000	0.146228060	0.614578883
7.724349000	0.157860577	0.622991543
7.724350000	0.147171840	0.618477485
7.724351000	0.141783074	0.620136767
7.724352000	0.161089897	0.626756520
7.724353000	0.106955394	0.624653622
7.724354000	0.163969502	0.615993088
7.724355000	0.136640877	0.631400407
7.724356000	0.196226090	0.609566947
7.724357000	0.101286910	0.622891741
7.724358000	0.183376014	0.620790307
7.724359000	0.199529424	0.616032104
7.724360000	0.147946715	0.620383110
7.724361000	0.148467809	0.616529449
7.724362000	0.050041504	0.614946666
7.724363000	0.193856344	0.610588269
7.724364000	0.164064273	0.617045303
7.724365000	0.139244229	0.624540504
7.724366000	0.184822142	0.619967656
7.724367000	0.146457255	0.617419344
7.724368000	0.226903602	0.611291477
7.724369000	0.225657612	0.619045004
7.724370000	0.110221446	0.621040910
7.724371000	0.153918490	0.618037264
7.724372000	0.147592440	0.620529251
7.724373000	0.169293627	0.622579552
7.724374000	0.072431371	0.622275885
7.724375000	0.142908886	0.619006388
7.724376000	0.124407969	0.618652654
7.724377000	0.145639598	0.619097868
7.724378000	0.197312757	0.610637937
7.724379000	0.150862485	0.611352730
7.724380000	0.161657318	0.602050774
7.724381000	0.159870833	0.616937512
7.724382000	0.172421530	0.608276646
7.724383000	0.227755904	0.610960246
7.724384000	0.190773636	0.606527481
7.724385000	0.119134538	0.615488486
7.724386000	0.148469388	0.609018269
7.724387000	0.206978396	0.619415317
7.724388000	0.156269476	0.609328395
7.724389000	0.169477418	0.612641167
7.724390000	0.190299168	0.621019339
7.724391000	0.117507055	0.609403962
7.724392000	0.182655737	0.608155605
7.724393000	0.215936482	0.612168922
7.724394000	0.170041412	0.613768949
7.724395000	0.290428787	0.610247718
7.724396000	0.210510105	0.604477313
7.724397000	0.189096659	0.606729815
7.724398000	0.146571785	0.609926208
7.724399000	0.259440094	0.608830583
7.724400000	0.199277341	0.615663855
7.724401000	0.231003314	0.605155887
7.724402000	0.188613176	0.607364713
7.724403000	0.135097340	0.608950292
7.724404000	0.171789065	0.601674137
7.724405000	0.156676784	0.612189229
7.724406000	0.240386263	0.612538436
7.724407000	0.255373508	0.608016588
7.724408000	0.196303919	0.610271420
7.724409000	0.144803822	0.604168919
7.724410000	0.179862589	0.602875489
7.724411000	0.203993261	0.610910978
7.724412000	0.181383714	0.605132851
7.724413000	0.194192961	0.604811407
7.724414000	0.225642547	0.605069534
7.724415000	0.222940519	0.603748473
7.724416000	0.229596183	0.605766017
7.724417000	0.166036636	0.605135847
7.724418000	0.201767221	0.604549751
7.724419000	0.158349901	0.598856912
7.724420000	0.165682837	0.602011959
7.724421000	0.253283203	0.614815971
7.724422000	0.178828701	0.603650535
7.724423000	0.174520954	0.597060343
7.724424000	0.253845155	0.598880148
7.724425000	0.187506884	0.599079685
7.724426000	0.158446059	0.602139657
7.724427000	0.147416577	0.601351894
7.724428000	0.177977547	0.602945330
7.724429000	0.184006810	0.602488731
7.724430000	0.281918645	0.600333635
7.724431000	0.189430177	0.592803147
7.724432000	0.181384251	0.594200042
7.724433000	0.201773092	0.604937574
7.724434000	0.255507648	0.599116370
7.724435000	0.235040575	0.601219335
7.724436000	0.140838102	0.602064090
7.724437000	0.238618419	0.603872043
7.724438000	0.177283257	0.602031000
7.724439000	0.280559003	0.597230652
7.724440000	0.210126787	0.602495589
7.724441000	0.198559240	0.601345103
7.724442000	0.152535930	0.594905247
7.724443000	0.258243859	0.590427674
7.724444000	0.274190307	0.607839022
7.724445000	0.207281947	0.594849653
7.724446000	0.207422048	0.596884175
7.724447000	0.258015037	0.589620603
7.724448000	0.287385732	0.598547918
7.724449000	0.298579842	0.599927103
7.724450000	0.284226090	0.592212125
7.724451000	0.286520839	0.600975456
7.724452000	0.174727067	0.593990185
7.724453000	0.220601290	0.595067034
7.724454000	0.169103429	0.594684271
7.724455000	0.216077060	0.590654509
7.724456000	0.233746797	0.595204253
7.724457000	0.268704325	0.598955648
7.724458000	0.228976727	0.599423566
7.724459000	0.259922028	0.594156765
7.724460000	0.234813973	0.600482572
7.724461000	0.193269178	0.593795574
7.724462000	0.216399580	0.602975823
7.724463000	0.323070109	0.594710836
7.724464000	0.272896290	0.595670573
7.724465000	0.240662917	0.592870725
7.724466000	0.141615644	0.586165085
7.724467000	0.192112088	0.597661352
7.724468000	0.243338555	0.588680307
7.724469000	0.202110559	0.596833642
7.724470000	0.210590795	0.596026571
7.724471000	0.224960819	0.590647185
7.724472000	0.291253984	0.583562178
7.724473000	0.278909266	0.590802847
7.724474000	0.282682180	0.586036654
7.724475000	0.227957070	0.600254805
7.724476000	0.190681711	0.591919177
7.724477000	0.242398083	0.587610982
7.724478000	0.264185667	0.595183880
7.724479000	0.298006684	0.586959706
7.724480000	0.353346229	0.598970962
7.724481000	0.214333847	0.587323227
7.724482000	0.271530837	0.588763664
7.724483000	0.328527600	0.593411213
7.724484000	0.254813373	0.591500129
7.724485000	0.264948040	0.590774085
7.724486000	0.338681400	0.585916612
7.724487000	0.329965919	0.592066650
7.724488000	0.313566476	0.591181415
7.724489000	0.270419121	0.596801084
7.724490000	0.226948202	0.589948372
7.724491000	0.118492380	0.591243733
7.724492000	0.286644995	0.584114318
7.724493000	0.252146691	0.588687431
7.724494000	0.251464128	0.584929245
7.724495000	0.239474624	0.582819356
7.724496000	0.278949618	0.588188155
7.724497000	0.253215998	0.584980844
7.724498000	0.337624460	0.588432567
7.724499000	0.325284809	0.591160376
7.724500000	0.304158509	0.585712214
7.724501000	0.198655307	0.595267769
7.724502000	0.235686168	0.586157894
7.724503000	0.211579531	0.582857838
7.724504000	0.333994210	0.587042663
7.724505000	0.261183947	0.578597047
7.724506000	0.234782293	0.590001435
7.724507000	0.264486045	0.588708470
7.724508000	0.273081303	0.576856072
7.724509000	0.224241659	0.583611446
7.724510000	0.298448086	0.580175769
7.724511000	0.275435627	0.584861135
7.724512000	0.255245149	0.582320146
7.724513000	0.213391602	0.587660250
7.724514000	0.228705481	0.580788629
7.724515000	0.347655863	0.579699329
7.724516000	0.317061961	0.584678908
7.724517000	0.305408567	0.580179963
7.724518000	0.311300695	0.590441656
7.724519000	0.281746447	0.578805239
7.724520000	0.248189762	0.577043026
7.724521000	0.282570422	0.585713479
7.724522000	0.241202027	0.585911552
7.724523000	0.275981039	0.588166517
7.724524000	0.255307019	0.580825713
7.724525000	0.350407183	0.583648264
7.724526000	0.309526891	0.578182060
7.724527000	0.306842804	0.576614257
7.724528000	0.297626793	0.593909757
7.724529000	0.269525111	0.583870572
7.724530000	0.249121204	0.579505451
7.724531000	0.366178960	0.579484412
7.724532000	0.347126156	0.575978827
7.724533000	0.318112075	0.581159807
7.724534000	0.309653968	0.576557199
7.724535000	0.337617397	0.581064665
7.724536000	0.347030580	0.578482198
7.724537000	0.223120019	0.575401853
7.724538000	0.273137122	0.581086304
7.724539000	0.292068303	0.588139952
7.724540000	0.276406229	0.576511659
7.724541000	0.330301404	0.582154098
7.724542000	0.326089323	0.576106592
7.724543000	0.304824173	0.574118409
7.724544000	0.235082552	0.571536341
7.724545000	0.308190584	0.589489842
7.724546000	0.302182645	0.579073153
7.724547000	0.301499546	0.578547179
7.724548000	0.263336450	0.574898515
7.724549000	0.306525409	0.576339752
7.724550000	0.345938653	0.587285543
7.724551000	0.345816016	0.578930608
7.724552000	0.318330735	0.571843004
7.724553000	0.265855134	0.584938033
7.724554000	0.302096844	0.571269293
7.724555000	0.309882551	0.582193779
7.724556000	0.357021004	0.579681619
7.724557000	0.296420127	0.574311488
7.724558000	0.255816907	0.580547013
7.724559000	0.343059540	0.573772930
7.724560000	0.334879100	0.578219411
7.724561000	0.357400507	0.576834367
7.724562000	0.291503906	0.584846487
7.724563000	0.289675266	0.577815476
7.724564000	0.386877090	0.580916128
7.724565000	0.367599100	0.574758034
7.724566000	0.303797364	0.572996020
7.724567000	0.334239304	0.576641621
7.724568000	0.334128797	0.579005909
7.724569000	0.255258858	0.569137299
7.724570000	0.306408226	0.577148087
7.724571000	0.330016315	0.575761846
7.724572000	0.294621527	0.579155978
7.724573000	0.362391800	0.570732133
7.724574000	0.310467601	0.582059822
7.724575000	0.240434021	0.575687144
7.724576000	0.291957229	0.576040878
7.724577000	0.289473742	0.568450270
7.724578000	0.355324298	0.574277999
7.724579000	0.337127388	0.577205013
7.724580000	0.322305083	0.571700192
7.724581000	0.274617285	0.570955572
7.724582000	0.356420010	0.572971052
7.724583000	0.341048211	0.569387037
7.724584000	0.314864755	0.575217229
7.724585000	0.390529543	0.577370794
7.724586000	0.390973002	0.581505485
7.724587000	0.263270617	0.566258422
7.724588000	0.314790070	0.571526554
7.724589000	0.366640657	0.576246940
7.724590000	0.343670726	0.574103162
7.724591000	0.291366100	0.566126862
7.724592000	0.381427109	0.575242729
7.724593000	0.354292154	0.569995569
7.724594000	0.260472238	0.569685377
7.724595000	0.335799992	0.573857286
7.724596000	0.284035325	0.572881770
7.724597000	0.385330468	0.572018906
7.724598000	0.356473863	0.566891588
7.724599000	0.281293839	0.562746977
7.724600000	0.351388931	0.571763575
7.724601000	0.328656256	0.572887429
7.724602000	0.301471144	0.564623574
7.724603000	0.292199939	0.560370705
7.724604000	0.366489500	0.574329864
7.724605000	0.362713099	0.569330445
7.724606000	0.334025562	0.573682915
7.724607000	0.334703356	0.564750407
7.724608000	0.389487535	0.571612973
7.724609000	0.343084812	0.567784813
7.724610000	0.358149827	0.571262834
7.724611000	0.299764872	0.556384685
7.724612000	0.385809720	0.563892403
7.724613000	0.382389843	0.568274035
7.724614000	0.353253037	0.560280358
7.724615000	0.322689712	0.570676273
7.724616000	0.359652966	0.566931669
7.724617000	0.341841459	0.565446890
7.724618000	0.393378705	0.567178144
7.724619000	0.369176418	0.566889125
7.724620000	0.357510507	0.563540466
7.724621000	0.286461294	0.572201932
7.724622000	0.312940538	0.576867657
7.724623000	0.309906870	0.558065706
7.724624000	0.352231473	0.563027608
7.724625000	0.349524111	0.569313933
7.724626000	0.284016877	0.564964125
7.724627000	0.331716090	0.562075594
7.724628000	0.397102296	0.563183270
7.724629000	0.369860858	0.562301430
7.724630000	0.334560484	0.563091391
7.724631000	0.375579000	0.559686073
7.724632000	0.360749602	0.567183804
7.724633000	0.373603612	0.558629064
7.724634000	0.294740200	0.560925775
7.724635000	0.311450601	0.568700607
7.724636000	0.312616229	0.574885998
7.724637000	0.318319291	0.565466265
7.724638000	0.348451912	0.561263330
7.724639000	0.302144736	0.569074249
7.724640000	0.344083488	0.571492332
7.724641000	0.290818274	0.567784679
7.724642000	0.384088457	0.553702549
7.724643000	0.286478221	0.566128659
7.724644000	0.372015476	0.557150011
7.724645000	0.312890202	0.564161515
7.724646000	0.355096877	0.559311832
7.724647000	0.330472380	0.560735159
7.724648000	0.435648799	0.551522452
7.724649000	0.403393239	0.559704982
7.724650000	0.376931667	0.562093837
7.724651000	0.388431966	0.555203807
7.724652000	0.311329067	0.564739088
7.724653000	0.397762030	0.551453543
7.724654000	0.399804771	0.557466262
7.724655000	0.370492011	0.561474319
7.724656000	0.345491499	0.555563633
7.724657000	0.366467416	0.556204856
7.724658000	0.394070476	0.566884265
7.724659000	0.302413195	0.557198414
7.724660000	0.381700248	0.555201709
7.724661000	0.349721700	0.562633260
7.724662000	0.325655937	0.553769594
7.724663000	0.467037708	0.562911960
7.724664000	0.333760619	0.568490883
7.724665000	0.381907523	0.556918749
7.724666000	0.393784881	0.564411253
7.724667000	0.395742178	0.560619311
7.724668000	0.336553007	0.556189975
7.724669000	0.381093383	0.563878954
7.724670000	0.385355800	0.556745644
7.724671000	0.430090874	0.556620974
7.724672000	0.350713551	0.555629313
7.724673000	0.350540936	0.553429842
7.724674000	0.426712215	0.562904903
7.724675000	0.284553289	0.573130642
7.724676000	0.370438993	0.555910110
7.724677000	0.368485212	0.559597590
7.724678000	0.452060670	0.550515478
7.724679000	0.379353821	0.551756611
7.724680000	0.397145301	0.558220868
7.724681000	0.387820095	0.564925576
7.724682000	0.418530613	0.557396187
7.724683000	0.399681032	0.547758640
7.724684000	0.368586779	0.553313628
7.724685000	0.405013382	0.555940803
7.724686000	0.395845830	0.549917831
7.724687000	0.400365442	0.556437216
