D:\KID metingen\Entropy ADR\LT343chip5_BF_20240530_mapping\S21\Power\KID341_92dBm_.dat
Power at KID:92dBm
resonance Frequency in GHz :7.639133
Q=20758.513588, Qc=24807.483421, Qi=127184.568644  S21min=-15.744763


Temperature in K:0.099985
GHz	dB	Rad
7.638578000	-5.038928032	-0.195394615
7.638579000	-5.033480644	-0.195678840
7.638580000	-5.033402443	-0.196597598
7.638581000	-5.028728485	-0.196949135
7.638582000	-5.032496452	-0.195862399
7.638583000	-5.032952309	-0.196773366
7.638584000	-5.034695148	-0.195687695
7.638585000	-5.030872345	-0.196114683
7.638586000	-5.039186954	-0.198106628
7.638587000	-5.038854122	-0.197020608
7.638588000	-5.037963390	-0.198250971
7.638589000	-5.035138130	-0.197398194
7.638590000	-5.036879539	-0.198629739
7.638591000	-5.034569740	-0.197781389
7.638592000	-5.036550522	-0.198488159
7.638593000	-5.033218861	-0.197946006
7.638594000	-5.039959431	-0.198142930
7.638595000	-5.036355972	-0.197811417
7.638596000	-5.036843300	-0.200038751
7.638597000	-5.042335033	-0.198828960
7.638598000	-5.034135342	-0.198819423
7.638599000	-5.040997505	-0.199795122
7.638600000	-5.043366909	-0.199430369
7.638601000	-5.034624577	-0.200061987
7.638602000	-5.039330959	-0.199403621
7.638603000	-5.025645256	-0.200323843
7.638604000	-5.044486523	-0.200564959
7.638605000	-5.042488575	-0.200666508
7.638606000	-5.031028271	-0.200937934
7.638607000	-5.039746284	-0.202243882
7.638608000	-5.039101601	-0.201306682
7.638609000	-5.042640209	-0.201350674
7.638610000	-5.036159992	-0.201525461
7.638611000	-5.037782669	-0.203265304
7.638612000	-5.030493259	-0.202406851
7.638613000	-5.036921501	-0.203695321
7.638614000	-5.033295155	-0.201921972
7.638615000	-5.035130501	-0.203011338
7.638616000	-5.033887863	-0.204529823
7.638617000	-5.032068253	-0.203815596
7.638618000	-5.039922237	-0.203457351
7.638619000	-5.033149719	-0.204346498
7.638620000	-5.032453537	-0.204525479
7.638621000	-5.028501511	-0.204871024
7.638622000	-5.036992550	-0.204362926
7.638623000	-5.029922485	-0.205255385
7.638624000	-5.042499542	-0.205312543
7.638625000	-5.034338474	-0.205807325
7.638626000	-5.033840656	-0.204610567
7.638627000	-5.037772655	-0.205958642
7.638628000	-5.050508499	-0.205316155
7.638629000	-5.033746243	-0.205863584
7.638630000	-5.047359943	-0.206729261
7.638631000	-5.044271469	-0.206202238
7.638632000	-5.039742947	-0.205391089
7.638633000	-5.048482895	-0.206652645
7.638634000	-5.038865566	-0.207050588
7.638635000	-5.045253754	-0.207153902
7.638636000	-5.034624577	-0.206445268
7.638637000	-5.036414146	-0.208097360
7.638638000	-5.032820702	-0.207889018
7.638639000	-5.038727760	-0.207441224
7.638640000	-5.037342072	-0.207467390
7.638641000	-5.045998573	-0.207595538
7.638642000	-5.032648563	-0.208155034
7.638643000	-5.037785053	-0.209280470
7.638644000	-5.037534714	-0.209113589
7.638645000	-5.046355724	-0.209776750
7.638646000	-5.040271282	-0.209862969
7.638647000	-5.040886402	-0.209877650
7.638648000	-5.032782078	-0.209772921
7.638649000	-5.039615631	-0.210590628
7.638650000	-5.036824226	-0.210180918
7.638651000	-5.033853531	-0.210243152
7.638652000	-5.042270660	-0.209956446
7.638653000	-5.042788029	-0.210251192
7.638654000	-5.032715321	-0.211420353
7.638655000	-5.034402370	-0.211556207
7.638656000	-5.049604416	-0.211514496
7.638657000	-5.044337749	-0.210918780
7.638658000	-5.032744408	-0.211253955
7.638659000	-5.038930893	-0.212416159
7.638660000	-5.038233280	-0.212194034
7.638661000	-5.043451309	-0.212806328
7.638662000	-5.044427872	-0.212093034
7.638663000	-5.040147781	-0.213793995
7.638664000	-5.037175655	-0.212766048
7.638665000	-5.034824371	-0.214222564
7.638666000	-5.038746357	-0.213993599
7.638667000	-5.048102856	-0.214231070
7.638668000	-5.044147968	-0.213706410
7.638669000	-5.046496868	-0.214590813
7.638670000	-5.041395187	-0.214113608
7.638671000	-5.039937973	-0.215668378
7.638672000	-5.041038990	-0.215104320
7.638673000	-5.042699814	-0.215730230
7.638674000	-5.037322521	-0.216022512
7.638675000	-5.041790009	-0.217076790
7.638676000	-5.044929504	-0.216327910
7.638677000	-5.036491394	-0.216573553
7.638678000	-5.040607929	-0.217134015
7.638679000	-5.039057732	-0.217055951
7.638680000	-5.045989037	-0.218011077
7.638681000	-5.043648720	-0.217931765
7.638682000	-5.047854424	-0.218212862
7.638683000	-5.041026592	-0.217918216
7.638684000	-5.034487247	-0.218585088
7.638685000	-5.043897629	-0.218343673
7.638686000	-5.035390377	-0.218919099
7.638687000	-5.045058727	-0.218612053
7.638688000	-5.048252583	-0.219573837
7.638689000	-5.048223972	-0.220050177
7.638690000	-5.048124313	-0.220103406
7.638691000	-5.037912369	-0.220489149
7.638692000	-5.044123173	-0.220259884
7.638693000	-5.040949821	-0.221323401
7.638694000	-5.040085793	-0.221480244
7.638695000	-5.044939041	-0.221268240
7.638696000	-5.049593449	-0.221600869
7.638697000	-5.044555664	-0.222212863
7.638698000	-5.047556877	-0.222378395
7.638699000	-5.043532848	-0.222433373
7.638700000	-5.047600269	-0.222676869
7.638701000	-5.042827129	-0.223219022
7.638702000	-5.043687820	-0.222647075
7.638703000	-5.047170639	-0.224117506
7.638704000	-5.042574406	-0.223788073
7.638705000	-5.045745850	-0.223867485
7.638706000	-5.044647217	-0.224632328
7.638707000	-5.052051067	-0.224747061
7.638708000	-5.051397324	-0.224860029
7.638709000	-5.039741516	-0.225918186
7.638710000	-5.047925472	-0.226360736
7.638711000	-5.048910141	-0.226074596
7.638712000	-5.041296482	-0.226615218
7.638713000	-5.044482708	-0.226648707
7.638714000	-5.050247669	-0.227400118
7.638715000	-5.047864437	-0.226967038
7.638716000	-5.038948059	-0.226725706
7.638717000	-5.052043438	-0.227687324
7.638718000	-5.049501419	-0.227240795
7.638719000	-5.049216747	-0.228177295
7.638720000	-5.052367687	-0.229395492
7.638721000	-5.055613518	-0.227939425
7.638722000	-5.051511765	-0.228242859
7.638723000	-5.049853802	-0.229857467
7.638724000	-5.049695015	-0.228486305
7.638725000	-5.050136089	-0.228562455
7.638726000	-5.057076454	-0.230603202
7.638727000	-5.048334122	-0.230844002
7.638728000	-5.047376156	-0.231526420
7.638729000	-5.048525333	-0.231282774
7.638730000	-5.050931931	-0.231565469
7.638731000	-5.046929359	-0.232369194
7.638732000	-5.043711185	-0.231630217
7.638733000	-5.042039871	-0.232759663
7.638734000	-5.054921627	-0.232363502
7.638735000	-5.054932594	-0.233067109
7.638736000	-5.056416988	-0.233604252
7.638737000	-5.050627708	-0.233513987
7.638738000	-5.051163197	-0.234514304
7.638739000	-5.045824528	-0.234312286
7.638740000	-5.056010723	-0.234673661
7.638741000	-5.047034264	-0.234768819
7.638742000	-5.053414345	-0.235329764
7.638743000	-5.051875591	-0.235723795
7.638744000	-5.050252914	-0.236017592
7.638745000	-5.049807549	-0.236310273
7.638746000	-5.052824020	-0.235767354
7.638747000	-5.052235603	-0.236210554
7.638748000	-5.045861244	-0.236780221
7.638749000	-5.057349205	-0.236643684
7.638750000	-5.055115700	-0.235855472
7.638751000	-5.055086613	-0.236935001
7.638752000	-5.050086975	-0.238005442
7.638753000	-5.051045895	-0.238198837
7.638754000	-5.053419113	-0.238596730
7.638755000	-5.051482677	-0.238096838
7.638756000	-5.054113388	-0.237991943
7.638757000	-5.055169106	-0.239324755
7.638758000	-5.053900719	-0.238556400
7.638759000	-5.056244850	-0.238699644
7.638760000	-5.056192398	-0.239548877
7.638761000	-5.052732468	-0.239747299
7.638762000	-5.054935932	-0.240620516
7.638763000	-5.058722496	-0.240688876
7.638764000	-5.042028904	-0.241557682
7.638765000	-5.056275845	-0.241969574
7.638766000	-5.047284126	-0.242272708
7.638767000	-5.060327053	-0.242577823
7.638768000	-5.051181316	-0.243814728
7.638769000	-5.058975220	-0.242233127
7.638770000	-5.059144020	-0.242758535
7.638771000	-5.055442810	-0.243381232
7.638772000	-5.058785915	-0.243701544
7.638773000	-5.056238651	-0.244053697
7.638774000	-5.058219433	-0.244288055
7.638775000	-5.061923027	-0.244441037
7.638776000	-5.057401180	-0.244986652
7.638777000	-5.057072163	-0.245182994
7.638778000	-5.061635494	-0.244990314
7.638779000	-5.058933258	-0.246337357
7.638780000	-5.060489178	-0.245845854
7.638781000	-5.063319683	-0.245521149
7.638782000	-5.051989079	-0.247039716
7.638783000	-5.059795856	-0.247743956
7.638784000	-5.062252522	-0.247963167
7.638785000	-5.065088749	-0.247735317
7.638786000	-5.065895557	-0.248336909
7.638787000	-5.062376499	-0.248345581
7.638788000	-5.052049637	-0.249375209
7.638789000	-5.061023712	-0.248555305
7.638790000	-5.063400269	-0.249871622
7.638791000	-5.062625885	-0.250066698
7.638792000	-5.061955452	-0.249843010
7.638793000	-5.061256409	-0.250629807
7.638794000	-5.065836430	-0.251575446
7.638795000	-5.067070007	-0.251170163
7.638796000	-5.064732075	-0.251417021
7.638797000	-5.067362309	-0.252253453
7.638798000	-5.063939095	-0.251811618
7.638799000	-5.063663960	-0.251722702
7.638800000	-5.071799755	-0.252560200
7.638801000	-5.068675995	-0.254070528
7.638802000	-5.065996170	-0.253810138
7.638803000	-5.071803570	-0.253919577
7.638804000	-5.062859535	-0.254963403
7.638805000	-5.070609093	-0.255357567
7.638806000	-5.070918560	-0.255322214
7.638807000	-5.069961548	-0.255162541
7.638808000	-5.071485996	-0.255566426
7.638809000	-5.069931984	-0.257163057
7.638810000	-5.064908028	-0.255984991
7.638811000	-5.065697193	-0.257964735
7.638812000	-5.065839291	-0.256770341
7.638813000	-5.077230930	-0.257087590
7.638814000	-5.064323902	-0.256940301
7.638815000	-5.060340405	-0.258331786
7.638816000	-5.075070858	-0.258563947
7.638817000	-5.067733765	-0.258100157
7.638818000	-5.068833351	-0.259183265
7.638819000	-5.068233013	-0.259962539
7.638820000	-5.071771145	-0.259321849
7.638821000	-5.069710732	-0.260061592
7.638822000	-5.072178841	-0.259700367
7.638823000	-5.068079472	-0.260068599
7.638824000	-5.076348782	-0.260669142
7.638825000	-5.073564053	-0.261595423
7.638826000	-5.071237087	-0.263329157
7.638827000	-5.077008724	-0.262359684
7.638828000	-5.066785336	-0.263002304
7.638829000	-5.072008610	-0.263104686
7.638830000	-5.076890469	-0.262256919
7.638831000	-5.068833828	-0.263909011
7.638832000	-5.080960751	-0.264811789
7.638833000	-5.078144073	-0.265257269
7.638834000	-5.080611706	-0.265083848
7.638835000	-5.076024055	-0.265641930
7.638836000	-5.080862999	-0.265663002
7.638837000	-5.080747604	-0.266561303
7.638838000	-5.076889038	-0.266976024
7.638839000	-5.072988987	-0.266326645
7.638840000	-5.077720165	-0.267475466
7.638841000	-5.082097054	-0.267322717
7.638842000	-5.078891754	-0.268489548
7.638843000	-5.086548805	-0.268291775
7.638844000	-5.075814247	-0.269141939
7.638845000	-5.084027290	-0.268816884
7.638846000	-5.085397720	-0.268638252
7.638847000	-5.088539124	-0.269369456
7.638848000	-5.082748413	-0.270302628
7.638849000	-5.079658985	-0.272166258
7.638850000	-5.087546825	-0.271726887
7.638851000	-5.085094452	-0.272315562
7.638852000	-5.086572170	-0.272273817
7.638853000	-5.085958481	-0.272547190
7.638854000	-5.087661266	-0.272335269
7.638855000	-5.083666801	-0.273642282
7.638856000	-5.090578556	-0.273530013
7.638857000	-5.082809448	-0.274243174
7.638858000	-5.093386650	-0.274904937
7.638859000	-5.085415363	-0.275201330
7.638860000	-5.086113453	-0.275036813
7.638861000	-5.084641933	-0.276765321
7.638862000	-5.081576347	-0.276386536
7.638863000	-5.090389729	-0.276944968
7.638864000	-5.090352535	-0.276849211
7.638865000	-5.080049515	-0.278041192
7.638866000	-5.087480068	-0.278054990
7.638867000	-5.083498001	-0.278901043
7.638868000	-5.094038486	-0.278562855
7.638869000	-5.089714050	-0.279285837
7.638870000	-5.086505890	-0.280279595
7.638871000	-5.081348896	-0.280406095
7.638872000	-5.091256618	-0.280155559
7.638873000	-5.087689400	-0.280021269
7.638874000	-5.092233181	-0.280918022
7.638875000	-5.091506481	-0.281945636
7.638876000	-5.091162682	-0.282082622
7.638877000	-5.095873356	-0.282465152
7.638878000	-5.090677738	-0.282853174
7.638879000	-5.098800182	-0.283527320
7.638880000	-5.093492031	-0.283789442
7.638881000	-5.098853111	-0.283976296
7.638882000	-5.097308636	-0.285174585
7.638883000	-5.101212025	-0.285653888
7.638884000	-5.095206738	-0.285802658
7.638885000	-5.097067833	-0.285710513
7.638886000	-5.090455055	-0.286819021
7.638887000	-5.094389915	-0.287779922
7.638888000	-5.103260994	-0.288808369
7.638889000	-5.098536968	-0.288850513
7.638890000	-5.097928047	-0.288889528
7.638891000	-5.100344658	-0.290016345
7.638892000	-5.099328995	-0.290668853
7.638893000	-5.104878426	-0.290593019
7.638894000	-5.102338791	-0.291222424
7.638895000	-5.091220856	-0.292083225
7.638896000	-5.106450081	-0.293329451
7.638897000	-5.109564781	-0.293640508
7.638898000	-5.107913494	-0.294285825
7.638899000	-5.107067108	-0.294112720
7.638900000	-5.111465454	-0.295354818
7.638901000	-5.104348183	-0.295217133
7.638902000	-5.107564449	-0.294857373
7.638903000	-5.117232800	-0.295852363
7.638904000	-5.107314110	-0.295764113
7.638905000	-5.110510826	-0.296171044
7.638906000	-5.110278606	-0.297767675
7.638907000	-5.115967751	-0.298374044
7.638908000	-5.104628086	-0.298863566
7.638909000	-5.115724564	-0.299046525
7.638910000	-5.107852936	-0.298760402
7.638911000	-5.117222786	-0.298668390
7.638912000	-5.112015724	-0.300115685
7.638913000	-5.117496490	-0.301805094
7.638914000	-5.120652199	-0.301290372
7.638915000	-5.115582466	-0.301801699
7.638916000	-5.116013050	-0.303902633
7.638917000	-5.121677399	-0.303227522
7.638918000	-5.114324093	-0.302970460
7.638919000	-5.119802952	-0.304884374
7.638920000	-5.125960350	-0.305143733
7.638921000	-5.116044044	-0.306166520
7.638922000	-5.116334438	-0.306488230
7.638923000	-5.119899273	-0.307172496
7.638924000	-5.126709461	-0.307680693
7.638925000	-5.130857468	-0.308759440
7.638926000	-5.113236904	-0.309035976
7.638927000	-5.125769615	-0.309235314
7.638928000	-5.127530098	-0.310075308
7.638929000	-5.133631229	-0.311131584
7.638930000	-5.131997585	-0.310946794
7.638931000	-5.127962589	-0.311131284
7.638932000	-5.130413055	-0.312534271
7.638933000	-5.132652283	-0.313862090
7.638934000	-5.131627083	-0.312374282
7.638935000	-5.129846096	-0.313975607
7.638936000	-5.137506962	-0.315304624
7.638937000	-5.130619526	-0.316038425
7.638938000	-5.138147831	-0.315260416
7.638939000	-5.135994911	-0.316261398
7.638940000	-5.140083313	-0.317428928
7.638941000	-5.134119511	-0.317557525
7.638942000	-5.143892288	-0.318924360
7.638943000	-5.145668507	-0.319389581
7.638944000	-5.140616417	-0.320628816
7.638945000	-5.146589279	-0.319793948
7.638946000	-5.147953510	-0.320914140
7.638947000	-5.140508652	-0.321237781
7.638948000	-5.144824028	-0.320675887
7.638949000	-5.146772861	-0.323267443
7.638950000	-5.144011497	-0.323641351
7.638951000	-5.154615879	-0.323529731
7.638952000	-5.151417732	-0.324316795
7.638953000	-5.146274090	-0.324831251
7.638954000	-5.149979115	-0.324569362
7.638955000	-5.159152985	-0.326827057
7.638956000	-5.157001019	-0.327632430
7.638957000	-5.152290344	-0.328427983
7.638958000	-5.155028343	-0.329361821
7.638959000	-5.157242298	-0.327898181
7.638960000	-5.165783405	-0.329615553
7.638961000	-5.165079594	-0.331549175
7.638962000	-5.163838387	-0.332207175
7.638963000	-5.170782089	-0.331888927
7.638964000	-5.168058872	-0.332109537
7.638965000	-5.164337158	-0.333896219
7.638966000	-5.170228481	-0.335000332
7.638967000	-5.170742035	-0.335593151
7.638968000	-5.158313274	-0.335738460
7.638969000	-5.174162865	-0.336675926
7.638970000	-5.174242973	-0.338652225
7.638971000	-5.176712036	-0.338757686
7.638972000	-5.183259010	-0.338168728
7.638973000	-5.176856995	-0.340194428
7.638974000	-5.172211170	-0.341171808
7.638975000	-5.177399635	-0.341029063
7.638976000	-5.175666809	-0.341924151
7.638977000	-5.179786205	-0.342098056
7.638978000	-5.181610107	-0.342552724
7.638979000	-5.185261250	-0.343974253
7.638980000	-5.186155319	-0.343433132
7.638981000	-5.179771900	-0.344236840
7.638982000	-5.189035892	-0.346386977
7.638983000	-5.189194202	-0.345891729
7.638984000	-5.190425396	-0.345571317
7.638985000	-5.184070587	-0.346902265
7.638986000	-5.190968990	-0.347780110
7.638987000	-5.188993931	-0.347557636
7.638988000	-5.208424091	-0.351316887
7.638989000	-5.194387913	-0.350501328
7.638990000	-5.208539486	-0.351721488
7.638991000	-5.201295853	-0.351707273
7.638992000	-5.201571465	-0.352698036
7.638993000	-5.210181713	-0.353713000
7.638994000	-5.207869530	-0.354913320
7.638995000	-5.210847855	-0.355477877
7.638996000	-5.215496540	-0.358286380
7.638997000	-5.218040943	-0.358663850
7.638998000	-5.219940186	-0.357584637
7.638999000	-5.221255779	-0.357831246
7.639000000	-5.217795372	-0.360314710
7.639001000	-5.222668648	-0.361310133
7.639002000	-5.217065334	-0.361163459
7.639003000	-5.226712227	-0.362301495
7.639004000	-5.223425388	-0.363272750
7.639005000	-5.220954895	-0.364013308
7.639006000	-5.230504513	-0.364756297
7.639007000	-5.233176708	-0.364305191
7.639008000	-5.232235909	-0.366269239
7.639009000	-5.231666088	-0.366551733
7.639010000	-5.238395214	-0.367411735
7.639011000	-5.237495899	-0.368024162
7.639012000	-5.239302158	-0.369330509
7.639013000	-5.237605572	-0.370237548
7.639014000	-5.254254818	-0.371450818
7.639015000	-5.245472908	-0.373452017
7.639016000	-5.247455120	-0.374495310
7.639017000	-5.262047768	-0.376061282
7.639018000	-5.256692886	-0.375900128
7.639019000	-5.251965046	-0.376250001
7.639020000	-5.249937057	-0.376920318
7.639021000	-5.255984306	-0.378842188
7.639022000	-5.262480259	-0.380126598
7.639023000	-5.264217854	-0.379865575
7.639024000	-5.267904758	-0.379892339
7.639025000	-5.270802975	-0.383292331
7.639026000	-5.272450924	-0.383910317
7.639027000	-5.273376942	-0.383991277
7.639028000	-5.274449825	-0.385744536
7.639029000	-5.288699150	-0.388593120
7.639030000	-5.286989212	-0.389388007
7.639031000	-5.287688732	-0.389688877
7.639032000	-5.286711693	-0.392082327
7.639033000	-5.291439533	-0.393286109
7.639034000	-5.293350220	-0.394624347
7.639035000	-5.300753117	-0.395673533
7.639036000	-5.305296898	-0.396828945
7.639037000	-5.300472260	-0.398057728
7.639038000	-5.301976681	-0.399925336
7.639039000	-5.313086033	-0.399366239
7.639040000	-5.316498280	-0.400251041
7.639041000	-5.315767288	-0.403290407
7.639042000	-5.316960335	-0.405111743
7.639043000	-5.319830418	-0.405743711
7.639044000	-5.336216450	-0.405587816
7.639045000	-5.335514545	-0.406863903
7.639046000	-5.339339733	-0.408378975
7.639047000	-5.326081753	-0.408269819
7.639048000	-5.342895508	-0.412881915
7.639049000	-5.344020367	-0.410813371
7.639050000	-5.344604969	-0.412799756
7.639051000	-5.346748352	-0.414463799
7.639052000	-5.357295036	-0.417162713
7.639053000	-5.352361202	-0.418442728
7.639054000	-5.358654499	-0.419230325
7.639055000	-5.365780830	-0.420547691
7.639056000	-5.363749504	-0.419403530
7.639057000	-5.357989788	-0.421369376
7.639058000	-5.367815971	-0.423969087
7.639059000	-5.380934238	-0.425262318
7.639060000	-5.382324696	-0.427496976
7.639061000	-5.382936478	-0.428025015
7.639062000	-5.381255627	-0.427637991
7.639063000	-5.392350674	-0.432602523
7.639064000	-5.386016846	-0.432435909
7.639065000	-5.387009621	-0.432743504
7.639066000	-5.407260895	-0.437601176
7.639067000	-5.411465168	-0.438559881
7.639068000	-5.411317348	-0.440160873
7.639069000	-5.427695274	-0.443612996
7.639070000	-5.415468216	-0.442727229
7.639071000	-5.430051804	-0.443703876
7.639072000	-5.432854652	-0.447060158
7.639073000	-5.433886051	-0.448041134
7.639074000	-5.443268776	-0.448871707
7.639075000	-5.445287704	-0.450555724
7.639076000	-5.459091187	-0.453601781
7.639077000	-5.457486629	-0.454196831
7.639078000	-5.465662956	-0.456692646
7.639079000	-5.468385220	-0.457362763
7.639080000	-5.467796326	-0.459111229
7.639081000	-5.473388672	-0.461320387
7.639082000	-5.491204262	-0.463982516
7.639083000	-5.503315449	-0.467052176
7.639084000	-5.497074604	-0.468074730
7.639085000	-5.501315594	-0.468804769
7.639086000	-5.521300316	-0.472427866
7.639087000	-5.528435230	-0.474666719
7.639088000	-5.529280186	-0.474395576
7.639089000	-5.537007332	-0.476922150
7.639090000	-5.543859005	-0.480759000
7.639091000	-5.542298317	-0.481024317
7.639092000	-5.560157776	-0.484964897
7.639093000	-5.556010723	-0.485439572
7.639094000	-5.571922779	-0.488830442
7.639095000	-5.576625347	-0.491795273
7.639096000	-5.586371899	-0.490876349
7.639097000	-5.592874050	-0.493859322
7.639098000	-5.598808289	-0.496271747
7.639099000	-5.622879982	-0.499350561
7.639100000	-5.614576817	-0.501474398
7.639101000	-5.625095367	-0.504286430
7.639102000	-5.641161442	-0.507263079
7.639103000	-5.649027348	-0.510897827
7.639104000	-5.669122696	-0.514942637
7.639105000	-5.678725243	-0.518399486
7.639106000	-5.693482876	-0.522513105
7.639107000	-5.716532230	-0.525029126
7.639108000	-5.728376865	-0.528722698
7.639109000	-5.729766846	-0.530381614
7.639110000	-5.736721992	-0.531677475
7.639111000	-5.751300812	-0.535288355
7.639112000	-5.771729946	-0.538661781
7.639113000	-5.768576622	-0.538497264
7.639114000	-5.790577888	-0.543630075
7.639115000	-5.821290493	-0.550157849
7.639116000	-5.846852779	-0.555065056
7.639117000	-5.986534119	-0.575467633
7.639118000	-5.898569584	-0.566319009
7.639119000	-5.902005196	-0.569299552
7.639120000	-5.933827877	-0.574528070
7.639121000	-5.972949028	-0.584368982
7.639122000	-6.007003784	-0.589073257
7.639123000	-6.031879425	-0.596432037
7.639124000	-6.078807354	-0.604043484
7.639125000	-6.117295742	-0.609266609
7.639126000	-6.140510082	-0.615036414
7.639127000	-6.247312546	-0.631723648
7.639128000	-6.345276833	-0.647532106
7.639129000	-20.413019180	-0.397991382
7.639130000	-20.706932068	-0.258816930
7.639131000	-20.666940689	-0.212476263
7.639132000	-20.725831985	-0.196372561
7.639133000	-20.770408630	-0.152535265
7.639134000	-20.758071899	-0.139471694
7.639135000	-20.706056595	-0.123735865
7.639136000	-20.721494675	-0.084935697
7.639137000	-20.728771210	-0.065487065
7.639138000	-20.665719986	-0.012080655
7.639139000	-20.692575455	-0.032695392
7.639140000	-20.543365479	0.007022957
7.639141000	-20.572948456	0.020280481
7.639142000	-20.545389175	0.038256005
7.639143000	-20.476713181	0.057738989
7.639144000	-20.542083740	0.073473435
7.639145000	-20.416709900	0.103390846
7.639146000	-20.308471680	0.127576177
7.639147000	-20.267959595	0.147588759
7.639148000	-20.165016174	0.176620261
7.639149000	-20.074722290	0.188435575
7.639150000	-20.100744247	0.192147572
7.639151000	-19.984317780	0.217123429
7.639152000	-19.942050934	0.224766086
7.639153000	-19.919906616	0.233956804
7.639154000	-19.871875763	0.260599317
7.639155000	-19.749366760	0.270583625
7.639156000	-19.687417984	0.284324338
7.639157000	-19.655714035	0.295924934
7.639158000	-19.565828323	0.306624717
7.639159000	-19.486593246	0.314040788
7.639160000	-19.350746155	0.337640623
7.639161000	-19.344684601	0.346919343
7.639162000	-19.193525314	0.364736256
7.639163000	-19.152338028	0.371853222
7.639164000	-19.158378601	0.374806900
7.639165000	-19.027696609	0.386892658
7.639166000	-18.977705002	0.397487845
7.639167000	-18.887653351	0.410892899
7.639168000	-18.715612411	0.425472308
7.639169000	-18.594110489	0.440292866
7.639170000	-18.592170715	0.445765962
7.639171000	-18.556949615	0.446303255
7.639172000	-18.384452820	0.460112278
7.639173000	-18.348842621	0.463854751
7.639174000	-18.286884308	0.477678455
7.639175000	-18.237558365	0.471867437
7.639176000	-18.132799149	0.486308695
7.639177000	-18.013772964	0.494797055
7.639178000	-17.970106125	0.503124793
7.639179000	-17.860385895	0.508568360
7.639180000	-17.819070816	0.517665153
7.639181000	-17.745183945	0.520705284
7.639182000	-17.581468582	0.536219429
7.639183000	-17.503028870	0.539514559
7.639184000	-17.513204575	0.542077851
7.639185000	-17.447311401	0.549224278
7.639186000	-17.328699112	0.547676049
7.639187000	-17.309198380	0.559996265
7.639188000	-17.201444626	0.561054538
7.639189000	-17.105058670	0.566952974
7.639190000	-17.050212860	0.571297722
7.639191000	-16.988821030	0.575627289
7.639192000	-16.925767899	0.579444265
7.639193000	-16.893630981	0.587173424
7.639194000	-16.770879745	0.587871172
7.639195000	-16.716636658	0.597122062
7.639196000	-16.618379593	0.599849206
7.639197000	-16.485486984	0.604481574
7.639198000	-16.525869370	0.604567861
7.639199000	-16.457870483	0.610030537
7.639200000	-16.373023987	0.614260702
7.639201000	-16.277723312	0.619198469
7.639202000	-16.210886002	0.619310455
7.639203000	-16.180416107	0.623132158
7.639204000	-16.101488113	0.623728240
7.639205000	-16.051700592	0.626652457
7.639206000	-15.979814529	0.633155364
7.639207000	-15.911836624	0.635914399
7.639208000	-15.840632439	0.639511131
7.639209000	-15.821962357	0.639843227
7.639210000	-15.659753799	0.647187626
7.639211000	-15.642334938	0.645663233
7.639212000	-15.560400963	0.647507206
7.639213000	-15.520799637	0.651834776
7.639214000	-15.506003380	0.652315277
7.639215000	-15.400053024	0.653882281
7.639216000	-15.350663185	0.661158170
7.639217000	-15.339989662	0.661165760
7.639218000	-15.246788979	0.662083685
7.639219000	-15.155471802	0.664337784
7.639220000	-15.131585121	0.665793269
7.639221000	-15.032194138	0.666849212
7.639222000	-15.023194313	0.672161419
7.639223000	-14.939596176	0.674352069
7.639224000	-14.887044907	0.672653438
7.639225000	-14.885417938	0.673704322
7.639226000	-14.740521431	0.669897333
7.639227000	-14.720384598	0.677375423
7.639228000	-14.694789886	0.678417651
7.639229000	-14.645328522	0.679848101
7.639230000	-14.563357353	0.683397296
7.639231000	-14.522907257	0.683108609
7.639232000	-14.506016731	0.683791976
7.639233000	-14.461298943	0.685153451
7.639234000	-14.406149864	0.687140502
7.639235000	-14.334374428	0.685875833
7.639236000	-14.315732956	0.688155033
7.639237000	-14.229797363	0.688767427
7.639238000	-14.206524849	0.689966582
7.639239000	-14.118054390	0.691014536
7.639240000	-14.086460114	0.692117950
7.639241000	-14.049478531	0.694518457
7.639242000	-13.945941925	0.690884174
7.639243000	-13.947002411	0.697932630
7.639244000	-13.897199631	0.694434967
7.639245000	-13.849101067	0.699233983
7.639246000	-13.819324493	0.695870943
7.639247000	-13.747501373	0.697040604
7.639248000	-13.700493813	0.698310932
7.639249000	-13.662366867	0.701042802
7.639250000	-13.631125450	0.698677649
7.639251000	-13.555807114	0.700911775
7.639252000	-13.534734726	0.702551882
7.639253000	-13.458554268	0.701541812
7.639254000	-13.443289757	0.699530326
7.639255000	-13.400258064	0.701465712
7.639256000	-13.356006622	0.703937525
7.639257000	-13.331369400	0.703160681
7.639258000	-13.291495323	0.702286032
7.639259000	-13.222002983	0.701923842
7.639260000	-13.199843407	0.701084680
7.639261000	-13.154745102	0.702244620
7.639262000	-13.103199005	0.702939372
7.639263000	-13.072901726	0.705235483
7.639264000	-13.029414177	0.702106269
7.639265000	-13.025294304	0.704310035
7.639266000	-12.948543549	0.701183351
7.639267000	-12.904452324	0.702968134
7.639268000	-12.870734215	0.704673956
7.639269000	-12.837504387	0.703083116
7.639270000	-12.782300949	0.701631760
7.639271000	-12.779395103	0.704742532
7.639272000	-12.716026306	0.705976708
7.639273000	-12.681393623	0.702776187
7.639274000	-12.662934303	0.703821345
7.639275000	-12.610446930	0.702777785
7.639276000	-12.585805893	0.704267224
7.639277000	-12.519258499	0.704875224
7.639278000	-12.508719444	0.704489199
7.639279000	-12.462779999	0.702995166
7.639280000	-12.455159187	0.705247001
7.639281000	-12.379646301	0.703651169
7.639282000	-12.376808167	0.703646841
7.639283000	-12.310037613	0.701509455
7.639284000	-12.261449814	0.701545074
7.639285000	-12.237113953	0.703802569
7.639286000	-12.217764854	0.701524635
7.639287000	-12.155797958	0.702788637
7.639288000	-12.135596275	0.701571440
7.639289000	-12.128859520	0.702466195
7.639290000	-12.090783119	0.700972362
7.639291000	-12.057197571	0.702133833
7.639292000	-12.023358345	0.701216107
7.639293000	-11.978910446	0.699546372
7.639294000	-11.942062378	0.699910692
7.639295000	-11.942481041	0.699655761
7.639296000	-11.895002365	0.699759758
7.639297000	-11.840204239	0.699381655
7.639298000	-11.818681717	0.699421070
7.639299000	-11.817291260	0.699320469
7.639300000	-11.786185265	0.696380739
7.639301000	-11.742037773	0.696016818
7.639302000	-11.707972527	0.697967650
7.639303000	-11.671714783	0.696671889
7.639304000	-11.622776985	0.696286596
7.639305000	-11.567742348	0.690448881
7.639306000	-11.563671112	0.693113440
7.639307000	-11.551578522	0.693167036
7.639308000	-11.480286598	0.689543339
7.639309000	-11.493327141	0.693551796
7.639310000	-11.423211098	0.691928799
7.639311000	-11.446805000	0.691833591
7.639312000	-11.398312569	0.690682706
7.639313000	-11.374012947	0.688864566
7.639314000	-11.370740891	0.690741029
7.639315000	-11.317754745	0.689504324
7.639316000	-11.268932343	0.688250175
7.639317000	-11.265132904	0.687577194
7.639318000	-11.253586769	0.687460681
7.639319000	-11.211393356	0.687318867
7.639320000	-11.181696892	0.685901267
7.639321000	-11.137903214	0.686130964
7.639322000	-11.123715401	0.687026252
7.639323000	-11.099485397	0.683904428
7.639324000	-11.063673019	0.683943044
7.639325000	-11.028357506	0.681879494
7.639326000	-11.001705170	0.680894391
7.639327000	-10.979269028	0.684060823
7.639328000	-10.942296028	0.682929911
7.639329000	-10.926927567	0.681025618
7.639330000	-10.897396088	0.680677077
7.639331000	-10.890484810	0.679632651
7.639332000	-10.847720146	0.680047639
7.639333000	-10.794989586	0.676541254
7.639334000	-10.798222542	0.676648979
7.639335000	-10.754424095	0.673244793
7.639336000	-10.737519264	0.674574576
7.639337000	-10.680343628	0.675045756
7.639338000	-10.681129456	0.674307528
7.639339000	-10.659482956	0.672483329
7.639340000	-10.652298927	0.673620765
7.639341000	-10.590135574	0.671753823
7.639342000	-10.587409019	0.671902826
7.639343000	-10.564947128	0.669237069
7.639344000	-10.509482384	0.669007305
7.639345000	-10.482307434	0.666735761
7.639346000	-10.466873169	0.667645431
7.639347000	-10.454710007	0.665087265
7.639348000	-10.449097633	0.665893936
7.639349000	-10.398693085	0.663684578
7.639350000	-10.367378235	0.663551286
7.639351000	-10.368012428	0.662449537
7.639352000	-10.325041771	0.664273469
7.639353000	-10.316342354	0.661581546
7.639354000	-10.299822807	0.659746029
7.639355000	-10.258735657	0.659814472
7.639356000	-10.263500214	0.657643330
7.639357000	-10.231596947	0.656642647
7.639358000	-10.200254440	0.656040640
7.639359000	-10.189831734	0.655514732
7.639360000	-10.176874161	0.657664702
7.639361000	-10.156060219	0.654838422
7.639362000	-10.119954109	0.654710391
7.639363000	-10.114027977	0.652145833
7.639364000	-10.083379745	0.651177907
7.639365000	-10.064284325	0.650053188
7.639366000	-10.052744865	0.651471055
7.639367000	-9.997853279	0.646915052
7.639368000	-9.999482155	0.649236463
7.639369000	-9.965078354	0.648689849
7.639370000	-9.938755035	0.646479292
7.639371000	-9.914344788	0.645091119
7.639372000	-9.915969849	0.643948823
7.639373000	-9.873601913	0.642667909
7.639374000	-9.863570213	0.643139555
7.639375000	-9.842449188	0.640665145
7.639376000	-9.819621086	0.641183796
7.639377000	-9.788226128	0.640029382
7.639378000	-9.773661613	0.640148226
7.639379000	-9.733892441	0.637496649
7.639380000	-9.734184265	0.638739347
7.639381000	-9.715971947	0.635393684
7.639382000	-9.695322037	0.635877913
7.639383000	-9.673551559	0.633849717
7.639384000	-9.677116394	0.635950751
7.639385000	-9.650822639	0.633425874
7.639386000	-9.638174057	0.631429835
7.639387000	-9.598154068	0.627804274
7.639388000	-9.555047035	0.627708068
7.639389000	-9.553568840	0.628208609
7.639390000	-9.535559654	0.625353034
7.639391000	-9.508289337	0.627927579
7.639392000	-9.475742340	0.623451804
7.639393000	-9.477860451	0.625325071
7.639394000	-9.447640419	0.623158057
7.639395000	-9.434890747	0.624404416
7.639396000	-9.414064407	0.621473674
7.639397000	-9.401441574	0.620577787
7.639398000	-9.389249802	0.620654286
7.639399000	-9.360825539	0.619113448
7.639400000	-9.338108063	0.616563737
7.639401000	-9.322699547	0.617003625
7.639402000	-9.314036369	0.617039777
7.639403000	-9.292635918	0.614950727
7.639404000	-9.279287338	0.615088479
7.639405000	-9.248203278	0.611437951
7.639406000	-9.236362457	0.612672659
7.639407000	-9.195816040	0.610446523
7.639408000	-9.197911263	0.608761474
7.639409000	-9.186347008	0.608744030
7.639410000	-9.159746170	0.608122981
7.639411000	-9.120383263	0.606714568
7.639412000	-9.137988091	0.606300580
7.639413000	-9.116552353	0.605322734
7.639414000	-9.094184875	0.602699321
7.639415000	-9.072320938	0.601679862
7.639416000	-9.054928780	0.600028237
7.639417000	-9.036085129	0.600580709
7.639418000	-9.025944710	0.597686253
7.639419000	-9.012626648	0.597157615
7.639420000	-8.985145569	0.596256868
7.639421000	-8.975291252	0.594916166
7.639422000	-8.955131531	0.594969362
7.639423000	-8.941239357	0.595082214
7.639424000	-8.933220863	0.594514694
7.639425000	-8.914365768	0.593171662
7.639426000	-8.882771492	0.590168149
7.639427000	-8.881051064	0.589527193
7.639428000	-8.854812622	0.587026551
7.639429000	-8.852007866	0.588184493
7.639430000	-8.843744278	0.586893659
7.639431000	-8.823523521	0.586540790
7.639432000	-8.813396454	0.584415654
7.639433000	-8.788848877	0.582802977
7.639434000	-8.764578819	0.582522213
7.639435000	-8.756568909	0.582395913
7.639436000	-8.738693237	0.580367583
7.639437000	-8.729571342	0.579095391
7.639438000	-8.696394920	0.579823299
7.639439000	-8.699066162	0.577229514
7.639440000	-8.671591759	0.574990860
7.639441000	-8.656955719	0.574430198
7.639442000	-8.647674561	0.574243178
7.639443000	-8.637230873	0.573073651
7.639444000	-8.619473457	0.573329048
7.639445000	-8.613171577	0.570346840
7.639446000	-8.597533226	0.570635394
7.639447000	-8.574709892	0.567056505
7.639448000	-8.557127953	0.565982385
7.639449000	-8.535485268	0.565955221
7.639450000	-8.528067589	0.564407259
7.639451000	-8.522202492	0.564613054
7.639452000	-8.491936684	0.563754917
7.639453000	-8.497009277	0.561486903
7.639454000	-8.459937096	0.560915455
7.639455000	-8.458110809	0.558939056
7.639456000	-8.442478180	0.559297851
7.639457000	-8.436935425	0.558582193
7.639458000	-8.402503014	0.556294138
7.639459000	-8.386149406	0.555068851
7.639460000	-8.381320000	0.553969498
7.639461000	-8.375370026	0.553860841
7.639462000	-8.342637062	0.552023193
7.639463000	-8.335037231	0.550967749
7.639464000	-8.324713707	0.551312529
7.639465000	-8.305478096	0.549042117
7.639466000	-8.298933029	0.547974489
7.639467000	-8.285994530	0.547065086
7.639468000	-8.256324768	0.545240422
7.639469000	-8.242811203	0.543726914
7.639470000	-8.242404938	0.544611749
7.639471000	-8.225556374	0.543788433
7.639472000	-8.219533920	0.541586531
7.639473000	-8.208847046	0.542150855
7.639474000	-8.196312904	0.539709635
7.639475000	-8.184757233	0.539143747
7.639476000	-8.167879105	0.537913499
7.639477000	-8.146098137	0.535819123
7.639478000	-8.142654419	0.534147224
7.639479000	-8.132293701	0.535347577
7.639480000	-8.107291222	0.532048420
7.639481000	-8.102805138	0.532262871
7.639482000	-8.091604233	0.531284392
7.639483000	-8.085905075	0.529329798
7.639484000	-8.079635620	0.529400006
7.639485000	-8.043725014	0.528202416
7.639486000	-8.040220261	0.524500622
7.639487000	-8.031727791	0.524718635
7.639488000	-8.008672714	0.522571028
7.639489000	-7.986157417	0.522905222
7.639490000	-7.990087509	0.521770848
7.639491000	-7.970535755	0.520465433
7.639492000	-7.960293770	0.520557179
7.639493000	-7.946918964	0.519000895
7.639494000	-7.933379173	0.517226464
7.639495000	-7.931355476	0.517142541
7.639496000	-7.909267902	0.516516199
7.639497000	-7.892047882	0.514352979
7.639498000	-7.895116806	0.512841336
7.639499000	-7.874109268	0.512272718
7.639500000	-7.860799313	0.510999261
7.639501000	-7.858644485	0.510084531
7.639502000	-7.834383965	0.507886491
7.639503000	-7.824263096	0.507125726
7.639504000	-7.821273804	0.506140190
7.639505000	-7.797790527	0.504358103
7.639506000	-7.780036449	0.503878367
7.639507000	-7.777132988	0.503069232
7.639508000	-7.758294106	0.501904898
7.639509000	-7.755352020	0.501140005
7.639510000	-7.743754387	0.498794126
7.639511000	-7.727844715	0.497965351
7.639512000	-7.722507954	0.497383517
7.639513000	-7.708763599	0.496530173
7.639514000	-7.709531307	0.496210261
7.639515000	-7.676910877	0.494396915
7.639516000	-7.681671143	0.493207447
7.639517000	-7.668367863	0.492049305
7.639518000	-7.657945156	0.491166001
7.639519000	-7.636209965	0.490169712
7.639520000	-7.642903328	0.490207396
7.639521000	-7.631504059	0.488553939
7.639522000	-7.613490105	0.487605355
7.639523000	-7.608406544	0.485792840
7.639524000	-7.601391792	0.485188669
7.639525000	-7.596024036	0.483984654
7.639526000	-7.575063705	0.484213186
7.639527000	-7.562138557	0.482064215
7.639528000	-7.547357559	0.480078629
7.639529000	-7.542870045	0.479475589
7.639530000	-7.539643764	0.477922933
7.639531000	-7.515585899	0.477524158
7.639532000	-7.514470100	0.475045953
7.639533000	-7.492211819	0.473564237
7.639534000	-7.489650726	0.474574041
7.639535000	-7.476632595	0.473468497
7.639536000	-7.472744942	0.472570745
7.639537000	-7.458559036	0.471426717
7.639538000	-7.450765133	0.470856302
7.639539000	-7.436793804	0.466895216
7.639540000	-7.429268360	0.466686923
7.639541000	-7.412615299	0.466689919
7.639542000	-7.399751663	0.464443476
7.639543000	-7.395250320	0.465283238
7.639544000	-7.392429352	0.462888556
7.639545000	-7.381211758	0.462055320
7.639546000	-7.361104488	0.461567995
7.639547000	-7.356678963	0.458240109
7.639548000	-7.339240074	0.458665415
7.639549000	-7.338858128	0.457798956
7.639550000	-7.319818020	0.457281237
7.639551000	-7.317051888	0.455250610
7.639552000	-7.315457344	0.454758958
7.639553000	-7.296865940	0.453511600
7.639554000	-7.306621552	0.453186394
7.639555000	-7.289170742	0.451573750
7.639556000	-7.273067474	0.450126788
7.639557000	-7.272789955	0.449417622
7.639558000	-7.253343582	0.447851084
7.639559000	-7.246613503	0.446876900
7.639560000	-7.249829292	0.446289972
7.639561000	-7.223237514	0.444545469
7.639562000	-7.212641239	0.443884039
7.639563000	-7.209704876	0.443639561
7.639564000	-7.196817875	0.440099421
7.639565000	-7.188990116	0.440189336
7.639566000	-7.173203945	0.438790610
7.639567000	-7.161217213	0.438439306
7.639568000	-7.164523602	0.438243797
7.639569000	-7.150735378	0.436218796
7.639570000	-7.142030716	0.434304615
7.639571000	-7.142822266	0.433059488
7.639572000	-7.122802734	0.433217347
7.639573000	-7.132586002	0.434610679
7.639574000	-7.126861095	0.429953576
7.639575000	-7.109067917	0.430371127
7.639576000	-7.090369701	0.428927860
7.639577000	-7.081962109	0.428137433
7.639578000	-7.079519749	0.427391083
7.639579000	-7.074397087	0.427778805
7.639580000	-7.063007832	0.426136334
7.639581000	-7.063389301	0.424711177
7.639582000	-7.059078217	0.422746363
7.639583000	-7.051074982	0.421666218
7.639584000	-7.046433926	0.422105607
7.639585000	-7.029532909	0.420821031
7.639586000	-7.010551453	0.418283604
7.639587000	-6.999540329	0.418483674
7.639588000	-6.992470741	0.415848676
7.639589000	-7.005099297	0.414855184
7.639590000	-6.973954678	0.414696326
7.639591000	-6.981493473	0.413655563
7.639592000	-6.966531277	0.412899858
7.639593000	-6.956618309	0.411293539
7.639594000	-6.954774857	0.411071365
7.639595000	-6.947391033	0.409651633
7.639596000	-6.944390297	0.409317174
7.639597000	-6.931580544	0.409945180
7.639598000	-6.929744244	0.408554378
7.639599000	-6.918400764	0.406811472
7.639600000	-6.913403034	0.405733424
7.639601000	-6.910708904	0.404446518
7.639602000	-6.893040180	0.402879880
7.639603000	-6.888792992	0.401557621
7.639604000	-6.885303497	0.401452293
7.639605000	-6.873543262	0.400388793
7.639606000	-6.871310234	0.398470585
7.639607000	-6.858394623	0.398047308
7.639608000	-6.848947048	0.397354054
7.639609000	-6.841897488	0.396796854
7.639610000	-6.834501266	0.396727313
7.639611000	-6.829949379	0.394148907
7.639612000	-6.818814754	0.392941762
7.639613000	-6.820087910	0.393761050
7.639614000	-6.793385506	0.390732071
7.639615000	-6.803378105	0.390889897
7.639616000	-6.779752731	0.389909121
7.639617000	-6.791821003	0.388393449
7.639618000	-6.779599190	0.388225404
7.639619000	-6.780257702	0.387832621
7.639620000	-6.761162281	0.386224404
7.639621000	-6.755958080	0.383840942
7.639622000	-6.758966923	0.384184823
7.639623000	-6.743300915	0.382813161
7.639624000	-6.737312317	0.382786230
7.639625000	-6.742409706	0.380906005
7.639626000	-6.731184959	0.380769252
7.639627000	-6.718745708	0.378997484
7.639628000	-6.707270145	0.377643267
7.639629000	-6.700819016	0.376930039
7.639630000	-6.693295002	0.375413069
7.639631000	-6.683232784	0.373778487
7.639632000	-6.688114166	0.373537937
7.639633000	-6.678019524	0.373519595
7.639634000	-6.675608158	0.372491648
7.639635000	-6.662514210	0.371723792
7.639636000	-6.666802883	0.371401683
7.639637000	-6.649477005	0.370550037
7.639638000	-6.651108742	0.368186715
7.639639000	-6.639197826	0.368613852
7.639640000	-6.628618717	0.367203309
7.639641000	-6.620274067	0.366514083
7.639642000	-6.613745213	0.363434337
7.639643000	-6.622710228	0.365515930
7.639644000	-6.606103897	0.363329375
7.639645000	-6.604643822	0.362971413
7.639646000	-6.596858501	0.360598969
7.639647000	-6.586310863	0.359764035
7.639648000	-6.584733486	0.359391858
7.639649000	-6.586043358	0.357593991
7.639650000	-6.573355198	0.358083913
7.639651000	-6.581687450	0.357469489
7.639652000	-6.566203117	0.357490494
7.639653000	-6.546761513	0.354741979
7.639654000	-6.550942898	0.352616410
7.639655000	-6.549019814	0.352713050
7.639656000	-6.543261051	0.352367105
7.639657000	-6.537459850	0.351374245
7.639658000	-6.524363041	0.350819276
7.639659000	-6.520201683	0.349719889
7.639660000	-6.512729645	0.347876682
7.639661000	-6.504321098	0.346913217
7.639662000	-6.498019218	0.345802013
7.639663000	-6.497902870	0.346015532
7.639664000	-6.496600151	0.345117947
7.639665000	-6.483956337	0.345024936
7.639666000	-6.474012852	0.343304534
7.639667000	-6.471238136	0.343002964
7.639668000	-6.479791641	0.341025501
7.639669000	-6.467802048	0.341628540
7.639670000	-6.452443123	0.339573912
7.639671000	-6.457954884	0.337268846
7.639672000	-6.451034546	0.338568968
7.639673000	-6.446420670	0.337930741
7.639674000	-6.438000202	0.335951213
7.639675000	-6.443750858	0.333010085
7.639676000	-6.432500839	0.334174552
7.639677000	-6.426162720	0.334048152
7.639678000	-6.415088654	0.332555150
7.639679000	-6.405879974	0.332973700
7.639680000	-6.411452293	0.331485791
7.639681000	-6.409816742	0.331154394
7.639682000	-6.397033215	0.328643466
7.639683000	-6.390307903	0.327609527
7.639684000	-6.390464306	0.326935747
7.639685000	-6.397294044	0.327738757
7.639686000	-6.373953342	0.325437952
7.639687000	-6.380128384	0.325302863
7.639688000	-6.363553047	0.323384755
7.639689000	-6.371028900	0.323587222
7.639690000	-6.363757610	0.321740886
7.639691000	-6.356790543	0.321729434
7.639692000	-6.359795094	0.320750556
7.639693000	-6.338645935	0.318969001
7.639694000	-6.334281921	0.318326347
7.639695000	-6.334701538	0.317189510
7.639696000	-6.335976601	0.316543993
7.639697000	-6.317754269	0.316431608
7.639698000	-6.321060658	0.316066322
7.639699000	-6.316926479	0.315447436
7.639700000	-6.308610916	0.313589615
7.639701000	-6.309255123	0.313342474
7.639702000	-6.297664165	0.313233817
7.639703000	-6.309721470	0.313080619
7.639704000	-6.295459747	0.311259349
7.639705000	-6.287092686	0.310382803
7.639706000	-6.282727718	0.310017417
7.639707000	-6.284327984	0.309468640
7.639708000	-6.269738674	0.308589430
7.639709000	-6.272785664	0.308226275
7.639710000	-6.265535831	0.307598834
7.639711000	-6.260092258	0.304603743
7.639712000	-6.252258778	0.304848322
7.639713000	-6.250875950	0.303177621
7.639714000	-6.245482445	0.303123625
7.639715000	-6.253311634	0.302364624
7.639716000	-6.243309498	0.302208596
7.639717000	-6.238146305	0.301572633
7.639718000	-6.223658085	0.300362793
7.639719000	-6.233595848	0.299784154
7.639720000	-6.225584507	0.300406668
7.639721000	-6.219997883	0.298186124
7.639722000	-6.211856365	0.298295980
7.639723000	-6.212071896	0.296693090
7.639724000	-6.203292370	0.296358597
7.639725000	-6.199253559	0.295069594
7.639726000	-6.203402042	0.295250056
7.639727000	-6.195409775	0.294219879
7.639728000	-6.186013699	0.292202201
7.639729000	-6.189730167	0.291511644
7.639730000	-6.194347382	0.292003230
7.639731000	-6.193536758	0.291608982
7.639732000	-6.178835392	0.290251003
7.639733000	-6.175335407	0.288588192
7.639734000	-6.174098969	0.289188834
7.639735000	-6.161717892	0.288102331
7.639736000	-6.165535927	0.288438289
7.639737000	-6.156652927	0.286540221
7.639738000	-6.153671265	0.284556765
7.639739000	-6.151818752	0.284357328
7.639740000	-6.146432400	0.284440119
7.639741000	-6.138878822	0.283532547
7.639742000	-6.136424541	0.283001779
7.639743000	-6.131973267	0.282525406
7.639744000	-6.133549213	0.281891607
7.639745000	-6.126268864	0.280656133
7.639746000	-6.121717930	0.279425286
7.639747000	-6.124105930	0.279426219
7.639748000	-6.123771667	0.278265097
7.639749000	-6.101002693	0.277670563
7.639750000	-6.105216026	0.277545727
7.639751000	-6.107479572	0.277163331
7.639752000	-6.105016708	0.276398487
7.639753000	-6.100351810	0.275411104
7.639754000	-6.087751865	0.273911145
7.639755000	-6.091815948	0.273544195
7.639756000	-6.092577457	0.274107253
7.639757000	-6.084619522	0.272946714
7.639758000	-6.084099770	0.271237314
7.639759000	-6.073418617	0.270717798
7.639760000	-6.074033737	0.271775373
7.639761000	-6.064672947	0.269219604
7.639762000	-6.060841560	0.268173464
7.639763000	-6.058101654	0.267988741
7.639764000	-6.058598995	0.267591181
7.639765000	-6.049232483	0.265976789
7.639766000	-6.047537804	0.266831048
7.639767000	-6.049659252	0.264391659
7.639768000	-6.041240215	0.263512133
7.639769000	-6.048648834	0.263379991
7.639770000	-6.031147003	0.263445970
7.639771000	-6.031281471	0.262599118
7.639772000	-6.025161743	0.261272615
7.639773000	-6.022799969	0.261033829
7.639774000	-6.022488117	0.260979916
7.639775000	-6.020813942	0.260378159
7.639776000	-6.011534214	0.258999091
7.639777000	-6.015291214	0.258408734
7.639778000	-6.013652325	0.258383701
7.639779000	-6.002871513	0.256480306
7.639780000	-6.000581741	0.256254087
7.639781000	-6.003665447	0.255973556
7.639782000	-6.000715256	0.255514028
7.639783000	-5.997841835	0.254087423
7.639784000	-5.985789776	0.254133495
7.639785000	-5.985640526	0.252501543
7.639786000	-5.993502617	0.252063370
7.639787000	-5.977619648	0.251776731
7.639788000	-5.985355854	0.250928048
7.639789000	-5.969263554	0.249954546
7.639790000	-5.981766701	0.251742875
7.639791000	-5.979911327	0.250097275
7.639792000	-5.971288681	0.248922654
7.639793000	-5.974126816	0.247912101
7.639794000	-5.966269493	0.249140851
7.639795000	-5.957172394	0.246295729
7.639796000	-5.961642742	0.245298425
7.639797000	-5.954261303	0.244324074
7.639798000	-5.942385197	0.245059490
7.639799000	-5.943214417	0.243937500
7.639800000	-5.943524837	0.244016313
7.639801000	-5.939176083	0.242332862
7.639802000	-5.939043045	0.243184441
7.639803000	-5.940204144	0.241180479
7.639804000	-5.936521530	0.241730189
7.639805000	-5.941633224	0.240729523
7.639806000	-5.922086716	0.241027097
7.639807000	-5.920476437	0.239426305
7.639808000	-5.920457363	0.238683765
7.639809000	-5.925040722	0.238451155
7.639810000	-5.924814224	0.238181343
7.639811000	-5.919607162	0.236439370
7.639812000	-5.916997433	0.236530150
7.639813000	-5.906076908	0.236048900
7.639814000	-5.913042068	0.235387438
7.639815000	-5.905066967	0.235714790
7.639816000	-5.907720566	0.234345160
7.639817000	-5.897050381	0.233925878
7.639818000	-5.895490646	0.233912895
7.639819000	-5.895025730	0.233970386
7.639820000	-5.895467758	0.232588272
7.639821000	-5.894621849	0.232364783
7.639822000	-5.896350384	0.232099133
7.639823000	-5.891398907	0.231355745
7.639824000	-5.884868622	0.229897548
7.639825000	-5.878006458	0.229336203
7.639826000	-5.880692959	0.229543747
7.639827000	-5.878544331	0.228943287
7.639828000	-5.885651112	0.227748010
7.639829000	-5.873759747	0.227371656
7.639830000	-5.870194435	0.226734028
7.639831000	-5.876305580	0.226834979
7.639832000	-5.868389130	0.226868535
7.639833000	-5.867468834	0.226040308
7.639834000	-5.866086960	0.226268058
7.639835000	-5.861802578	0.225121851
7.639836000	-5.853867054	0.223526234
7.639837000	-5.861797333	0.223948944
7.639838000	-5.849979877	0.221905851
7.639839000	-5.845637798	0.221182553
7.639840000	-5.851259708	0.222525668
7.639841000	-5.845945835	0.221006568
7.639842000	-5.833987236	0.220205256
7.639843000	-5.845824718	0.219696625
7.639844000	-5.843170166	0.219681079
7.639845000	-5.838071346	0.219959496
7.639846000	-5.834763050	0.218106385
7.639847000	-5.832723141	0.218289161
7.639848000	-5.822706699	0.217311631
7.639849000	-5.821784496	0.217203757
7.639850000	-5.814138412	0.217436051
7.639851000	-5.828760624	0.215855065
7.639852000	-5.816604614	0.215395071
7.639853000	-5.817389965	0.215238377
7.639854000	-5.811718464	0.213736171
7.639855000	-5.817406654	0.213150276
7.639856000	-5.816197872	0.212912422
7.639857000	-5.804122448	0.212695757
7.639858000	-5.804230213	0.212148628
7.639859000	-5.806475639	0.210781327
7.639860000	-5.799511433	0.210510118
7.639861000	-5.798662663	0.210445686
7.639862000	-5.799810886	0.209236011
7.639863000	-5.798179626	0.209619756
7.639864000	-5.797297955	0.208793294
7.639865000	-5.796628475	0.208676148
7.639866000	-5.793087959	0.208144099
7.639867000	-5.785943985	0.208287643
7.639868000	-5.786377907	0.206563296
7.639869000	-5.782585144	0.207398031
7.639870000	-5.780624866	0.207371116
7.639871000	-5.785617828	0.206163023
7.639872000	-5.769048691	0.206347397
7.639873000	-5.777419090	0.203765879
7.639874000	-5.785579205	0.204074356
7.639875000	-5.773159981	0.203097342
7.639876000	-5.763288498	0.203430603
7.639877000	-5.761449337	0.201386777
7.639878000	-5.772803307	0.202616142
7.639879000	-5.760206699	0.201602127
7.639880000	-5.761084557	0.200992246
7.639881000	-5.763143063	0.200442603
7.639882000	-5.760151863	0.200019077
7.639883000	-5.755720615	0.199399942
7.639884000	-5.754225254	0.198971606
7.639885000	-5.751387119	0.198117281
7.639886000	-5.750979424	0.197589375
7.639887000	-5.748800755	0.198044743
7.639888000	-5.749243736	0.196342234
7.639889000	-5.743476391	0.194792690
7.639890000	-5.743502140	0.196392584
7.639891000	-5.734262466	0.194178515
7.639892000	-5.746182919	0.195086620
7.639893000	-5.731830597	0.194273557
7.639894000	-5.724891663	0.193474908
7.639895000	-5.729268074	0.193042527
7.639896000	-5.732862473	0.192702408
7.639897000	-5.724697590	0.192446978
7.639898000	-5.731664181	0.191485910
7.639899000	-5.730500698	0.192201135
7.639900000	-5.728579521	0.191586644
7.639901000	-5.724961758	0.191274771
7.639902000	-5.718930721	0.191170125
7.639903000	-5.713352680	0.189908136
7.639904000	-5.705148697	0.189214882
7.639905000	-5.711834431	0.188529335
7.639906000	-5.709811211	0.187399272
7.639907000	-5.711581230	0.187091078
7.639908000	-5.719169617	0.187747980
7.639909000	-5.707854271	0.185466566
7.639910000	-5.708400249	0.185974681
7.639911000	-5.705152512	0.185490901
7.639912000	-5.702060699	0.185408393
7.639913000	-5.699738979	0.185397640
7.639914000	-5.699313164	0.184123401
7.639915000	-5.697300911	0.183760179
7.639916000	-5.703372955	0.183919220
7.639917000	-5.689978123	0.183100115
7.639918000	-5.687338352	0.184033819
7.639919000	-5.687365055	0.181543830
7.639920000	-5.689298153	0.181667684
7.639921000	-5.689012051	0.182079159
7.639922000	-5.681502342	0.180873229
7.639923000	-5.678622723	0.179884215
7.639924000	-5.671602726	0.179834929
7.639925000	-5.691835880	0.179859081
7.639926000	-5.679856300	0.179044819
7.639927000	-5.670671463	0.178807432
7.639928000	-5.675001621	0.178697027
7.639929000	-5.671436787	0.177575121
7.639930000	-5.669275761	0.177645628
7.639931000	-5.676145554	0.177491148
7.639932000	-5.668351173	0.177351964
7.639933000	-5.672004700	0.177109883
7.639934000	-5.669101238	0.175874093
7.639935000	-5.654480934	0.176044069
7.639936000	-5.657705784	0.175519260
7.639937000	-5.658986568	0.174708661
7.639938000	-5.659014225	0.174235384
7.639939000	-5.651751995	0.174529180
7.639940000	-5.644917011	0.173157353
7.639941000	-5.651875496	0.173223133
7.639942000	-5.651390076	0.174021249
7.639943000	-5.658099174	0.172895797
7.639944000	-5.649357796	0.171852104
7.639945000	-5.652072430	0.171932115
7.639946000	-5.650494099	0.171355541
7.639947000	-5.648187637	0.170420705
7.639948000	-5.642426968	0.170286798
7.639949000	-5.644831657	0.170465463
7.639950000	-5.656814098	0.170017802
7.639951000	-5.642380714	0.169857796
7.639952000	-5.640232086	0.168430009
7.639953000	-5.638569832	0.168673821
7.639954000	-5.632259846	0.168041254
7.639955000	-5.643497467	0.167156202
7.639956000	-5.638394356	0.167601949
7.639957000	-5.627664566	0.166811689
7.639958000	-5.632510662	0.167897959
7.639959000	-5.630970955	0.165797374
7.639960000	-5.622689247	0.165129070
7.639961000	-5.629804611	0.165771824
7.639962000	-5.621722698	0.163274312
7.639963000	-5.619199276	0.163670191
7.639964000	-5.627107143	0.162882561
7.639965000	-5.628416061	0.162536866
7.639966000	-5.624061584	0.162985409
7.639967000	-5.614901543	0.161399330
7.639968000	-5.615998268	0.161466275
7.639969000	-5.615091801	0.160649201
7.639970000	-5.617335796	0.160400628
7.639971000	-5.608396053	0.160340407
7.639972000	-5.613172054	0.160452793
7.639973000	-5.604240894	0.160418554
7.639974000	-5.611031055	0.159703812
7.639975000	-5.607915878	0.159393670
7.639976000	-5.606437206	0.159398380
7.639977000	-5.609905243	0.157807525
7.639978000	-5.596972942	0.157672685
7.639979000	-5.605960846	0.158764981
7.639980000	-5.599901199	0.157655924
7.639981000	-5.592990398	0.156330669
7.639982000	-5.597049236	0.156843760
7.639983000	-5.597214699	0.157386529
7.639984000	-5.595330715	0.156150556
7.639985000	-5.601593018	0.156210610
7.639986000	-5.585512161	0.155286277
7.639987000	-5.593992233	0.155407384
7.639988000	-5.592952251	0.154172476
7.639989000	-5.588434219	0.155398429
7.639990000	-5.592411518	0.153524629
7.639991000	-5.591152191	0.154105847
7.639992000	-5.597957611	0.152677294
7.639993000	-5.589376450	0.152829278
7.639994000	-5.580407619	0.152882274
7.639995000	-5.585744858	0.152612929
7.639996000	-5.578942299	0.151563294
7.639997000	-5.578382969	0.151282364
7.639998000	-5.581189632	0.151391870
7.639999000	-5.588114738	0.151302337
7.640000000	-5.572975159	0.150398710
7.640001000	-5.572331429	0.149740127
7.640002000	-5.573836327	0.149267865
7.640003000	-5.571414471	0.149520666
7.640004000	-5.567457199	0.149085522
7.640005000	-5.565649033	0.148304833
7.640006000	-5.565242767	0.147917610
7.640007000	-5.573028088	0.147285059
7.640008000	-5.564533710	0.146376571
7.640009000	-5.568375111	0.147768739
7.640010000	-5.564014912	0.147969924
7.640011000	-5.559733868	0.145454319
7.640012000	-5.558897972	0.145613592
7.640013000	-5.554838181	0.145819588
7.640014000	-5.561781406	0.145186621
7.640015000	-5.560908318	0.145147989
7.640016000	-5.552581310	0.144111703
7.640017000	-5.553419590	0.143661529
7.640018000	-5.548336983	0.143224920
7.640019000	-5.549438000	0.143962366
7.640020000	-5.553616047	0.142696416
7.640021000	-5.546368122	0.142054610
7.640022000	-5.540332317	0.142860683
7.640023000	-5.556916714	0.143081009
7.640024000	-5.541985512	0.141019074
7.640025000	-5.538975716	0.141143693
7.640026000	-5.552077770	0.141289751
7.640027000	-5.541828156	0.141170125
7.640028000	-5.542508125	0.140436024
7.640029000	-5.541692734	0.140708116
7.640030000	-5.543953419	0.140608081
7.640031000	-5.550097942	0.140531116
7.640032000	-5.542877674	0.139324446
7.640033000	-5.536993980	0.139992525
7.640034000	-5.534605503	0.140329914
7.640035000	-5.534119129	0.140095989
7.640036000	-5.541544914	0.138806170
7.640037000	-5.535273552	0.138677015
7.640038000	-5.536622047	0.137403941
7.640039000	-5.533502102	0.138540952
7.640040000	-5.528748512	0.137514578
7.640041000	-5.529232502	0.137208631
7.640042000	-5.533157825	0.136686893
7.640043000	-5.527745724	0.136580691
7.640044000	-5.526784420	0.135654210
7.640045000	-5.524917126	0.135473715
7.640046000	-5.522727966	0.134342537
7.640047000	-5.529521942	0.134397523
7.640048000	-5.522421837	0.135396575
7.640049000	-5.526788235	0.133541034
7.640050000	-5.525808811	0.134887012
7.640051000	-5.524883270	0.134529424
7.640052000	-5.520493507	0.134303746
7.640053000	-5.519029140	0.133892937
7.640054000	-5.523320198	0.133460823
7.640055000	-5.519703865	0.131778021
7.640056000	-5.515196323	0.132018854
7.640057000	-5.516906738	0.131054715
7.640058000	-5.510597706	0.131626113
7.640059000	-5.516156197	0.132984433
7.640060000	-5.505132675	0.131540867
7.640061000	-5.518964291	0.130489650
7.640062000	-5.514178276	0.130807981
7.640063000	-5.509218216	0.130513086
7.640064000	-5.514489651	0.129042355
7.640065000	-5.509328365	0.129650105
7.640066000	-5.505683899	0.129607095
7.640067000	-5.507049561	0.128282040
7.640068000	-5.494244099	0.128214454
7.640069000	-5.502121925	0.128123465
7.640070000	-5.511120319	0.127983882
7.640071000	-5.501122475	0.127664095
7.640072000	-5.502294064	0.127199190
7.640073000	-5.496994972	0.127799516
7.640074000	-5.497802258	0.126350074
7.640075000	-5.499546528	0.127675746
7.640076000	-5.499195099	0.126046923
7.640077000	-5.501747608	0.126251845
7.640078000	-5.501412392	0.125338647
7.640079000	-5.499981880	0.124808978
7.640080000	-5.495369911	0.125041638
7.640081000	-5.493466377	0.124720103
7.640082000	-5.489880085	0.124920722
7.640083000	-5.493918419	0.124617913
7.640084000	-5.486084938	0.123703375
7.640085000	-5.487488270	0.123774906
7.640086000	-5.494886398	0.123317300
7.640087000	-5.487519741	0.122975308
7.640088000	-5.493734837	0.122939364
7.640089000	-5.481771946	0.121887590
7.640090000	-5.483634949	0.122389080
7.640091000	-5.485999107	0.121108474
7.640092000	-5.490112782	0.121348833
7.640093000	-5.484498501	0.120917434
7.640094000	-5.480349541	0.121372377
7.640095000	-5.474545479	0.119992768
7.640096000	-5.479191303	0.120377336
7.640097000	-5.478106022	0.119574984
7.640098000	-5.473832607	0.119464089
7.640099000	-5.478830814	0.120287596
7.640100000	-5.474975109	0.118888405
7.640101000	-5.475961685	0.118927553
7.640102000	-5.471753597	0.118561385
7.640103000	-5.474151611	0.117888329
7.640104000	-5.474740982	0.117940710
7.640105000	-5.470921993	0.117385200
7.640106000	-5.471771717	0.118836215
7.640107000	-5.472369671	0.116292388
7.640108000	-5.466589451	0.117258983
7.640109000	-5.470167637	0.116752458
7.640110000	-5.462405682	0.117840501
7.640111000	-5.469336033	0.116126848
7.640112000	-5.472087383	0.118255687
7.640113000	-5.476432800	0.117445171
7.640114000	-5.469582558	0.116035876
7.640115000	-5.478942394	0.115369686
7.640116000	-5.465740204	0.115719667
7.640117000	-5.470655918	0.115812179
7.640118000	-5.463973522	0.115352933
7.640119000	-5.460774422	0.114823023
7.640120000	-5.448901176	0.114441691
7.640121000	-5.461479187	0.113964395
7.640122000	-5.453885555	0.113977244
7.640123000	-5.454144955	0.111991358
7.640124000	-5.463055611	0.112118957
7.640125000	-5.452908516	0.113236969
7.640126000	-5.455926895	0.112340033
7.640127000	-5.461636543	0.112150024
7.640128000	-5.459587097	0.112332634
7.640129000	-5.456382751	0.111959326
7.640130000	-5.453132153	0.112095555
7.640131000	-5.448013306	0.111390000
7.640132000	-5.446185112	0.110587515
7.640133000	-5.452268600	0.110926543
7.640134000	-5.452094078	0.110601929
7.640135000	-5.452569008	0.110952767
7.640136000	-5.443773270	0.110994828
7.640137000	-5.448981285	0.109575463
7.640138000	-5.455687523	0.109394502
7.640139000	-5.448132038	0.108775034
7.640140000	-5.443237305	0.109159827
7.640141000	-5.447026253	0.109034825
7.640142000	-5.442627430	0.109346690
7.640143000	-5.443991184	0.108887511
7.640144000	-5.445791721	0.107366396
7.640145000	-5.432788372	0.107923804
7.640146000	-5.442943573	0.107694315
7.640147000	-5.442728043	0.108110159
7.640148000	-5.442565441	0.107106788
7.640149000	-5.442115307	0.107579150
7.640150000	-5.438921452	0.106797062
7.640151000	-5.441047192	0.106755991
7.640152000	-5.435993671	0.105902423
7.640153000	-5.437391281	0.105378355
7.640154000	-5.442426682	0.105898229
7.640155000	-5.434577465	0.106050811
7.640156000	-5.440154552	0.104690802
7.640157000	-5.432638645	0.106086706
7.640158000	-5.434693813	0.104269673
7.640159000	-5.441964626	0.104261017
7.640160000	-5.438089371	0.104368018
7.640161000	-5.431028366	0.103664919
7.640162000	-5.426611900	0.103570618
7.640163000	-5.433987617	0.103817901
7.640164000	-5.433307648	0.104284337
7.640165000	-5.429823875	0.102658152
7.640166000	-5.430974960	0.103570060
7.640167000	-5.432895184	0.102088527
7.640168000	-5.432162762	0.102647508
7.640169000	-5.423769951	0.101817858
7.640170000	-5.424743176	0.101925916
7.640171000	-5.423845768	0.101975459
7.640172000	-5.424351692	0.101925824
7.640173000	-5.423165798	0.100230065
7.640174000	-5.423701763	0.100990264
7.640175000	-5.420750618	0.099912916
7.640176000	-5.425159931	0.100801821
7.640177000	-5.422507763	0.101040839
7.640178000	-5.425747871	0.101670744
7.640179000	-5.423189640	0.100959613
7.640180000	-5.424523354	0.099718555
7.640181000	-5.417795181	0.099707062
7.640182000	-5.417919636	0.099730198
7.640183000	-5.419926167	0.098726919
7.640184000	-5.414343834	0.099527049
7.640185000	-5.418948650	0.098259484
7.640186000	-5.424819469	0.098440645
7.640187000	-5.417899132	0.098824981
7.640188000	-5.418091774	0.098348958
7.640189000	-5.417464256	0.097470930
7.640190000	-5.413808823	0.097278667
7.640191000	-5.413841724	0.096995007
7.640192000	-5.419506550	0.096510802
7.640193000	-5.409256935	0.097852994
7.640194000	-5.419027805	0.097465695
7.640195000	-5.412112713	0.096600975
7.640196000	-5.410232544	0.096746783
7.640197000	-5.407199383	0.096340568
7.640198000	-5.403718472	0.096424108
7.640199000	-5.410128593	0.095875772
7.640200000	-5.411201477	0.095881181
7.640201000	-5.406732082	0.095363055
7.640202000	-5.408511639	0.094859210
7.640203000	-5.406713486	0.094584471
7.640204000	-5.399563789	0.094620790
7.640205000	-5.405726910	0.093737445
7.640206000	-5.406448364	0.093694326
7.640207000	-5.400131226	0.094238901
7.640208000	-5.405716419	0.093554436
7.640209000	-5.410207748	0.094177857
7.640210000	-5.404907703	0.093762146
7.640211000	-5.403790474	0.093096813
7.640212000	-5.396163464	0.092117169
7.640213000	-5.399981499	0.092386340
7.640214000	-5.405028820	0.092994007
7.640215000	-5.401564598	0.092735863
7.640216000	-5.404985905	0.092955849
7.640217000	-5.396698475	0.093133132
7.640218000	-5.400573730	0.091038164
7.640219000	-5.403026581	0.090851818
7.640220000	-5.401794910	0.091315716
7.640221000	-5.392678261	0.092152672
7.640222000	-5.395881653	0.091498875
7.640223000	-5.402623653	0.090583571
7.640224000	-5.394093037	0.090489562
7.640225000	-5.400263786	0.089951179
7.640226000	-5.399230480	0.091281103
7.640227000	-5.402930260	0.091511009
7.640228000	-5.398226261	0.090792238
7.640229000	-5.387624741	0.089713791
7.640230000	-5.392980099	0.089511333
7.640231000	-5.392757416	0.090020504
7.640232000	-5.390742302	0.088840449
7.640233000	-5.393493176	0.088411106
7.640234000	-5.395198822	0.088880563
7.640235000	-5.383069038	0.089186252
7.640236000	-5.390952110	0.089097594
7.640237000	-5.395456791	0.088741895
7.640238000	-5.395871162	0.088478001
7.640239000	-5.384490490	0.087889809
7.640240000	-5.377996445	0.087701606
7.640241000	-5.379195213	0.086993763
7.640242000	-5.385753155	0.087427076
7.640243000	-5.387057781	0.086774219
7.640244000	-5.380604744	0.087444936
7.640245000	-5.387263775	0.086304737
7.640246000	-5.392657280	0.086462554
7.640247000	-5.386187077	0.086893204
7.640248000	-5.390176296	0.085669939
7.640249000	-5.391315937	0.086268967
7.640250000	-5.383392334	0.086188665
7.640251000	-5.376686573	0.085414708
7.640252000	-5.383183956	0.086050646
7.640253000	-5.388158798	0.085982161
7.640254000	-5.390227318	0.085853714
7.640255000	-5.384846687	0.085352033
7.640256000	-5.379919052	0.083968079
7.640257000	-5.382346630	0.084644747
7.640258000	-5.382761478	0.084520585
7.640259000	-5.382997036	0.084569005
7.640260000	-5.381234169	0.084000836
7.640261000	-5.374232769	0.083745223
7.640262000	-5.375171661	0.083396931
7.640263000	-5.381392956	0.083792510
7.640264000	-5.374240875	0.083630798
7.640265000	-5.380710125	0.083024263
7.640266000	-5.378540516	0.082325816
7.640267000	-5.371038437	0.082802672
7.640268000	-5.382417679	0.083087613
7.640269000	-5.364667892	0.082179800
7.640270000	-5.370905876	0.081377057
7.640271000	-5.366050720	0.082369092
7.640272000	-5.368575573	0.081252729
7.640273000	-5.371230602	0.081800957
7.640274000	-5.369928837	0.080709627
7.640275000	-5.368218422	0.081150147
7.640276000	-5.366271973	0.080513194
7.640277000	-5.367271423	0.079299500
7.640278000	-5.376344204	0.081231606
7.640279000	-5.371037006	0.079567805
7.640280000	-5.360153675	0.079271545
7.640281000	-5.367442608	0.079354045
7.640282000	-5.368064880	0.080271553
7.640283000	-5.365662098	0.079580247
7.640284000	-5.370769501	0.078765228
7.640285000	-5.370630264	0.079042654
7.640286000	-5.369766712	0.079045193
7.640287000	-5.364610195	0.079513368
7.640288000	-5.358311653	0.078378787
7.640289000	-5.366078377	0.078344931
7.640290000	-5.364269257	0.078995766
7.640291000	-5.364974499	0.077661398
7.640292000	-5.361155987	0.077435903
7.640293000	-5.369682789	0.079058009
7.640294000	-5.366103649	0.077459805
7.640295000	-5.367923260	0.078074920
7.640296000	-5.366388321	0.077591764
7.640297000	-5.355847836	0.077705232
7.640298000	-5.359848976	0.076579821
7.640299000	-5.370186806	0.076878237
7.640300000	-5.358914852	0.076936818
7.640301000	-5.359248638	0.076807472
7.640302000	-5.361676216	0.076138760
7.640303000	-5.360533237	0.076789262
7.640304000	-5.364513874	0.075752286
7.640305000	-5.355464935	0.075538609
7.640306000	-5.359888554	0.075024460
7.640307000	-5.361772060	0.075146575
7.640308000	-5.363012314	0.074888023
7.640309000	-5.356360435	0.075322069
7.640310000	-5.353803158	0.074389696
7.640311000	-5.362200260	0.074547297
7.640312000	-5.348762989	0.073675311
7.640313000	-5.353294373	0.073328077
7.640314000	-5.360373020	0.074174679
7.640315000	-5.355049133	0.073811990
7.640316000	-5.359620571	0.072694253
7.640317000	-5.353660583	0.073056659
7.640318000	-5.348979950	0.073406989
7.640319000	-5.348582745	0.073246442
7.640320000	-5.348951817	0.073841343
7.640321000	-5.353406906	0.072870138
7.640322000	-5.346339703	0.071924058
7.640323000	-5.351299286	0.072510586
7.640324000	-5.351027489	0.072779515
7.640325000	-5.342605591	0.071465944
7.640326000	-5.348933697	0.071997486
7.640327000	-5.349156380	0.072630387
7.640328000	-5.349440098	0.071366209
7.640329000	-5.346135139	0.071659673
7.640330000	-5.344209194	0.070760714
7.640331000	-5.353310585	0.070700136
7.640332000	-5.347731590	0.070264077
7.640333000	-5.348695755	0.070792423
7.640334000	-5.339633465	0.071789344
7.640335000	-5.356177807	0.071602432
7.640336000	-5.346912384	0.068777084
7.640337000	-5.350170135	0.070420754
7.640338000	-5.355808735	0.070513390
7.640339000	-5.345753193	0.069600388
7.640340000	-5.347105026	0.070107291
7.640341000	-5.353491306	0.071106459
7.640342000	-5.343582630	0.069404433
7.640343000	-5.345500469	0.068654187
7.640344000	-5.345068932	0.069299380
7.640345000	-5.342239857	0.068697168
7.640346000	-5.354552269	0.068579415
7.640347000	-5.335506439	0.069099955
7.640348000	-5.344308376	0.068988377
7.640349000	-5.351087570	0.068328999
7.640350000	-5.335399151	0.068002424
7.640351000	-5.343158722	0.069186965
7.640352000	-5.341839790	0.068473167
7.640353000	-5.334086895	0.067847179
7.640354000	-5.342890263	0.068217533
7.640355000	-5.336763382	0.067391529
7.640356000	-5.334105968	0.066923320
7.640357000	-5.343873978	0.067450568
7.640358000	-5.341000080	0.067017804
7.640359000	-5.337065220	0.066525772
7.640360000	-5.332517147	0.067358697
7.640361000	-5.338441849	0.065922446
7.640362000	-5.333984375	0.066911510
7.640363000	-5.346580505	0.065506556
7.640364000	-5.330826759	0.065806607
7.640365000	-5.332085133	0.066400171
7.640366000	-5.333168983	0.065570946
7.640367000	-5.330006599	0.064582555
7.640368000	-5.329570770	0.064780079
7.640369000	-5.324568272	0.064907299
7.640370000	-5.331316471	0.064194150
7.640371000	-5.333070755	0.065553577
7.640372000	-5.334387302	0.065231077
7.640373000	-5.329032421	0.065446401
7.640374000	-5.327435017	0.064400861
7.640375000	-5.329467773	0.063572468
7.640376000	-5.341559887	0.064558895
7.640377000	-5.330792904	0.064093149
7.640378000	-5.331743240	0.064264565
7.640379000	-5.331638813	0.064065344
7.640380000	-5.334728241	0.064312565
7.640381000	-5.334801674	0.063072489
7.640382000	-5.327067375	0.061923243
7.640383000	-5.327552319	0.063015917
7.640384000	-5.334360600	0.062862619
7.640385000	-5.334022045	0.063785068
7.640386000	-5.333853722	0.062744321
7.640387000	-5.332427025	0.062366098
7.640388000	-5.330721855	0.062122643
7.640389000	-5.330729485	0.062555702
7.640390000	-5.323627472	0.062909341
7.640391000	-5.325566769	0.061358487
7.640392000	-5.322968483	0.062437117
7.640393000	-5.324211597	0.062156994
7.640394000	-5.326855659	0.061373180
7.640395000	-5.323951721	0.062629143
7.640396000	-5.332665443	0.061607958
7.640397000	-5.328378677	0.060177083
7.640398000	-5.326079369	0.061518734
7.640399000	-5.321629047	0.061008801
7.640400000	-5.318164825	0.061495918
7.640401000	-5.335937023	0.061836195
7.640402000	-5.327329159	0.060711817
7.640403000	-5.327395916	0.061234229
7.640404000	-5.329492092	0.061445980
7.640405000	-5.322416782	0.059601965
7.640406000	-5.330777168	0.060316113
7.640407000	-5.321643353	0.061070886
7.640408000	-5.327529907	0.059842615
7.640409000	-5.318289280	0.059994095
7.640410000	-5.326667309	0.059947298
7.640411000	-5.321255207	0.058725053
7.640412000	-5.324724197	0.058565147
7.640413000	-5.330823421	0.059969357
7.640414000	-5.323819160	0.059548344
7.640415000	-5.324911118	0.058704151
7.640416000	-5.321305275	0.058881863
7.640417000	-5.319238186	0.058631168
7.640418000	-5.324885845	0.058526402
7.640419000	-5.324746132	0.058158374
7.640420000	-5.318802834	0.057802130
7.640421000	-5.319174290	0.058077127
7.640422000	-5.324975491	0.057683320
7.640423000	-5.317420483	0.057348956
7.640424000	-5.311486721	0.057848790
7.640425000	-5.323728561	0.057545244
7.640426000	-5.309900284	0.056807781
7.640427000	-5.320282459	0.057560153
7.640428000	-5.314205647	0.057361669
7.640429000	-5.314922333	0.057263552
7.640430000	-5.311087608	0.056559104
7.640431000	-5.315582752	0.055422946
7.640432000	-5.316389084	0.056077971
7.640433000	-5.317832947	0.055886211
7.640434000	-5.312341690	0.057221382
7.640435000	-5.309387684	0.056874502
7.640436000	-5.315913200	0.055556890
7.640437000	-5.307964802	0.055677332
7.640438000	-5.313312531	0.055490199
7.640439000	-5.316055775	0.056537712
7.640440000	-5.309706211	0.056218161
7.640441000	-5.309465408	0.055761438
7.640442000	-5.312794209	0.055483882
7.640443000	-5.320701122	0.054576447
7.640444000	-5.323118687	0.055943901
7.640445000	-5.315920830	0.055264945
7.640446000	-5.316383839	0.055212714
7.640447000	-5.314307690	0.054735875
7.640448000	-5.312380314	0.055174493
7.640449000	-5.314532757	0.054971207
7.640450000	-5.310333729	0.054642560
7.640451000	-5.305628777	0.053557268
7.640452000	-5.313089371	0.054296628
7.640453000	-5.306408882	0.054316710
7.640454000	-5.313082218	0.054959685
7.640455000	-5.306664467	0.053987127
7.640456000	-5.308280945	0.052805503
7.640457000	-5.300634384	0.052704037
7.640458000	-5.309553146	0.053480469
7.640459000	-5.314602852	0.053172658
7.640460000	-5.321077347	0.053865600
7.640461000	-5.317265987	0.053194620
7.640462000	-5.310740471	0.053093337
7.640463000	-5.310647488	0.053207341
7.640464000	-5.317912579	0.052573317
7.640465000	-5.310544968	0.052709988
7.640466000	-5.303531170	0.052082489
7.640467000	-5.312796116	0.052831082
7.640468000	-5.313198566	0.052410736
7.640469000	-5.318131924	0.051743730
7.640470000	-5.308981895	0.051469608
7.640471000	-5.299924374	0.051757953
7.640472000	-5.302264214	0.050247853
7.640473000	-5.309576988	0.050759755
7.640474000	-5.311856747	0.050421458
7.640475000	-5.308392048	0.050769533
7.640476000	-5.308959007	0.050130816
7.640477000	-5.306745529	0.050689610
7.640478000	-5.298952103	0.050252210
7.640479000	-5.298336029	0.050425952
7.640480000	-5.312817097	0.050108699
7.640481000	-5.297075272	0.049927875
7.640482000	-5.302256584	0.049004935
7.640483000	-5.306225300	0.049229111
7.640484000	-5.300129890	0.049750679
7.640485000	-5.302335262	0.050256080
7.640486000	-5.304490089	0.048862993
7.640487000	-5.298421383	0.049218005
7.640488000	-5.296828270	0.049220235
7.640489000	-5.299912453	0.049505173
7.640490000	-5.305841446	0.048331430
7.640491000	-5.290697098	0.049975113
7.640492000	-5.298422813	0.049591755
7.640493000	-5.297041416	0.049172024
7.640494000	-5.296897411	0.048008601
7.640495000	-5.300173283	0.049446488
7.640496000	-5.305614471	0.048783265
7.640497000	-5.300772667	0.047967447
7.640498000	-5.291837692	0.047359605
7.640499000	-5.297317028	0.048266591
7.640500000	-5.289558411	0.048150240
7.640501000	-5.305603981	0.047103318
7.640502000	-5.293430805	0.047559979
7.640503000	-5.296356678	0.048448089
7.640504000	-5.298620701	0.047587963
7.640505000	-5.292952538	0.045641192
7.640506000	-5.297002792	0.047319600
7.640507000	-5.300073147	0.047099743
7.640508000	-5.291892529	0.046517189
7.640509000	-5.291130066	0.046909190
7.640510000	-5.294652462	0.046650693
7.640511000	-5.291885376	0.045160105
7.640512000	-5.297394276	0.046570864
7.640513000	-5.293854713	0.044950206
7.640514000	-5.292301655	0.045987915
7.640515000	-5.294873238	0.045735510
7.640516000	-5.288452148	0.046039639
7.640517000	-5.298147678	0.045935060
7.640518000	-5.293400288	0.045328966
7.640519000	-5.286647797	0.044406151
7.640520000	-5.293346882	0.044493520
7.640521000	-5.292160988	0.044623865
7.640522000	-5.295102596	0.044408407
7.640523000	-5.292084217	0.044181743
7.640524000	-5.289309978	0.044969256
7.640525000	-5.292833805	0.044125284
7.640526000	-5.285283089	0.044543891
7.640527000	-5.289403439	0.044149535
7.640528000	-5.287700176	0.044017413
7.640529000	-5.285046577	0.043890680
7.640530000	-5.294657230	0.043926125
7.640531000	-5.291818619	0.043250115
7.640532000	-5.294199944	0.043950509
7.640533000	-5.291267872	0.043293121
7.640534000	-5.289317608	0.042759278
7.640535000	-5.288722038	0.043530575
7.640536000	-5.287565708	0.041840512
7.640537000	-5.283326626	0.043161236
7.640538000	-5.283946514	0.042982850
7.640539000	-5.288839817	0.042169945
7.640540000	-5.285623550	0.044109779
7.640541000	-5.290562630	0.044146139
7.640542000	-5.288055420	0.042762515
7.640543000	-5.286909103	0.042542625
7.640544000	-5.284015656	0.041161281
7.640545000	-5.284160614	0.042440168
7.640546000	-5.284414768	0.041660765
7.640547000	-5.274409771	0.042452240
7.640548000	-5.285863876	0.041325590
7.640549000	-5.281217098	0.042207367
7.640550000	-5.290842056	0.042057069
7.640551000	-5.279696465	0.040512527
7.640552000	-5.282263279	0.041750510
7.640553000	-5.290241241	0.041670053
7.640554000	-5.279699802	0.041864222
7.640555000	-5.279580593	0.042018719
7.640556000	-5.282627106	0.041833604
7.640557000	-5.292296410	0.039989332
7.640558000	-5.269392490	0.040523708
7.640559000	-5.279419422	0.040781664
7.640560000	-5.283977985	0.040686389
7.640561000	-5.283421993	0.040406146
7.640562000	-5.279588223	0.040519434
7.640563000	-5.280731678	0.040312835
7.640564000	-5.284948349	0.040198619
7.640565000	-5.282384396	0.039977493
7.640566000	-5.280194283	0.040412221
7.640567000	-5.276389122	0.039873110
7.640568000	-5.275060177	0.040134112
7.640569000	-5.280333042	0.039663528
7.640570000	-5.276031494	0.039223265
7.640571000	-5.273010731	0.038955534
7.640572000	-5.281421661	0.039099025
7.640573000	-5.272398472	0.039552532
7.640574000	-5.267642498	0.038530278
7.640575000	-5.282447815	0.038948856
7.640576000	-5.277597427	0.038443646
7.640577000	-5.282480240	0.039173731
7.640578000	-5.268673897	0.038641985
