D:\KID metingen\Entropy ADR\LT343chip5_BF_20240530_mapping\S21\Power\KID336_96dBm_.dat
Power at KID:96dBm
resonance Frequency in GHz :7.619964
Q=73980.233007, Qc=186139.245850, Qi=122777.692408  S21min=-4.400075


Temperature in K:0.099995
GHz	dB	Rad
7.619297000	-2.998232603	-0.608080570
7.619298000	-2.994590998	-0.608973528
7.619299000	-3.005565643	-0.610040590
7.619300000	-3.005783081	-0.608756281
7.619301000	-3.009001970	-0.608662671
7.619302000	-2.998292923	-0.610404112
7.619303000	-3.014036894	-0.609045167
7.619304000	-3.014681101	-0.609769880
7.619305000	-3.002127647	-0.608474585
7.619306000	-3.019820452	-0.608481642
7.619307000	-3.011415958	-0.608665867
7.619308000	-3.003719091	-0.608598489
7.619309000	-3.011930704	-0.608885977
7.619310000	-3.005301714	-0.609461087
7.619311000	-3.008258343	-0.610136398
7.619312000	-3.010409355	-0.609525602
7.619313000	-3.018963575	-0.610276214
7.619314000	-3.012431383	-0.609552832
7.619315000	-3.011874199	-0.610310369
7.619316000	-3.014185429	-0.610198982
7.619317000	-3.016221285	-0.610009232
7.619318000	-3.010945559	-0.609980003
7.619319000	-3.001946211	-0.611386485
7.619320000	-3.019482136	-0.610268291
7.619321000	-3.007263899	-0.610386335
7.619322000	-3.002334833	-0.610615633
7.619323000	-3.017534733	-0.610344457
7.619324000	-3.013925076	-0.612082236
7.619325000	-3.011998415	-0.611599738
7.619326000	-3.008536100	-0.611515782
7.619327000	-3.010119200	-0.611577634
7.619328000	-3.007688999	-0.609797843
7.619329000	-3.008679390	-0.611311051
7.619330000	-3.004806519	-0.610527483
7.619331000	-3.018769026	-0.611694280
7.619332000	-3.011857510	-0.612140559
7.619333000	-3.007300615	-0.610820630
7.619334000	-3.017639875	-0.612159468
7.619335000	-3.020677805	-0.611649739
7.619336000	-3.011471748	-0.612485505
7.619337000	-3.002025366	-0.612556612
7.619338000	-3.022661924	-0.612121851
7.619339000	-3.023999453	-0.612272053
7.619340000	-3.013944864	-0.611512986
7.619341000	-3.015380144	-0.612542031
7.619342000	-3.019020081	-0.612921931
7.619343000	-3.023983479	-0.611864323
7.619344000	-3.005724430	-0.611972248
7.619345000	-3.016297579	-0.613054823
7.619346000	-3.021342993	-0.613220738
7.619347000	-3.016892910	-0.612745896
7.619348000	-3.018140316	-0.612387301
7.619349000	-3.019786835	-0.612892037
7.619350000	-3.016653776	-0.613571476
7.619351000	-3.015610695	-0.613260552
7.619352000	-3.019407034	-0.614326149
7.619353000	-3.020081282	-0.614400718
7.619354000	-3.016817331	-0.613925077
7.619355000	-3.016785145	-0.613439516
7.619356000	-3.015837431	-0.613817552
7.619357000	-3.021335125	-0.613056021
7.619358000	-3.020642996	-0.614558909
7.619359000	-3.028172016	-0.614557977
7.619360000	-3.022089481	-0.615423372
7.619361000	-3.020314693	-0.614155707
7.619362000	-3.022730350	-0.613942787
7.619363000	-3.020893812	-0.615074098
7.619364000	-3.021682978	-0.614136199
7.619365000	-3.012283564	-0.614721163
7.619366000	-3.026965141	-0.614859714
7.619367000	-3.024915695	-0.615703802
7.619368000	-3.023854733	-0.615465916
7.619369000	-3.014168501	-0.615122634
7.619370000	-3.028827190	-0.614049114
7.619371000	-3.026831627	-0.614986147
7.619372000	-3.022298336	-0.615327231
7.619373000	-3.020487547	-0.616193092
7.619374000	-3.022167444	-0.614769499
7.619375000	-3.032967567	-0.615976577
7.619376000	-3.026497126	-0.616066791
7.619377000	-3.028675795	-0.615977509
7.619378000	-3.022683620	-0.616565934
7.619379000	-3.028061152	-0.615837693
7.619380000	-3.023772240	-0.614892470
7.619381000	-3.030387640	-0.616766870
7.619382000	-3.035139561	-0.615472174
7.619383000	-3.024202585	-0.617599241
7.619384000	-3.025032043	-0.615305394
7.619385000	-3.033146858	-0.615718183
7.619386000	-3.023932457	-0.616727388
7.619387000	-3.032148838	-0.616530980
7.619388000	-3.032040834	-0.617475870
7.619389000	-3.034025908	-0.617754104
7.619390000	-3.026773691	-0.616953624
7.619391000	-3.033014536	-0.617231858
7.619392000	-3.034590483	-0.615518779
7.619393000	-3.034161091	-0.616239497
7.619394000	-3.030242682	-0.617820150
7.619395000	-3.041286230	-0.617809298
7.619396000	-3.026576042	-0.617269675
7.619397000	-3.040655851	-0.617464352
7.619398000	-3.035761356	-0.617614554
7.619399000	-3.039530754	-0.617602769
7.619400000	-3.032747030	-0.617973415
7.619401000	-3.042470217	-0.619855737
7.619402000	-3.033751249	-0.618861246
7.619403000	-3.027266026	-0.618913311
7.619404000	-3.035632133	-0.619175832
7.619405000	-3.030920267	-0.619374571
7.619406000	-3.037319899	-0.619180826
7.619407000	-3.039357662	-0.619663057
7.619408000	-3.028900862	-0.619143741
7.619409000	-3.033674955	-0.618986282
7.619410000	-3.043830156	-0.619546211
7.619411000	-3.033461094	-0.619553002
7.619412000	-3.040116549	-0.620244292
7.619413000	-3.041539431	-0.619438553
7.619414000	-3.029460907	-0.619428633
7.619415000	-3.038270950	-0.620176115
7.619416000	-3.047412872	-0.619073367
7.619417000	-3.041819096	-0.621473940
7.619418000	-3.042379141	-0.620115595
7.619419000	-3.048554182	-0.619768718
7.619420000	-3.040676117	-0.619920851
7.619421000	-3.041419744	-0.620163133
7.619422000	-3.045875072	-0.620163465
7.619423000	-3.048709393	-0.620364601
7.619424000	-3.052680969	-0.621326734
7.619425000	-3.027504444	-0.620807751
7.619426000	-3.047796488	-0.621179262
7.619427000	-3.046712875	-0.622244792
7.619428000	-3.039795637	-0.620395227
7.619429000	-3.047314167	-0.620386638
7.619430000	-3.053765535	-0.622017358
7.619431000	-3.043250084	-0.622040262
7.619432000	-3.042154551	-0.621941791
7.619433000	-3.046726704	-0.622291331
7.619434000	-3.062048912	-0.621833001
7.619435000	-3.048900127	-0.622150916
7.619436000	-3.051428795	-0.623131092
7.619437000	-3.048856258	-0.623163916
7.619438000	-3.046236515	-0.622403850
7.619439000	-3.052791834	-0.622734082
7.619440000	-3.050884724	-0.622408976
7.619441000	-3.046134233	-0.622740140
7.619442000	-3.055075169	-0.623645948
7.619443000	-3.042320490	-0.622145590
7.619444000	-3.055180550	-0.623623178
7.619445000	-3.048548698	-0.623498609
7.619446000	-3.053855419	-0.624211004
7.619447000	-3.053928375	-0.623274237
7.619448000	-3.050387859	-0.622451254
7.619449000	-3.057441235	-0.622231011
7.619450000	-3.050890207	-0.624181909
7.619451000	-3.051923752	-0.623465186
7.619452000	-3.053966999	-0.624904158
7.619453000	-3.051199675	-0.625559429
7.619454000	-3.044888258	-0.625445912
7.619455000	-3.053767443	-0.624825462
7.619456000	-3.061782837	-0.624646498
7.619457000	-3.058271170	-0.625311822
7.619458000	-3.061675549	-0.625400572
7.619459000	-3.054822445	-0.625990595
7.619460000	-3.056617737	-0.625145840
7.619461000	-3.050440788	-0.625794520
7.619462000	-3.054267883	-0.624769935
7.619463000	-3.057466507	-0.625025532
7.619464000	-3.070676804	-0.625757435
7.619465000	-3.049969673	-0.625363354
7.619466000	-3.058017015	-0.625313020
7.619467000	-3.052917004	-0.626049318
7.619468000	-3.056528568	-0.626193861
7.619469000	-3.068220139	-0.626811781
7.619470000	-3.049987555	-0.626607050
7.619471000	-3.056972504	-0.626214101
7.619472000	-3.060600996	-0.625497644
7.619473000	-3.062523365	-0.627353268
7.619474000	-3.057316780	-0.627827910
7.619475000	-3.059620857	-0.626977230
7.619476000	-3.064345837	-0.626373824
7.619477000	-3.061111927	-0.626754922
7.619478000	-3.062199116	-0.627369646
7.619479000	-3.061423302	-0.626473759
7.619480000	-3.074935198	-0.626538074
7.619481000	-3.068436861	-0.627652541
7.619482000	-3.067348003	-0.626708117
7.619483000	-3.068174362	-0.626234208
7.619484000	-3.064457178	-0.627734699
7.619485000	-3.066009283	-0.627455800
7.619486000	-3.070708752	-0.627960136
7.619487000	-3.064229488	-0.629051965
7.619488000	-3.072917223	-0.627403469
7.619489000	-3.076135159	-0.628288504
7.619490000	-3.073725224	-0.628002680
7.619491000	-3.059253454	-0.630094593
7.619492000	-3.072182894	-0.628819604
7.619493000	-3.075422525	-0.629306963
7.619494000	-3.065108061	-0.629293248
7.619495000	-3.069981098	-0.629970623
7.619496000	-3.077137947	-0.628580786
7.619497000	-3.084149599	-0.629034988
7.619498000	-3.070676804	-0.629540056
7.619499000	-3.079775810	-0.629914497
7.619500000	-3.071442604	-0.630797268
7.619501000	-3.070775747	-0.629986868
7.619502000	-3.070054770	-0.629804774
7.619503000	-3.072170973	-0.630946472
7.619504000	-3.077319622	-0.631054995
7.619505000	-3.067071199	-0.631409995
7.619506000	-3.078651905	-0.631020907
7.619507000	-3.073909760	-0.630931025
7.619508000	-3.086199999	-0.631196675
7.619509000	-3.088114500	-0.631288421
7.619510000	-3.074400187	-0.630610713
7.619511000	-3.089164734	-0.631927114
7.619512000	-3.087322474	-0.633245179
7.619513000	-3.075664520	-0.633449643
7.619514000	-3.081794739	-0.632398227
7.619515000	-3.074204206	-0.631739561
7.619516000	-3.087426424	-0.632397428
7.619517000	-3.068070650	-0.632674264
7.619518000	-3.089291334	-0.632594436
7.619519000	-3.083901405	-0.632418534
7.619520000	-3.077573061	-0.632994509
7.619521000	-3.081512213	-0.632509747
7.619522000	-3.092928410	-0.632770337
7.619523000	-3.079172373	-0.633890263
7.619524000	-3.088692904	-0.633242649
7.619525000	-3.093112230	-0.633011287
7.619526000	-3.088320732	-0.633040582
7.619527000	-3.092849016	-0.633014949
7.619528000	-3.087188959	-0.634850533
7.619529000	-3.091265678	-0.634758986
7.619530000	-3.080177546	-0.635090550
7.619531000	-3.096442223	-0.634066232
7.619532000	-3.086781979	-0.633739195
7.619533000	-3.089610338	-0.634247992
7.619534000	-3.086318731	-0.634986221
7.619535000	-3.087032080	-0.634301056
7.619536000	-3.100628138	-0.634062104
7.619537000	-3.096122980	-0.635409530
7.619538000	-3.080519915	-0.636351756
7.619539000	-3.091318130	-0.635050469
7.619540000	-3.092280388	-0.635133294
7.619541000	-3.101347208	-0.635272976
7.619542000	-3.085992575	-0.636232846
7.619543000	-3.086317062	-0.635532235
7.619544000	-3.103642225	-0.634889548
7.619545000	-3.093740225	-0.636021857
7.619546000	-3.109750986	-0.635895424
7.619547000	-3.083562613	-0.636108876
7.619548000	-3.099406481	-0.637919892
7.619549000	-3.103942394	-0.636121526
7.619550000	-3.102460384	-0.637058826
7.619551000	-3.113088131	-0.636985456
7.619552000	-3.097827911	-0.636637048
7.619553000	-3.097377777	-0.638389474
7.619554000	-3.101050854	-0.638183945
7.619555000	-3.101169348	-0.638829428
7.619556000	-3.095960140	-0.638380086
7.619557000	-3.104492426	-0.637994461
7.619558000	-3.102802038	-0.637883607
7.619559000	-3.103291750	-0.638579091
7.619560000	-3.110609531	-0.638652395
7.619561000	-3.100402355	-0.638395666
7.619562000	-3.107012033	-0.637740661
7.619563000	-3.104985476	-0.640061140
7.619564000	-3.097627401	-0.638675032
7.619565000	-3.116773844	-0.639344550
7.619566000	-3.112198591	-0.639698018
7.619567000	-3.116154909	-0.639528708
7.619568000	-3.113765001	-0.640394435
7.619569000	-3.115269661	-0.640830594
7.619570000	-3.101985931	-0.639337493
7.619571000	-3.106949806	-0.639971192
7.619572000	-3.113800049	-0.639980779
7.619573000	-3.118497133	-0.639683371
7.619574000	-3.112623453	-0.640563146
7.619575000	-3.123221874	-0.640344101
7.619576000	-3.112311125	-0.640941315
7.619577000	-3.122610569	-0.641898522
7.619578000	-3.104336262	-0.642184745
7.619579000	-3.117816448	-0.640229985
7.619580000	-3.114924669	-0.641939934
7.619581000	-3.111541986	-0.642600065
7.619582000	-3.124986172	-0.643297281
7.619583000	-3.113675833	-0.643403075
7.619584000	-3.121505022	-0.642948939
7.619585000	-3.112438440	-0.642449130
7.619586000	-3.109970808	-0.641902650
7.619587000	-3.113621473	-0.642399995
7.619588000	-3.122107983	-0.643440026
7.619589000	-3.113727808	-0.643116785
7.619590000	-3.116191387	-0.642241737
7.619591000	-3.120150805	-0.644268069
7.619592000	-3.118178606	-0.643203604
7.619593000	-3.125281096	-0.644964220
7.619594000	-3.129290819	-0.643662466
7.619595000	-3.124994993	-0.643468122
7.619596000	-3.122323990	-0.643854347
7.619597000	-3.120872259	-0.643924854
7.619598000	-3.125210762	-0.646167835
7.619599000	-3.119367123	-0.645006431
7.619600000	-3.127645016	-0.644140637
7.619601000	-3.137981892	-0.645437597
7.619602000	-3.132108927	-0.644865017
7.619603000	-3.129657745	-0.646731160
7.619604000	-3.133688211	-0.645337928
7.619605000	-3.133197784	-0.645658173
7.619606000	-3.119612455	-0.645984543
7.619607000	-3.140505314	-0.646468506
7.619608000	-3.127533913	-0.647400346
7.619609000	-3.134886742	-0.646266505
7.619610000	-3.131436348	-0.646193601
7.619611000	-3.138151169	-0.647693760
7.619612000	-3.135174751	-0.647138824
7.619613000	-3.135021448	-0.647476047
7.619614000	-3.140508890	-0.648387713
7.619615000	-3.125478745	-0.649136195
7.619616000	-3.136308908	-0.647939836
7.619617000	-3.141204357	-0.649274879
7.619618000	-3.150464773	-0.649859709
7.619619000	-3.145427704	-0.648923408
7.619620000	-3.141454935	-0.649075208
7.619621000	-3.148394585	-0.649061094
7.619622000	-3.136524916	-0.647109729
7.619623000	-3.137857199	-0.648215673
7.619624000	-3.148445606	-0.650107383
7.619625000	-3.140058517	-0.650022961
7.619626000	-3.146100760	-0.650632225
7.619627000	-3.142957211	-0.650175427
7.619628000	-3.138227224	-0.649650984
7.619629000	-3.145233631	-0.650032948
7.619630000	-3.148009777	-0.650096131
7.619631000	-3.146875620	-0.651737304
7.619632000	-3.153310299	-0.651153939
7.619633000	-3.147717953	-0.650968982
7.619634000	-3.149128199	-0.650419172
7.619635000	-3.140588522	-0.652789452
7.619636000	-3.143316269	-0.651714601
7.619637000	-3.154760838	-0.652474800
7.619638000	-3.150886774	-0.652011277
7.619639000	-3.154791117	-0.651720992
7.619640000	-3.149017811	-0.652306422
7.619641000	-3.165010691	-0.652430192
7.619642000	-3.163508892	-0.652436850
7.619643000	-3.163773298	-0.652400431
7.619644000	-3.157780170	-0.652741049
7.619645000	-3.162579775	-0.653700986
7.619646000	-3.169162273	-0.654146732
7.619647000	-3.157696724	-0.654038941
7.619648000	-3.153453112	-0.655365262
7.619649000	-3.166111708	-0.654440679
7.619650000	-3.157409906	-0.653732078
7.619651000	-3.164129257	-0.655325181
7.619652000	-3.160706043	-0.653813305
7.619653000	-3.160920382	-0.654509788
7.619654000	-3.167437077	-0.655066189
7.619655000	-3.169027090	-0.655326313
7.619656000	-3.160613775	-0.655592629
7.619657000	-3.166554451	-0.657175812
7.619658000	-3.167134047	-0.655847893
7.619659000	-3.170578957	-0.657003838
7.619660000	-3.164569139	-0.655786308
7.619661000	-3.169996977	-0.655800023
7.619662000	-3.167629242	-0.656258752
7.619663000	-3.173127651	-0.656824141
7.619664000	-3.177941322	-0.656817151
7.619665000	-3.169781208	-0.658421173
7.619666000	-3.175395727	-0.657340928
7.619667000	-3.171418905	-0.657526284
7.619668000	-3.186353207	-0.658069302
7.619669000	-3.178884983	-0.658056453
7.619670000	-3.184623718	-0.658891886
7.619671000	-3.190268755	-0.658023230
7.619672000	-3.180722475	-0.658122899
7.619673000	-3.187595606	-0.659669396
7.619674000	-3.192366600	-0.659188829
7.619675000	-3.183225870	-0.659045151
7.619676000	-3.186421156	-0.659252545
7.619677000	-3.187242746	-0.660438118
7.619678000	-3.184234142	-0.661255309
7.619679000	-3.197862387	-0.660633061
7.619680000	-3.192602873	-0.661053841
7.619681000	-3.193403006	-0.661672892
7.619682000	-3.189421654	-0.661787941
7.619683000	-3.196417809	-0.661380411
7.619684000	-3.196676254	-0.661163363
7.619685000	-3.192114115	-0.661715636
7.619686000	-3.192886829	-0.662301665
7.619687000	-3.194225073	-0.661774159
7.619688000	-3.197916985	-0.662971383
7.619689000	-3.188201189	-0.663196154
7.619690000	-3.187578917	-0.662790421
7.619691000	-3.201519012	-0.664644381
7.619692000	-3.193100214	-0.663895101
7.619693000	-3.197870970	-0.663252813
7.619694000	-3.195308685	-0.663446225
7.619695000	-3.203186512	-0.665551520
7.619696000	-3.198174000	-0.664771014
7.619697000	-3.204361200	-0.664340314
7.619698000	-3.210333347	-0.665806385
7.619699000	-3.205510139	-0.664754569
7.619700000	-3.212759733	-0.665570761
7.619701000	-3.214088202	-0.665214031
7.619702000	-3.198760271	-0.667172586
7.619703000	-3.210141659	-0.666895684
7.619704000	-3.221079826	-0.666676439
7.619705000	-3.213144302	-0.667301616
7.619706000	-3.213463545	-0.666465983
7.619707000	-3.216811895	-0.668966492
7.619708000	-3.209449053	-0.668304629
7.619709000	-3.210229874	-0.667939976
7.619710000	-3.222620726	-0.669116894
7.619711000	-3.212415695	-0.669891274
7.619712000	-3.221340656	-0.669433277
7.619713000	-3.224509954	-0.669361438
7.619714000	-3.228038073	-0.668651107
7.619715000	-3.225579262	-0.670730769
7.619716000	-3.219874382	-0.670367514
7.619717000	-3.217939615	-0.669692469
7.619718000	-3.234281301	-0.670774978
7.619719000	-3.227821350	-0.670803274
7.619720000	-3.226793289	-0.671089564
7.619721000	-3.232925177	-0.670875512
7.619722000	-3.231866598	-0.671835049
7.619723000	-3.225762129	-0.670875113
7.619724000	-3.227550268	-0.672205761
7.619725000	-3.236843109	-0.671841707
7.619726000	-3.229788065	-0.670648344
7.619727000	-3.246221066	-0.672778008
7.619728000	-3.228729963	-0.673287803
7.619729000	-3.246178627	-0.673705320
7.619730000	-3.248409271	-0.674009853
7.619731000	-3.250883818	-0.674559529
7.619732000	-3.250311136	-0.674694552
7.619733000	-3.245362759	-0.674912931
7.619734000	-3.252920628	-0.674088882
7.619735000	-3.243649721	-0.673874298
7.619736000	-3.253562212	-0.674832503
7.619737000	-3.240307093	-0.674608265
7.619738000	-3.246217251	-0.676413755
7.619739000	-3.253453732	-0.677099919
7.619740000	-3.257482290	-0.676968292
7.619741000	-3.247837782	-0.676834734
7.619742000	-3.266039848	-0.676801778
7.619743000	-3.264509678	-0.677560845
7.619744000	-3.255223036	-0.677834552
7.619745000	-3.268885851	-0.677321960
7.619746000	-3.272551060	-0.678280498
7.619747000	-3.261201382	-0.679268864
7.619748000	-3.264639616	-0.677857322
7.619749000	-3.258759260	-0.679409878
7.619750000	-3.255938053	-0.679412142
7.619751000	-3.258498669	-0.678749214
7.619752000	-3.262008667	-0.680215751
7.619753000	-3.262300253	-0.680333995
7.619754000	-3.277576923	-0.682707271
7.619755000	-3.270843983	-0.680874350
7.619756000	-3.270087481	-0.679779924
7.619757000	-3.277498960	-0.680998454
7.619758000	-3.271102667	-0.679999569
7.619759000	-3.283843279	-0.682101468
7.619760000	-3.282219410	-0.681764246
7.619761000	-3.281051874	-0.683482584
7.619762000	-3.288814306	-0.682674514
7.619763000	-3.291201591	-0.683374526
7.619764000	-3.289526701	-0.683105480
7.619765000	-3.278572083	-0.682823718
7.619766000	-3.292408943	-0.683975135
7.619767000	-3.290919304	-0.683780658
7.619768000	-3.289293051	-0.684947389
7.619769000	-3.294789791	-0.686479239
7.619770000	-3.289969683	-0.684613562
7.619771000	-3.296384811	-0.686665394
7.619772000	-3.309061050	-0.686221645
7.619773000	-3.291208506	-0.686886370
7.619774000	-3.299617290	-0.687138105
7.619775000	-3.308817863	-0.687213140
7.619776000	-3.305564880	-0.687377923
7.619777000	-3.307096720	-0.687270464
7.619778000	-3.305549383	-0.688406303
7.619779000	-3.312891722	-0.690006197
7.619780000	-3.317573309	-0.689405121
7.619781000	-3.305457830	-0.689184278
7.619782000	-3.314462900	-0.689083611
7.619783000	-3.320140600	-0.691160277
7.619784000	-3.308471680	-0.691220731
7.619785000	-3.314839363	-0.691315074
7.619786000	-3.318531990	-0.691400827
7.619787000	-3.325858355	-0.692126872
7.619788000	-3.315910101	-0.693811055
7.619789000	-3.328083754	-0.691542175
7.619790000	-3.333762169	-0.692098509
7.619791000	-3.324501514	-0.692861971
7.619792000	-3.315577984	-0.693659454
7.619793000	-3.331147194	-0.692893995
7.619794000	-3.324525118	-0.695527396
7.619795000	-3.332392454	-0.694521520
7.619796000	-3.341872215	-0.694707475
7.619797000	-3.354264021	-0.694911473
7.619798000	-3.328070641	-0.696144783
7.619799000	-3.340805769	-0.696537533
7.619800000	-3.345118523	-0.695237710
7.619801000	-3.347239256	-0.697484752
7.619802000	-3.333960056	-0.696394188
7.619803000	-3.347893238	-0.697465112
7.619804000	-3.362970591	-0.697310715
7.619805000	-3.349827528	-0.698614132
7.619806000	-3.358775854	-0.698618194
7.619807000	-3.348006725	-0.698230637
7.619808000	-3.359439135	-0.698988040
7.619809000	-3.359861851	-0.700510037
7.619810000	-3.364414692	-0.700281404
7.619811000	-3.357673407	-0.700285865
7.619812000	-3.356715441	-0.702161396
7.619813000	-3.363702297	-0.701635822
7.619814000	-3.377801895	-0.702545025
7.619815000	-3.363588333	-0.702742298
7.619816000	-3.376175642	-0.703602233
7.619817000	-3.378356695	-0.704427813
7.619818000	-3.371526003	-0.702730714
7.619819000	-3.380318403	-0.702660739
7.619820000	-3.389243603	-0.704881083
7.619821000	-3.393580198	-0.705885295
7.619822000	-3.383645535	-0.704175545
7.619823000	-3.379158020	-0.704959313
7.619824000	-3.377887487	-0.706978322
7.619825000	-3.384954929	-0.707658627
7.619826000	-3.394660711	-0.708272020
7.619827000	-3.391329050	-0.706872728
7.619828000	-3.390356302	-0.708766369
7.619829000	-3.402203798	-0.709874111
7.619830000	-3.389253378	-0.708055371
7.619831000	-3.401061535	-0.708848394
7.619832000	-3.406948566	-0.711219673
7.619833000	-3.407043695	-0.711873346
7.619834000	-3.408664703	-0.710479714
7.619835000	-3.411898613	-0.711620212
7.619836000	-3.419670105	-0.711607829
7.619837000	-3.412845612	-0.712011897
7.619838000	-3.413647175	-0.712182938
7.619839000	-3.414866924	-0.714118191
7.619840000	-3.420196056	-0.713433026
7.619841000	-3.413383007	-0.713623841
7.619842000	-3.425081968	-0.715278197
7.619843000	-3.430518866	-0.714947832
7.619844000	-3.438624144	-0.715243177
7.619845000	-3.433611393	-0.715183855
7.619846000	-3.433628321	-0.718306677
7.619847000	-3.445325851	-0.717193077
7.619848000	-3.440604687	-0.719116878
7.619849000	-3.445524693	-0.717979508
7.619850000	-3.450719118	-0.719324671
7.619851000	-3.449229002	-0.719839260
7.619852000	-3.447137594	-0.720172089
7.619853000	-3.455689907	-0.720397392
7.619854000	-3.447354078	-0.719438055
7.619855000	-3.461802006	-0.720593068
7.619856000	-3.458071709	-0.721928244
7.619857000	-3.464666843	-0.722581051
7.619858000	-3.461020947	-0.722918274
7.619859000	-3.472420692	-0.724764310
7.619860000	-3.474840403	-0.724934819
7.619861000	-3.474116802	-0.724324756
7.619862000	-3.487921000	-0.725095275
7.619863000	-3.486211300	-0.725361791
7.619864000	-3.492073774	-0.726843573
7.619865000	-3.480090141	-0.725836765
7.619866000	-3.486144781	-0.727168146
7.619867000	-3.496459007	-0.728532550
7.619868000	-3.497324944	-0.729494351
7.619869000	-3.507082701	-0.730149622
7.619870000	-3.517237425	-0.730245695
7.619871000	-3.501899719	-0.731116149
7.619872000	-3.518285513	-0.731847254
7.619873000	-3.513357401	-0.732241401
7.619874000	-3.522128820	-0.732169762
7.619875000	-3.524118662	-0.733028898
7.619876000	-3.513426781	-0.733511729
7.619877000	-3.525746107	-0.734927599
7.619878000	-3.526193619	-0.736341271
7.619879000	-3.533350706	-0.735753978
7.619880000	-3.524432659	-0.735850517
7.619881000	-3.541930437	-0.735187390
7.619882000	-3.552361727	-0.736870708
7.619883000	-3.555223465	-0.738263008
7.619884000	-3.557403088	-0.738960890
7.619885000	-3.562884569	-0.738926868
7.619886000	-3.558289051	-0.741000805
7.619887000	-3.559383154	-0.738752165
7.619888000	-3.578833342	-0.741587233
7.619889000	-3.567445517	-0.740827100
7.619890000	-3.582369328	-0.743914835
7.619891000	-3.567639589	-0.741831511
7.619892000	-3.587424755	-0.743969231
7.619893000	-3.584567308	-0.742705494
7.619894000	-3.600609779	-0.745428709
7.619895000	-3.585877419	-0.744868913
7.619896000	-3.591899872	-0.745924923
7.619897000	-3.592540026	-0.745095814
7.619898000	-3.606175900	-0.747251843
7.619899000	-3.592631817	-0.746657891
7.619900000	-3.610470057	-0.751593128
7.619901000	-3.610451460	-0.750286448
7.619902000	-3.622624636	-0.750181919
7.619903000	-3.616439342	-0.750726602
7.619904000	-3.633652210	-0.751105504
7.619905000	-3.631879091	-0.752208119
7.619906000	-3.643951893	-0.752184616
7.619907000	-3.651370287	-0.754165209
7.619908000	-3.641889811	-0.754143105
7.619909000	-3.640325785	-0.755265827
7.619910000	-3.651793242	-0.756537953
7.619911000	-3.660670996	-0.757349085
7.619912000	-3.686374664	-0.759457510
7.619913000	-3.676094532	-0.761467863
7.619914000	-3.678130627	-0.761527252
7.619915000	-3.691368341	-0.762966957
7.619916000	-3.697982550	-0.762123400
7.619917000	-3.679568052	-0.763609045
7.619918000	-3.701428652	-0.766093774
7.619919000	-3.704096556	-0.766410690
7.619920000	-3.701220036	-0.765812944
7.619921000	-3.722848654	-0.766017009
7.619922000	-3.725566626	-0.769066328
7.619923000	-3.736168146	-0.768868322
7.619924000	-3.743055105	-0.770698113
7.619925000	-3.731566906	-0.770370877
7.619926000	-3.740605116	-0.771521763
7.619927000	-3.735279322	-0.772600210
7.619928000	-3.761205196	-0.773159673
7.619929000	-3.759186983	-0.774237787
7.619930000	-3.783924580	-0.775238270
7.619931000	-3.774729013	-0.776940896
7.619932000	-3.794957399	-0.778945524
7.619933000	-3.790614605	-0.778735933
7.619934000	-3.792296886	-0.777967611
7.619935000	-3.793550491	-0.782293717
7.619936000	-3.813494444	-0.782337459
7.619937000	-3.822303772	-0.783854662
7.619938000	-3.819283724	-0.781712615
7.619939000	-3.830529451	-0.786414359
7.619940000	-3.820131779	-0.785148625
7.619941000	-3.846874475	-0.789342704
7.619942000	-3.850131989	-0.789337445
7.619943000	-3.846262455	-0.789298962
7.619944000	-3.881068945	-0.793022527
7.619945000	-3.873862267	-0.792905415
7.619946000	-3.884308815	-0.794084862
7.619947000	-3.892237902	-0.795738286
7.619948000	-3.896718502	-0.795415910
7.619949000	-3.895773411	-0.797716482
7.619950000	-3.916692972	-0.798872826
7.619951000	-3.912775040	-0.798564898
7.619952000	-3.931529045	-0.801460354
7.619953000	-3.956058502	-0.804013393
7.619954000	-3.961474657	-0.805758762
7.619955000	-3.968531370	-0.807152727
7.619956000	-3.972750187	-0.806253311
7.619957000	-3.971421957	-0.807716851
7.619958000	-3.987028599	-0.808732448
7.619959000	-3.997569799	-0.811505398
7.619960000	-4.011391640	-0.814539804
7.619961000	-4.030584335	-0.816239366
7.619962000	-4.024839878	-0.816389103
7.619963000	-4.046915054	-0.815632033
7.619964000	-6.758934021	0.296936070
7.619965000	-6.619767666	0.284241181
7.619966000	-6.516044140	0.278796281
7.619967000	-6.491414070	0.278858250
7.619968000	-6.422648430	0.278234754
7.619969000	-6.362845898	0.275757797
7.619970000	-6.326601505	0.273278511
7.619971000	-6.306851864	0.272154807
7.619972000	-6.270436287	0.270854651
7.619973000	-6.239779472	0.269509023
7.619974000	-6.192432880	0.268307571
7.619975000	-6.161506653	0.267514565
7.619976000	-6.095394135	0.265086145
7.619977000	-6.050767422	0.263689217
7.619978000	-6.021663666	0.262744227
7.619979000	-5.993342876	0.261300212
7.619980000	-5.955261230	0.257789649
7.619981000	-5.959620476	0.259091352
7.619982000	-5.905947685	0.256439576
7.619983000	-5.858601570	0.253098408
7.619984000	-5.845413685	0.255300409
7.619985000	-5.783148766	0.252357932
7.619986000	-5.770708561	0.250702378
7.619987000	-5.726521492	0.247376639
7.619988000	-5.722685337	0.250501093
7.619989000	-5.685397148	0.246745953
7.619990000	-5.627693653	0.244944075
7.619991000	-5.612940311	0.243161521
7.619992000	-5.584915161	0.242487841
7.619993000	-5.553417206	0.241903427
7.619994000	-5.528368473	0.240271842
7.619995000	-5.496508121	0.239962199
7.619996000	-5.477072716	0.237592535
7.619997000	-5.427663803	0.233988296
7.619998000	-5.406389713	0.233205926
7.619999000	-5.372999191	0.234242778
7.620000000	-5.344382763	0.232452301
7.620001000	-5.312395096	0.231298620
7.620002000	-5.280228615	0.229652870
7.620003000	-5.271778107	0.232227031
7.620004000	-5.230252743	0.227278645
7.620005000	-5.204044819	0.225934031
7.620006000	-5.170922279	0.224579132
7.620007000	-5.142856598	0.222754334
7.620008000	-5.098594189	0.221747459
7.620009000	-5.074440479	0.218428578
7.620010000	-5.052462578	0.217291924
7.620011000	-5.017786503	0.217185481
7.620012000	-4.996967793	0.214382137
7.620013000	-4.968637943	0.213168851
7.620014000	-4.950048923	0.211945245
7.620015000	-4.928434849	0.209244034
7.620016000	-4.911732197	0.208293585
7.620017000	-4.896670818	0.207501345
7.620018000	-4.856388569	0.204293001
7.620019000	-4.823976040	0.201723850
7.620020000	-4.803868294	0.200790379
7.620021000	-4.785027027	0.199334795
7.620022000	-4.753759384	0.199841777
7.620023000	-4.750319481	0.198814080
7.620024000	-4.753698826	0.196584398
7.620025000	-4.699532509	0.193903960
7.620026000	-4.671692371	0.193019707
7.620027000	-4.658959866	0.190887997
7.620028000	-4.648554325	0.185126164
7.620029000	-4.614561558	0.189077463
7.620030000	-4.585179806	0.186064080
7.620031000	-4.571064472	0.184265614
7.620032000	-4.561399460	0.180414816
7.620033000	-4.557398796	0.181136782
7.620034000	-4.523055077	0.178922414
7.620035000	-4.514739513	0.180000661
7.620036000	-4.474215508	0.174525435
7.620037000	-4.472998142	0.176696011
7.620038000	-4.439498901	0.175102126
7.620039000	-4.415731907	0.173782263
7.620040000	-4.403439522	0.172181537
7.620041000	-4.384598255	0.169458438
7.620042000	-4.369068146	0.169871012
7.620043000	-4.346410751	0.168129471
7.620044000	-4.339855671	0.165820310
7.620045000	-4.319397926	0.163074625
7.620046000	-4.307722569	0.163272031
7.620047000	-4.274453163	0.160458335
7.620048000	-4.263994694	0.158906029
7.620049000	-4.236905098	0.158550680
7.620050000	-4.232592583	0.156795473
7.620051000	-4.214427471	0.152790961
7.620052000	-4.197313309	0.153984357
7.620053000	-4.171670914	0.151996723
7.620054000	-4.162012100	0.149343682
7.620055000	-4.136927128	0.147657036
7.620056000	-4.122303963	0.146978512
7.620057000	-4.100426674	0.144273157
7.620058000	-4.087257862	0.142335274
7.620059000	-4.065971851	0.142221757
7.620060000	-4.063377857	0.138905839
7.620061000	-4.050994396	0.139004634
7.620062000	-4.030028343	0.137883201
7.620063000	-4.014795780	0.136664006
7.620064000	-3.995507002	0.135378989
7.620065000	-3.983355999	0.133031821
7.620066000	-3.965929508	0.129450277
7.620067000	-3.948423386	0.129897788
7.620068000	-3.937181711	0.129538078
7.620069000	-3.908508062	0.127837142
7.620070000	-3.901713610	0.125034381
7.620071000	-3.885557175	0.124462792
7.620072000	-3.867939949	0.122449276
7.620073000	-3.854976177	0.120639317
7.620074000	-3.840693474	0.120754673
7.620075000	-3.833437681	0.118161853
7.620076000	-3.806356668	0.115804439
7.620077000	-3.796155453	0.113275776
7.620078000	-3.779079437	0.112152721
7.620079000	-3.770889997	0.110917047
7.620080000	-3.751038790	0.108130058
7.620081000	-3.747409821	0.108910031
7.620082000	-3.738645315	0.107037795
7.620083000	-3.707576752	0.104931002
7.620084000	-3.698936939	0.103528939
7.620085000	-3.683454275	0.101797984
7.620086000	-3.682037592	0.100653083
7.620087000	-3.669080973	0.100243572
7.620088000	-3.653110504	0.095712045
7.620089000	-3.633192539	0.095608582
7.620090000	-3.631872416	0.093141829
7.620091000	-3.623214245	0.092446169
7.620092000	-3.603633404	0.091185429
7.620093000	-3.592106819	0.088582938
7.620094000	-3.566364050	0.087656216
7.620095000	-3.568513155	0.088377883
7.620096000	-3.555931568	0.086199301
7.620097000	-3.549546719	0.083218433
7.620098000	-3.515979052	0.079880219
7.620099000	-3.517132998	0.079775748
7.620100000	-3.501642227	0.078671884
7.620101000	-3.490084887	0.075694379
7.620102000	-3.487673283	0.077133076
7.620103000	-3.479362726	0.075527457
7.620104000	-3.467413664	0.072025408
7.620105000	-3.441687822	0.070659814
7.620106000	-3.454812288	0.069443698
7.620107000	-3.413092136	0.067388000
7.620108000	-3.410612822	0.067205407
7.620109000	-3.412214994	0.067250306
7.620110000	-3.401878834	0.065706097
7.620111000	-3.392142773	0.062585505
7.620112000	-3.372333765	0.061737629
7.620113000	-3.372081041	0.060710989
7.620114000	-3.354743719	0.058969361
7.620115000	-3.346921921	0.057710921
7.620116000	-3.338857174	0.055576177
7.620117000	-3.330990553	0.053287103
7.620118000	-3.307240725	0.049728142
7.620119000	-3.298167944	0.049960378
7.620120000	-3.287157297	0.046867923
7.620121000	-3.271036625	0.045217284
7.620122000	-3.265799999	0.046294437
7.620123000	-3.275739670	0.044199344
7.620124000	-3.263294220	0.043440810
7.620125000	-3.248876572	0.041486274
7.620126000	-3.236241341	0.039068494
7.620127000	-3.225355864	0.037662120
7.620128000	-3.220588923	0.036871407
7.620129000	-3.196928024	0.033225797
7.620130000	-3.198246241	0.032329045
7.620131000	-3.190204144	0.030110960
7.620132000	-3.183303595	0.030039737
7.620133000	-3.157916784	0.028257130
7.620134000	-3.152732611	0.023923461
7.620135000	-3.143293619	0.024696115
7.620136000	-3.130612135	0.020616695
7.620137000	-3.138594866	0.019688373
7.620138000	-3.126233816	0.018204310
7.620139000	-3.117881536	0.017553723
7.620140000	-3.096908331	0.015801197
7.620141000	-3.093291283	0.013436058
7.620142000	-3.087427855	0.011260569
7.620143000	-3.080882788	0.010191668
7.620144000	-3.059064627	0.009025376
7.620145000	-3.063668728	0.007027916
7.620146000	-3.055495739	0.005961114
7.620147000	-3.034662008	0.004406375
7.620148000	-3.036836147	0.002703156
7.620149000	-3.028920889	0.000883083
7.620150000	-3.036409855	-0.000321426
7.620151000	-3.013553858	-0.000562295
7.620152000	-2.997404575	-0.003711892
7.620153000	-2.992433548	-0.005629376
7.620154000	-2.989350319	-0.008140805
7.620155000	-2.968729973	-0.010298838
7.620156000	-2.969801664	-0.011303077
7.620157000	-2.960530758	-0.013558238
7.620158000	-2.953639507	-0.014720784
7.620159000	-2.959542751	-0.013907292
7.620160000	-2.940310717	-0.016350300
7.620161000	-2.941136360	-0.017199554
7.620162000	-2.928683281	-0.020460846
7.620163000	-2.928994417	-0.021869280
7.620164000	-2.921046257	-0.023595745
7.620165000	-2.911588430	-0.024946866
7.620166000	-2.906904459	-0.025394117
7.620167000	-2.894734621	-0.027883679
7.620168000	-2.890601635	-0.030484029
7.620169000	-2.885530472	-0.031174092
7.620170000	-2.879494667	-0.033171941
7.620171000	-2.872232199	-0.034691439
7.620172000	-2.876459122	-0.036579171
7.620173000	-2.856307983	-0.039047355
7.620174000	-2.844632626	-0.038447890
7.620175000	-2.842274427	-0.041501021
7.620176000	-2.834350109	-0.042397483
7.620177000	-2.845028400	-0.043669371
7.620178000	-2.816276312	-0.045971354
7.620179000	-2.819728136	-0.047514214
7.620180000	-2.806055784	-0.048787771
7.620181000	-2.800291061	-0.052253122
7.620182000	-2.795139074	-0.051988304
7.620183000	-2.793468475	-0.053906783
7.620184000	-2.782143593	-0.054356166
7.620185000	-2.777792692	-0.055051110
7.620186000	-2.778161526	-0.058590805
7.620187000	-2.775830984	-0.059852702
7.620188000	-2.767721653	-0.061906744
7.620189000	-2.757369995	-0.063257404
7.620190000	-2.764327765	-0.065522522
7.620191000	-2.751912594	-0.065501034
7.620192000	-2.745967388	-0.066517741
7.620193000	-2.750526667	-0.067649431
7.620194000	-2.724165916	-0.070742813
7.620195000	-2.733986378	-0.072275637
7.620196000	-2.729878426	-0.074846952
7.620197000	-2.722605228	-0.075848035
7.620198000	-2.714498997	-0.078960329
7.620199000	-2.707342863	-0.078984340
7.620200000	-2.717428923	-0.079995342
7.620201000	-2.693841934	-0.082122093
7.620202000	-2.700600147	-0.083285894
7.620203000	-2.685430765	-0.085036997
7.620204000	-2.675222158	-0.087464885
7.620205000	-2.674608946	-0.088416932
7.620206000	-2.665017605	-0.090278573
7.620207000	-2.669043303	-0.091988538
7.620208000	-2.663501978	-0.092125933
7.620209000	-2.661859751	-0.095614199
7.620210000	-2.658330679	-0.095867732
7.620211000	-2.658530235	-0.099197566
7.620212000	-2.647307873	-0.099139376
7.620213000	-2.641370773	-0.100315602
7.620214000	-2.641762495	-0.101359420
7.620215000	-2.631124973	-0.103150729
7.620216000	-2.631997585	-0.105390497
7.620217000	-2.629694700	-0.106924220
7.620218000	-2.625400305	-0.110032196
7.620219000	-2.607189178	-0.109916257
7.620220000	-2.613356590	-0.112070055
7.620221000	-2.597831726	-0.112771573
7.620222000	-2.601835251	-0.114544822
7.620223000	-2.596791744	-0.115996328
7.620224000	-2.595490456	-0.116018258
7.620225000	-2.592520714	-0.117750561
7.620226000	-2.591464758	-0.119685905
7.620227000	-2.580954313	-0.122181695
7.620228000	-2.568629980	-0.123242240
7.620229000	-2.574878216	-0.124707470
7.620230000	-2.571511507	-0.125553315
7.620231000	-2.573531866	-0.126313223
7.620232000	-2.568076849	-0.130008134
7.620233000	-2.560413361	-0.130262408
7.620234000	-2.559657097	-0.131833124
7.620235000	-2.555180311	-0.133627670
7.620236000	-2.543753624	-0.134332359
7.620237000	-2.551444292	-0.136460066
7.620238000	-2.552850008	-0.137454649
7.620239000	-2.539923191	-0.139144425
7.620240000	-2.544512510	-0.139227798
7.620241000	-2.543564796	-0.141115596
7.620242000	-2.538678408	-0.142421577
7.620243000	-2.528870106	-0.142712544
7.620244000	-2.527655840	-0.145262255
7.620245000	-2.527990103	-0.147869639
7.620246000	-2.517755270	-0.149426706
7.620247000	-2.518005610	-0.151076385
7.620248000	-2.523850203	-0.152089818
7.620249000	-2.508971453	-0.153901000
7.620250000	-2.500216961	-0.154266203
7.620251000	-2.513343811	-0.155215869
7.620252000	-2.502360582	-0.158362760
7.620253000	-2.499407768	-0.159231850
7.620254000	-2.496924877	-0.161845576
7.620255000	-2.497203350	-0.160985242
7.620256000	-2.495504856	-0.164367090
7.620257000	-2.484553099	-0.164392906
7.620258000	-2.479052067	-0.165115289
7.620259000	-2.494569063	-0.166943648
7.620260000	-2.492960930	-0.168305839
7.620261000	-2.481313467	-0.172069152
7.620262000	-2.475894928	-0.172123547
7.620263000	-2.479716063	-0.173313197
7.620264000	-2.470504284	-0.174393758
7.620265000	-2.474553585	-0.176347170
7.620266000	-2.474734783	-0.177673957
7.620267000	-2.462178230	-0.178454330
7.620268000	-2.467511415	-0.179904521
7.620269000	-2.461485147	-0.183044305
7.620270000	-2.456933260	-0.181788075
7.620271000	-2.457752705	-0.183716503
7.620272000	-2.459470034	-0.186284839
7.620273000	-2.456317902	-0.186961515
7.620274000	-2.454938173	-0.189351170
7.620275000	-2.453148365	-0.189705187
7.620276000	-2.446730375	-0.192072687
7.620277000	-2.440062046	-0.193855574
7.620278000	-2.442214966	-0.193012034
7.620279000	-2.448683500	-0.195582384
7.620280000	-2.441282034	-0.199467470
7.620281000	-2.433835030	-0.201262391
7.620282000	-2.434736013	-0.202038536
7.620283000	-2.453492403	-0.203009041
7.620284000	-2.432746887	-0.203519486
7.620285000	-2.434465170	-0.207001503
7.620286000	-2.419126272	-0.207583587
7.620287000	-2.423046350	-0.209223728
7.620288000	-2.427961588	-0.210408618
7.620289000	-2.417514563	-0.210224028
7.620290000	-2.423395872	-0.213044199
7.620291000	-2.412511349	-0.214303141
7.620292000	-2.418844938	-0.214165123
7.620293000	-2.414985180	-0.217807495
7.620294000	-2.422555208	-0.218907447
7.620295000	-2.416508436	-0.221494559
7.620296000	-2.415964842	-0.220780965
7.620297000	-2.405775070	-0.222722342
7.620298000	-2.417099476	-0.225162963
7.620299000	-2.410541296	-0.225665119
7.620300000	-2.410267115	-0.226429929
7.620301000	-2.416755438	-0.226106821
7.620302000	-2.412052631	-0.227068255
7.620303000	-2.411324739	-0.229649408
7.620304000	-2.414644957	-0.231685311
7.620305000	-2.400476694	-0.233162383
7.620306000	-2.402018547	-0.233572976
7.620307000	-2.404016018	-0.233008785
7.620308000	-2.399853945	-0.234244575
7.620309000	-2.396465063	-0.237309241
7.620310000	-2.394122839	-0.237638225
7.620311000	-2.404664040	-0.239278982
7.620312000	-2.395423412	-0.241407230
7.620313000	-2.394513845	-0.240167396
7.620314000	-2.398814201	-0.241671000
7.620315000	-2.396235466	-0.244272808
7.620316000	-2.396595240	-0.244339371
7.620317000	-2.386546135	-0.246122773
7.620318000	-2.394363880	-0.246490889
7.620319000	-2.387858629	-0.249823868
7.620320000	-2.388284683	-0.250989567
7.620321000	-2.386276245	-0.252318684
7.620322000	-2.390437841	-0.253373030
7.620323000	-2.384384394	-0.255146029
7.620324000	-2.384057045	-0.253992198
7.620325000	-2.382824898	-0.254601479
7.620326000	-2.387289286	-0.255606656
7.620327000	-2.385797739	-0.256640495
7.620328000	-2.379369736	-0.257784989
7.620329000	-2.379564524	-0.259052337
7.620330000	-2.375999689	-0.258689232
7.620331000	-2.384115458	-0.260962273
7.620332000	-2.383249283	-0.262770959
7.620333000	-2.378393412	-0.263674586
7.620334000	-2.375539064	-0.265842000
7.620335000	-2.391546488	-0.268596807
7.620336000	-2.384777069	-0.268794130
7.620337000	-2.375480652	-0.270053240
7.620338000	-2.375081062	-0.271724490
7.620339000	-2.376591206	-0.272780217
7.620340000	-2.373235941	-0.273485272
7.620341000	-2.378121138	-0.276114195
7.620342000	-2.375902653	-0.277147601
7.620343000	-2.378597498	-0.276840605
7.620344000	-2.382886171	-0.279353248
7.620345000	-2.374975681	-0.279373222
7.620346000	-2.374840736	-0.279367196
7.620347000	-2.383688211	-0.279566268
7.620348000	-2.381556273	-0.284136385
7.620349000	-2.377409935	-0.284181226
7.620350000	-2.369580984	-0.285209007
7.620351000	-2.376943111	-0.285583880
7.620352000	-2.377475977	-0.286142478
7.620353000	-2.383065701	-0.287054843
7.620354000	-2.379055262	-0.288794420
7.620355000	-2.380060673	-0.289532515
7.620356000	-2.369891882	-0.291561045
7.620357000	-2.377296925	-0.291520765
7.620358000	-2.373304367	-0.292238387
7.620359000	-2.373997688	-0.293965081
7.620360000	-2.378064156	-0.293937384
7.620361000	-2.374917984	-0.297632620
7.620362000	-2.363981962	-0.297180581
7.620363000	-2.358858585	-0.297028315
7.620364000	-2.374446154	-0.298393585
7.620365000	-2.375716925	-0.298739063
7.620366000	-2.372756720	-0.300996292
7.620367000	-2.375912428	-0.302983842
7.620368000	-2.384683132	-0.302859007
7.620369000	-2.368642330	-0.303547667
7.620370000	-2.367434263	-0.302937204
7.620371000	-2.377275229	-0.304171413
7.620372000	-2.371975422	-0.305344602
7.620373000	-2.384030819	-0.305813152
7.620374000	-2.371705532	-0.307170798
7.620375000	-2.373072624	-0.310945662
7.620376000	-2.369493484	-0.310497286
7.620377000	-2.375168800	-0.310662069
7.620378000	-2.374033928	-0.309754896
7.620379000	-2.376316786	-0.312834909
7.620380000	-2.377609015	-0.312615264
7.620381000	-2.370426416	-0.315708326
7.620382000	-2.376830578	-0.316478479
7.620383000	-2.378420591	-0.316855283
7.620384000	-2.369803429	-0.318829551
7.620385000	-2.373003483	-0.319151194
7.620386000	-2.373164415	-0.319792783
7.620387000	-2.374348164	-0.321346305
7.620388000	-2.380346537	-0.320831616
7.620389000	-2.376553297	-0.321963193
7.620390000	-2.377912521	-0.321869982
7.620391000	-2.385098934	-0.323981037
7.620392000	-2.375765085	-0.324126479
7.620393000	-2.372836351	-0.326097318
7.620394000	-2.376038313	-0.324778187
7.620395000	-2.376006842	-0.325191876
7.620396000	-2.379203081	-0.327331859
7.620397000	-2.380036592	-0.328770765
7.620398000	-2.375344515	-0.328826126
7.620399000	-2.375016689	-0.330716670
7.620400000	-2.374995947	-0.331105891
7.620401000	-2.375809908	-0.331046337
7.620402000	-2.374920130	-0.334058372
7.620403000	-2.378946066	-0.334079943
7.620404000	-2.374222994	-0.334383810
7.620405000	-2.378563881	-0.335094475
7.620406000	-2.376926899	-0.335974816
7.620407000	-2.385998011	-0.337139483
7.620408000	-2.377824306	-0.338523228
7.620409000	-2.388280630	-0.339538858
7.620410000	-2.377441883	-0.339917493
7.620411000	-2.381604195	-0.340952297
7.620412000	-2.387753010	-0.342080412
7.620413000	-2.383360624	-0.341880409
7.620414000	-2.383750916	-0.342273092
7.620415000	-2.384027719	-0.341915163
7.620416000	-2.380725384	-0.343092613
7.620417000	-2.384921789	-0.345070743
7.620418000	-2.386387110	-0.345660999
7.620419000	-2.385998249	-0.346837151
7.620420000	-2.381559849	-0.347461729
7.620421000	-2.384655714	-0.349073041
7.620422000	-2.395479202	-0.349500245
7.620423000	-2.389400005	-0.352321798
7.620424000	-2.390868664	-0.352711452
7.620425000	-2.397605419	-0.353228538
7.620426000	-2.390896320	-0.353362994
7.620427000	-2.390707254	-0.352526961
7.620428000	-2.400700569	-0.354356353
7.620429000	-2.397090435	-0.354228821
7.620430000	-2.383491278	-0.356642344
7.620431000	-2.393882751	-0.356914552
7.620432000	-2.396419525	-0.358309117
7.620433000	-2.385085821	-0.359499483
7.620434000	-2.388072491	-0.359674120
7.620435000	-2.388287783	-0.360737254
7.620436000	-2.401900768	-0.360262079
7.620437000	-2.389735460	-0.361572987
7.620438000	-2.390387535	-0.362044233
7.620439000	-2.397416115	-0.362430259
7.620440000	-2.393936872	-0.363318856
7.620441000	-2.395942926	-0.364424900
7.620442000	-2.398334503	-0.364492477
7.620443000	-2.387985706	-0.365285933
7.620444000	-2.394999504	-0.366063509
7.620445000	-2.392803192	-0.366652900
7.620446000	-2.397674561	-0.367213895
7.620447000	-2.396383524	-0.367922030
7.620448000	-2.400639534	-0.368827704
7.620449000	-2.398623943	-0.369683145
7.620450000	-2.391165018	-0.370530030
7.620451000	-2.398503065	-0.369309437
7.620452000	-2.402886868	-0.372179425
7.620453000	-2.395500183	-0.372141708
7.620454000	-2.401970387	-0.373263865
7.620455000	-2.393136740	-0.374431761
7.620456000	-2.397812366	-0.374544812
7.620457000	-2.399315596	-0.375821764
7.620458000	-2.410243750	-0.375140162
7.620459000	-2.397457838	-0.375203179
7.620460000	-2.402144432	-0.378109253
7.620461000	-2.402983665	-0.376735628
7.620462000	-2.415007114	-0.376443346
7.620463000	-2.415028572	-0.377871233
7.620464000	-2.408437252	-0.377094755
7.620465000	-2.407356262	-0.379350087
7.620466000	-2.398491144	-0.381608747
7.620467000	-2.407472372	-0.381742204
7.620468000	-2.417127132	-0.380228264
7.620469000	-2.413734436	-0.381217662
7.620470000	-2.410413504	-0.381060169
7.620471000	-2.412946939	-0.382802575
7.620472000	-2.413692236	-0.384119109
7.620473000	-2.415139198	-0.383596930
7.620474000	-2.408387423	-0.383578521
7.620475000	-2.408959389	-0.385883353
7.620476000	-2.414045334	-0.386739560
7.620477000	-2.419228315	-0.387359244
7.620478000	-2.411144733	-0.387503654
7.620479000	-2.407520533	-0.387463939
7.620480000	-2.416940451	-0.388816426
7.620481000	-2.417893171	-0.388326338
7.620482000	-2.412693501	-0.389462808
7.620483000	-2.416939020	-0.391460079
7.620484000	-2.421355009	-0.391547697
7.620485000	-2.408102989	-0.391671135
7.620486000	-2.420543671	-0.391353852
7.620487000	-2.426759005	-0.393621867
7.620488000	-2.414894342	-0.394503340
7.620489000	-2.418413162	-0.393548164
7.620490000	-2.424746037	-0.394123673
7.620491000	-2.426384211	-0.395149523
7.620492000	-2.426159859	-0.393879361
7.620493000	-2.420053720	-0.394599813
7.620494000	-2.419714451	-0.395117765
7.620495000	-2.426500082	-0.397183745
7.620496000	-2.416461468	-0.396611964
7.620497000	-2.414169550	-0.397675931
7.620498000	-2.421399593	-0.397599431
7.620499000	-2.429135799	-0.398850817
7.620500000	-2.422100544	-0.399519304
7.620501000	-2.431249857	-0.400725050
7.620502000	-2.427271128	-0.401302457
7.620503000	-2.429202557	-0.400986539
7.620504000	-2.413825750	-0.401695506
7.620505000	-2.434487820	-0.402294052
7.620506000	-2.429188967	-0.401688715
7.620507000	-2.432319403	-0.402864201
7.620508000	-2.437866926	-0.403987423
7.620509000	-2.425783634	-0.403627596
7.620510000	-2.423930645	-0.404221148
7.620511000	-2.422900200	-0.404400279
7.620512000	-2.425256968	-0.404386664
7.620513000	-2.434769630	-0.405176957
7.620514000	-2.428887129	-0.406550848
7.620515000	-2.438907623	-0.405236545
7.620516000	-2.437795162	-0.407621472
7.620517000	-2.426665545	-0.407308418
7.620518000	-2.435874224	-0.406509902
7.620519000	-2.424255133	-0.408719427
7.620520000	-2.439207077	-0.409842382
7.620521000	-2.433974743	-0.408811373
7.620522000	-2.434530258	-0.409832961
7.620523000	-2.444566250	-0.409414346
7.620524000	-2.442451477	-0.411319771
7.620525000	-2.435818911	-0.411835825
7.620526000	-2.432772160	-0.410877154
7.620527000	-2.442291975	-0.413216874
7.620528000	-2.451249361	-0.412206670
7.620529000	-2.430129766	-0.413351663
7.620530000	-2.439859152	-0.412377512
7.620531000	-2.437561512	-0.414450783
7.620532000	-2.438961267	-0.414712172
7.620533000	-2.436808348	-0.414265726
7.620534000	-2.435756683	-0.415445240
7.620535000	-2.444895029	-0.416137263
7.620536000	-2.443481684	-0.416378945
7.620537000	-2.443628073	-0.417922613
7.620538000	-2.450150251	-0.417923844
7.620539000	-2.446638107	-0.417766318
7.620540000	-2.444442272	-0.417078724
7.620541000	-2.435374022	-0.419239579
7.620542000	-2.444991589	-0.418572923
7.620543000	-2.447197437	-0.420220188
7.620544000	-2.448680878	-0.419085049
7.620545000	-2.449695110	-0.419553266
7.620546000	-2.451570511	-0.421079657
7.620547000	-2.454563379	-0.420402149
7.620548000	-2.450538397	-0.421075396
7.620549000	-2.447148323	-0.421852873
7.620550000	-2.443366051	-0.422656182
7.620551000	-2.445896149	-0.421868485
7.620552000	-2.449836731	-0.421992289
7.620553000	-2.448379993	-0.423931703
7.620554000	-2.450235605	-0.423958567
7.620555000	-2.446766138	-0.424959084
7.620556000	-2.463345528	-0.426693701
7.620557000	-2.454705238	-0.425413885
7.620558000	-2.450143576	-0.425247770
7.620559000	-2.462849855	-0.427305495
7.620560000	-2.452244997	-0.426904789
7.620561000	-2.450352192	-0.427183656
7.620562000	-2.455190897	-0.428553153
7.620563000	-2.464841604	-0.427767088
7.620564000	-2.453833818	-0.428422125
7.620565000	-2.464884996	-0.427699976
7.620566000	-2.451546192	-0.429452336
7.620567000	-2.458665133	-0.428257875
7.620568000	-2.462670565	-0.429622878
7.620569000	-2.458547354	-0.430270293
7.620570000	-2.460235834	-0.430123020
7.620571000	-2.462118626	-0.430428484
7.620572000	-2.459390879	-0.430984020
7.620573000	-2.454675198	-0.430374322
7.620574000	-2.475901365	-0.430893339
7.620575000	-2.467175484	-0.431919655
7.620576000	-2.473481894	-0.433135022
7.620577000	-2.470109224	-0.432967276
7.620578000	-2.457378864	-0.432623495
7.620579000	-2.462953091	-0.432850163
7.620580000	-2.470325947	-0.433203798
7.620581000	-2.463422298	-0.433263686
7.620582000	-2.465142727	-0.433825213
7.620583000	-2.466337919	-0.435134590
7.620584000	-2.466042995	-0.436585480
7.620585000	-2.479237318	-0.435146973
7.620586000	-2.474067926	-0.435514922
7.620587000	-2.469150543	-0.436492702
7.620588000	-2.469269991	-0.437450707
7.620589000	-2.472873211	-0.436930226
7.620590000	-2.479460716	-0.437879277
7.620591000	-2.467566490	-0.436791575
7.620592000	-2.477185488	-0.439133825
7.620593000	-2.467168808	-0.437512926
7.620594000	-2.481753826	-0.438796702
7.620595000	-2.467812300	-0.439557301
7.620596000	-2.473495007	-0.439463025
7.620597000	-2.476737261	-0.439381965
7.620598000	-2.474043369	-0.439213953
7.620599000	-2.481709480	-0.440122990
7.620600000	-2.482111216	-0.440484148
7.620601000	-2.468337059	-0.440869640
7.620602000	-2.478053331	-0.441217682
7.620603000	-2.472621918	-0.441218182
7.620604000	-2.474993944	-0.442304152
7.620605000	-2.477256775	-0.442832956
7.620606000	-2.478266716	-0.443117814
7.620607000	-2.481695890	-0.442773967
7.620608000	-2.478279829	-0.443207197
7.620609000	-2.494038582	-0.443095411
7.620610000	-2.490094662	-0.443053899
7.620611000	-2.482467413	-0.444393835
7.620612000	-2.482630730	-0.445046209
7.620613000	-2.483469963	-0.445539593
7.620614000	-2.491010189	-0.445171078
7.620615000	-2.481470346	-0.444748202
7.620616000	-2.486489296	-0.445635867
7.620617000	-2.488242626	-0.445348878
7.620618000	-2.483908892	-0.445699549
7.620619000	-2.491647720	-0.447154834
7.620620000	-2.484310389	-0.447815165
7.620621000	-2.493796587	-0.446977034
7.620622000	-2.481426716	-0.447631673
7.620623000	-2.492506266	-0.449477976
7.620624000	-2.495945215	-0.449341655
7.620625000	-2.486404657	-0.448301025
7.620626000	-2.493730783	-0.449346382
7.620627000	-2.490421057	-0.449867263
7.620628000	-2.484237194	-0.449894927
7.620629000	-2.491210699	-0.451078036
7.620630000	-2.489855766	-0.450112441
7.620631000	-2.489363909	-0.449978850
7.620632000	-2.494408846	-0.450443938
7.620633000	-2.492067575	-0.451156500
7.620634000	-2.485366344	-0.451046511
7.620635000	-2.483942747	-0.451192086
7.620636000	-2.490924597	-0.452026454
7.620637000	-2.493736506	-0.451832177
7.620638000	-2.492550373	-0.452544106
7.620639000	-2.493571281	-0.451902451
7.620640000	-2.492048979	-0.452655893
7.620641000	-2.488162756	-0.454045031
7.620642000	-2.489993811	-0.455130735
7.620643000	-2.499541283	-0.454005383
7.620644000	-2.493173838	-0.454120198
7.620645000	-2.487574816	-0.455259832
7.620646000	-2.491137028	-0.454666846
7.620647000	-2.498708010	-0.455350080
7.620648000	-2.490504980	-0.456137410
7.620649000	-2.491047382	-0.456431323
7.620650000	-2.485994339	-0.457532973
7.620651000	-2.500295162	-0.457275944
7.620652000	-2.507450104	-0.457015354
7.620653000	-2.502058029	-0.456187644
7.620654000	-2.490701675	-0.457340027
7.620655000	-2.500623226	-0.458733326
7.620656000	-2.500575781	-0.459235598
7.620657000	-2.500898600	-0.457381372
7.620658000	-2.501906872	-0.458992884
7.620659000	-2.502540588	-0.458045199
7.620660000	-2.499536276	-0.459547588
7.620661000	-2.498089790	-0.459541396
7.620662000	-2.506273031	-0.460357788
7.620663000	-2.503342390	-0.460625802
7.620664000	-2.508152485	-0.459900057
7.620665000	-2.502616405	-0.460655929
7.620666000	-2.493958950	-0.459721292
7.620667000	-2.501512766	-0.461803884
7.620668000	-2.508927584	-0.461318290
7.620669000	-2.506614208	-0.461461368
7.620670000	-2.501377344	-0.461344722
7.620671000	-2.502825022	-0.463280674
7.620672000	-2.505723000	-0.462129389
7.620673000	-2.506395817	-0.462555661
7.620674000	-2.500786304	-0.462703833
7.620675000	-2.517088890	-0.461557975
7.620676000	-2.514020205	-0.463188129
7.620677000	-2.512701273	-0.463999760
7.620678000	-2.500265598	-0.463968868
7.620679000	-2.514297724	-0.464678068
7.620680000	-2.507398367	-0.465240427
7.620681000	-2.508859873	-0.465635174
7.620682000	-2.505693913	-0.465173682
7.620683000	-2.512822390	-0.465390064
7.620684000	-2.512148142	-0.464216242
7.620685000	-2.511916399	-0.466407624
7.620686000	-2.506678581	-0.467203576
7.620687000	-2.520354271	-0.466831034
7.620688000	-2.503508568	-0.465543595
7.620689000	-2.506397724	-0.465604848
7.620690000	-2.513363123	-0.466058584
7.620691000	-2.515500784	-0.468014975
7.620692000	-2.516073465	-0.466383456
7.620693000	-2.508902073	-0.466546874
7.620694000	-2.513399839	-0.468442645
7.620695000	-2.511032104	-0.468573407
7.620696000	-2.502616644	-0.466992454
7.620697000	-2.512066841	-0.469111265
7.620698000	-2.519887209	-0.469904122
7.620699000	-2.514807940	-0.469670163
7.620700000	-2.521038294	-0.468197368
7.620701000	-2.509223223	-0.469031936
7.620702000	-2.508532763	-0.469509475
7.620703000	-2.514187098	-0.469736742
7.620704000	-2.516301870	-0.470553866
7.620705000	-2.508719444	-0.470286152
7.620706000	-2.514729977	-0.471899994
7.620707000	-2.518044233	-0.469260402
7.620708000	-2.511298418	-0.470831900
7.620709000	-2.522410631	-0.471549056
7.620710000	-2.524794817	-0.471911613
7.620711000	-2.527474642	-0.471668699
7.620712000	-2.520483017	-0.472113946
7.620713000	-2.528861046	-0.470885264
7.620714000	-2.525904179	-0.470980438
7.620715000	-2.538017273	-0.471442663
7.620716000	-2.532534599	-0.472815955
7.620717000	-2.524368048	-0.472994820
7.620718000	-2.528628588	-0.473421392
7.620719000	-2.527544737	-0.473031771
7.620720000	-2.522420168	-0.471945535
7.620721000	-2.530422211	-0.473383542
7.620722000	-2.531140804	-0.473377616
7.620723000	-2.524146318	-0.473793735
7.620724000	-2.529744387	-0.475252382
7.620725000	-2.522704124	-0.475362770
7.620726000	-2.526258230	-0.475748096
7.620727000	-2.518965721	-0.475370992
7.620728000	-2.521487713	-0.476438753
7.620729000	-2.537443399	-0.475948432
7.620730000	-2.522491217	-0.476734564
7.620731000	-2.527808666	-0.475964411
7.620732000	-2.535275936	-0.476319610
7.620733000	-2.530232430	-0.477967807
7.620734000	-2.529789209	-0.476794851
7.620735000	-2.528341055	-0.477129477
7.620736000	-2.530357122	-0.478131658
7.620737000	-2.528028727	-0.476277366
7.620738000	-2.535416365	-0.476870885
7.620739000	-2.539880753	-0.477630218
7.620740000	-2.534324169	-0.476990527
7.620741000	-2.535178423	-0.477248221
7.620742000	-2.540427685	-0.478676108
7.620743000	-2.528318405	-0.478930007
7.620744000	-2.521867275	-0.478777308
7.620745000	-2.540158272	-0.480218944
7.620746000	-2.534391165	-0.479825995
7.620747000	-2.538885355	-0.480266282
7.620748000	-2.543843746	-0.479853359
7.620749000	-2.531296253	-0.481317032
7.620750000	-2.532100439	-0.480876212
7.620751000	-2.546698332	-0.480844854
7.620752000	-2.540210009	-0.481220892
7.620753000	-2.529474020	-0.481591271
7.620754000	-2.538715839	-0.480780771
7.620755000	-2.538884878	-0.479699095
7.620756000	-2.535539150	-0.480971320
7.620757000	-2.535761356	-0.481390169
7.620758000	-2.541445255	-0.483266599
7.620759000	-2.547291279	-0.481642271
7.620760000	-2.538141489	-0.482613825
7.620761000	-2.541366100	-0.481839877
7.620762000	-2.537336826	-0.482495647
7.620763000	-2.540324688	-0.481513107
7.620764000	-2.533342838	-0.482338754
7.620765000	-2.541676521	-0.481924532
7.620766000	-2.544050217	-0.483242930
7.620767000	-2.541460991	-0.483161204
7.620768000	-2.535780907	-0.483917109
7.620769000	-2.554040194	-0.484009022
7.620770000	-2.537249804	-0.483080677
7.620771000	-2.550569773	-0.484419248
7.620772000	-2.533045053	-0.484158891
7.620773000	-2.541308880	-0.484919956
7.620774000	-2.546375275	-0.484947620
7.620775000	-2.547797203	-0.484965862
7.620776000	-2.536490202	-0.484569051
7.620777000	-2.551811457	-0.485663744
7.620778000	-2.536338329	-0.485616406
7.620779000	-2.539965630	-0.485737014
7.620780000	-2.551128864	-0.485956758
7.620781000	-2.546229601	-0.485399591
7.620782000	-2.552458525	-0.484974850
7.620783000	-2.556642056	-0.486557267
7.620784000	-2.556107998	-0.486824516
7.620785000	-2.543286800	-0.486343416
7.620786000	-2.542298079	-0.488177768
7.620787000	-2.551156521	-0.486702443
7.620788000	-2.550540447	-0.486876947
7.620789000	-2.556782722	-0.487993976
7.620790000	-2.553310156	-0.487746735
7.620791000	-2.552120686	-0.487838281
7.620792000	-2.550430775	-0.488702943
7.620793000	-2.546013594	-0.487731022
7.620794000	-2.551032305	-0.487354551
7.620795000	-2.543414116	-0.488443984
7.620796000	-2.555651903	-0.487443468
7.620797000	-2.555821180	-0.488117713
7.620798000	-2.552832127	-0.489043029
7.620799000	-2.551164389	-0.488528739
7.620800000	-2.552114248	-0.489702760
7.620801000	-2.553786993	-0.489756656
7.620802000	-2.553904295	-0.490963934
7.620803000	-2.551127672	-0.490031494
7.620804000	-2.555765867	-0.491276023
7.620805000	-2.554378510	-0.490770322
7.620806000	-2.565937281	-0.489367002
7.620807000	-2.559350491	-0.489602625
7.620808000	-2.557075977	-0.490710068
7.620809000	-2.561484337	-0.489113769
7.620810000	-2.558201790	-0.491338341
7.620811000	-2.546572208	-0.491069428
7.620812000	-2.554676771	-0.489971640
7.620813000	-2.555484056	-0.490380069
7.620814000	-2.559002876	-0.491687248
7.620815000	-2.554433107	-0.491379520
7.620816000	-2.555774689	-0.492135225
7.620817000	-2.550037384	-0.492258829
7.620818000	-2.553131104	-0.492421282
7.620819000	-2.563512087	-0.491266003
7.620820000	-2.555744886	-0.492472281
7.620821000	-2.560497999	-0.493421665
7.620822000	-2.561615705	-0.493419834
7.620823000	-2.548960924	-0.493903964
7.620824000	-2.560046196	-0.494213856
7.620825000	-2.573283672	-0.494720322
7.620826000	-2.553205967	-0.492685767
7.620827000	-2.563458681	-0.493478623
7.620828000	-2.564212322	-0.493208679
7.620829000	-2.557605982	-0.493623566
7.620830000	-2.556399822	-0.493844575
7.620831000	-2.559099674	-0.493189770
7.620832000	-2.562266350	-0.494107829
7.620833000	-2.560214996	-0.495533086
7.620834000	-2.560642719	-0.494992298
7.620835000	-2.562140703	-0.495994778
7.620836000	-2.555380821	-0.495357417
7.620837000	-2.570144892	-0.495599232
7.620838000	-2.567463636	-0.494981645
7.620839000	-2.556081772	-0.495481187
7.620840000	-2.567646265	-0.495555922
7.620841000	-2.562984467	-0.498120380
7.620842000	-2.560173035	-0.496444486
7.620843000	-2.560286760	-0.495513112
7.620844000	-2.561149597	-0.497530690
7.620845000	-2.566685677	-0.496802015
7.620846000	-2.569000959	-0.497810288
7.620847000	-2.582614660	-0.497507886
7.620848000	-2.555935144	-0.497327124
7.620849000	-2.564316750	-0.497380454
7.620850000	-2.571365833	-0.497754495
7.620851000	-2.564928293	-0.498624816
7.620852000	-2.560342789	-0.497044962
7.620853000	-2.565614939	-0.497662017
7.620854000	-2.554978132	-0.498089055
7.620855000	-2.553350925	-0.497051820
7.620856000	-2.556463718	-0.496739598
7.620857000	-2.571333647	-0.499489578
7.620858000	-2.577989578	-0.498838901
7.620859000	-2.572824001	-0.499302391
7.620860000	-2.574931145	-0.498558836
7.620861000	-2.568731308	-0.499444104
7.620862000	-2.571749210	-0.499653495
7.620863000	-2.570492268	-0.499246797
7.620864000	-2.569373846	-0.500899389
7.620865000	-2.557886362	-0.499893413
7.620866000	-2.564212322	-0.499127554
7.620867000	-2.570431232	-0.499610851
7.620868000	-2.573247194	-0.499173028
7.620869000	-2.570489168	-0.500376177
7.620870000	-2.574195862	-0.500716696
7.620871000	-2.573956013	-0.500703713
7.620872000	-2.578075409	-0.499627063
7.620873000	-2.568393946	-0.500338860
7.620874000	-2.560170889	-0.502081533
7.620875000	-2.573422432	-0.501071096
7.620876000	-2.573498011	-0.501177256
7.620877000	-2.571264982	-0.501683257
7.620878000	-2.571097136	-0.502348980
7.620879000	-2.572497606	-0.501090837
7.620880000	-2.578163385	-0.502237560
7.620881000	-2.577443600	-0.502982313
7.620882000	-2.580621243	-0.502652647
7.620883000	-2.576071501	-0.502993099
7.620884000	-2.579622984	-0.502736171
7.620885000	-2.575093985	-0.502188691
7.620886000	-2.572377205	-0.502526946
7.620887000	-2.581322432	-0.501700101
7.620888000	-2.576494455	-0.503934693
7.620889000	-2.580386162	-0.504008896
7.620890000	-2.575204372	-0.503814285
7.620891000	-2.582272291	-0.503662784
7.620892000	-2.580943584	-0.503203888
7.620893000	-2.590425730	-0.504091553
7.620894000	-2.580368280	-0.504817365
7.620895000	-2.579663515	-0.504325812
7.620896000	-2.585534334	-0.504390194
7.620897000	-2.579352379	-0.504275145
7.620898000	-2.582019329	-0.504519590
7.620899000	-2.582776308	-0.504481740
7.620900000	-2.579609156	-0.503916684
7.620901000	-2.579185486	-0.505278225
7.620902000	-2.574577093	-0.505803933
7.620903000	-2.581828356	-0.504324979
7.620904000	-2.577757835	-0.506555377
7.620905000	-2.580197573	-0.504937540
7.620906000	-2.589185238	-0.506017618
7.620907000	-2.586330652	-0.507554895
7.620908000	-2.580118656	-0.505029386
7.620909000	-2.577004910	-0.506265958
7.620910000	-2.586296797	-0.506199612
7.620911000	-2.587301970	-0.505873974
7.620912000	-2.572795391	-0.505369438
7.620913000	-2.580230951	-0.507244769
7.620914000	-2.583387136	-0.506484037
7.620915000	-2.586714029	-0.505290742
7.620916000	-2.579725742	-0.505944614
7.620917000	-2.576542616	-0.506255205
7.620918000	-2.585839033	-0.506018117
7.620919000	-2.580283403	-0.506463964
7.620920000	-2.583504438	-0.506393690
7.620921000	-2.586431265	-0.507311182
7.620922000	-2.586423635	-0.508614300
7.620923000	-2.586258888	-0.506622722
7.620924000	-2.577921629	-0.506527014
7.620925000	-2.578514099	-0.507734957
7.620926000	-2.591956615	-0.508012359
7.620927000	-2.583977938	-0.508861974
7.620928000	-2.580296516	-0.507809593
7.620929000	-2.590546846	-0.508120716
7.620930000	-2.592070580	-0.507919082
7.620931000	-2.586249352	-0.508554712
7.620932000	-2.586761951	-0.509134249
7.620933000	-2.588276386	-0.509615549
7.620934000	-2.589446545	-0.508684940
7.620935000	-2.585637569	-0.510006734
7.620936000	-2.595019817	-0.508858811
7.620937000	-2.587810040	-0.509483989
7.620938000	-2.592905521	-0.511306723
7.620939000	-2.589660883	-0.510164792
7.620940000	-2.589961767	-0.510191457
7.620941000	-2.589905739	-0.509518377
7.620942000	-2.587767363	-0.510579846
7.620943000	-2.588521719	-0.510998628
7.620944000	-2.586659431	-0.510210932
7.620945000	-2.596487522	-0.510445856
7.620946000	-2.594738007	-0.510793099
7.620947000	-2.590320110	-0.510669595
7.620948000	-2.586941004	-0.511130288
7.620949000	-2.581926107	-0.512187896
7.620950000	-2.593297482	-0.510058466
7.620951000	-2.588126898	-0.510349516
7.620952000	-2.587483883	-0.512406242
7.620953000	-2.587359667	-0.511907765
7.620954000	-2.591105700	-0.513366877
7.620955000	-2.596530914	-0.511533990
7.620956000	-2.592100382	-0.511784094
7.620957000	-2.593960285	-0.511803802
7.620958000	-2.584813118	-0.511894482
7.620959000	-2.597648144	-0.512776554
7.620960000	-2.589333534	-0.512165858
7.620961000	-2.591769457	-0.513035114
7.620962000	-2.594763041	-0.512811974
7.620963000	-2.591627121	-0.514428380
7.620964000	-2.606965780	-0.513328628
7.620965000	-2.597778797	-0.512516996
7.620966000	-2.594315290	-0.512615633
7.620967000	-2.603057384	-0.514019785
7.620968000	-2.591698408	-0.512825257
7.620969000	-2.600347757	-0.513378163
7.620970000	-2.601914167	-0.514287599
7.620971000	-2.592789888	-0.513236715
7.620972000	-2.603390694	-0.513571575
7.620973000	-2.589492559	-0.514221186
7.620974000	-2.601451159	-0.513938425
7.620975000	-2.594761133	-0.514023413
7.620976000	-2.595720530	-0.514326215
7.620977000	-2.598986387	-0.513657328
7.620978000	-2.603223801	-0.515122833
7.620979000	-2.607194185	-0.514500851
7.620980000	-2.588013887	-0.513994817
7.620981000	-2.602102518	-0.515915456
7.620982000	-2.599801540	-0.515396705
7.620983000	-2.595916748	-0.515204958
7.620984000	-2.599098921	-0.514229176
7.620985000	-2.593403816	-0.515473005
7.620986000	-2.600245476	-0.515570277
7.620987000	-2.595243692	-0.515632761
7.620988000	-2.600802422	-0.514836210
7.620989000	-2.593470097	-0.516008866
7.620990000	-2.610426903	-0.515746312
7.620991000	-2.601505280	-0.516757448
7.620992000	-2.600668907	-0.515884996
7.620993000	-2.592521667	-0.515146635
7.620994000	-2.602331638	-0.516595960
7.620995000	-2.596814394	-0.516899461
7.620996000	-2.604282379	-0.516327214
7.620997000	-2.605859041	-0.517601670
7.620998000	-2.601728678	-0.516027042
7.620999000	-2.595168114	-0.516415365
7.621000000	-2.612294197	-0.516732813
7.621001000	-2.603083611	-0.517822679
7.621002000	-2.595620394	-0.516650555
7.621003000	-2.595996380	-0.518590801
7.621004000	-2.605999231	-0.518355977
7.621005000	-2.600595713	-0.517539085
7.621006000	-2.594458103	-0.517525204
7.621007000	-2.602021217	-0.517715520
7.621008000	-2.605246067	-0.517707897
7.621009000	-2.605485439	-0.518360138
7.621010000	-2.607549906	-0.518737674
7.621011000	-2.604204416	-0.518802456
7.621012000	-2.602381468	-0.517862027
7.621013000	-2.604415417	-0.517577535
7.621014000	-2.603800774	-0.518622826
7.621015000	-2.606888294	-0.518813974
7.621016000	-2.603045225	-0.519141310
7.621017000	-2.602259159	-0.518577951
7.621018000	-2.606519461	-0.518211001
7.621019000	-2.590886116	-0.518920001
7.621020000	-2.606586933	-0.520577386
7.621021000	-2.598940134	-0.520633945
7.621022000	-2.599559784	-0.519051195
7.621023000	-2.599723101	-0.518973231
7.621024000	-2.604178905	-0.518830319
7.621025000	-2.598415375	-0.520046119
7.621026000	-2.599399567	-0.519973514
7.621027000	-2.608106852	-0.520131540
7.621028000	-2.604900837	-0.520599357
7.621029000	-2.602541924	-0.520101479
7.621030000	-2.598667622	-0.519694448
7.621031000	-2.606263876	-0.520343261
7.621032000	-2.602826595	-0.521062547
7.621033000	-2.602965832	-0.521044505
7.621034000	-2.616044760	-0.520879622
7.621035000	-2.612640142	-0.521290081
7.621036000	-2.606800556	-0.521294242
7.621037000	-2.598814487	-0.521758132
7.621038000	-2.608675003	-0.521109419
7.621039000	-2.612209558	-0.521462388
7.621040000	-2.607484341	-0.520627087
7.621041000	-2.619749308	-0.521120804
7.621042000	-2.608043671	-0.521686426
7.621043000	-2.607029438	-0.521294076
7.621044000	-2.605662584	-0.521974347
7.621045000	-2.607296228	-0.521838559
7.621046000	-2.626544476	-0.521834631
7.621047000	-2.613753796	-0.522696264
7.621048000	-2.597812414	-0.523119440
7.621049000	-2.613315582	-0.522223885
7.621050000	-2.608960390	-0.522509110
7.621051000	-2.613172293	-0.521092009
7.621052000	-2.611516953	-0.522679885
7.621053000	-2.614246607	-0.524055075
7.621054000	-2.619730234	-0.522158705
7.621055000	-2.610169411	-0.523236353
7.621056000	-2.604426146	-0.521493147
7.621057000	-2.620910168	-0.523552536
7.621058000	-2.606493950	-0.522214731
7.621059000	-2.616295576	-0.524351718
7.621060000	-2.611458778	-0.524581748
7.621061000	-2.615862846	-0.522730252
7.621062000	-2.604353428	-0.524081340
7.621063000	-2.614841223	-0.524476487
7.621064000	-2.611650229	-0.524074982
7.621065000	-2.618143559	-0.524305512
7.621066000	-2.608699799	-0.524213367
7.621067000	-2.604736805	-0.524795667
7.621068000	-2.616579533	-0.523760396
7.621069000	-2.605358362	-0.524063464
7.621070000	-2.613997459	-0.523985766
7.621071000	-2.608057499	-0.524427551
7.621072000	-2.607981682	-0.525156625
7.621073000	-2.610787868	-0.524445661
7.621074000	-2.606938601	-0.524885482
7.621075000	-2.618928194	-0.525575807
7.621076000	-2.613210917	-0.524774728
7.621077000	-2.610522032	-0.526715273
7.621078000	-2.618543863	-0.525525406
7.621079000	-2.607767582	-0.525860865
7.621080000	-2.622672319	-0.526044723
7.621081000	-2.619583607	-0.524966375
7.621082000	-2.618807077	-0.525755936
7.621083000	-2.619849920	-0.525562757
7.621084000	-2.623719931	-0.525902343
7.621085000	-2.615438938	-0.525466683
7.621086000	-2.617568493	-0.526886515
7.621087000	-2.611278772	-0.526721299
7.621088000	-2.619161844	-0.527421111
7.621089000	-2.616426945	-0.527185155
7.621090000	-2.610342741	-0.527141146
7.621091000	-2.619329691	-0.526955624
7.621092000	-2.608408213	-0.527247906
7.621093000	-2.627754688	-0.526094990
7.621094000	-2.616264105	-0.528231045
7.621095000	-2.613636971	-0.526904990
7.621096000	-2.622506857	-0.527659064
7.621097000	-2.623357058	-0.527778507
7.621098000	-2.614705324	-0.527451704
7.621099000	-2.620293140	-0.527109022
7.621100000	-2.615781546	-0.526834084
7.621101000	-2.620701551	-0.527026597
7.621102000	-2.613027811	-0.528216597
7.621103000	-2.620116711	-0.529424674
7.621104000	-2.617701769	-0.527177032
7.621105000	-2.619217396	-0.528237603
7.621106000	-2.612936735	-0.528422293
7.621107000	-2.624122620	-0.529229231
7.621108000	-2.620538950	-0.527853608
7.621109000	-2.630059719	-0.529245909
7.621110000	-2.618417501	-0.529194310
7.621111000	-2.626252174	-0.528667204
7.621112000	-2.617332458	-0.528404650
7.621113000	-2.614264488	-0.529400306
7.621114000	-2.620955944	-0.528727058
7.621115000	-2.618390799	-0.528098486
7.621116000	-2.621555328	-0.529529569
7.621117000	-2.629504919	-0.528349955
7.621118000	-2.624354362	-0.529407995
7.621119000	-2.622623205	-0.529748447
7.621120000	-2.623498917	-0.529209024
7.621121000	-2.621722460	-0.529435093
7.621122000	-2.629024744	-0.529425140
7.621123000	-2.615883350	-0.529411258
7.621124000	-2.620576382	-0.529622546
7.621125000	-2.622001886	-0.529703573
7.621126000	-2.628740072	-0.529918623
7.621127000	-2.626518488	-0.530003844
7.621128000	-2.625225306	-0.530471795
7.621129000	-2.616165638	-0.529506166
7.621130000	-2.626530886	-0.530753624
7.621131000	-2.619601250	-0.529855074
7.621132000	-2.622596741	-0.530111203
7.621133000	-2.629876375	-0.530388771
7.621134000	-2.624882936	-0.529417150
7.621135000	-2.617529392	-0.529360491
7.621136000	-2.622880220	-0.530894772
7.621137000	-2.617141008	-0.530874632
7.621138000	-2.630603790	-0.530953128
7.621139000	-2.636617422	-0.531122039
7.621140000	-2.617919445	-0.531512492
7.621141000	-2.632984638	-0.532121590
7.621142000	-2.621684313	-0.531099935
7.621143000	-2.623187304	-0.531277235
7.621144000	-2.637851477	-0.531782503
7.621145000	-2.627834797	-0.531850647
7.621146000	-2.629241228	-0.531274206
7.621147000	-2.622010708	-0.532720735
7.621148000	-2.631073952	-0.531152865
7.621149000	-2.622837067	-0.532915345
7.621150000	-2.623044491	-0.532369564
7.621151000	-2.623242378	-0.532211672
7.621152000	-2.635603905	-0.533703874
7.621153000	-2.630704165	-0.531879076
7.621154000	-2.626178503	-0.532905592
7.621155000	-2.632473946	-0.534100352
7.621156000	-2.634064913	-0.533275538
7.621157000	-2.616196156	-0.533094010
7.621158000	-2.632456541	-0.531942126
7.621159000	-2.618942738	-0.532501590
7.621160000	-2.624651432	-0.532660015
7.621161000	-2.621532440	-0.532481550
7.621162000	-2.623876572	-0.534058507
7.621163000	-2.622860909	-0.534972304
7.621164000	-2.632242441	-0.533704773
7.621165000	-2.632113695	-0.533591622
7.621166000	-2.620503902	-0.533300172
7.621167000	-2.619259119	-0.532143228
7.621168000	-2.628338337	-0.533535063
7.621169000	-2.629121304	-0.532987051
7.621170000	-2.625317335	-0.533559031
7.621171000	-2.622128487	-0.534730623
7.621172000	-2.629973888	-0.534277552
7.621173000	-2.637624741	-0.535553473
7.621174000	-2.641169786	-0.534467535
7.621175000	-2.628924608	-0.533970590
7.621176000	-2.634308815	-0.534225221
7.621177000	-2.635038614	-0.533021938
7.621178000	-2.610497713	-0.534625761
7.621179000	-2.629833460	-0.534937983
7.621180000	-2.628427982	-0.533943059
7.621181000	-2.626838684	-0.535191915
7.621182000	-2.628778219	-0.534300822
7.621183000	-2.624053717	-0.535584632
7.621184000	-2.628712416	-0.535386626
7.621185000	-2.630538225	-0.534277619
7.621186000	-2.626940250	-0.535617189
7.621187000	-2.639768362	-0.535275539
7.621188000	-2.625628233	-0.535555071
7.621189000	-2.621932030	-0.535777977
7.621190000	-2.630881310	-0.535746585
7.621191000	-2.632269621	-0.535432632
7.621192000	-2.621885777	-0.535867526
7.621193000	-2.621533632	-0.536904627
7.621194000	-2.638810396	-0.536771902
7.621195000	-2.630763292	-0.537144678
7.621196000	-2.640253782	-0.535401706
7.621197000	-2.634733438	-0.536981693
7.621198000	-2.635836840	-0.536852130
7.621199000	-2.630853415	-0.536073521
7.621200000	-2.638011456	-0.536315570
7.621201000	-2.633126020	-0.537242350
7.621202000	-2.624562502	-0.536897903
7.621203000	-2.631348610	-0.536957092
7.621204000	-2.626769543	-0.538258678
7.621205000	-2.635013342	-0.538482550
7.621206000	-2.633614540	-0.536982725
7.621207000	-2.628256321	-0.535978447
7.621208000	-2.634483337	-0.537265619
7.621209000	-2.638293743	-0.536801896
7.621210000	-2.632287741	-0.536667773
7.621211000	-2.637333393	-0.536947371
7.621212000	-2.639969826	-0.538106978
7.621213000	-2.637694597	-0.537143646
7.621214000	-2.631404161	-0.537133693
7.621215000	-2.639554262	-0.537696618
7.621216000	-2.635491371	-0.537045542
7.621217000	-2.630521059	-0.538542571
7.621218000	-2.640927315	-0.537681472
7.621219000	-2.638794899	-0.537573347
7.621220000	-2.639859200	-0.537385894
7.621221000	-2.635091066	-0.538089767
7.621222000	-2.629293203	-0.539455603
7.621223000	-2.630157948	-0.538937884
7.621224000	-2.645020247	-0.538733620
7.621225000	-2.630630493	-0.538719838
7.621226000	-2.629157305	-0.538719905
7.621227000	-2.629341602	-0.538438209
7.621228000	-2.630942106	-0.538975834
7.621229000	-2.636357069	-0.538434980
7.621230000	-2.626953840	-0.539133926
7.621231000	-2.632780313	-0.538944309
7.621232000	-2.633140087	-0.538615009
7.621233000	-2.629691362	-0.539406002
7.621234000	-2.637235880	-0.540046758
7.621235000	-2.631959438	-0.539007659
7.621236000	-2.635320663	-0.538217666
7.621237000	-2.634404898	-0.539693789
7.621238000	-2.634025097	-0.539353804
7.621239000	-2.633975267	-0.540403389
7.621240000	-2.632884264	-0.540478889
7.621241000	-2.629789352	-0.540577060
7.621242000	-2.636229038	-0.539421082
7.621243000	-2.634757757	-0.540058509
7.621244000	-2.631718874	-0.539872654
7.621245000	-2.638449430	-0.539977017
7.621246000	-2.636213779	-0.540674765
7.621247000	-2.647168875	-0.539756540
7.621248000	-2.639366865	-0.540949603
7.621249000	-2.638512373	-0.539370249
7.621250000	-2.634398460	-0.541068313
7.621251000	-2.632679462	-0.540237507
7.621252000	-2.627377510	-0.540793009
7.621253000	-2.630856991	-0.541261692
7.621254000	-2.624857426	-0.541347280
7.621255000	-2.634503365	-0.541119812
7.621256000	-2.631098270	-0.541662465
7.621257000	-2.624589443	-0.541242850
7.621258000	-2.645077467	-0.541538428
7.621259000	-2.632974625	-0.541535565
7.621260000	-2.636101246	-0.540897372
7.621261000	-2.637680531	-0.540730425
7.621262000	-2.633119822	-0.541087155
7.621263000	-2.632319212	-0.541736833
7.621264000	-2.642736197	-0.541761334
7.621265000	-2.636177301	-0.541600047
7.621266000	-2.638673544	-0.541234794
7.621267000	-2.639599800	-0.542282182
7.621268000	-2.631561279	-0.541684203
7.621269000	-2.636954308	-0.542370333
7.621270000	-2.633340597	-0.541707872
7.621271000	-2.628540754	-0.542491673
7.621272000	-2.632775068	-0.542272096
7.621273000	-2.640948057	-0.541830244
7.621274000	-2.640759468	-0.542234978
7.621275000	-2.639286518	-0.542962620
7.621276000	-2.633977413	-0.542845840
7.621277000	-2.645750761	-0.542466706
7.621278000	-2.639747858	-0.542919344
7.621279000	-2.633730650	-0.542626795
7.621280000	-2.639379025	-0.542452691
7.621281000	-2.627145290	-0.542960123
7.621282000	-2.636950254	-0.544406952
7.621283000	-2.640527964	-0.542477126
7.621284000	-2.633821964	-0.543557104
7.621285000	-2.636504889	-0.544136308
7.621286000	-2.636769295	-0.543648384
7.621287000	-2.639704466	-0.543128302
7.621288000	-2.636220455	-0.543899187
7.621289000	-2.635452271	-0.543824019
7.621290000	-2.644927025	-0.544608587
7.621291000	-2.648466110	-0.543784039
7.621292000	-2.640989065	-0.543418486
7.621293000	-2.637904406	-0.543204568
7.621294000	-2.645462036	-0.544400594
7.621295000	-2.644550323	-0.544381386
7.621296000	-2.636384249	-0.543191785
7.621297000	-2.647733450	-0.543383499
