D:\KID metingen\Entropy ADR\LT343chip5_BF_20240530_mapping\S21\Power\KID31_110dBm_.dat
Power at KID:110dBm
resonance Frequency in GHz :5.803438
Q=24180.991668, Qc=25279.810447, Qi=556316.380593  S21min=-27.236955


Temperature in K:0.100025
GHz	dB	Rad
5.802523000	0.795765400	0.054037973
5.802524000	0.785712540	0.059277172
5.802525000	0.769090116	0.055047511
5.802526000	0.798130631	0.050238433
5.802527000	0.786630213	0.055106412
5.802528000	0.803562939	0.054775103
5.802529000	0.788981497	0.053065757
5.802530000	0.822379172	0.055109471
5.802531000	0.790450156	0.053413919
5.802532000	0.781151235	0.055738930
5.802533000	0.840586424	0.047748489
5.802534000	0.755777419	0.050849008
5.802535000	0.820599437	0.054117044
5.802536000	0.799919367	0.047803546
5.802537000	0.818198502	0.051427884
5.802538000	0.759940445	0.056021662
5.802539000	0.809448481	0.052006955
5.802540000	0.791494071	0.054073742
5.802541000	0.801049411	0.050682007
5.802542000	0.763197482	0.051007333
5.802543000	0.794533968	0.050574707
5.802544000	0.788746417	0.051401314
5.802545000	0.754645586	0.051018993
5.802546000	0.804197848	0.051826858
5.802547000	0.800731063	0.055115496
5.802548000	0.784283340	0.048859107
5.802549000	0.798949778	0.053830583
5.802550000	0.761649787	0.046724579
5.802551000	0.772331715	0.044991027
5.802552000	0.774111271	0.051688449
5.802553000	0.820250332	0.046990554
5.802554000	0.773759842	0.049856494
5.802555000	0.802187622	0.050034181
5.802556000	0.785952866	0.051684566
5.802557000	0.788987041	0.047006087
5.802558000	0.743784904	0.047521813
5.802559000	0.800732374	0.048050933
5.802560000	0.805073559	0.046518325
5.802561000	0.814744890	0.044514792
5.802562000	0.769057870	0.045291756
5.802563000	0.795745194	0.049366763
5.802564000	0.773558617	0.047679443
5.802565000	0.830691397	0.044745521
5.802566000	0.844466746	0.044844529
5.802567000	0.771726429	0.046892874
5.802568000	0.773960590	0.047811756
5.802569000	0.803354561	0.044907679
5.802570000	0.818439782	0.051837203
5.802571000	0.826432765	0.055898994
5.802572000	0.767507017	0.048351658
5.802573000	0.767951071	0.043527945
5.802574000	0.765405774	0.046479518
5.802575000	0.788894117	0.048220131
5.802576000	0.816837847	0.043982946
5.802577000	0.772076190	0.052408530
5.802578000	0.743430555	0.050357409
5.802579000	0.751210511	0.047528962
5.802580000	0.732750595	0.045610787
5.802581000	0.784594715	0.046680254
5.802582000	0.765358508	0.047130906
5.802583000	0.806238532	0.046525603
5.802584000	0.771476746	0.041929374
5.802585000	0.785719693	0.044023497
5.802586000	0.783604980	0.046873587
5.802587000	0.741313696	0.045809662
5.802588000	0.775201082	0.047298735
5.802589000	0.808906674	0.040087956
5.802590000	0.813330233	0.045594666
5.802591000	0.790279269	0.040453667
5.802592000	0.753969312	0.040247987
5.802593000	0.758613646	0.044316977
5.802594000	0.794325769	0.043693914
5.802595000	0.779263735	0.044307069
5.802596000	0.785139740	0.046096709
5.802597000	0.747233450	0.044024212
5.802598000	0.774892509	0.036401151
5.802599000	0.775987625	0.044065437
5.802600000	0.788273156	0.049088771
5.802601000	0.770711839	0.042616994
5.802602000	0.769557178	0.045302226
5.802603000	0.769005895	0.040236328
5.802604000	0.745746195	0.041591186
5.802605000	0.778877914	0.038239356
5.802606000	0.803639114	0.040555345
5.802607000	0.784821630	0.043250872
5.802608000	0.786021829	0.038274335
5.802609000	0.803261280	0.044908440
5.802610000	0.787748873	0.035861782
5.802611000	0.782308578	0.035198060
5.802612000	0.759069383	0.040884774
5.802613000	0.762767851	0.041506847
5.802614000	0.742533803	0.042833405
5.802615000	0.763905525	0.038112582
5.802616000	0.785335720	0.041458136
5.802617000	0.780128062	0.043937073
5.802618000	0.761650443	0.036424291
5.802619000	0.758897662	0.040584673
5.802620000	0.763740838	0.041451894
5.802621000	0.781231701	0.039407257
5.802622000	0.759157479	0.038341027
5.802623000	0.768452644	0.037544251
5.802624000	0.770546675	0.044237307
5.802625000	0.808242261	0.043581749
5.802626000	0.755803108	0.036473497
5.802627000	0.756734669	0.038734193
5.802628000	0.746626735	0.036612698
5.802629000	0.785868406	0.034584469
5.802630000	0.799981833	0.038878203
5.802631000	0.742541790	0.034733669
5.802632000	0.737643778	0.038268564
5.802633000	0.767238379	0.035707818
5.802634000	0.771354973	0.037551791
5.802635000	0.775389016	0.040850623
5.802636000	0.764125884	0.038746855
5.802637000	0.739830136	0.035406831
5.802638000	0.792679965	0.033949010
5.802639000	0.750187755	0.031239229
5.802640000	0.754717350	0.035042381
5.802641000	0.790410399	0.035480438
5.802642000	0.734434962	0.032015536
5.802643000	0.776202559	0.034447893
5.802644000	0.783645511	0.036099893
5.802645000	0.794250727	0.039278176
5.802646000	0.759628952	0.039642826
5.802647000	0.731390238	0.034728942
5.802648000	0.740376890	0.037743746
5.802649000	0.771892071	0.033535652
5.802650000	0.768842340	0.038928183
5.802651000	0.746714056	0.036438539
5.802652000	0.710997641	0.034701205
5.802653000	0.745987654	0.037719391
5.802654000	0.778254092	0.033713826
5.802655000	0.815837026	0.038177946
5.802656000	0.762414098	0.031669043
5.802657000	0.760629714	0.038425620
5.802658000	0.714440227	0.033978039
5.802659000	0.800018072	0.033746339
5.802660000	0.767724216	0.030380840
5.802661000	0.802273095	0.032709032
5.802662000	0.754432201	0.032480668
5.802663000	0.775227904	0.030273993
5.802664000	0.761556089	0.035252746
5.802665000	0.781165659	0.034899573
5.802666000	0.758277535	0.035032881
5.802667000	0.740633011	0.026844841
5.802668000	0.697838485	0.027859401
5.802669000	0.796330333	0.028181140
5.802670000	0.721651137	0.027290700
5.802671000	0.731092632	0.030935050
5.802672000	0.773126483	0.029163143
5.802673000	0.743393779	0.030187836
5.802674000	0.719374061	0.033828951
5.802675000	0.745166421	0.029391676
5.802676000	0.738562465	0.030037952
5.802677000	0.783519089	0.028837035
5.802678000	0.719547927	0.028823650
5.802679000	0.741826415	0.029221974
5.802680000	0.727152765	0.027903957
5.802681000	0.700698495	0.027415916
5.802682000	0.747799635	0.029492372
5.802683000	0.725123763	0.026835757
5.802684000	0.713143289	0.025836324
5.802685000	0.684994638	0.027765167
5.802686000	0.772664607	0.027247454
5.802687000	0.725936294	0.026493376
5.802688000	0.708151042	0.024857966
5.802689000	0.760777116	0.033234411
5.802690000	0.795235634	0.029504394
5.802691000	0.737318695	0.023438936
5.802692000	0.734826684	0.025447386
5.802693000	0.719912350	0.026681352
5.802694000	0.741739750	0.026687899
5.802695000	0.747107446	0.029350168
5.802696000	0.734924495	0.022629974
5.802697000	0.730258167	0.029157646
5.802698000	0.726999462	0.027460534
5.802699000	0.710999608	0.024259997
5.802700000	0.720868766	0.027300133
5.802701000	0.759989083	0.023908585
5.802702000	0.740335882	0.032439064
5.802703000	0.732221842	0.023173371
5.802704000	0.754366517	0.027342097
5.802705000	0.731600344	0.020176192
5.802706000	0.763876915	0.026129239
5.802707000	0.723046064	0.025604609
5.802708000	0.777347088	0.025008760
5.802709000	0.720212281	0.025626270
5.802710000	0.697500944	0.023091053
5.802711000	0.755539596	0.024345169
5.802712000	0.746571422	0.020929922
5.802713000	0.726958275	0.025681041
5.802714000	0.732734263	0.020718353
5.802715000	0.720514774	0.024236963
5.802716000	0.732344151	0.024695561
5.802717000	0.744378269	0.022344148
5.802718000	0.752238631	0.020439100
5.802719000	0.710551322	0.020730441
5.802720000	0.743415534	0.023407740
5.802721000	0.743407547	0.021254335
5.802722000	0.757868350	0.019377680
5.802723000	0.708778501	0.023061435
5.802724000	0.693093538	0.019430090
5.802725000	0.757682085	0.021051891
5.802726000	0.730114281	0.020933967
5.802727000	0.749222636	0.015361852
5.802728000	0.705972493	0.017234516
5.802729000	0.714960694	0.022221608
5.802730000	0.695671499	0.019455453
5.802731000	0.743990541	0.020318481
5.802732000	0.752498984	0.019442029
5.802733000	0.707411468	0.023085208
5.802734000	0.725739837	0.015008787
5.802735000	0.728919804	0.016774561
5.802736000	0.729929745	0.017694562
5.802737000	0.695965946	0.020188319
5.802738000	0.781536281	0.020925177
5.802739000	0.747756362	0.017282752
5.802740000	0.727688134	0.014279633
5.802741000	0.698110998	0.016103722
5.802742000	0.770681620	0.015766935
5.802743000	0.750557482	0.017845859
5.802744000	0.740692735	0.011453773
5.802745000	0.736617446	0.012392240
5.802746000	0.699967861	0.017074235
5.802747000	0.689356744	0.011974932
5.802748000	0.693753481	0.015248516
5.802749000	0.651824594	0.017922377
5.802750000	0.773575962	0.006274876
5.802751000	0.686554074	0.006691662
5.802752000	0.738213837	0.017424788
5.802753000	0.681733429	0.010308549
5.802754000	0.731659710	0.013063952
5.802755000	0.732993841	0.013763876
5.802756000	0.717478693	0.005730937
5.802757000	0.704430461	0.017412739
5.802758000	0.709874213	0.014722088
5.802759000	0.729126811	0.010395224
5.802760000	0.699505627	0.009832519
5.802761000	0.728733003	0.009507510
5.802762000	0.734066248	0.011763186
5.802763000	0.691915095	0.006034568
5.802764000	0.683271766	0.014577477
5.802765000	0.747052789	0.011243261
5.802766000	0.669650316	0.013781722
5.802767000	0.677858770	0.006779177
5.802768000	0.705663621	0.011082871
5.802769000	0.699741244	0.008949678
5.802770000	0.713256896	0.010523750
5.802771000	0.684175730	0.011752012
5.802772000	0.658173442	0.012013434
5.802773000	0.690001726	0.011792805
5.802774000	0.724348903	0.011622611
5.802775000	0.701873243	0.010726304
5.802776000	0.699627399	0.002566860
5.802777000	0.694466829	0.005442237
5.802778000	0.722580850	0.007149576
5.802779000	0.694213450	0.007107046
5.802780000	0.698122144	0.009932203
5.802781000	0.700937808	0.005088541
5.802782000	0.679139793	0.006559477
5.802783000	0.717512071	0.009756311
5.802784000	0.733190477	0.004615207
5.802785000	0.685604990	0.008570014
5.802786000	0.713566005	0.009470278
5.802787000	0.704906046	0.003387272
5.802788000	0.657580256	0.006797042
5.802789000	0.679985762	0.002599282
5.802790000	0.689767122	0.009065684
5.802791000	0.734240592	0.005122769
5.802792000	0.707858443	0.003115607
5.802793000	0.691796541	0.002982805
5.802794000	0.722973168	0.004023581
5.802795000	0.625191271	0.004142380
5.802796000	0.657696664	0.006189162
5.802797000	0.738388121	0.000390499
5.802798000	0.687102556	0.004564584
5.802799000	0.731012225	0.003455405
5.802800000	0.671807408	0.002780070
5.802801000	0.689606667	-0.002414498
5.802802000	0.722700715	0.001389943
5.802803000	0.697496176	0.000849475
5.802804000	0.687988162	0.002116544
5.802805000	0.702676833	0.001453847
5.802806000	0.706561506	0.003085932
5.802807000	0.686425209	0.001596902
5.802808000	0.701565385	-0.000914256
5.802809000	0.639369190	0.001991181
5.802810000	0.657886744	-0.004053575
5.802811000	0.700421512	0.000524213
5.802812000	0.709842920	-0.002130699
5.802813000	0.677177072	0.004244062
5.802814000	0.693745971	-0.002503259
5.802815000	0.678871036	-0.002633795
5.802816000	0.653747737	-0.000738906
5.802817000	0.670105457	0.004364401
5.802818000	0.604340255	-0.002405787
5.802819000	0.677662849	-0.004350430
5.802820000	0.700799763	-0.006975567
5.802821000	0.662009418	-0.005173883
5.802822000	0.717269897	-0.002416828
5.802823000	0.624411523	-0.004987750
5.802824000	0.681968749	-0.003002650
5.802825000	0.719980419	-0.004006483
5.802826000	0.675626814	-0.004385585
5.802827000	0.674610436	-0.000969719
5.802828000	0.668614984	-0.007210544
5.802829000	0.661178052	-0.007903755
5.802830000	0.664072812	-0.004861793
5.802831000	0.637706637	-0.006363708
5.802832000	0.655364752	-0.003831642
5.802833000	0.672090709	-0.012182939
5.802834000	0.660508215	-0.004035995
5.802835000	0.648531079	-0.009880093
5.802836000	0.679539382	-0.010763376
5.802837000	0.670068741	-0.011018207
5.802838000	0.677189589	-0.008034740
5.802839000	0.641522646	-0.011143997
5.802840000	0.659556806	-0.010608806
5.802841000	0.656327307	-0.008210282
5.802842000	0.644072711	-0.010550045
5.802843000	0.688706040	-0.008523258
5.802844000	0.661744595	-0.010427639
5.802845000	0.658980608	-0.010521575
5.802846000	0.633106291	-0.012891056
5.802847000	0.682664275	-0.010586726
5.802848000	0.689384043	-0.013501379
5.802849000	0.649377108	-0.013548066
5.802850000	0.681106865	-0.017420349
5.802851000	0.659281731	-0.007170440
5.802852000	0.665575206	-0.012258335
5.802853000	0.646152794	-0.012802342
5.802854000	0.616013765	-0.016430386
5.802855000	0.672814012	-0.012413745
5.802856000	0.621679842	-0.012390862
5.802857000	0.628532052	-0.012100780
5.802858000	0.663856268	-0.017148033
5.802859000	0.660300791	-0.015308306
5.802860000	0.645027637	-0.016325561
5.802861000	0.682090402	-0.019707446
5.802862000	0.637184799	-0.013132866
5.802863000	0.639794230	-0.016631339
5.802864000	0.627617240	-0.015000524
5.802865000	0.640288651	-0.014511481
5.802866000	0.710140228	-0.021296459
5.802867000	0.653114140	-0.011650500
5.802868000	0.672810137	-0.015034123
5.802869000	0.629339874	-0.018971467
5.802870000	0.648972809	-0.019529963
5.802871000	0.659433007	-0.018359893
5.802872000	0.633531809	-0.015491547
5.802873000	0.614866257	-0.021003080
5.802874000	0.637654543	-0.017766089
5.802875000	0.594197989	-0.015891883
5.802876000	0.624505997	-0.020244830
5.802877000	0.625836313	-0.020798219
5.802878000	0.636915386	-0.022165773
5.802879000	0.638578236	-0.014656604
5.802880000	0.630163550	-0.024914490
5.802881000	0.604673564	-0.023021657
5.802882000	0.656639278	-0.022182594
5.802883000	0.657377124	-0.020224524
5.802884000	0.626048565	-0.028871073
5.802885000	0.656650722	-0.023769811
5.802886000	0.596513689	-0.029013317
5.802887000	0.614882171	-0.022223649
5.802888000	0.654720247	-0.020824343
5.802889000	0.652860701	-0.027304575
5.802890000	0.649426699	-0.020477181
5.802891000	0.621506572	-0.028334831
5.802892000	0.611969948	-0.023275383
5.802893000	0.645475686	-0.024655002
5.802894000	0.653591633	-0.027920383
5.802895000	0.574508131	-0.023775545
5.802896000	0.618201435	-0.029660491
5.802897000	0.607684791	-0.026050607
5.802898000	0.618540883	-0.027150688
5.802899000	0.614170432	-0.030300151
5.802900000	0.632973552	-0.029148741
5.802901000	0.607944608	-0.030939126
5.802902000	0.637622774	-0.034556639
5.802903000	0.563824356	-0.026408240
5.802904000	0.637411594	-0.025374944
5.802905000	0.618307710	-0.027053335
5.802906000	0.569817901	-0.035345894
5.802907000	0.592158258	-0.026462217
5.802908000	0.619064033	-0.032367517
5.802909000	0.585804284	-0.029731705
5.802910000	0.622986257	-0.030286787
5.802911000	0.611081421	-0.031663727
5.802912000	0.596509039	-0.034204877
5.802913000	0.576039314	-0.035525849
5.802914000	0.594451964	-0.028876369
5.802915000	0.581365287	-0.037488828
5.802916000	0.564316511	-0.038155288
5.802917000	0.581662774	-0.028868038
5.802918000	0.588721395	-0.033241887
5.802919000	0.590417147	-0.030562803
5.802920000	0.571694314	-0.034553916
5.802921000	0.582890868	-0.034610539
5.802922000	0.617706478	-0.036431573
5.802923000	0.568753719	-0.037754607
5.802924000	0.562677681	-0.031664357
5.802925000	0.598222792	-0.035347005
5.802926000	0.597767532	-0.040421888
5.802927000	0.541118443	-0.036252867
5.802928000	0.606668115	-0.037954889
5.802929000	0.611342967	-0.039242773
5.802930000	0.537200868	-0.037177467
5.802931000	0.573067546	-0.036212499
5.802932000	0.561688960	-0.043410483
5.802933000	0.589029789	-0.037803996
5.802934000	0.597302973	-0.039821973
5.802935000	0.569381177	-0.046458213
5.802936000	0.556425452	-0.039892206
5.802937000	0.586477518	-0.041902235
5.802938000	0.566200554	-0.038645368
5.802939000	0.553292274	-0.039895010
5.802940000	0.566381454	-0.042337849
5.802941000	0.580317080	-0.046611890
5.802942000	0.523209035	-0.044114544
5.802943000	0.606531262	-0.039554092
5.802944000	0.544098318	-0.046299409
5.802945000	0.599743128	-0.044511409
5.802946000	0.546146870	-0.045676816
5.802947000	0.590061307	-0.041890088
5.802948000	0.601339698	-0.045002762
5.802949000	0.562987983	-0.047356177
5.802950000	0.562730432	-0.045107611
5.802951000	0.560211957	-0.047968737
5.802952000	0.555149972	-0.047994520
5.802953000	0.580712974	-0.050109311
5.802954000	0.600971758	-0.052204936
5.802955000	0.578043461	-0.051135235
5.802956000	0.554434597	-0.048039710
5.802957000	0.566991627	-0.049331784
5.802958000	0.561235845	-0.051418825
5.802959000	0.581631005	-0.048773290
5.802960000	0.546742916	-0.052715717
5.802961000	0.518782139	-0.048869102
5.802962000	0.572460890	-0.056468669
5.802963000	0.550290227	-0.055312903
5.802964000	0.555555820	-0.054078207
5.802965000	0.568163931	-0.055622629
5.802966000	0.537197948	-0.049990942
5.802967000	0.525538683	-0.055485838
5.802968000	0.515746713	-0.049186176
5.802969000	0.577439129	-0.049545973
5.802970000	0.548729360	-0.055206672
5.802971000	0.504664063	-0.055797282
5.802972000	0.519789338	-0.056759120
5.802973000	0.520044446	-0.054801926
5.802974000	0.495457768	-0.060113962
5.802975000	0.535748243	-0.061312268
5.802976000	0.510256529	-0.061337801
5.802977000	0.583214879	-0.061670010
5.802978000	0.502188385	-0.060183367
5.802979000	0.513306737	-0.060221858
5.802980000	0.543478668	-0.069452353
5.802981000	0.476828337	-0.058966348
5.802982000	0.516852200	-0.062632868
5.802983000	0.488361299	-0.061260690
5.802984000	0.504926562	-0.064409583
5.802985000	0.466678798	-0.061167700
5.802986000	0.530996323	-0.066273271
5.802987000	0.493565261	-0.066305579
5.802988000	0.480889022	-0.065001957
5.802989000	0.495517552	-0.063846046
5.802990000	0.515179515	-0.065157773
5.802991000	0.522185028	-0.063719317
5.802992000	0.515420020	-0.070526989
5.802993000	0.506410778	-0.067169055
5.802994000	0.535296023	-0.069082099
5.802995000	0.552594364	-0.068213829
5.802996000	0.522828341	-0.066923628
5.802997000	0.505274236	-0.063462771
5.802998000	0.464475632	-0.069094079
5.802999000	0.477430195	-0.068436815
5.803000000	0.446954668	-0.065524594
5.803001000	0.466410398	-0.071317748
5.803002000	0.474571586	-0.073302527
5.803003000	0.476751000	-0.071857421
5.803004000	0.473839015	-0.065512265
5.803005000	0.477121741	-0.073941569
5.803006000	0.480373949	-0.072993151
5.803007000	0.461858541	-0.069824372
5.803008000	0.496572614	-0.072405990
5.803009000	0.500328422	-0.072661304
5.803010000	0.490809977	-0.075518510
5.803011000	0.482945442	-0.082051294
5.803012000	0.474870533	-0.079653417
5.803013000	0.489829808	-0.076990531
5.803014000	0.439884186	-0.079164927
5.803015000	0.452570081	-0.076378986
5.803016000	0.505054533	-0.076864946
5.803017000	0.495172709	-0.083501327
5.803018000	0.490934074	-0.077492861
5.803019000	0.468625158	-0.079314730
5.803020000	0.473012447	-0.085260545
5.803021000	0.454053909	-0.082220937
5.803022000	0.437242597	-0.083695705
5.803023000	0.436863542	-0.086413103
5.803024000	0.495769769	-0.084969877
5.803025000	0.472875237	-0.085044937
5.803026000	0.416492432	-0.085318210
5.803027000	0.442438573	-0.087005240
5.803028000	0.423467696	-0.084697145
5.803029000	0.459730744	-0.086971393
5.803030000	0.452521056	-0.085309422
5.803031000	0.449717730	-0.089898007
5.803032000	0.477800250	-0.091073302
5.803033000	0.430056274	-0.087426061
5.803034000	0.393851489	-0.090560210
5.803035000	0.416206121	-0.089426602
5.803036000	0.425242156	-0.087257732
5.803037000	0.426408619	-0.095238927
5.803038000	0.439809144	-0.089966683
5.803039000	0.468459100	-0.095834934
5.803040000	0.415072173	-0.095053795
5.803041000	0.427716702	-0.096077714
5.803042000	0.379670829	-0.094018233
5.803043000	0.417386681	-0.095904034
5.803044000	0.430784374	-0.097232519
5.803045000	0.381605983	-0.096904010
5.803046000	0.402114153	-0.099258885
5.803047000	0.380105913	-0.099649046
5.803048000	0.429527044	-0.099307238
5.803049000	0.370807201	-0.098473694
5.803050000	0.373649418	-0.100587328
5.803051000	0.432148188	-0.104695304
5.803052000	0.443775386	-0.098614558
5.803053000	0.406052321	-0.101678109
5.803054000	0.409425199	-0.100028347
5.803055000	0.378912926	-0.100413973
5.803056000	0.374622226	-0.107583086
5.803057000	0.393602312	-0.103284777
5.803058000	0.390418619	-0.101681097
5.803059000	0.388019651	-0.104376299
5.803060000	0.341335893	-0.106951451
5.803061000	0.368731320	-0.109905795
5.803062000	0.356916934	-0.110788891
5.803063000	0.342566192	-0.104847986
5.803064000	0.347053200	-0.108700166
5.803065000	0.421003252	-0.107441048
5.803066000	0.369117647	-0.108227421
5.803067000	0.394823074	-0.112331294
5.803068000	0.338349760	-0.105466622
5.803069000	0.371972740	-0.111605716
5.803070000	0.349764347	-0.112169699
5.803071000	0.372961044	-0.112614338
5.803072000	0.342320204	-0.115806461
5.803073000	0.382483184	-0.109140211
5.803074000	0.332346499	-0.116660521
5.803075000	0.332424790	-0.111311220
5.803076000	0.310066372	-0.116398915
5.803077000	0.347691923	-0.117986434
5.803078000	0.350679725	-0.119574859
5.803079000	0.371017903	-0.119731878
5.803080000	0.313320071	-0.121374357
5.803081000	0.318580776	-0.117209789
5.803082000	0.318820685	-0.120521630
5.803083000	0.302074939	-0.117887763
5.803084000	0.290439427	-0.124605487
5.803085000	0.281581938	-0.125951965
5.803086000	0.306656837	-0.128029306
5.803087000	0.329002529	-0.125939357
5.803088000	0.265600085	-0.130856934
5.803089000	0.304645270	-0.128447979
5.803090000	0.307103366	-0.128139319
5.803091000	0.318748683	-0.132460340
5.803092000	0.250335962	-0.127966763
5.803093000	0.270382226	-0.131111249
5.803094000	0.232322395	-0.132600771
5.803095000	0.289985776	-0.128658344
5.803096000	0.288925052	-0.131131023
5.803097000	0.225131959	-0.137077529
5.803098000	0.286123335	-0.135464552
5.803099000	0.230289653	-0.135377733
5.803100000	0.265091091	-0.133392995
5.803101000	0.256785274	-0.135659245
5.803102000	0.231742486	-0.141163800
5.803103000	0.214730546	-0.140773297
5.803104000	0.256223500	-0.136173768
5.803105000	0.209394634	-0.138512273
5.803106000	0.197939575	-0.138586509
5.803107000	0.214420468	-0.138905139
5.803108000	0.193035647	-0.136428283
5.803109000	0.243122369	-0.144170209
5.803110000	0.229173392	-0.139252474
5.803111000	0.223870173	-0.144663643
5.803112000	0.239322320	-0.146632085
5.803113000	0.268548399	-0.144973635
5.803114000	0.240337670	-0.146963649
5.803115000	0.254457504	-0.148408330
5.803116000	0.201043636	-0.146843357
5.803117000	0.177539125	-0.146044142
5.803118000	0.271915406	-0.151747368
5.803119000	0.213566124	-0.149101052
5.803120000	0.194792435	-0.149843524
5.803121000	0.239858523	-0.147630837
5.803122000	0.156353503	-0.151315603
5.803123000	0.190044492	-0.152321196
5.803124000	0.206076041	-0.158069530
5.803125000	0.170175210	-0.156236959
5.803126000	0.119734831	-0.161692927
5.803127000	0.159060001	-0.155985573
5.803128000	0.154446527	-0.161267387
5.803129000	0.182071283	-0.155305035
5.803130000	0.201201767	-0.166019149
5.803131000	0.172939092	-0.166611269
5.803132000	0.130942136	-0.163731860
5.803133000	0.174262151	-0.165517459
5.803134000	0.174949706	-0.164932313
5.803135000	0.188293785	-0.168559721
5.803136000	0.182575867	-0.162013272
5.803137000	0.137254804	-0.167148096
5.803138000	0.138650343	-0.171883429
5.803139000	0.125618532	-0.172630330
5.803140000	0.124242283	-0.170984846
5.803141000	0.069312595	-0.173031818
5.803142000	0.125147045	-0.175357157
5.803143000	0.139596522	-0.172312165
5.803144000	0.157988384	-0.175196468
5.803145000	0.091704428	-0.172667930
5.803146000	0.066499479	-0.173452015
5.803147000	0.075589485	-0.177512220
5.803148000	0.053353593	-0.178825924
5.803149000	0.064445816	-0.183395210
5.803150000	0.076519042	-0.179158470
5.803151000	-0.000042339	-0.181585741
5.803152000	0.082691684	-0.186124484
5.803153000	0.085783496	-0.186728539
5.803154000	0.080152199	-0.186161884
5.803155000	0.099737957	-0.189555617
5.803156000	0.049434647	-0.190352901
5.803157000	0.039924860	-0.188687843
5.803158000	0.032459699	-0.190456498
5.803159000	0.020641344	-0.192397793
5.803160000	0.014404784	-0.194278683
5.803161000	0.030992337	-0.205713298
5.803162000	-0.003477403	-0.196873068
5.803163000	-0.000308879	-0.194433896
5.803164000	-0.040013310	-0.198314121
5.803165000	-0.027377926	-0.199334245
5.803166000	-0.008279509	-0.201718174
5.803167000	-0.066331886	-0.197900599
5.803168000	-0.039758533	-0.203318035
5.803169000	-0.052776713	-0.204215220
5.803170000	-0.031424731	-0.203915049
5.803171000	-0.027033623	-0.207139771
5.803172000	-0.006474125	-0.209233232
5.803173000	-0.044238750	-0.210448515
5.803174000	-0.086477920	-0.210206051
5.803175000	-0.059815213	-0.214450997
5.803176000	-0.061232813	-0.204197644
5.803177000	-0.065989904	-0.217109797
5.803178000	-0.055234466	-0.208374545
5.803179000	-0.087024838	-0.215138325
5.803180000	-0.125407472	-0.219700653
5.803181000	-0.078140885	-0.224123997
5.803182000	-0.135697693	-0.219083932
5.803183000	-0.117686123	-0.219297867
5.803184000	-0.111958437	-0.214664549
5.803185000	-0.126003027	-0.221974327
5.803186000	-0.172487542	-0.224515366
5.803187000	-0.121711172	-0.227326848
5.803188000	-0.103499681	-0.225476467
5.803189000	-0.130785942	-0.230697262
5.803190000	-0.204912022	-0.230035583
5.803191000	-0.183714971	-0.237283475
5.803192000	-0.171288550	-0.237202981
5.803193000	-0.187939793	-0.236516069
5.803194000	-0.225689590	-0.232286453
5.803195000	-0.166136920	-0.236539904
5.803196000	-0.153732762	-0.235750060
5.803197000	-0.230603665	-0.237339585
5.803198000	-0.196852699	-0.238603854
5.803199000	-0.231444553	-0.246134175
5.803200000	-0.201059520	-0.245494384
5.803201000	-0.223484740	-0.247653408
5.803202000	-0.227521479	-0.247394050
5.803203000	-0.263444841	-0.248434780
5.803204000	-0.223709419	-0.248307730
5.803205000	-0.202529803	-0.245311941
5.803206000	-0.303456128	-0.254144914
5.803207000	-0.309102267	-0.254158229
5.803208000	-0.247622102	-0.250535465
5.803209000	-0.281469285	-0.252823719
5.803210000	-0.319716662	-0.252562230
5.803211000	-0.324094683	-0.258074974
5.803212000	-0.322864443	-0.261590812
5.803213000	-0.297976881	-0.265293921
5.803214000	-0.299980283	-0.267481625
5.803215000	-0.329175681	-0.262775520
5.803216000	-0.364028603	-0.259921493
5.803217000	-0.339974880	-0.263702150
5.803218000	-0.378543913	-0.273163496
5.803219000	-0.419285029	-0.276573157
5.803220000	-0.390817970	-0.281128944
5.803221000	-0.393846333	-0.278544812
5.803222000	-0.439748198	-0.280131324
5.803223000	-0.442186773	-0.279069422
5.803224000	-0.446727127	-0.273635125
5.803225000	-0.390913963	-0.289054411
5.803226000	-0.474499702	-0.291905991
5.803227000	-0.484726906	-0.285677390
5.803228000	-0.459001392	-0.287672863
5.803229000	-0.467051357	-0.289371228
5.803230000	-0.455125242	-0.292166315
5.803231000	-0.474038064	-0.289347825
5.803232000	-0.495675057	-0.293881790
5.803233000	-0.524725318	-0.302169648
5.803234000	-0.540449798	-0.292835667
5.803235000	-0.549884737	-0.295183410
5.803236000	-0.549392343	-0.307302524
5.803237000	-0.550915301	-0.310638000
5.803238000	-0.649852812	-0.307473133
5.803239000	-0.561001062	-0.307380488
5.803240000	-0.604095817	-0.312849523
5.803241000	-0.587493598	-0.318729949
5.803242000	-0.647256851	-0.316805882
5.803243000	-0.608495116	-0.320024611
5.803244000	-0.620899260	-0.321637988
5.803245000	-0.668206811	-0.314642429
5.803246000	-0.641222715	-0.321285052
5.803247000	-0.654032230	-0.323686891
5.803248000	-0.648766875	-0.324015991
5.803249000	-0.728466928	-0.324892404
5.803250000	-0.703210711	-0.330803856
5.803251000	-0.770832300	-0.334048285
5.803252000	-0.769007087	-0.340068194
5.803253000	-0.744752049	-0.328967173
5.803254000	-0.806923091	-0.341606969
5.803255000	-0.782728851	-0.342852729
5.803256000	-0.750360310	-0.341021140
5.803257000	-0.765947819	-0.337937266
5.803258000	-0.795727789	-0.347692924
5.803259000	-0.849619508	-0.347355801
5.803260000	-0.810088634	-0.347970659
5.803261000	-0.846282125	-0.352444869
5.803262000	-0.892500699	-0.355039753
5.803263000	-0.881982267	-0.359860674
5.803264000	-0.924666464	-0.362402728
5.803265000	-0.929875910	-0.357483437
5.803266000	-0.936624467	-0.365377446
5.803267000	-0.947582722	-0.359385134
5.803268000	-0.916675210	-0.367528681
5.803269000	-1.028998971	-0.367943634
5.803270000	-0.920653820	-0.366887991
5.803271000	-1.011386752	-0.370075761
5.803272000	-1.047823191	-0.376917122
5.803273000	-1.014744520	-0.379303981
5.803274000	-1.090300322	-0.378141411
5.803275000	-1.127120376	-0.380437788
5.803276000	-1.108026862	-0.381863312
5.803277000	-1.075009108	-0.389714111
5.803278000	-1.152556539	-0.396877149
5.803279000	-1.131884217	-0.393858755
5.803280000	-1.168958783	-0.397455521
5.803281000	-1.145645857	-0.398025737
5.803282000	-1.207280636	-0.405742279
5.803283000	-1.236259341	-0.404912105
5.803284000	-1.214355707	-0.406454575
5.803285000	-1.243289351	-0.409722473
5.803286000	-1.279610753	-0.408245551
5.803287000	-1.306932092	-0.409819745
5.803288000	-1.278408408	-0.415165375
5.803289000	-1.321505904	-0.416723558
5.803290000	-1.304000020	-0.420462836
5.803291000	-1.368834972	-0.426504316
5.803292000	-1.468531609	-0.427468314
5.803293000	-1.475552320	-0.429348706
5.803294000	-1.533539176	-0.439492720
5.803295000	-1.536093950	-0.439762564
5.803296000	-1.547505021	-0.450809656
5.803297000	-1.578114629	-0.448757358
5.803298000	-1.575254917	-0.449394119
5.803299000	-1.590506554	-0.450801101
5.803300000	-1.719985723	-0.456268604
5.803301000	-1.626863599	-0.452528227
5.803302000	-1.669552445	-0.457757943
5.803303000	-1.679206133	-0.466115542
5.803304000	-1.697611451	-0.464902106
5.803305000	-1.818830371	-0.470946350
5.803306000	-1.855213404	-0.470692484
5.803307000	-1.854318500	-0.474567417
5.803308000	-1.871622562	-0.488177468
5.803309000	-1.869220138	-0.473201481
5.803310000	-1.993117452	-0.487455951
5.803311000	-1.938957214	-0.493373595
5.803312000	-1.885956883	-0.486616723
5.803313000	-2.028947592	-0.491542539
5.803314000	-2.093106508	-0.501244501
5.803315000	-2.072833538	-0.506031833
5.803316000	-2.139658451	-0.508731912
5.803317000	-2.176337957	-0.502909676
5.803318000	-2.133470058	-0.511459888
5.803319000	-2.232089758	-0.512880684
5.803320000	-2.201642275	-0.512617897
5.803321000	-2.271282196	-0.528460642
5.803322000	-2.271081686	-0.529085287
5.803323000	-2.321584463	-0.527527637
5.803324000	-2.365680695	-0.532970007
5.803325000	-2.406485558	-0.540467571
5.803326000	-2.504960060	-0.544550363
5.803327000	-2.469999790	-0.538268199
5.803328000	-2.518450022	-0.554513881
5.803329000	-2.556939602	-0.553324214
5.803330000	-2.618318081	-0.547305004
5.803331000	-2.639814615	-0.556568444
5.803332000	-2.735737085	-0.559185133
5.803333000	-2.698735952	-0.569589970
5.803334000	-2.757731199	-0.575158040
5.803335000	-2.805512905	-0.579064498
5.803336000	-2.910198927	-0.580584830
5.803337000	-2.937206030	-0.591169697
5.803338000	-2.982626438	-0.586048572
5.803339000	-3.014693737	-0.593918745
5.803340000	-3.193619728	-0.598139922
5.803341000	-3.100388527	-0.602295652
5.803342000	-3.189294815	-0.606957249
5.803343000	-3.273661137	-0.601919747
5.803344000	-3.287717342	-0.612610141
5.803345000	-3.277854919	-0.615912594
5.803346000	-3.399961948	-0.620803157
5.803347000	-3.402902842	-0.621573143
5.803348000	-3.493116617	-0.629819555
5.803349000	-3.568848133	-0.627044741
5.803350000	-3.571477413	-0.636980462
5.803351000	-3.673467398	-0.632822668
5.803352000	-3.745205641	-0.652513416
5.803353000	-3.791650057	-0.655594760
5.803354000	-3.924702883	-0.652782861
5.803355000	-3.851962805	-0.658807264
5.803356000	-4.139702320	-0.672580867
5.803357000	-4.054350853	-0.670771050
5.803358000	-4.107769489	-0.675403019
5.803359000	-4.210961342	-0.672611028
5.803360000	-4.329610825	-0.683935721
5.803361000	-4.433391094	-0.700110296
5.803362000	-4.342171192	-0.694521120
5.803363000	-4.513710022	-0.698914071
5.803364000	-4.577404022	-0.699435584
5.803365000	-4.732760906	-0.704139393
5.803366000	-4.750468731	-0.713992756
5.803367000	-4.802563190	-0.716421759
5.803368000	-4.902117729	-0.728125020
5.803369000	-5.038691521	-0.724350788
5.803370000	-5.135655403	-0.737471051
5.803371000	-5.214849949	-0.738260012
5.803372000	-5.155936241	-0.742665014
5.803373000	-5.237784863	-0.752872511
5.803374000	-5.333927155	-0.738245698
5.803375000	-5.408905506	-0.749210198
5.803376000	-5.425387383	-0.754251363
5.803377000	-5.587728024	-0.769249420
5.803378000	-5.782871246	-0.754589917
5.803379000	-5.880432129	-0.776518585
5.803380000	-6.098497391	-0.794039389
5.803381000	-6.284503460	-0.786255102
5.803382000	-6.366440773	-0.798569825
5.803383000	-6.633821487	-0.808590901
5.803384000	-6.603152752	-0.795104853
5.803385000	-6.747338772	-0.797797109
5.803386000	-6.914820194	-0.805770280
5.803387000	-7.124415398	-0.815638890
5.803388000	-6.850687027	-0.816882120
5.803389000	-7.117126465	-0.815236753
5.803390000	-7.184364796	-0.824280781
5.803391000	-7.498247623	-0.839269052
5.803392000	-7.660791397	-0.834918911
5.803393000	-7.846894741	-0.858368578
5.803394000	-8.031109810	-0.853759112
5.803395000	-8.317746162	-0.846124362
5.803396000	-8.676959991	-0.854144604
5.803397000	-8.454863548	-0.852860295
5.803398000	-8.727683067	-0.857688406
5.803399000	-8.696003914	-0.850208452
5.803400000	-9.372584343	-0.897175628
5.803401000	-9.536108017	-0.879714479
5.803402000	-9.873598099	-0.897873776
5.803403000	-10.058671951	-0.883379389
5.803404000	-10.039681435	-0.893107583
5.803405000	-10.361625671	-0.892786473
5.803406000	-10.216415405	-0.899317875
5.803407000	-10.507922173	-0.899701637
5.803408000	-10.439686775	-0.890595956
5.803409000	-11.168514252	-0.909442215
5.803410000	-11.847197533	-0.911642918
5.803411000	-12.147427559	-0.908098916
5.803412000	-11.948445320	-0.895855699
5.803413000	-11.817839622	-0.922529521
5.803414000	-12.323931694	-0.918918075
5.803415000	-13.270181656	-0.896877487
5.803416000	-14.105956078	-0.894153407
5.803417000	-14.054715157	-0.917344213
5.803418000	-13.839748383	-0.907552502
5.803419000	-14.630620003	-0.895571806
5.803420000	-14.681157112	-0.892492859
5.803421000	-15.893965721	-0.891366076
5.803422000	-16.269504547	-0.869083540
5.803423000	-16.443391800	-0.849356108
5.803424000	-16.855611801	-0.813223137
5.803425000	-17.902324677	-0.787666178
5.803426000	-19.214948654	-0.812660278
5.803427000	-18.257017136	-0.775411642
5.803428000	-18.775543213	-0.789519472
5.803429000	-19.433935165	-0.735052168
5.803430000	-20.490901947	-0.712470360
5.803431000	-19.600990295	-0.756668514
5.803432000	-21.041517258	-0.711296705
5.803433000	-23.485429764	-0.450043065
5.803434000	-22.595075607	-0.446541974
5.803435000	-22.934783936	-0.385217264
5.803436000	-24.134363174	-0.287016927
5.803437000	-24.247259140	-0.156446433
5.803438000	-26.173116684	-0.030185535
5.803439000	-25.443223953	0.499184313
5.803440000	-24.622711182	0.563289197
5.803441000	-25.223863602	0.541005097
5.803442000	-23.803394318	0.660881800
5.803443000	-23.558679581	0.860695248
5.803444000	-23.008808136	0.909953475
5.803445000	-22.564136505	0.986133864
5.803446000	-21.099430084	1.054390217
5.803447000	-20.777484894	1.066770187
5.803448000	-19.481657028	1.280081667
5.803449000	-18.418624878	1.211555204
5.803450000	-18.517023087	1.294761011
5.803451000	-17.085416794	1.276965902
5.803452000	-16.978654861	1.287123465
5.803453000	-16.741195679	1.334938658
5.803454000	-16.195331573	1.344462921
5.803455000	-15.344665527	1.336232555
5.803456000	-14.492632866	1.346650708
5.803457000	-14.227890968	1.365580191
5.803458000	-14.163171768	1.366693658
5.803459000	-14.574962616	1.369364676
5.803460000	-14.070976257	1.353031908
5.803461000	-13.626985550	1.380653815
5.803462000	-12.950917244	1.401201968
5.803463000	-12.760364532	1.376315792
5.803464000	-12.353395462	1.387522774
5.803465000	-11.993496895	1.393794518
5.803466000	-11.630889893	1.394559511
5.803467000	-11.148689270	1.388053142
5.803468000	-10.948453903	1.381366211
5.803469000	-10.759941101	1.384326048
5.803470000	-10.803505898	1.380308936
5.803471000	-10.167825699	1.353216199
5.803472000	-9.495162010	1.362959640
5.803473000	-9.621441841	1.357637313
5.803474000	-9.401162148	1.361985988
5.803475000	-9.155143738	1.343789674
5.803476000	-8.940893173	1.349770601
5.803477000	-8.778247833	1.338130457
5.803478000	-8.556108475	1.338162681
5.803479000	-8.334640503	1.355174288
5.803480000	-8.219416618	1.315924087
5.803481000	-8.019589424	1.325317056
5.803482000	-7.756266594	1.311317884
5.803483000	-7.661756039	1.298669600
5.803484000	-7.571255207	1.299839926
5.803485000	-7.304452896	1.312551860
5.803486000	-7.262061596	1.317894294
5.803487000	-6.981541157	1.298498225
5.803488000	-6.966540813	1.301154196
5.803489000	-6.510193348	1.273930697
5.803490000	-6.616273880	1.283046032
5.803491000	-6.303788185	1.270407868
5.803492000	-6.145931721	1.256935069
5.803493000	-6.065617561	1.265591941
5.803494000	-5.998523712	1.244107687
5.803495000	-5.770773411	1.247098284
5.803496000	-5.956672192	1.250223104
5.803497000	-5.575345039	1.230412914
5.803498000	-5.457231998	1.231501082
5.803499000	-5.560782909	1.235999161
5.803500000	-5.462488174	1.224643442
5.803501000	-5.395165443	1.217366887
5.803502000	-5.332318783	1.222796273
5.803503000	-5.291891575	1.214306782
5.803504000	-5.175190449	1.200627055
5.803505000	-5.050606728	1.216161540
5.803506000	-4.813798428	1.195044004
5.803507000	-4.875487804	1.191878038
5.803508000	-4.620167255	1.170329603
5.803509000	-4.479575634	1.164807672
5.803510000	-4.556630135	1.179591678
5.803511000	-4.413902760	1.177788585
5.803512000	-4.328011513	1.167937951
5.803513000	-4.165300846	1.154888196
5.803514000	-4.176640987	1.158380798
5.803515000	-4.074715614	1.156031624
5.803516000	-3.884914398	1.138709226
5.803517000	-3.933761120	1.142563486
5.803518000	-3.771782637	1.126209812
5.803519000	-3.754152298	1.124664247
5.803520000	-3.808233023	1.127089188
5.803521000	-3.642017126	1.126110077
5.803522000	-3.560299397	1.108586810
5.803523000	-3.551627398	1.108817573
5.803524000	-3.380008459	1.102287036
5.803525000	-3.328837156	1.092838673
5.803526000	-3.350594282	1.088027606
5.803527000	-3.239345074	1.083211945
5.803528000	-3.070328474	1.072274475
5.803529000	-2.943376303	1.059643901
5.803530000	-2.959615946	1.066346745
5.803531000	-2.835468292	1.046096800
5.803532000	-2.830111265	1.051643366
5.803533000	-2.743619442	1.051348687
5.803534000	-2.703011990	1.034132948
5.803535000	-2.682198286	1.036193836
5.803536000	-2.694800615	1.028421799
5.803537000	-2.644598484	1.038916119
5.803538000	-2.619729280	1.027292153
5.803539000	-2.535152435	1.032237177
5.803540000	-2.429547787	1.023893360
5.803541000	-2.404848099	1.015754207
5.803542000	-2.462142706	1.011141879
5.803543000	-2.270931482	1.006342996
5.803544000	-2.293793678	1.004511739
5.803545000	-2.253602743	0.989657626
5.803546000	-2.152240753	0.984686636
5.803547000	-2.188112497	0.989094500
5.803548000	-2.164468050	0.985545705
5.803549000	-2.039336920	0.976069445
5.803550000	-2.017370701	0.964363121
5.803551000	-1.968184114	0.962063548
5.803552000	-1.928243876	0.964359726
5.803553000	-2.003667831	0.976705941
5.803554000	-1.892541409	0.958265681
5.803555000	-1.833850980	0.948100728
5.803556000	-1.837696195	0.956646545
5.803557000	-1.722660661	0.945152542
5.803558000	-1.695083976	0.937790832
5.803559000	-1.743242025	0.946509489
5.803560000	-1.707526326	0.935245916
5.803561000	-1.557362556	0.926996441
5.803562000	-1.572266698	0.919916627
5.803563000	-1.516379714	0.919539390
5.803564000	-1.470096111	0.908622760
5.803565000	-1.445045710	0.907784530
5.803566000	-1.444911122	0.903007485
5.803567000	-1.390658379	0.890892965
5.803568000	-1.326984763	0.892838537
5.803569000	-1.224933267	0.893640948
5.803570000	-1.286352515	0.890198479
5.803571000	-1.302714109	0.891589315
5.803572000	-1.300311804	0.886852217
5.803573000	-1.236392021	0.882881977
5.803574000	-1.259387016	0.887113939
5.803575000	-1.241991639	0.879671669
5.803576000	-1.114854932	0.868704838
5.803577000	-1.120910525	0.864113216
5.803578000	-1.095981359	0.865528286
5.803579000	-1.106874824	0.863413736
5.803580000	-1.098372221	0.862542217
5.803581000	-1.060537815	0.858762725
5.803582000	-1.045675397	0.856314681
5.803583000	-1.002770782	0.853920499
5.803584000	-0.965747058	0.845724621
5.803585000	-0.974907517	0.848865021
5.803586000	-0.933861136	0.841060094
5.803587000	-0.881359935	0.836408817
5.803588000	-0.857935846	0.825613494
5.803589000	-0.878652275	0.831089552
5.803590000	-0.809353888	0.816527387
5.803591000	-0.836797833	0.818853392
5.803592000	-0.755035758	0.816877526
5.803593000	-0.747194767	0.815750277
5.803594000	-0.755703866	0.812401485
5.803595000	-0.777245283	0.808987845
5.803596000	-0.696440578	0.797573936
5.803597000	-0.686158478	0.793878068
5.803598000	-0.684934318	0.799295403
5.803599000	-0.640642345	0.791205519
5.803600000	-0.671911120	0.793608156
5.803601000	-0.611843228	0.782500111
5.803602000	-0.584790170	0.784574248
5.803603000	-0.603155077	0.787955797
5.803604000	-0.602781177	0.775915379
5.803605000	-0.583967209	0.777395764
5.803606000	-0.559305310	0.772392550
5.803607000	-0.498456001	0.777209276
5.803608000	-0.522873104	0.772945622
5.803609000	-0.455165893	0.759190128
5.803610000	-0.450255990	0.761162465
5.803611000	-0.470261455	0.763390466
5.803612000	-0.444164008	0.764081689
5.803613000	-0.363762468	0.755424152
5.803614000	-0.390904248	0.755698058
5.803615000	-0.371233970	0.743094981
5.803616000	-0.293260872	0.744484819
5.803617000	-0.347963959	0.743901054
5.803618000	-0.317461908	0.745907479
5.803619000	-0.293768078	0.736653727
5.803620000	-0.291867912	0.735894393
5.803621000	-0.213023037	0.731118346
5.803622000	-0.321912885	0.728318232
5.803623000	-0.232540116	0.720114697
5.803624000	-0.301731825	0.727100835
5.803625000	-0.244374812	0.725389954
5.803626000	-0.255402595	0.722699029
5.803627000	-0.242053121	0.725482698
5.803628000	-0.207196966	0.719493249
5.803629000	-0.176395297	0.711527135
5.803630000	-0.194282934	0.710733779
5.803631000	-0.183548093	0.711165078
5.803632000	-0.180769488	0.707462951
5.803633000	-0.103240393	0.710742501
5.803634000	-0.123616859	0.705536221
5.803635000	-0.167616457	0.698396352
5.803636000	-0.065794870	0.697317240
5.803637000	-0.056889657	0.697980034
5.803638000	-0.112643652	0.704257371
5.803639000	-0.104280330	0.701929435
5.803640000	-0.054673884	0.685158511
5.803641000	-0.061625313	0.687147693
5.803642000	-0.078826398	0.683890980
5.803643000	-0.081728317	0.681678226
5.803644000	-0.058596123	0.683179117
5.803645000	-0.061000898	0.689216236
5.803646000	-0.094818540	0.678673581
5.803647000	-0.030477259	0.679584848
5.803648000	0.014257671	0.678470381
5.803649000	-0.017653050	0.675131510
5.803650000	0.027613247	0.671257343
5.803651000	-0.016072555	0.664532928
5.803652000	0.042747229	0.661879420
5.803653000	0.108368918	0.668170206
5.803654000	0.013970178	0.662728769
5.803655000	0.048019383	0.659764471
5.803656000	0.061189611	0.654004586
5.803657000	0.111602478	0.648029052
5.803658000	0.171434551	0.648727932
5.803659000	0.136638120	0.646341806
5.803660000	0.112899862	0.639740962
5.803661000	0.131273821	0.644212742
5.803662000	0.142066628	0.646026288
5.803663000	0.156470150	0.646197729
5.803664000	0.162535146	0.643419054
5.803665000	0.136176959	0.640711351
5.803666000	0.126127228	0.637112089
5.803667000	0.169133335	0.634852130
5.803668000	0.182085738	0.631115050
5.803669000	0.176772535	0.631571915
5.803670000	0.164495006	0.630960919
5.803671000	0.151959464	0.626239201
5.803672000	0.177116752	0.622539538
5.803673000	0.217789248	0.623598411
5.803674000	0.231384769	0.629882339
5.803675000	0.244931921	0.628143028
5.803676000	0.241506577	0.621420877
5.803677000	0.269243538	0.619631366
5.803678000	0.258918524	0.616980056
5.803679000	0.212247506	0.610560772
5.803680000	0.248505160	0.614855120
5.803681000	0.257703066	0.611265778
5.803682000	0.252795547	0.609075927
5.803683000	0.253318161	0.607022430
5.803684000	0.312646568	0.603637419
5.803685000	0.289019167	0.600618859
5.803686000	0.283640832	0.599719909
5.803687000	0.311723351	0.600320186
5.803688000	0.251841158	0.597769543
5.803689000	0.327320278	0.593961422
5.803690000	0.380924046	0.594207632
5.803691000	0.298137993	0.588884971
5.803692000	0.350836992	0.588971990
5.803693000	0.366914153	0.592442289
5.803694000	0.285482258	0.585164802
5.803695000	0.309976220	0.592918595
5.803696000	0.312297136	0.586706039
5.803697000	0.357795507	0.590122143
5.803698000	0.386646003	0.588217117
5.803699000	0.352514505	0.580516853
5.803700000	0.370149463	0.581704556
5.803701000	0.359821230	0.579963848
5.803702000	0.346967101	0.580839695
5.803703000	0.394639254	0.576671648
5.803704000	0.424204469	0.574578137
5.803705000	0.396265924	0.577226917
5.803706000	0.379894555	0.568550205
5.803707000	0.402107328	0.570488054
5.803708000	0.388323009	0.573621263
5.803709000	0.452268064	0.572501737
5.803710000	0.373129904	0.563421223
5.803711000	0.424891829	0.565723726
5.803712000	0.432307392	0.559254375
5.803713000	0.465679854	0.565885313
5.803714000	0.456705689	0.558712089
5.803715000	0.410802215	0.564199931
5.803716000	0.423874795	0.558387949
5.803717000	0.480565727	0.554006050
5.803718000	0.429351062	0.559145451
5.803719000	0.449851155	0.548502328
5.803720000	0.480909109	0.554299963
5.803721000	0.469051421	0.550650067
5.803722000	0.480463415	0.554459952
5.803723000	0.434362620	0.547480839
5.803724000	0.436178625	0.549782776
5.803725000	0.475608796	0.544857858
5.803726000	0.516431689	0.548783358
5.803727000	0.482537478	0.544895842
5.803728000	0.526800692	0.545706275
5.803729000	0.493028313	0.544149225
5.803730000	0.512522221	0.542294200
5.803731000	0.495550573	0.543241253
5.803732000	0.516241133	0.539150671
5.803733000	0.559868574	0.538448562
5.803734000	0.574130416	0.540295963
5.803735000	0.498064280	0.538199922
5.803736000	0.543847859	0.538705657
5.803737000	0.497728765	0.535504704
5.803738000	0.528530538	0.534129447
5.803739000	0.516843021	0.530032407
5.803740000	0.509765089	0.534896970
5.803741000	0.531733990	0.531374107
5.803742000	0.586670220	0.531423442
5.803743000	0.535613418	0.530597696
5.803744000	0.481781691	0.526682317
5.803745000	0.530034482	0.523819585
5.803746000	0.538294911	0.530792307
5.803747000	0.538865983	0.523940326
5.803748000	0.553209066	0.521644615
5.803749000	0.559969306	0.519222669
5.803750000	0.551725388	0.519605232
5.803751000	0.611730516	0.522008902
5.803752000	0.571319997	0.510791501
5.803753000	0.585848033	0.521214547
5.803754000	0.570168436	0.519501635
5.803755000	0.619236588	0.517849377
5.803756000	0.546900094	0.513888857
5.803757000	0.587355077	0.508862373
5.803758000	0.622198462	0.512936843
5.803759000	0.594207048	0.506085529
5.803760000	0.587480426	0.508971230
5.803761000	0.610712171	0.509485487
5.803762000	0.591470003	0.503389677
5.803763000	0.537110388	0.502157100
5.803764000	0.571554840	0.502726317
5.803765000	0.598398983	0.501768545
5.803766000	0.682370961	0.496973290
5.803767000	0.592299461	0.496793127
5.803768000	0.596024692	0.496388327
5.803769000	0.613421321	0.501591344
5.803770000	0.612067699	0.501908127
5.803771000	0.619495809	0.500593957
5.803772000	0.641859472	0.496690562
5.803773000	0.624415457	0.495926435
5.803774000	0.647684932	0.502163758
5.803775000	0.650322974	0.497320067
5.803776000	0.628021777	0.496139820
5.803777000	0.603836417	0.493008908
5.803778000	0.649356067	0.491728960
5.803779000	0.633977294	0.495569604
5.803780000	0.653752029	0.492593788
5.803781000	0.680113196	0.488580338
5.803782000	0.662812233	0.491028282
5.803783000	0.685445249	0.482700677
5.803784000	0.658621788	0.486568486
5.803785000	0.617882073	0.482853942
5.803786000	0.677552700	0.486022039
5.803787000	0.648752153	0.484611629
5.803788000	0.661361575	0.477780387
5.803789000	0.651961982	0.482814727
5.803790000	0.667180657	0.480372309
5.803791000	0.686540246	0.481377652
5.803792000	0.635876536	0.483060004
5.803793000	0.674075663	0.478778274
5.803794000	0.636354566	0.473939177
5.803795000	0.690734625	0.475195423
5.803796000	0.655975640	0.476973083
5.803797000	0.652692735	0.476199768
5.803798000	0.722500384	0.477958719
5.803799000	0.687556386	0.479823897
5.803800000	0.693565190	0.468335553
5.803801000	0.694169521	0.470994819
5.803802000	0.741872549	0.468554931
5.803803000	0.672967434	0.466376299
5.803804000	0.689783752	0.472633829
5.803805000	0.710994363	0.468152527
5.803806000	0.705791116	0.467872563
5.803807000	0.740142345	0.468951442
5.803808000	0.733374536	0.461260167
5.803809000	0.707082331	0.462381324
5.803810000	0.729373515	0.466862659
5.803811000	0.707680285	0.460401663
5.803812000	0.684395373	0.462416245
5.803813000	0.766718626	0.465165592
5.803814000	0.717273057	0.458708126
5.803815000	0.695015728	0.463215626
5.803816000	0.718888521	0.462589850
5.803817000	0.736597657	0.455257268
5.803818000	0.680589557	0.462030286
5.803819000	0.745837986	0.455071679
5.803820000	0.734840214	0.458691481
5.803821000	0.722258568	0.456944647
5.803822000	0.719435751	0.452631791
5.803823000	0.707017422	0.449410598
5.803824000	0.752810478	0.452850303
5.803825000	0.698177457	0.456410417
5.803826000	0.736648142	0.460003587
5.803827000	0.719345868	0.452971843
5.803828000	0.716848850	0.449272413
5.803829000	0.727008164	0.457266490
5.803830000	0.752928138	0.452105717
5.803831000	0.694240808	0.450226690
5.803832000	0.736905515	0.445387693
5.803833000	0.758968711	0.444585283
5.803834000	0.731289446	0.447218949
5.803835000	0.770169139	0.445651612
5.803836000	0.745789766	0.450494737
5.803837000	0.723253071	0.446738948
5.803838000	0.750567317	0.445255301
5.803839000	0.729393303	0.442805958
5.803840000	0.733893931	0.439358030
5.803841000	0.752465785	0.442540907
5.803842000	0.698540330	0.440540207
5.803843000	0.789964676	0.442945641
5.803844000	0.757841229	0.444667108
5.803845000	0.756279767	0.441821254
5.803846000	0.775512159	0.439080096
5.803847000	0.780333400	0.440530853
5.803848000	0.746272862	0.438716874
5.803849000	0.778476357	0.434248090
5.803850000	0.755920768	0.438658784
5.803851000	0.785103202	0.439076567
5.803852000	0.778256416	0.438875299
5.803853000	0.779791832	0.433115281
5.803854000	0.765594304	0.434160638
5.803855000	0.767478049	0.429711595
5.803856000	0.799371243	0.435913731
5.803857000	0.802872598	0.434035470
5.803858000	0.784823537	0.431139149
5.803859000	0.767986298	0.428902659
5.803860000	0.762679875	0.419966189
5.803861000	0.814826310	0.425167776
5.803862000	0.737946272	0.423895218
5.803863000	0.755712032	0.429511924
5.803864000	0.778012693	0.429190015
5.803865000	0.761080801	0.429149268
5.803866000	0.744561017	0.428997335
5.803867000	0.799617529	0.428866241
5.803868000	0.742781818	0.424377050
5.803869000	0.781624496	0.422615669
5.803870000	0.821228266	0.423221671
5.803871000	0.806026340	0.420719431
5.803872000	0.828290462	0.422043921
5.803873000	0.777646363	0.426282109
5.803874000	0.808009148	0.418409039
5.803875000	0.771632254	0.419536522
5.803876000	0.819702566	0.424939776
5.803877000	0.784555674	0.419485189
5.803878000	0.754015207	0.416724390
5.803879000	0.788361967	0.417982301
5.803880000	0.760847390	0.420142657
5.803881000	0.778245866	0.419850475
5.803882000	0.806148469	0.418433906
5.803883000	0.811979711	0.410582441
5.803884000	0.803547740	0.420159468
5.803885000	0.805152535	0.418585440
5.803886000	0.803279638	0.414302312
5.803887000	0.809056163	0.410207568
5.803888000	0.834168911	0.414911377
5.803889000	0.823920250	0.412502348
5.803890000	0.825316966	0.407448001
5.803891000	0.832395136	0.404001837
5.803892000	0.815743983	0.410524984
5.803893000	0.829793036	0.407343705
5.803894000	0.824387074	0.412485070
5.803895000	0.811245739	0.405394970
5.803896000	0.829500079	0.408113824
5.803897000	0.850323141	0.412350214
5.803898000	0.823821068	0.404506639
5.803899000	0.812941074	0.405630027
5.803900000	0.808156073	0.405775436
5.803901000	0.789788008	0.406187427
5.803902000	0.831233680	0.406697588
5.803903000	0.842840970	0.404020346
5.803904000	0.822459459	0.403593375
5.803905000	0.831799865	0.402030965
5.803906000	0.890183508	0.405742679
5.803907000	0.799697697	0.404544856
5.803908000	0.831615984	0.402179103
5.803909000	0.851011872	0.403272697
5.803910000	0.807692945	0.404203472
5.803911000	0.807045043	0.401255386
5.803912000	0.850688040	0.404361663
5.803913000	0.830336332	0.398316554
5.803914000	0.833924532	0.400508336
5.803915000	0.810556710	0.403070796
5.803916000	0.823347390	0.397373795
5.803917000	0.839332461	0.393016331
5.803918000	0.832659900	0.396496150
5.803919000	0.823694050	0.399033144
5.803920000	0.819896996	0.394881775
5.803921000	0.888294160	0.398644855
5.803922000	0.830790043	0.399833957
5.803923000	0.836490214	0.400174142
5.803924000	0.804740310	0.393410379
5.803925000	0.827643216	0.390776512
5.803926000	0.864095688	0.393337275
5.803927000	0.822839558	0.393186374
5.803928000	0.808607340	0.390187488
5.803929000	0.878399074	0.396310994
5.803930000	0.845557809	0.392302570
5.803931000	0.847500801	0.393414640
5.803932000	0.865154743	0.386879542
5.803933000	0.844915867	0.393996407
5.803934000	0.849413812	0.388632135
5.803935000	0.849345684	0.390507600
5.803936000	0.806711018	0.387420031
5.803937000	0.861306787	0.383585145
5.803938000	0.833063781	0.389358912
5.803939000	0.877695382	0.386725578
5.803940000	0.883730292	0.392635332
5.803941000	0.820011675	0.389049852
5.803942000	0.843793154	0.388308062
5.803943000	0.877540767	0.388049069
5.803944000	0.855045915	0.384779473
5.803945000	0.848344684	0.384348740
5.803946000	0.849475563	0.381800561
5.803947000	0.872294545	0.382949748
5.803948000	0.880135119	0.383772066
5.803949000	0.909772038	0.387059439
5.803950000	0.830962300	0.380000996
5.803951000	0.910764992	0.384584430
5.803952000	0.851027906	0.386447611
5.803953000	0.859823465	0.383200185
5.803954000	0.843779624	0.380639156
5.803955000	0.887178063	0.387750762
5.803956000	0.857395053	0.385074784
5.803957000	0.903899133	0.379505682
5.803958000	0.876265824	0.381205744
5.803959000	0.878493726	0.382781403
5.803960000	0.861591160	0.381085835
5.803961000	0.881759465	0.376213748
5.803962000	0.870274663	0.379112666
5.803963000	0.855232298	0.377231808
5.803964000	0.853432357	0.379932187
5.803965000	0.902211249	0.375834880
5.803966000	0.844854593	0.378604568
5.803967000	0.875271499	0.371546625
5.803968000	0.868026018	0.378446476
5.803969000	0.855629683	0.376670880
5.803970000	0.860268056	0.371750657
5.803971000	0.878644824	0.372651671
5.803972000	0.866444528	0.375676056
5.803973000	0.835086703	0.378245973
5.803974000	0.848003745	0.373693965
5.803975000	0.864478946	0.370717050
5.803976000	0.874972165	0.374027826
5.803977000	0.842629850	0.368079323
5.803978000	0.857546687	0.370482226
5.803979000	0.870338440	0.373350417
5.803980000	0.857790709	0.370269906
5.803981000	0.885593653	0.369236266
5.803982000	0.890607953	0.369047382
5.803983000	0.887877464	0.371626220
5.803984000	0.853597462	0.368508924
5.803985000	0.916224480	0.362570840
5.803986000	0.886387289	0.369959947
5.803987000	0.892645299	0.365112827
5.803988000	0.897296727	0.365379643
5.803989000	0.887564898	0.365383172
5.803990000	0.851586223	0.364598771
5.803991000	0.861118436	0.366863656
5.803992000	0.890080929	0.369953056
5.803993000	0.809607744	0.368810893
5.803994000	0.901679099	0.368354194
5.803995000	0.859380782	0.365792100
5.803996000	0.913149655	0.365178474
5.803997000	0.892545342	0.364844880
5.803998000	0.888316333	0.360889054
5.803999000	0.888827920	0.364550101
5.804000000	0.869311094	0.361928020
5.804001000	0.937296510	0.360555759
5.804002000	0.894613206	0.367717599
5.804003000	0.890005946	0.361637069
5.804004000	0.904667139	0.362851937
5.804005000	0.921722472	0.360185913
5.804006000	0.895104766	0.358720508
5.804007000	0.867035925	0.360596938
5.804008000	0.903957069	0.360125026
5.804009000	0.905830562	0.356216371
5.804010000	0.922990561	0.360919547
5.804011000	0.916312516	0.359371085
5.804012000	0.932471156	0.360755097
5.804013000	0.916693747	0.359836240
5.804014000	0.916684270	0.358291773
5.804015000	0.909452379	0.360440611
5.804016000	0.902414739	0.359359634
5.804017000	0.873772502	0.358127889
5.804018000	0.888337851	0.358341174
5.804019000	0.936008334	0.359777217
5.804020000	0.902204394	0.352193400
5.804021000	0.883872628	0.354005548
5.804022000	0.891059458	0.355860806
5.804023000	0.941684127	0.354084810
5.804024000	0.902093470	0.353646221
5.804025000	0.917577803	0.352181216
5.804026000	0.882015824	0.356556390
5.804027000	0.872386515	0.351877616
5.804028000	0.891497433	0.356369736
5.804029000	0.894610703	0.354029483
5.804030000	0.923630595	0.349952284
5.804031000	0.910518885	0.350958093
5.804032000	0.894425571	0.353274910
5.804033000	0.915097237	0.354306352
5.804034000	0.900497973	0.350551595
5.804035000	0.946165800	0.354397599
5.804036000	0.908387482	0.347689396
5.804037000	0.897029042	0.356180019
5.804038000	0.896929085	0.349354970
5.804039000	0.947339833	0.350112473
5.804040000	0.939024508	0.355794793
5.804041000	0.899511516	0.348546700
5.804042000	0.897940397	0.350358782
5.804043000	0.903102458	0.348380519
5.804044000	0.943741262	0.348144929
5.804045000	0.866460383	0.350351758
5.804046000	0.876490355	0.351377774
5.804047000	0.899360299	0.350493538
5.804048000	0.894569159	0.349589894
5.804049000	0.896677256	0.352336445
5.804050000	0.920325875	0.348400293
5.804051000	0.888778090	0.343866028
5.804052000	0.900154352	0.344718273
5.804053000	0.879460931	0.351298345
5.804054000	0.909142196	0.344515340
5.804055000	0.909389615	0.346986488
5.804056000	0.882338464	0.350801299
5.804057000	0.906826079	0.341066780
5.804058000	0.913872600	0.343974752
5.804059000	0.935633481	0.344691542
5.804060000	0.918881297	0.341950516
5.804061000	0.944653809	0.344554988
5.804062000	0.921252370	0.342025152
5.804063000	0.886657894	0.346965582
5.804064000	0.893660367	0.347323810
5.804065000	0.933389068	0.338410976
5.804066000	0.878671587	0.343219113
5.804067000	0.927544415	0.337661995
5.804068000	0.947481215	0.339656703
5.804069000	0.883834779	0.343976017
5.804070000	0.883586586	0.343656637
5.804071000	0.899774790	0.339197540
5.804072000	0.915480971	0.337890228
5.804073000	0.860970557	0.340560679
5.804074000	0.886100233	0.339602208
5.804075000	0.905461311	0.342914847
5.804076000	0.891888916	0.341945889
5.804077000	0.914649427	0.339677875
5.804078000	0.919860840	0.340617338
5.804079000	0.919990480	0.338984055
5.804080000	0.948668659	0.340292898
5.804081000	0.920901418	0.339690891
5.804082000	0.933027923	0.339345878
5.804083000	0.910234690	0.337574676
5.804084000	0.904015541	0.333586060
5.804085000	0.912491500	0.339025966
5.804086000	0.918289363	0.333630269
5.804087000	0.910122573	0.334037000
5.804088000	0.905460596	0.335928310
5.804089000	0.949063778	0.334056274
5.804090000	0.909308672	0.336201750
5.804091000	0.905027747	0.335742522
5.804092000	0.894813836	0.329540419
5.804093000	0.931378961	0.331647645
5.804094000	0.921658039	0.330023916
5.804095000	0.924560845	0.333917923
5.804096000	0.906035423	0.332062599
5.804097000	0.927163064	0.332879590
5.804098000	0.921780348	0.332025880
5.804099000	0.905198812	0.333781270
5.804100000	0.950880945	0.333308758
5.804101000	0.917691350	0.327333457
5.804102000	0.903801262	0.330397757
5.804103000	0.943980575	0.329944853
5.804104000	0.918517172	0.330949531
5.804105000	0.934974074	0.330752989
5.804106000	0.937383175	0.338606385
5.804107000	0.928942084	0.331894054
5.804108000	0.930989265	0.330367763
5.804109000	0.977085233	0.335386224
5.804110000	0.960138142	0.328289399
5.804111000	0.929071069	0.329447108
5.804112000	0.928322732	0.329055457
5.804113000	0.899455249	0.335038315
5.804114000	0.900975347	0.329994654
5.804115000	0.920791745	0.328614870
5.804116000	0.940063477	0.325355361
5.804117000	0.923493505	0.331412521
5.804118000	0.906714261	0.329721281
5.804119000	0.868487537	0.331997784
5.804120000	0.911208987	0.325604666
5.804121000	0.906946599	0.328591268
5.804122000	0.919068754	0.324741336
5.804123000	0.912367582	0.327878673
5.804124000	0.965145528	0.324103675
5.804125000	0.889037848	0.331850778
5.804126000	0.893744409	0.326744799
5.804127000	0.908546090	0.326594829
5.804128000	0.918574095	0.325506396
5.804129000	0.915402830	0.319603133
5.804130000	0.904257715	0.327946184
5.804131000	0.903084040	0.319716950
5.804132000	0.906365335	0.321622808
5.804133000	0.939521492	0.320537436
5.804134000	0.932657123	0.328033869
5.804135000	0.894562364	0.329190779
5.804136000	0.929658711	0.327459358
5.804137000	0.925332963	0.325508859
5.804138000	0.915227473	0.317533624
5.804139000	0.911846280	0.321973047
5.804140000	0.953102887	0.324260602
5.804141000	0.977478683	0.321411253
5.804142000	0.969421983	0.319730265
5.804143000	0.904036760	0.322688272
5.804144000	0.914766312	0.321499004
5.804145000	0.895035625	0.325695513
5.804146000	0.933067381	0.321721910
5.804147000	0.927012086	0.325116109
5.804148000	0.905008495	0.320315495
5.804149000	0.951866746	0.324247586
5.804150000	0.931706607	0.326091459
5.804151000	0.889616132	0.318659708
5.804152000	0.954749167	0.321395074
5.804153000	0.956282854	0.319543511
5.804154000	0.909194291	0.324268525
5.804155000	0.947231412	0.319998779
5.804156000	0.906650186	0.315572072
5.804157000	0.943276763	0.317523337
5.804158000	0.924602985	0.318445756
5.804159000	0.933567762	0.322664370
5.804160000	0.926413178	0.316805449
5.804161000	0.953256190	0.323354029
5.804162000	0.958603203	0.318520192
5.804163000	0.955148041	0.315991986
5.804164000	0.907162726	0.316809577
5.804165000	0.923529208	0.318133201
5.804166000	0.966407478	0.321411952
5.804167000	0.934265018	0.319171568
5.804168000	0.936980009	0.318100511
5.804169000	0.892146647	0.323352198
5.804170000	0.908069551	0.313889986
5.804171000	0.908631206	0.320093820
5.804172000	0.939302921	0.312729048
5.804173000	0.894692957	0.315785724
5.804174000	0.926847339	0.317089542
5.804175000	0.918944955	0.315729066
5.804176000	0.943045020	0.313859027
5.804177000	0.922661781	0.317187746
5.804178000	0.940510869	0.316047946
5.804179000	0.961851537	0.311506524
5.804180000	0.912002742	0.313513316
5.804181000	0.911441147	0.315620409
5.804182000	0.985731304	0.312936641
5.804183000	0.933165014	0.310657275
5.804184000	0.936473489	0.310250178
5.804185000	0.967232883	0.315336016
5.804186000	0.951163709	0.318073846
5.804187000	0.923312843	0.309500398
5.804188000	0.904698730	0.312000973
5.804189000	0.911382496	0.315168570
5.804190000	0.931909025	0.317124995
5.804191000	0.938461244	0.309538381
5.804192000	0.918553829	0.306855180
5.804193000	0.923097312	0.310262661
5.804194000	0.918797791	0.311506357
5.804195000	0.977898717	0.310538864
5.804196000	0.876765788	0.308749486
5.804197000	0.925448716	0.310470454
5.804198000	0.911107063	0.316474917
5.804199000	0.938064039	0.310551980
5.804200000	0.947833538	0.309391408
5.804201000	0.948407531	0.310087059
5.804202000	0.937424541	0.310962440
5.804203000	0.936391830	0.312224579
5.804204000	0.936420619	0.311402128
5.804205000	0.931044996	0.309368139
5.804206000	0.953168333	0.308739300
5.804207000	0.976390004	0.305709887
5.804208000	0.924959838	0.302089719
5.804209000	0.936359704	0.304032662
5.804210000	0.965684056	0.306756343
5.804211000	0.945875108	0.310195516
5.804212000	0.921366036	0.308948158
5.804213000	0.955356479	0.306261828
5.804214000	0.946942687	0.302564761
5.804215000	0.947727561	0.308390858
5.804216000	0.965510726	0.302656407
5.804217000	0.924539149	0.311506657
5.804218000	0.954989672	0.308996262
5.804219000	0.937112212	0.309673836
5.804220000	0.918478847	0.310287429
5.804221000	0.944919527	0.307318736
5.804222000	0.976248741	0.306488895
5.804223000	0.976804137	0.303874204
5.804224000	0.936765134	0.305941982
5.804225000	0.985032201	0.313920247
5.804226000	0.960643589	0.304741729
5.804227000	0.903579473	0.307514246
5.804228000	0.932096839	0.300366022
5.804229000	0.936116934	0.305358683
5.804230000	0.970463037	0.305810455
5.804231000	0.971682012	0.306571254
5.804232000	0.946016788	0.309790117
5.804233000	0.956560612	0.302906677
5.804234000	0.964471281	0.302747753
5.804235000	0.973809898	0.297883822
5.804236000	0.927605748	0.305922840
5.804237000	0.958897591	0.308837970
5.804238000	0.954313219	0.298393185
5.804239000	0.949350536	0.300631339
5.804240000	0.931127667	0.305052153
5.804241000	0.970903337	0.301562081
5.804242000	0.898759484	0.304032196
5.804243000	0.950351357	0.301547600
5.804244000	0.948048890	0.300033659
5.804245000	0.960103750	0.302379172
5.804246000	0.945134223	0.301198226
5.804247000	0.978054881	0.299927898
5.804248000	0.944810569	0.301621869
5.804249000	0.946209490	0.301454955
5.804250000	0.951584399	0.307446202
5.804251000	0.940563262	0.301508118
5.804252000	0.917418420	0.304560101
5.804253000	0.935543060	0.302373180
5.804254000	0.972129941	0.295518203
5.804255000	0.942170918	0.295552358
5.804256000	0.946911752	0.299853829
5.804257000	0.971817255	0.301349028
5.804258000	0.957602620	0.299173625
5.804259000	0.938976884	0.303571502
5.804260000	0.949953258	0.302316388
5.804261000	1.002714157	0.295802529
5.804262000	0.949351370	0.293334477
5.804263000	0.953064620	0.301610816
5.804264000	0.939012825	0.296177868
5.804265000	0.916069090	0.300639662
5.804266000	0.939656556	0.302052801
5.804267000	0.940679729	0.297824101
5.804268000	0.964247465	0.296397745
5.804269000	0.952605903	0.295786949
5.804270000	0.917669713	0.297479288
5.804271000	0.943532646	0.298146743
5.804272000	0.967553258	0.297833189
5.804273000	0.968170047	0.295427789
5.804274000	0.920973539	0.295162105
5.804275000	0.900821030	0.296839497
5.804276000	0.920105755	0.301660451
5.804277000	0.949086607	0.294604373
5.804278000	0.944014609	0.296657137
5.804279000	0.959844887	0.297667307
5.804280000	0.920290709	0.292128299
5.804281000	0.989222229	0.292356598
5.804282000	0.952145100	0.292763363
5.804283000	0.888560653	0.294298608
5.804284000	0.949457884	0.296220445
5.804285000	0.939307749	0.293358546
5.804286000	0.953344047	0.289407314
5.804287000	0.946692646	0.295494567
5.804288000	0.910539091	0.294894291
5.804289000	0.946271420	0.295747002
5.804290000	0.934147775	0.294527374
5.804291000	0.952116847	0.293717207
5.804292000	0.918240428	0.292676743
5.804293000	0.935457230	0.292599312
5.804294000	0.989796579	0.290693853
5.804295000	0.925640941	0.292091813
5.804296000	0.960547984	0.293339837
5.804297000	0.942243934	0.293941678
5.804298000	0.953059852	0.291726627
5.804299000	0.938292325	0.293294197
5.804300000	0.938147306	0.295683718
5.804301000	0.961613238	0.290290384
5.804302000	0.937530041	0.287983921
5.804303000	0.898941338	0.290820986
5.804304000	0.962145984	0.290262321
5.804305000	0.955468357	0.288825113
5.804306000	0.940980732	0.289817440
5.804307000	0.970768690	0.289646832
5.804308000	0.955588281	0.293680888
5.804309000	0.984370828	0.296041381
5.804310000	0.966496825	0.289677758
5.804311000	0.966485202	0.291497329
5.804312000	0.970089853	0.288355665
5.804313000	0.968202472	0.287844970
5.804314000	0.958654821	0.283083338
5.804315000	0.981477857	0.290435993
5.804316000	0.913246572	0.290503737
5.804317000	0.950684071	0.293117330
5.804318000	0.981640518	0.289599228
5.804319000	0.946466446	0.287235506
5.804320000	0.921768010	0.293649995
5.804321000	0.938830733	0.286098769
5.804322000	0.945941567	0.289419498
5.804323000	0.917851269	0.288031658
5.804324000	0.953535855	0.290079196
5.804325000	0.931313813	0.287894904
5.804326000	0.962423086	0.284646614
5.804327000	0.954194367	0.295492870
5.804328000	1.063838124	0.287689142
5.804329000	0.888329148	0.287473659
5.804330000	0.925766170	0.288629637
5.804331000	0.946035445	0.286483129
5.804332000	0.959568501	0.285686079
5.804333000	0.968927026	0.287451122
5.804334000	0.976355553	0.286546047
5.804335000	0.960837305	0.288920654
5.804336000	0.958392739	0.281886380
5.804337000	0.954060912	0.287053445
5.804338000	0.948102534	0.290143911
5.804339000	0.933174133	0.284751076
5.804340000	0.972367525	0.283204811
5.804341000	0.963602781	0.283716105
5.804342000	0.982114375	0.282162250
5.804343000	0.973307431	0.287495397
5.804344000	0.937870324	0.286131259
5.804345000	0.964563549	0.284317746
5.804346000	0.917283773	0.285665639
5.804347000	0.951692283	0.282244043
5.804348000	0.922568858	0.285861647
5.804349000	0.923876047	0.287179912
5.804350000	0.996043086	0.283352184
5.804351000	0.950517178	0.284343413
5.804352000	0.975316048	0.280984634
5.804353000	0.927771270	0.283820534
5.804354000	0.983123839	0.283696131
5.804355000	0.917339385	0.282338385
5.804356000	0.997244895	0.282935200
5.804357000	0.965482593	0.288997253
5.804358000	0.926115036	0.285323789
5.804359000	0.938514590	0.286186220
5.804360000	0.941090226	0.282367647
5.804361000	0.952570438	0.280874512
5.804362000	0.956621289	0.280495844
5.804363000	0.951607943	0.285574459
5.804364000	0.954116464	0.286755071
5.804365000	0.961464405	0.283681384
5.804366000	0.927878380	0.280919386
5.804367000	1.001577258	0.284261154
5.804368000	0.965348482	0.285588607
5.804369000	0.996174872	0.287470962
5.804370000	0.937538326	0.282794551
5.804371000	0.974827409	0.281409974
5.804372000	0.931986690	0.285059503
5.804373000	0.960794091	0.279736277
5.804374000	0.943508327	0.280507462
5.804375000	0.944348454	0.282814192
5.804376000	0.930959046	0.279738574
5.804377000	0.945386291	0.283252249
5.804378000	0.960321665	0.282940526
5.804379000	0.981315672	0.280738724
5.804380000	0.942893147	0.282003459
5.804381000	0.974618018	0.281819335
5.804382000	0.941519558	0.278977609
5.804383000	0.969272852	0.283456147
5.804384000	0.935940564	0.275720663
5.804385000	0.972036719	0.275489600
5.804386000	0.969101191	0.283643634
5.804387000	0.983605683	0.277359722
5.804388000	0.940566301	0.276832466
5.804389000	1.005076647	0.281509343
5.804390000	0.951005042	0.282182590
5.804391000	0.947563410	0.281779587
5.804392000	0.973858714	0.282100099
5.804393000	0.938510478	0.275944718
5.804394000	0.944073141	0.278307624
5.804395000	0.947656095	0.280622477
5.804396000	1.004325509	0.275984050
5.804397000	0.965454519	0.275825109
5.804398000	0.921549022	0.277543097
5.804399000	0.944308341	0.278254095
5.804400000	1.019623756	0.278449837
5.804401000	0.961298764	0.279000263
5.804402000	0.959701777	0.277999680
5.804403000	0.942360401	0.276764572
5.804404000	0.949188173	0.279350485
5.804405000	0.928860366	0.276290929
5.804406000	0.975263298	0.277186583
5.804407000	0.947082937	0.275629133
5.804408000	0.926899195	0.277998398
5.804409000	0.940036654	0.280639322
5.804410000	0.986556530	0.274876591
5.804411000	0.945471942	0.278681815
5.804412000	0.952521265	0.275540001
5.804413000	0.955793798	0.280934367
5.804414000	0.955909729	0.277633612
5.804415000	0.960482419	0.277933067
5.804416000	0.951227665	0.273903788
5.804417000	0.935722589	0.277376650
5.804418000	0.934462249	0.277295806
5.804419000	0.970482826	0.275651454
5.804420000	0.938763559	0.273609825
5.804421000	0.972055495	0.276840006
5.804422000	0.963211060	0.277795315
5.804423000	0.967237473	0.275927990
5.804424000	0.961873889	0.277544029
5.804425000	0.946538448	0.274773809
5.804426000	0.924147308	0.275063195
5.804427000	0.954609752	0.274240461
5.804428000	0.993893862	0.272971432
5.804429000	0.954162598	0.274882583
5.804430000	0.945422292	0.271123448
5.804431000	0.917840362	0.278891023
5.804432000	0.971907198	0.273803720
5.804433000	0.930097163	0.266838188
5.804434000	0.948138773	0.271556411
5.804435000	0.932407975	0.272443627
5.804436000	0.951761127	0.275590151
5.804437000	0.953805685	0.275916305
5.804438000	0.951301992	0.273555613
5.804439000	0.948938310	0.272619662
5.804440000	1.012784958	0.270895581
5.804441000	1.024739981	0.270348767
5.804442000	1.025408387	0.272332906
5.804443000	0.927881718	0.272281956
5.804444000	0.904868126	0.271885012
5.804445000	0.970390201	0.270472355
5.804446000	0.942390919	0.267755065
5.804447000	0.957906425	0.274336069
5.804448000	0.948045850	0.272360003
5.804449000	0.951106191	0.275693366
5.804450000	0.974759936	0.278913260
5.804451000	0.967792749	0.268277793
5.804452000	0.964221239	0.272048830
5.804453000	0.984979391	0.271793366
5.804454000	0.967418730	0.274246553
5.804455000	0.962218463	0.268594893
5.804456000	0.959820628	0.272205207
5.804457000	0.947073638	0.267877604
5.804458000	1.012154579	0.274120419
5.804459000	0.962264061	0.269984813
5.804460000	0.983926177	0.277013328
5.804461000	0.980444670	0.270058133
5.804462000	0.949976385	0.269633592
5.804463000	0.960678577	0.272687256
5.804464000	0.954266727	0.270445324
5.804465000	0.967128038	0.267632942
5.804466000	0.975910008	0.272452298
5.804467000	0.945540726	0.267073046
5.804468000	0.957328796	0.270937775
5.804469000	0.974077642	0.268636105
5.804470000	0.934746206	0.270306207
5.804471000	0.946374059	0.271371821
5.804472000	0.987881899	0.269385668
5.804473000	0.966710865	0.266803185
5.804474000	0.967409670	0.270147982
5.804475000	0.956602812	0.269565399
5.804476000	0.958803356	0.269499369
5.804477000	0.949249566	0.269876306
5.804478000	0.974495232	0.267048129
5.804479000	1.036824942	0.268466512
5.804480000	0.967238724	0.275074247
5.804481000	0.980098069	0.264789785
5.804482000	0.970628202	0.270771711
5.804483000	0.977747977	0.268773291
5.804484000	1.009282589	0.267008281
5.804485000	0.946945190	0.269264428
5.804486000	0.936829150	0.261843779
5.804487000	0.991189063	0.264648854
5.804488000	0.986081839	0.266410169
5.804489000	1.004605174	0.267550001
5.804490000	0.968439400	0.265378660
5.804491000	0.984795094	0.267948960
5.804492000	0.980433404	0.264455075
5.804493000	0.985387027	0.264187461
5.804494000	0.988129437	0.271025094
5.804495000	0.985431373	0.264137443
5.804496000	0.924724281	0.271089226
5.804497000	0.975014508	0.270951541
5.804498000	0.966480076	0.265542810
5.804499000	0.958113849	0.266525483
5.804500000	0.990343928	0.267276412
5.804501000	0.957683682	0.266328992
5.804502000	0.938659489	0.268527748
5.804503000	0.956807315	0.264971529
5.804504000	0.956060708	0.267933663
5.804505000	0.947549105	0.265110263
5.804506000	0.967280746	0.263565130
5.804507000	0.970226705	0.269543028
5.804508000	0.925885201	0.272314497
5.804509000	0.972956836	0.262583106
5.804510000	0.983176947	0.264250395
5.804511000	0.997524679	0.263263527
5.804512000	0.933669448	0.265467193
5.804513000	0.973061264	0.262538348
5.804514000	0.963636637	0.268725637
5.804515000	0.943528652	0.266040771
5.804516000	0.961461663	0.268501083
5.804517000	0.957871675	0.265571239
5.804518000	0.989910483	0.270868567
5.804519000	1.020024419	0.264857529
5.804520000	0.963364363	0.264800338
5.804521000	0.974903047	0.262717579
5.804522000	0.960493445	0.260172846
5.804523000	0.958569050	0.260462847
