D:\KID metingen\Entropy ADR\LT343chip5_BF_20240530_mapping\S21\Power\KID47_92dBm_.dat
Power at KID:92dBm
resonance Frequency in GHz :5.865215
Q=33325.085226, Qc=58686.251274, Qi=77114.921356  S21min=-7.287343


Temperature in K:0.100036
GHz	dB	Rad
5.864547000	-5.491764545	0.288180728
5.864548000	-5.478726864	0.287978827
5.864549000	-5.471649647	0.286470646
5.864550000	-5.457669258	0.285720700
5.864551000	-5.465027809	0.283225318
5.864552000	-5.463342667	0.281759281
5.864553000	-5.461759567	0.279838043
5.864554000	-5.448759079	0.279199933
5.864555000	-5.465568542	0.277385471
5.864556000	-5.474153519	0.274568862
5.864557000	-5.451632977	0.273891654
5.864558000	-5.449878216	0.273698991
5.864559000	-5.437594414	0.271431093
5.864560000	-5.421083927	0.270898877
5.864561000	-5.412250042	0.271053523
5.864562000	-5.406711578	0.269274715
5.864563000	-5.399365425	0.267470956
5.864564000	-5.378905773	0.267100277
5.864565000	-5.371865749	0.266563450
5.864566000	-5.374037743	0.265013008
5.864567000	-5.376213551	0.262997278
5.864568000	-5.358855247	0.262708192
5.864569000	-5.358054638	0.260377443
5.864570000	-5.347372532	0.259252607
5.864571000	-5.348431110	0.259353790
5.864572000	-5.321831703	0.259704645
5.864573000	-5.337480545	0.257180717
5.864574000	-5.329522133	0.254153885
5.864575000	-5.331570625	0.254852865
5.864576000	-5.315550327	0.253924737
5.864577000	-5.315067768	0.251990866
5.864578000	-5.303758621	0.250620070
5.864579000	-5.309172630	0.249300773
5.864580000	-5.303455353	0.247198790
5.864581000	-5.298421383	0.245892127
5.864582000	-5.294065475	0.244536778
5.864583000	-5.281600952	0.244280998
5.864584000	-5.280553818	0.243062601
5.864585000	-5.273032665	0.240953411
5.864586000	-5.265666008	0.240953378
5.864587000	-5.261712074	0.238579836
5.864588000	-5.249666691	0.239608848
5.864589000	-5.248980522	0.236939811
5.864590000	-5.243426800	0.235953709
5.864591000	-5.252038956	0.235931255
5.864592000	-5.258407593	0.233281360
5.864593000	-5.242007256	0.232704203
5.864594000	-5.235792637	0.232554017
5.864595000	-5.219229221	0.230617350
5.864596000	-5.225964546	0.228228029
5.864597000	-5.209651947	0.228113729
5.864598000	-5.211400509	0.226864523
5.864599000	-5.199622154	0.226321139
5.864600000	-5.189727306	0.224303628
5.864601000	-5.198920727	0.222706413
5.864602000	-5.188717842	0.223065657
5.864603000	-5.171408653	0.221970016
5.864604000	-5.187613964	0.219976573
5.864605000	-5.190846443	0.218217972
5.864606000	-5.172502041	0.218133217
5.864607000	-5.159102917	0.216950507
5.864608000	-5.166668892	0.215136261
5.864609000	-5.168364525	0.212776701
5.864610000	-5.153982162	0.212647088
5.864611000	-5.159329891	0.209447483
5.864612000	-5.146625519	0.209421800
5.864613000	-5.139062405	0.209265855
5.864614000	-5.144710064	0.207851900
5.864615000	-5.145091057	0.206310679
5.864616000	-5.140196800	0.204951501
5.864617000	-5.145533562	0.202872554
5.864618000	-5.134421825	0.201648116
5.864619000	-5.130183220	0.202246861
5.864620000	-5.122231007	0.200366070
5.864621000	-5.121481895	0.197770903
5.864622000	-5.110735416	0.197634965
5.864623000	-5.105769634	0.197167914
5.864624000	-5.104829788	0.196662429
5.864625000	-5.098362923	0.194648513
5.864626000	-5.098623753	0.193171391
5.864627000	-5.094820499	0.192185139
5.864628000	-5.090278625	0.190921519
5.864629000	-5.091728210	0.190047170
5.864630000	-5.090760708	0.188554302
5.864631000	-5.091288567	0.187386306
5.864632000	-5.077033520	0.186692819
5.864633000	-5.070906639	0.185208273
5.864634000	-5.073508739	0.184309972
5.864635000	-5.068256855	0.183172869
5.864636000	-5.064581871	0.180299618
5.864637000	-5.066121578	0.179854837
5.864638000	-5.055737019	0.179450718
5.864639000	-5.050431728	0.178315696
5.864640000	-5.047559738	0.176788423
5.864641000	-5.042021275	0.176582777
5.864642000	-5.038909435	0.175601785
5.864643000	-5.043421745	0.174388449
5.864644000	-5.029645443	0.172486452
5.864645000	-5.035657406	0.171503729
5.864646000	-5.033929348	0.169716332
5.864647000	-5.033045769	0.168573154
5.864648000	-5.021648884	0.167178922
5.864649000	-5.022738934	0.166893298
5.864650000	-5.013363361	0.165821592
5.864651000	-5.002710342	0.164930166
5.864652000	-5.007247448	0.163143451
5.864653000	-5.012882233	0.161663515
5.864654000	-5.005381584	0.161725101
5.864655000	-5.002037525	0.159622103
5.864656000	-5.008355618	0.157355004
5.864657000	-5.000066757	0.157444103
5.864658000	-5.001645565	0.156407201
5.864659000	-4.996409893	0.156327673
5.864660000	-5.000726700	0.154314356
5.864661000	-4.971644402	0.153570219
5.864662000	-4.973273277	0.152182429
5.864663000	-4.968963623	0.150424177
5.864664000	-4.976272583	0.149814612
5.864665000	-4.969321251	0.148186522
5.864666000	-4.972972393	0.147406915
5.864667000	-4.962089539	0.147382597
5.864668000	-4.971012592	0.145078513
5.864669000	-4.956858158	0.145219328
5.864670000	-4.951475620	0.144846569
5.864671000	-4.949157715	0.142837297
5.864672000	-4.944944382	0.142291848
5.864673000	-4.950224876	0.140283159
5.864674000	-4.948577404	0.139320110
5.864675000	-4.928520203	0.139094981
5.864676000	-4.935819626	0.136693617
5.864677000	-4.937904835	0.135875511
5.864678000	-4.935538292	0.135493830
5.864679000	-4.933867455	0.133120362
5.864680000	-4.934690952	0.132831310
5.864681000	-4.924317837	0.131966057
5.864682000	-4.923439503	0.131208720
5.864683000	-4.909920692	0.130274059
5.864684000	-4.914785385	0.129183337
5.864685000	-4.912438869	0.128711940
5.864686000	-4.917783260	0.126101269
5.864687000	-4.917168617	0.125548987
5.864688000	-4.912524223	0.124258619
5.864689000	-4.906636238	0.123708177
5.864690000	-4.902713776	0.123113518
5.864691000	-4.899506092	0.122365927
5.864692000	-4.890115738	0.120206420
5.864693000	-4.893352509	0.119610904
5.864694000	-4.890899181	0.118156318
5.864695000	-4.893336296	0.117304082
5.864696000	-4.893308640	0.116758051
5.864697000	-4.886220455	0.114806727
5.864698000	-4.892978668	0.112433934
5.864699000	-4.884348392	0.113603312
5.864700000	-4.884644032	0.111965609
5.864701000	-4.887393475	0.109482253
5.864702000	-4.882277012	0.109047691
5.864703000	-4.882631779	0.108529008
5.864704000	-4.883313656	0.107905129
5.864705000	-4.876766205	0.106235036
5.864706000	-4.878113747	0.104307906
5.864707000	-4.869717121	0.104762798
5.864708000	-4.877108574	0.103009681
5.864709000	-4.879052162	0.101643022
5.864710000	-4.874975681	0.099930168
5.864711000	-4.870262623	0.100791201
5.864712000	-4.871078014	0.098661621
5.864713000	-4.866522312	0.097162545
5.864714000	-4.867058277	0.096769504
5.864715000	-4.864993095	0.096112160
5.864716000	-4.866648674	0.094510094
5.864717000	-4.860642433	0.092828633
5.864718000	-4.858438969	0.093072628
5.864719000	-4.859124660	0.091138582
5.864720000	-4.846039295	0.089932303
5.864721000	-4.855130672	0.089336421
5.864722000	-4.857213497	0.088746639
5.864723000	-4.851321697	0.088360273
5.864724000	-4.862639904	0.087204860
5.864725000	-4.855659008	0.085683538
5.864726000	-4.849268913	0.085334697
5.864727000	-4.848979950	0.083312917
5.864728000	-4.851250648	0.082801981
5.864729000	-4.852542877	0.081050170
5.864730000	-4.844224930	0.080624431
5.864731000	-4.845231533	0.078707995
5.864732000	-4.844378471	0.079607661
5.864733000	-4.838694572	0.077575777
5.864734000	-4.841001511	0.077284527
5.864735000	-4.841677666	0.076148106
5.864736000	-4.837944984	0.075611022
5.864737000	-4.840400219	0.074059481
5.864738000	-4.831349373	0.072920746
5.864739000	-4.831880093	0.071819155
5.864740000	-4.833898544	0.071032215
5.864741000	-4.837221622	0.070075941
5.864742000	-4.838302612	0.069690502
5.864743000	-4.824804306	0.068671644
5.864744000	-4.827449322	0.067574904
5.864745000	-4.833026409	0.065731347
5.864746000	-4.829573154	0.065072748
5.864747000	-4.822857857	0.063997979
5.864748000	-4.832527637	0.064398780
5.864749000	-4.829487324	0.061596269
5.864750000	-4.823359013	0.060777793
5.864751000	-4.827256203	0.060411608
5.864752000	-4.823667049	0.059018117
5.864753000	-4.823461056	0.057260032
5.864754000	-4.823496342	0.057038061
5.864755000	-4.817843914	0.056301543
5.864756000	-4.815915108	0.055182961
5.864757000	-4.828043461	0.054668106
5.864758000	-4.819693565	0.053782405
5.864759000	-4.814828396	0.052810214
5.864760000	-4.818707943	0.051550676
5.864761000	-4.814343929	0.050967606
5.864762000	-4.814714432	0.048987163
5.864763000	-4.810373783	0.048147227
5.864764000	-4.816056252	0.048458892
5.864765000	-4.817827225	0.047104608
5.864766000	-4.814618111	0.045999388
5.864767000	-4.814399242	0.044726080
5.864768000	-4.810088158	0.044582124
5.864769000	-4.818401337	0.043221361
5.864770000	-4.819189548	0.041349400
5.864771000	-4.820591450	0.041922371
5.864772000	-4.817184448	0.040283308
5.864773000	-4.805744171	0.039764724
5.864774000	-4.808044910	0.039420223
5.864775000	-4.810700417	0.037372639
5.864776000	-4.804523468	0.037277210
5.864777000	-4.806823254	0.034920583
5.864778000	-4.809112072	0.035576495
5.864779000	-4.807805538	0.034334931
5.864780000	-4.805048466	0.032679211
5.864781000	-4.805752754	0.032090527
5.864782000	-4.802086353	0.031233763
5.864783000	-4.809968472	0.030847314
5.864784000	-4.809427738	0.030486160
5.864785000	-4.808967113	0.029221227
5.864786000	-4.809829235	0.028052276
5.864787000	-4.809163570	0.027833314
5.864788000	-4.807419300	0.026284759
5.864789000	-4.809172630	0.025018861
5.864790000	-4.805694103	0.024465213
5.864791000	-4.807217121	0.024175444
5.864792000	-4.806655884	0.023270489
5.864793000	-4.803644657	0.021284400
5.864794000	-4.799715519	0.021571638
5.864795000	-4.805778503	0.020021375
5.864796000	-4.807624817	0.019520442
5.864797000	-4.806117058	0.017928284
5.864798000	-4.802728176	0.017843381
5.864799000	-4.804895878	0.017090131
5.864800000	-4.811035156	0.016026598
5.864801000	-4.813661575	0.014600252
5.864802000	-4.805976868	0.014340953
5.864803000	-4.807987213	0.013146323
5.864804000	-4.811096668	0.012332409
5.864805000	-4.812538147	0.011067277
5.864806000	-4.804237843	0.011383536
5.864807000	-4.805813313	0.010421585
5.864808000	-4.808886051	0.008754137
5.864809000	-4.804866791	0.008029818
5.864810000	-4.809131622	0.006423000
5.864811000	-4.808724880	0.006201778
5.864812000	-4.799966335	0.006119397
5.864813000	-4.805922031	0.004466832
5.864814000	-4.803258419	0.003349083
5.864815000	-4.806688309	0.002687552
5.864816000	-4.805605412	0.002032475
5.864817000	-4.807230473	0.000384493
5.864818000	-4.804146767	0.000276693
5.864819000	-4.808083057	-0.000212795
5.864820000	-4.803531647	-0.002471820
5.864821000	-4.803788185	-0.002058307
5.864822000	-4.802267551	-0.002313892
5.864823000	-4.804314137	-0.001837293
5.864824000	-4.804201603	-0.004022976
5.864825000	-4.806860447	-0.004486230
5.864826000	-4.802465439	-0.005057001
5.864827000	-4.806598186	-0.006378668
5.864828000	-4.806732655	-0.007095536
5.864829000	-4.805638313	-0.008237709
5.864830000	-4.806802750	-0.009275123
5.864831000	-4.811208725	-0.009420017
5.864832000	-4.807060719	-0.010030659
5.864833000	-4.812379837	-0.011080966
5.864834000	-4.809443951	-0.011138302
5.864835000	-4.805169582	-0.012053594
5.864836000	-4.806369305	-0.013418150
5.864837000	-4.808316231	-0.014687804
5.864838000	-4.810306072	-0.014401981
5.864839000	-4.811143875	-0.015584341
5.864840000	-4.810963154	-0.015853277
5.864841000	-4.810507774	-0.017645123
5.864842000	-4.809431076	-0.017954972
5.864843000	-4.809739113	-0.019329604
5.864844000	-4.814621925	-0.019049221
5.864845000	-4.812805176	-0.020030479
5.864846000	-4.813785553	-0.021379391
5.864847000	-4.815164089	-0.022838435
5.864848000	-4.812619686	-0.023016684
5.864849000	-4.811944008	-0.023364755
5.864850000	-4.816850662	-0.024644400
5.864851000	-4.818814754	-0.025294169
5.864852000	-4.815831661	-0.026339398
5.864853000	-4.815290451	-0.026992584
5.864854000	-4.818352699	-0.028072855
5.864855000	-4.815535069	-0.028372151
5.864856000	-4.818194866	-0.029480278
5.864857000	-4.807431221	-0.030451743
5.864858000	-4.817350388	-0.030987629
5.864859000	-4.813039780	-0.032181643
5.864860000	-4.816555023	-0.032750070
5.864861000	-4.818601131	-0.032764070
5.864862000	-4.820857525	-0.034011588
5.864863000	-4.813122272	-0.035121381
5.864864000	-4.820550442	-0.036284455
5.864865000	-4.815613270	-0.036328646
5.864866000	-4.818006039	-0.038220814
5.864867000	-4.822623730	-0.037888814
5.864868000	-4.820470810	-0.038437275
5.864869000	-4.821911812	-0.039574461
5.864870000	-4.820732117	-0.040488088
5.864871000	-4.826566696	-0.041913424
5.864872000	-4.828584671	-0.042022364
5.864873000	-4.827326298	-0.042975356
5.864874000	-4.823141575	-0.044176262
5.864875000	-4.826270580	-0.044414449
5.864876000	-4.819731712	-0.044838632
5.864877000	-4.826840401	-0.045450735
5.864878000	-4.827167511	-0.046519823
5.864879000	-4.830529213	-0.047117466
5.864880000	-4.825781822	-0.048044504
5.864881000	-4.827363968	-0.049793864
5.864882000	-4.826278210	-0.049501973
5.864883000	-4.828089714	-0.049520490
5.864884000	-4.829142094	-0.051775917
5.864885000	-4.830402374	-0.051505760
5.864886000	-4.827604771	-0.051685902
5.864887000	-4.825676918	-0.053309856
5.864888000	-4.828116417	-0.053862333
5.864889000	-4.828044415	-0.054559137
5.864890000	-4.831830978	-0.054829668
5.864891000	-4.833876610	-0.056642499
5.864892000	-4.832083702	-0.055878762
5.864893000	-4.838693619	-0.057188983
5.864894000	-4.831638813	-0.057593251
5.864895000	-4.831805706	-0.058715994
5.864896000	-4.840856075	-0.059523331
5.864897000	-4.835291386	-0.060290305
5.864898000	-4.838345528	-0.061540447
5.864899000	-4.834864140	-0.061841139
5.864900000	-4.834590912	-0.062528326
5.864901000	-4.839865685	-0.063190500
5.864902000	-4.834359169	-0.065168596
5.864903000	-4.838487148	-0.064767524
5.864904000	-4.842737198	-0.065385478
5.864905000	-4.843457699	-0.066049533
5.864906000	-4.836388588	-0.067098843
5.864907000	-4.843111038	-0.068050058
5.864908000	-4.848390102	-0.068847620
5.864909000	-4.849142551	-0.069431760
5.864910000	-4.844889164	-0.069615996
5.864911000	-4.844276428	-0.071406697
5.864912000	-4.847442150	-0.071607566
5.864913000	-4.850723267	-0.072777060
5.864914000	-4.845011234	-0.073657535
5.864915000	-4.853772640	-0.073996963
5.864916000	-4.853034019	-0.074739602
5.864917000	-4.854297638	-0.075042062
5.864918000	-4.855076790	-0.075021273
5.864919000	-4.852988720	-0.075914988
5.864920000	-4.852292538	-0.076433797
5.864921000	-4.852831364	-0.077948253
5.864922000	-4.853916645	-0.078374043
5.864923000	-4.848289013	-0.079579456
5.864924000	-4.848287582	-0.080739521
5.864925000	-4.851353168	-0.080366221
5.864926000	-4.850985527	-0.082270913
5.864927000	-4.859869480	-0.082886170
5.864928000	-4.860425949	-0.083314781
5.864929000	-4.861764431	-0.083392271
5.864930000	-4.864822865	-0.084597576
5.864931000	-4.859726906	-0.086623084
5.864932000	-4.855796337	-0.086159886
5.864933000	-4.860379219	-0.086597035
5.864934000	-4.859831333	-0.088282941
5.864935000	-4.865890026	-0.088165987
5.864936000	-4.861859798	-0.089973999
5.864937000	-4.863721848	-0.089945902
5.864938000	-4.869161129	-0.090574508
5.864939000	-4.873634338	-0.091137226
5.864940000	-4.863317013	-0.092927161
5.864941000	-4.870086193	-0.092924490
5.864942000	-4.873822212	-0.093592361
5.864943000	-4.876091957	-0.094813187
5.864944000	-4.869960785	-0.096021338
5.864945000	-4.873529911	-0.095729914
5.864946000	-4.878130436	-0.095784692
5.864947000	-4.871176720	-0.096639758
5.864948000	-4.875388622	-0.098317008
5.864949000	-4.879964352	-0.098540264
5.864950000	-4.876499653	-0.099423210
5.864951000	-4.875512600	-0.099973478
5.864952000	-4.874412537	-0.101377971
5.864953000	-4.873559952	-0.101550943
5.864954000	-4.885117531	-0.101639768
5.864955000	-4.878024101	-0.102865105
5.864956000	-4.886068821	-0.103964558
5.864957000	-4.885510921	-0.104577509
5.864958000	-4.883864403	-0.104782206
5.864959000	-4.882687092	-0.105657254
5.864960000	-4.890456200	-0.106684244
5.864961000	-4.888500214	-0.107412394
5.864962000	-4.886436462	-0.107882742
5.864963000	-4.890987396	-0.108841014
5.864964000	-4.885062218	-0.109545478
5.864965000	-4.891035557	-0.110271630
5.864966000	-4.889919281	-0.110286527
5.864967000	-4.897440910	-0.111405105
5.864968000	-4.895807266	-0.112225359
5.864969000	-4.895648479	-0.113013022
5.864970000	-4.892851353	-0.113173619
5.864971000	-4.899372101	-0.113398739
5.864972000	-4.898123264	-0.114494721
5.864973000	-4.902195930	-0.115560410
5.864974000	-4.898259640	-0.115905240
5.864975000	-4.904764175	-0.116518815
5.864976000	-4.909431458	-0.117907870
5.864977000	-4.906129360	-0.119059138
5.864978000	-4.907101631	-0.119785332
5.864979000	-4.909720421	-0.120451489
5.864980000	-4.912401199	-0.120762355
5.864981000	-4.913641930	-0.121677367
5.864982000	-4.910150051	-0.122001548
5.864983000	-4.911091805	-0.122897652
5.864984000	-4.916194439	-0.124118670
5.864985000	-4.912710190	-0.124594102
5.864986000	-4.914851189	-0.124872669
5.864987000	-4.914669037	-0.125424584
5.864988000	-4.924832821	-0.127068953
5.864989000	-4.917634964	-0.127961919
5.864990000	-4.919588089	-0.128492771
5.864991000	-4.920738697	-0.128838990
5.864992000	-4.919923306	-0.130157829
5.864993000	-4.923697948	-0.130819008
5.864994000	-4.925054073	-0.130650921
5.864995000	-4.928430080	-0.132003383
5.864996000	-4.930198193	-0.132694764
5.864997000	-4.930964470	-0.132922024
5.864998000	-4.933846474	-0.133835671
5.864999000	-4.934082985	-0.134399271
5.865000000	-4.938346863	-0.136015926
5.865001000	-4.931839466	-0.136223245
5.865002000	-4.937105656	-0.136805628
5.865003000	-4.934564590	-0.137548109
5.865004000	-4.938327312	-0.138229537
5.865005000	-4.938037872	-0.138416899
5.865006000	-4.939408779	-0.140345144
5.865007000	-4.938285828	-0.140467233
5.865008000	-4.947400093	-0.140682633
5.865009000	-4.942455292	-0.142088716
5.865010000	-4.948361397	-0.142503852
5.865011000	-4.949641228	-0.143315534
5.865012000	-4.945112228	-0.144161221
5.865013000	-4.956681252	-0.145040264
5.865014000	-4.951033115	-0.145694969
5.865015000	-4.951147079	-0.146046506
5.865016000	-4.957250118	-0.148048238
5.865017000	-4.955619335	-0.148003014
5.865018000	-4.958445549	-0.149576326
5.865019000	-4.952676296	-0.149540290
5.865020000	-4.964491367	-0.150802046
5.865021000	-4.968151569	-0.152313124
5.865022000	-4.964719296	-0.152730674
5.865023000	-4.969615936	-0.152855293
5.865024000	-4.963926792	-0.153247710
5.865025000	-4.968081951	-0.154781458
5.865026000	-4.970320225	-0.155320082
5.865027000	-4.975140572	-0.155539027
5.865028000	-4.973384380	-0.156886204
5.865029000	-4.970894337	-0.157230018
5.865030000	-4.975024223	-0.158432069
5.865031000	-4.973306656	-0.158632023
5.865032000	-4.976899624	-0.160722338
5.865033000	-4.979107380	-0.161051854
5.865034000	-4.979833603	-0.161471801
5.865035000	-4.980020523	-0.161958511
5.865036000	-4.987658501	-0.163305621
5.865037000	-4.983010292	-0.163038206
5.865038000	-4.983131409	-0.164041901
5.865039000	-4.984878540	-0.165217121
5.865040000	-4.990678310	-0.166606060
5.865041000	-4.993542194	-0.167693628
5.865042000	-4.994349003	-0.167600684
5.865043000	-4.990339756	-0.168863222
5.865044000	-4.993519306	-0.169222116
5.865045000	-4.995760441	-0.169727318
5.865046000	-4.997050762	-0.171608158
5.865047000	-5.001683712	-0.172114242
5.865048000	-4.998649120	-0.172584573
5.865049000	-5.010474205	-0.173486619
5.865050000	-5.002524853	-0.174889123
5.865051000	-5.008519173	-0.175164028
5.865052000	-5.014735699	-0.176326265
5.865053000	-5.014320850	-0.176122649
5.865054000	-5.009975910	-0.178118156
5.865055000	-5.015254498	-0.178131921
5.865056000	-5.018484592	-0.179430379
5.865057000	-5.021543503	-0.180038711
5.865058000	-5.017721176	-0.181544462
5.865059000	-5.021184921	-0.181728071
5.865060000	-5.024240971	-0.182024531
5.865061000	-5.028651237	-0.182882135
5.865062000	-5.031623840	-0.184500072
5.865063000	-5.023284912	-0.185560493
5.865064000	-5.033206463	-0.186876927
5.865065000	-5.029254913	-0.186950297
5.865066000	-5.033453941	-0.187809898
5.865067000	-5.037837029	-0.188421160
5.865068000	-5.034063339	-0.189565721
5.865069000	-5.042852879	-0.189821184
5.865070000	-5.040443420	-0.191034670
5.865071000	-5.047063828	-0.192342565
5.865072000	-5.043813229	-0.193263620
5.865073000	-5.045997620	-0.193867175
5.865074000	-5.050855637	-0.194276337
5.865075000	-5.055284023	-0.195950533
5.865076000	-5.055780411	-0.196912866
5.865077000	-5.056219578	-0.198241817
5.865078000	-5.061465263	-0.198861684
5.865079000	-5.061563492	-0.199000668
5.865080000	-5.060916901	-0.200479821
5.865081000	-5.067081451	-0.201011454
5.865082000	-5.068498135	-0.202701713
5.865083000	-5.068266392	-0.203426725
5.865084000	-5.072406292	-0.204389175
5.865085000	-5.074415207	-0.206015234
5.865086000	-5.079298496	-0.207324012
5.865087000	-5.084949493	-0.207528176
5.865088000	-5.080458164	-0.208312943
5.865089000	-5.084871769	-0.209654560
5.865090000	-5.084448338	-0.209189722
5.865091000	-5.090010166	-0.210660403
5.865092000	-5.094642639	-0.212946827
5.865093000	-5.090638638	-0.212448033
5.865094000	-5.098272800	-0.214907962
5.865095000	-5.107039452	-0.215783809
5.865096000	-5.100883484	-0.215929883
5.865097000	-5.106454849	-0.217604046
5.865098000	-5.113538742	-0.218184566
5.865099000	-5.105677128	-0.219030236
5.865100000	-5.114157200	-0.219951573
5.865101000	-5.117090702	-0.220612719
5.865102000	-5.119653225	-0.221947795
5.865103000	-5.121420383	-0.222508424
5.865104000	-5.122428417	-0.223889073
5.865105000	-5.124728680	-0.225879753
5.865106000	-5.137500763	-0.227004672
5.865107000	-5.132270813	-0.226453930
5.865108000	-5.132976055	-0.229115743
5.865109000	-5.138597012	-0.230127545
5.865110000	-5.137671947	-0.230787942
5.865111000	-5.154915810	-0.233029109
5.865112000	-5.148493767	-0.233435208
5.865113000	-5.151186943	-0.233846949
5.865114000	-5.152498245	-0.235557880
5.865115000	-5.162501812	-0.237281461
5.865116000	-5.156445503	-0.236948117
5.865117000	-5.162590981	-0.237251284
5.865118000	-5.160686493	-0.238798148
5.865119000	-5.168118954	-0.240160255
5.865120000	-5.176723003	-0.242742673
5.865121000	-5.177144527	-0.243526607
5.865122000	-5.178777218	-0.243431266
5.865123000	-5.186188221	-0.244376505
5.865124000	-5.182794571	-0.246576393
5.865125000	-5.187906742	-0.246781689
5.865126000	-5.194138050	-0.248642440
5.865127000	-5.191633701	-0.249141167
5.865128000	-5.194573879	-0.250491206
5.865129000	-5.208218098	-0.252276872
5.865130000	-5.211111546	-0.253855761
5.865131000	-5.216246605	-0.254941998
5.865132000	-5.217566013	-0.256188906
5.865133000	-5.214838028	-0.256586433
5.865134000	-5.225870609	-0.259052936
5.865135000	-5.224358082	-0.260004317
5.865136000	-5.230863571	-0.262915369
5.865137000	-5.239928246	-0.263549950
5.865138000	-5.237915993	-0.264210764
5.865139000	-5.254571915	-0.266458072
5.865140000	-5.251454353	-0.266875456
5.865141000	-5.255097389	-0.269188295
5.865142000	-5.262529373	-0.270756597
5.865143000	-5.272064209	-0.273263397
5.865144000	-5.264156342	-0.273146035
5.865145000	-5.270194054	-0.273027275
5.865146000	-5.276540279	-0.275821780
5.865147000	-5.284194946	-0.277942538
5.865148000	-5.288465500	-0.279230659
5.865149000	-5.291005135	-0.279754054
5.865150000	-5.295111179	-0.281288767
5.865151000	-5.302916050	-0.283839543
5.865152000	-5.312602520	-0.285009769
5.865153000	-5.307823181	-0.284307360
5.865154000	-5.317644596	-0.286343380
5.865155000	-5.322804451	-0.288448509
5.865156000	-5.329086781	-0.290906640
5.865157000	-5.334540844	-0.290853743
5.865158000	-5.339603424	-0.292988699
5.865159000	-5.350903511	-0.294899384
5.865160000	-5.353805542	-0.297090733
5.865161000	-5.350216389	-0.298444018
5.865162000	-5.359643459	-0.299747669
5.865163000	-5.368285656	-0.301392038
5.865164000	-5.377406120	-0.303771572
5.865165000	-5.377769947	-0.304568190
5.865166000	-5.385673523	-0.307207683
5.865167000	-5.400594711	-0.308750052
5.865168000	-5.401940346	-0.310935109
5.865169000	-5.416563034	-0.314664500
5.865170000	-5.419606209	-0.316496189
5.865171000	-5.425465107	-0.316045349
5.865172000	-5.425841331	-0.318451715
5.865173000	-5.443285942	-0.320548622
5.865174000	-5.454851627	-0.323116109
5.865175000	-5.460186005	-0.325089744
5.865176000	-5.466174126	-0.327862228
5.865177000	-5.476184368	-0.328768468
5.865178000	-5.483390808	-0.332844636
5.865179000	-5.494812489	-0.334890144
5.865180000	-5.494378567	-0.335662360
5.865181000	-5.503473759	-0.337626209
5.865182000	-5.524396420	-0.340605487
5.865183000	-5.529415607	-0.342538809
5.865184000	-5.541143894	-0.345132029
5.865185000	-5.538589001	-0.346402789
5.865186000	-5.556675434	-0.349653310
5.865187000	-5.563438892	-0.351657672
5.865188000	-5.578038692	-0.354651598
5.865189000	-5.585429668	-0.355779946
5.865190000	-5.609441757	-0.360884360
5.865191000	-5.621779442	-0.363756712
5.865192000	-5.625901699	-0.365534539
5.865193000	-5.636338711	-0.367012993
5.865194000	-5.659541607	-0.372729601
5.865195000	-5.666419506	-0.374775775
5.865196000	-5.692329884	-0.378620880
5.865197000	-5.702248573	-0.381414602
5.865198000	-5.709976673	-0.382809866
5.865199000	-5.724274158	-0.386755106
5.865200000	-5.757597923	-0.394155764
5.865201000	-5.767400265	-0.396449645
5.865202000	-5.787177563	-0.399404588
5.865203000	-5.793897629	-0.399775833
5.865204000	-5.841364861	-0.410504577
5.865205000	-5.888653278	-0.417257555
5.865206000	-5.912207127	-0.422025079
5.865207000	-5.926779747	-0.423928540
5.865208000	-5.961699963	-0.431808634
5.865209000	-5.998497009	-0.439514424
5.865210000	-6.020340919	-0.441867760
5.865211000	-6.093296051	-0.453000872
5.865212000	-6.168794632	-0.465257238
5.865213000	-6.232453823	-0.474442947
5.865214000	-6.351743221	-0.493392903
5.865215000	-12.063925743	0.913413121
5.865216000	-11.863540649	0.901529564
5.865217000	-11.843157768	0.914128180
5.865218000	-11.753073692	0.905679435
5.865219000	-11.701468468	0.906804420
5.865220000	-11.624461174	0.901413716
5.865221000	-11.583963394	0.902467396
5.865222000	-11.505158424	0.897814587
5.865223000	-11.489768028	0.898836176
5.865224000	-11.433423042	0.897885494
5.865225000	-11.374471664	0.897722974
5.865226000	-11.323795319	0.891166605
5.865227000	-11.286061287	0.892589465
5.865228000	-11.249118805	0.896233468
5.865229000	-11.150260925	0.893336815
5.865230000	-11.167820930	0.891952304
5.865231000	-11.091776848	0.888042983
5.865232000	-11.036017418	0.888648253
5.865233000	-10.977986336	0.891251426
5.865234000	-10.952697754	0.887774070
5.865235000	-10.907197952	0.885685420
5.865236000	-10.830077171	0.884863835
5.865237000	-10.820028305	0.886451478
5.865238000	-10.773625374	0.881605124
5.865239000	-10.721096039	0.882294417
5.865240000	-10.675581932	0.884177072
5.865241000	-10.665943146	0.882065252
5.865242000	-10.604667664	0.882001203
5.865243000	-10.562273026	0.877600862
5.865244000	-10.550881386	0.881187674
5.865245000	-10.466298103	0.875316935
5.865246000	-10.438788414	0.872710632
5.865247000	-10.374436378	0.873399658
5.865248000	-10.344586372	0.873308179
5.865249000	-10.313803673	0.874375441
5.865250000	-10.278695107	0.868795586
5.865251000	-10.250340462	0.869040463
5.865252000	-10.188013077	0.865823098
5.865253000	-10.182085991	0.868071272
5.865254000	-10.121587753	0.865743670
5.865255000	-10.114768982	0.867220059
5.865256000	-10.059087753	0.863494896
5.865257000	-10.036458015	0.867346560
5.865258000	-10.009082794	0.861930689
5.865259000	-9.953971863	0.857045719
5.865260000	-9.930083275	0.858894086
5.865261000	-9.863696098	0.854077160
5.865262000	-9.847995758	0.854587754
5.865263000	-9.820859909	0.853391596
5.865264000	-9.783783913	0.851584774
5.865265000	-9.741518021	0.849627950
5.865266000	-9.711137772	0.847175644
5.865267000	-9.676123619	0.845054636
5.865268000	-9.630675316	0.843452811
5.865269000	-9.612551689	0.844748839
5.865270000	-9.599085808	0.844531658
5.865271000	-9.539036751	0.841273147
5.865272000	-9.544032097	0.841882479
5.865273000	-9.490883827	0.839444554
5.865274000	-9.457727432	0.837597586
5.865275000	-9.432146072	0.836513080
5.865276000	-9.412103653	0.832988919
5.865277000	-9.384383202	0.832051486
5.865278000	-9.347269058	0.832067332
5.865279000	-9.340321541	0.835587565
5.865280000	-9.279253960	0.827751679
5.865281000	-9.248243332	0.826242000
5.865282000	-9.216374397	0.825356099
5.865283000	-9.199224472	0.823003796
5.865284000	-9.202717781	0.827630239
5.865285000	-9.147807121	0.820467334
5.865286000	-9.110590935	0.819342948
5.865287000	-9.091148376	0.819867591
5.865288000	-9.052617073	0.816685579
5.865289000	-9.031919479	0.816244560
5.865290000	-9.009021759	0.813522077
5.865291000	-8.990665436	0.813886597
5.865292000	-8.952185631	0.811678237
5.865293000	-8.954686165	0.811490950
5.865294000	-8.922983170	0.810420293
5.865295000	-8.893086433	0.811641286
5.865296000	-8.845174789	0.806662173
5.865297000	-8.826132774	0.800752086
5.865298000	-8.822249413	0.806821830
5.865299000	-8.771638870	0.797429127
5.865300000	-8.749563217	0.797231054
5.865301000	-8.729044914	0.800388565
5.865302000	-8.687675476	0.793932063
5.865303000	-8.655411720	0.792479376
5.865304000	-8.615720749	0.790970029
5.865305000	-8.611215591	0.791090138
5.865306000	-8.595621109	0.790951054
5.865307000	-8.572097778	0.787902001
5.865308000	-8.542446136	0.786866431
5.865309000	-8.523633003	0.785883258
5.865310000	-8.505814552	0.784347413
5.865311000	-8.492315292	0.786842129
5.865312000	-8.447705269	0.778281531
5.865313000	-8.407505035	0.775966845
5.865314000	-8.426734924	0.776556535
5.865315000	-8.381374359	0.773438306
5.865316000	-8.375667572	0.773911816
5.865317000	-8.335790634	0.770995122
5.865318000	-8.298862457	0.767313369
5.865319000	-8.293648720	0.769145024
5.865320000	-8.264073372	0.764678304
5.865321000	-8.251961708	0.765054942
5.865322000	-8.231300354	0.764133355
5.865323000	-8.212935448	0.761871266
5.865324000	-8.199136734	0.761090161
5.865325000	-8.169011116	0.760148999
5.865326000	-8.142562866	0.756446273
5.865327000	-8.127469063	0.755391861
5.865328000	-8.108281136	0.753860211
5.865329000	-8.091510773	0.752956334
5.865330000	-8.068612099	0.752807730
5.865331000	-8.059741020	0.754230124
5.865332000	-8.025199890	0.747210031
5.865333000	-8.002326012	0.744732559
5.865334000	-7.978955269	0.743734007
5.865335000	-7.972540379	0.744166504
5.865336000	-7.926338196	0.738932927
5.865337000	-7.919775486	0.740130417
5.865338000	-7.902578354	0.740568574
5.865339000	-7.871863842	0.734980196
5.865340000	-7.865130424	0.738814949
5.865341000	-7.845615864	0.732800066
5.865342000	-7.811778069	0.730752162
5.865343000	-7.797543526	0.728853594
5.865344000	-7.797280788	0.730275123
5.865345000	-7.762915611	0.727263221
5.865346000	-7.758543491	0.726904560
5.865347000	-7.735649109	0.725393882
5.865348000	-7.699201584	0.721669451
5.865349000	-7.679596424	0.720239067
5.865350000	-7.680415154	0.720778690
5.865351000	-7.652460098	0.716770699
5.865352000	-7.639942646	0.714347023
5.865353000	-7.618189335	0.714970602
5.865354000	-7.596010685	0.711677603
5.865355000	-7.587347507	0.709168306
5.865356000	-7.557030678	0.707556162
5.865357000	-7.551866055	0.706973995
5.865358000	-7.526226521	0.704129073
5.865359000	-7.508739471	0.703465946
5.865360000	-7.498271465	0.700703316
5.865361000	-7.484314442	0.700857979
5.865362000	-7.467889309	0.699895712
5.865363000	-7.442707062	0.697180619
5.865364000	-7.438253880	0.696214824
5.865365000	-7.424223423	0.693437080
5.865366000	-7.405872822	0.693488080
5.865367000	-7.381617069	0.692439593
5.865368000	-7.364261150	0.688748252
5.865369000	-7.353672504	0.689190071
5.865370000	-7.339139462	0.687083577
5.865371000	-7.310326099	0.683266468
5.865372000	-7.294745922	0.683439907
5.865373000	-7.290720463	0.681871571
5.865374000	-7.259933949	0.677133208
5.865375000	-7.232993603	0.675295028
5.865376000	-7.239987373	0.676942326
5.865377000	-7.211588860	0.673995805
5.865378000	-7.202629089	0.672433861
5.865379000	-7.186990261	0.668169674
5.865380000	-7.167932034	0.668628070
5.865381000	-7.149791718	0.665040127
5.865382000	-7.144535065	0.664643782
5.865383000	-7.135230064	0.663704019
5.865384000	-7.117193699	0.662159452
5.865385000	-7.099282265	0.661611174
5.865386000	-7.081428051	0.658280691
5.865387000	-7.055280685	0.655940105
5.865388000	-7.051351070	0.656460354
5.865389000	-7.046603680	0.653777552
5.865390000	-7.034931660	0.651518059
5.865391000	-7.010397434	0.648677798
5.865392000	-6.994429588	0.648200826
5.865393000	-6.993290424	0.649073344
5.865394000	-6.969767094	0.645094315
5.865395000	-6.948845863	0.642189938
5.865396000	-6.946097851	0.642395667
5.865397000	-6.924533844	0.638503657
5.865398000	-6.908987999	0.639341221
5.865399000	-6.906152248	0.637711966
5.865400000	-6.884810925	0.632830325
5.865401000	-6.871865749	0.633602109
5.865402000	-6.859277248	0.631673847
5.865403000	-6.855872631	0.630881823
5.865404000	-6.832168579	0.629029129
5.865405000	-6.818634987	0.627978312
5.865406000	-6.805566311	0.624538706
5.865407000	-6.792937756	0.623256927
5.865408000	-6.770626545	0.621829273
5.865409000	-6.766273975	0.620852825
5.865410000	-6.760473728	0.619498474
5.865411000	-6.745491028	0.619239615
5.865412000	-6.725395679	0.615162914
5.865413000	-6.712863445	0.614436937
5.865414000	-6.689448357	0.610939074
5.865415000	-6.690958500	0.610118887
5.865416000	-6.678402901	0.607028955
5.865417000	-6.661359310	0.606892734
5.865418000	-6.656666756	0.605628665
5.865419000	-6.634849548	0.601465545
5.865420000	-6.621128082	0.603140074
5.865421000	-6.612196922	0.598938138
5.865422000	-6.601241112	0.598125674
5.865423000	-6.586340904	0.596568591
5.865424000	-6.569533825	0.593716611
5.865425000	-6.560499191	0.592678844
5.865426000	-6.550662518	0.590840797
5.865427000	-6.531131744	0.587995209
5.865428000	-6.527807236	0.587092864
5.865429000	-6.501958370	0.585671468
5.865430000	-6.500575066	0.585698566
5.865431000	-6.491007328	0.583862183
5.865432000	-6.489492893	0.583628823
5.865433000	-6.470403671	0.579706253
5.865434000	-6.463551998	0.579445863
5.865435000	-6.448488235	0.576609729
5.865436000	-6.437160015	0.577089431
5.865437000	-6.426312923	0.573393164
5.865438000	-6.417218685	0.572041410
5.865439000	-6.408840656	0.570313351
5.865440000	-6.400133610	0.568966723
5.865441000	-6.385282516	0.569023649
5.865442000	-6.372754097	0.566724608
5.865443000	-6.363027573	0.564685226
5.865444000	-6.346618652	0.560848876
5.865445000	-6.342104435	0.560084815
5.865446000	-6.332667828	0.558310051
5.865447000	-6.316778183	0.556796011
5.865448000	-6.310886860	0.554787654
5.865449000	-6.299838543	0.553225178
5.865450000	-6.296082020	0.553433304
5.865451000	-6.287157536	0.550551530
5.865452000	-6.269759655	0.547994097
5.865453000	-6.267307758	0.548784190
5.865454000	-6.245408535	0.545460099
5.865455000	-6.237559795	0.544465841
5.865456000	-6.226834297	0.543032661
5.865457000	-6.222588062	0.542063603
5.865458000	-6.212247849	0.539959839
5.865459000	-6.209092617	0.539201338
5.865460000	-6.191693306	0.535958107
5.865461000	-6.181266308	0.535464656
5.865462000	-6.170077324	0.532618935
5.865463000	-6.162066460	0.531053363
5.865464000	-6.149217129	0.529464921
5.865465000	-6.137445450	0.527705437
5.865466000	-6.122018814	0.525677972
5.865467000	-6.112220287	0.522808982
5.865468000	-6.104769230	0.522105774
5.865469000	-6.112423420	0.523210953
5.865470000	-6.096468925	0.520660577
5.865471000	-6.081281662	0.517996150
5.865472000	-6.069837093	0.516141525
5.865473000	-6.058880806	0.514284303
5.865474000	-6.048618317	0.511528031
5.865475000	-6.043937683	0.510910211
5.865476000	-6.028861523	0.508907148
5.865477000	-6.026596069	0.507990488
5.865478000	-6.016684532	0.506027705
5.865479000	-6.007843494	0.504681776
5.865480000	-5.996272087	0.502136760
5.865481000	-5.992022038	0.502317622
5.865482000	-5.976278782	0.498849753
5.865483000	-5.967950344	0.498718659
5.865484000	-5.958675385	0.497764349
5.865485000	-5.953611851	0.494976219
5.865486000	-5.943447590	0.493738215
5.865487000	-5.929485798	0.489986587
5.865488000	-5.932750225	0.489221228
5.865489000	-5.921980858	0.489164169
5.865490000	-5.914459229	0.485657319
5.865491000	-5.911952019	0.486174005
5.865492000	-5.904982567	0.485015863
5.865493000	-5.886961460	0.482965495
5.865494000	-5.875483990	0.481374789
5.865495000	-5.868828297	0.478330463
5.865496000	-5.874600887	0.478129694
5.865497000	-5.856139183	0.477364069
5.865498000	-5.856611252	0.475824495
5.865499000	-5.845803261	0.475607481
5.865500000	-5.846733570	0.472637557
5.865501000	-5.841650486	0.471504215
5.865502000	-5.821388721	0.467946831
5.865503000	-5.820662022	0.466613453
5.865504000	-5.805320740	0.466080821
5.865505000	-5.800046444	0.463868200
5.865506000	-5.793486118	0.462275630
5.865507000	-5.784248829	0.460412915
5.865508000	-5.771420002	0.457865668
5.865509000	-5.765717506	0.457465162
5.865510000	-5.759795189	0.454651998
5.865511000	-5.759585381	0.454589381
5.865512000	-5.748950958	0.451874455
5.865513000	-5.736190796	0.450344002
5.865514000	-5.730117321	0.448522434
5.865515000	-5.721456528	0.447405470
5.865516000	-5.709936142	0.445458034
5.865517000	-5.702919483	0.444545901
5.865518000	-5.702189922	0.443775316
5.865519000	-5.694709778	0.442228219
5.865520000	-5.669909477	0.439387425
5.865521000	-5.680457115	0.440052117
5.865522000	-5.672842503	0.437388390
5.865523000	-5.666419983	0.436559414
5.865524000	-5.658469677	0.434092295
5.865525000	-5.655579090	0.432807386
5.865526000	-5.643214226	0.430538273
5.865527000	-5.639179230	0.428726325
5.865528000	-5.623029232	0.428105542
5.865529000	-5.631407738	0.426458111
5.865530000	-5.613990784	0.425700075
5.865531000	-5.606698990	0.421912860
5.865532000	-5.608181000	0.423348337
5.865533000	-5.602498055	0.421942088
5.865534000	-5.594956398	0.418591466
5.865535000	-5.595886230	0.417363615
5.865536000	-5.584398746	0.417619179
5.865537000	-5.571090698	0.414879685
5.865538000	-5.571595192	0.412750221
5.865539000	-5.563314915	0.412582941
5.865540000	-5.555162907	0.409865518
5.865541000	-5.553885460	0.408763369
5.865542000	-5.550946236	0.407448866
5.865543000	-5.542433262	0.405948441
5.865544000	-5.540277958	0.404215755
5.865545000	-5.530790329	0.402733240
5.865546000	-5.532676697	0.402157198
5.865547000	-5.520235538	0.401103519
5.865548000	-5.513291836	0.399853131
5.865549000	-5.507479668	0.398260062
5.865550000	-5.506991386	0.397095162
5.865551000	-5.494966030	0.395598998
5.865552000	-5.487927914	0.393282381
5.865553000	-5.484630108	0.390660166
5.865554000	-5.474351883	0.389475791
5.865555000	-5.471735954	0.389461776
5.865556000	-5.462221622	0.386351903
5.865557000	-5.456913471	0.384850646
5.865558000	-5.458272934	0.383755621
5.865559000	-5.449084282	0.383176816
5.865560000	-5.443363667	0.381900762
5.865561000	-5.449652672	0.380690988
5.865562000	-5.444556713	0.380402734
5.865563000	-5.441723347	0.379743535
5.865564000	-5.430689812	0.376873913
5.865565000	-5.429050446	0.375751590
5.865566000	-5.426743031	0.373676455
5.865567000	-5.420238495	0.373534508
5.865568000	-5.413838387	0.372611856
5.865569000	-5.406447887	0.370752204
5.865570000	-5.397048473	0.369896730
5.865571000	-5.397407055	0.367960612
5.865572000	-5.395215034	0.367002673
5.865573000	-5.387262344	0.364593012
5.865574000	-5.379530430	0.363910543
5.865575000	-5.379677773	0.362453295
5.865576000	-5.371315479	0.360576965
5.865577000	-5.366196632	0.358528661
5.865578000	-5.359624386	0.357048975
5.865579000	-5.358926773	0.356513181
5.865580000	-5.352110386	0.355739066
5.865581000	-5.343520641	0.354351593
5.865582000	-5.346857548	0.352326592
5.865583000	-5.339540958	0.351575613
5.865584000	-5.334989071	0.351003134
5.865585000	-5.334903717	0.349321048
5.865586000	-5.325014114	0.348320465
5.865587000	-5.322156429	0.345720088
5.865588000	-5.320333004	0.344628292
5.865589000	-5.311438560	0.344443568
5.865590000	-5.306744576	0.341878212
5.865591000	-5.298735619	0.341003530
5.865592000	-5.298349380	0.339291816
5.865593000	-5.295916080	0.338038566
5.865594000	-5.291528702	0.336008405
5.865595000	-5.289877892	0.335252467
5.865596000	-5.283552170	0.335204863
5.865597000	-5.280435562	0.333734099
5.865598000	-5.275129318	0.331704237
5.865599000	-5.270378590	0.331774977
5.865600000	-5.267004967	0.329680701
5.865601000	-5.263472557	0.327578235
5.865602000	-5.260617256	0.328682182
5.865603000	-5.253872871	0.324078242
5.865604000	-5.241929531	0.323632429
5.865605000	-5.248629093	0.322817968
5.865606000	-5.246271610	0.322907017
5.865607000	-5.241583347	0.319882132
5.865608000	-5.239665508	0.319289213
5.865609000	-5.238005638	0.319379660
5.865610000	-5.237792015	0.316328410
5.865611000	-5.226049423	0.315470040
5.865612000	-5.225232124	0.314640998
5.865613000	-5.218051434	0.313377561
5.865614000	-5.217297077	0.310552713
5.865615000	-5.216259003	0.311729397
5.865616000	-5.211116314	0.310104203
5.865617000	-5.208202362	0.309305987
5.865618000	-5.204127789	0.307801601
5.865619000	-5.203324795	0.304972458
5.865620000	-5.194562912	0.304777615
5.865621000	-5.186163425	0.303196463
5.865622000	-5.182115078	0.302314091
5.865623000	-5.180413723	0.301123624
5.865624000	-5.179676533	0.300940832
5.865625000	-5.180982113	0.299179051
5.865626000	-5.175818443	0.297797003
5.865627000	-5.171442509	0.296498812
5.865628000	-5.171510220	0.295949901
5.865629000	-5.168750286	0.294280499
5.865630000	-5.160820484	0.294019709
5.865631000	-5.153969288	0.292241916
5.865632000	-5.155193806	0.291921038
5.865633000	-5.159008980	0.290356264
5.865634000	-5.145129681	0.289471462
5.865635000	-5.151433468	0.288070340
5.865636000	-5.149845600	0.287624194
5.865637000	-5.145712852	0.284548243
5.865638000	-5.138092995	0.284166712
5.865639000	-5.138731480	0.283164631
5.865640000	-5.136385918	0.282310788
5.865641000	-5.127789974	0.281729387
5.865642000	-5.128538132	0.280577803
5.865643000	-5.120370388	0.279813309
5.865644000	-5.121187210	0.277611774
5.865645000	-5.117685318	0.276733496
5.865646000	-5.121201515	0.275925543
5.865647000	-5.110080242	0.273637322
5.865648000	-5.112594128	0.273563652
5.865649000	-5.108528614	0.271696210
5.865650000	-5.112568855	0.272504147
5.865651000	-5.106450558	0.271112562
5.865652000	-5.107993603	0.270049395
5.865653000	-5.096075535	0.269295271
5.865654000	-5.104604244	0.267154222
5.865655000	-5.094856262	0.266458372
5.865656000	-5.088119507	0.265510120
5.865657000	-5.084983826	0.263613700
5.865658000	-5.081561565	0.261960326
5.865659000	-5.080671787	0.261995297
5.865660000	-5.079347134	0.260678264
5.865661000	-5.077618122	0.260530175
5.865662000	-5.075376511	0.258666245
5.865663000	-5.075027466	0.258043865
5.865664000	-5.069006920	0.257443488
5.865665000	-5.070957661	0.256385597
5.865666000	-5.076034069	0.254524614
5.865667000	-5.061799049	0.252759337
5.865668000	-5.064359665	0.253239838
5.865669000	-5.059264183	0.252151488
5.865670000	-5.055863857	0.250157246
5.865671000	-5.057039261	0.248935055
5.865672000	-5.057300568	0.248503723
5.865673000	-5.050141335	0.247863149
5.865674000	-5.046910286	0.247163004
5.865675000	-5.053710937	0.246906076
5.865676000	-5.044187546	0.244544617
5.865677000	-5.049260139	0.244583882
5.865678000	-5.038207054	0.242409028
5.865679000	-5.040757656	0.241885401
5.865680000	-5.044881821	0.240265899
5.865681000	-5.027997494	0.238690323
5.865682000	-5.031108379	0.237760164
5.865683000	-5.026919365	0.237936366
5.865684000	-5.027612686	0.237055342
5.865685000	-5.022467613	0.237089447
5.865686000	-5.024541855	0.235660661
5.865687000	-5.022519112	0.233538322
5.865688000	-5.025873184	0.234043806
5.865689000	-5.014334202	0.232607747
5.865690000	-5.010899067	0.232203762
5.865691000	-5.016445637	0.230624241
5.865692000	-5.009504318	0.230123750
5.865693000	-5.019554615	0.228683862
5.865694000	-5.003177166	0.228905171
5.865695000	-5.008204460	0.227404762
5.865696000	-5.002076149	0.226742184
5.865697000	-4.996731281	0.225180740
5.865698000	-4.995853424	0.224860378
5.865699000	-4.997274399	0.223512735
5.865700000	-4.998250008	0.222001824
5.865701000	-4.993467331	0.221323917
5.865702000	-4.995917320	0.221725788
5.865703000	-4.988314152	0.220530128
5.865704000	-4.989324093	0.219427929
5.865705000	-4.985381126	0.218726985
5.865706000	-4.984687328	0.217318572
5.865707000	-4.980124950	0.216326062
5.865708000	-4.983353138	0.215337663
5.865709000	-4.973189354	0.215748556
5.865710000	-4.973126888	0.213491010
5.865711000	-4.975205421	0.211985059
5.865712000	-4.971368313	0.211778315
5.865713000	-4.972818375	0.210469338
5.865714000	-4.969435215	0.211045663
5.865715000	-4.971930027	0.210286662
5.865716000	-4.965007305	0.209105583
5.865717000	-4.963233471	0.206701082
5.865718000	-4.960534573	0.206892097
5.865719000	-4.969643116	0.206760553
5.865720000	-4.962691307	0.205562514
5.865721000	-4.961707592	0.205727197
5.865722000	-4.960176468	0.204232231
5.865723000	-4.953639984	0.203645537
5.865724000	-4.959148407	0.201862218
5.865725000	-4.959619522	0.202347479
5.865726000	-4.959966660	0.200970675
5.865727000	-4.953937531	0.200000502
5.865728000	-4.945926189	0.199124305
5.865729000	-4.942772388	0.198701811
5.865730000	-4.946860790	0.197478122
5.865731000	-4.949822903	0.197388041
5.865732000	-4.945779800	0.196600228
5.865733000	-4.943327427	0.195105778
5.865734000	-4.934470177	0.194893324
5.865735000	-4.938127518	0.193724163
5.865736000	-4.939584255	0.193329882
5.865737000	-4.942162037	0.192209474
5.865738000	-4.936881065	0.190506299
5.865739000	-4.936563492	0.190536393
5.865740000	-4.933681488	0.190307261
5.865741000	-4.935104370	0.188722897
5.865742000	-4.929655552	0.187058904
5.865743000	-4.932789803	0.187284174
5.865744000	-4.930860519	0.186793453
5.865745000	-4.928372860	0.185724743
5.865746000	-4.928258896	0.185048234
5.865747000	-4.925146580	0.183693234
5.865748000	-4.923118591	0.183348271
5.865749000	-4.920623779	0.183113797
5.865750000	-4.927900314	0.182492548
5.865751000	-4.917770863	0.181685627
5.865752000	-4.911155701	0.180694531
5.865753000	-4.918562889	0.180361653
5.865754000	-4.913478374	0.179706998
5.865755000	-4.913218021	0.178317277
5.865756000	-4.912183762	0.178284520
5.865757000	-4.912721634	0.176928788
5.865758000	-4.909139633	0.177311751
5.865759000	-4.909311771	0.175162846
5.865760000	-4.913872719	0.175278311
5.865761000	-4.915657997	0.175145719
5.865762000	-4.908752441	0.173697541
5.865763000	-4.906663418	0.173410769
5.865764000	-4.904348850	0.172469691
5.865765000	-4.904549599	0.170996281
5.865766000	-4.905828953	0.172077740
5.865767000	-4.903408051	0.169843015
5.865768000	-4.896884441	0.169947028
5.865769000	-4.899839878	0.169873176
5.865770000	-4.902083397	0.169149245
5.865771000	-4.897595882	0.167453377
5.865772000	-4.900784492	0.167108748
5.865773000	-4.896998405	0.166831796
5.865774000	-4.892118454	0.165770526
5.865775000	-4.892502785	0.164738984
5.865776000	-4.892004967	0.164292289
5.865777000	-4.893342495	0.164734390
5.865778000	-4.889340878	0.162656858
5.865779000	-4.889285088	0.161768877
5.865780000	-4.889605045	0.161266388
5.865781000	-4.890184879	0.161488662
5.865782000	-4.888063908	0.161102321
5.865783000	-4.895503521	0.160717727
5.865784000	-4.894966125	0.160039919
5.865785000	-4.889856815	0.158899654
5.865786000	-4.885195732	0.159457553
5.865787000	-4.889102936	0.158781176
5.865788000	-4.890010834	0.156763948
5.865789000	-4.882856846	0.156030380
5.865790000	-4.884712219	0.155664695
5.865791000	-4.887549877	0.155280101
5.865792000	-4.881073475	0.154838949
5.865793000	-4.878851891	0.153799900
5.865794000	-4.882032871	0.153728594
5.865795000	-4.878327370	0.152192482
5.865796000	-4.880894184	0.152125238
5.865797000	-4.879931450	0.151449760
5.865798000	-4.881531239	0.150936636
5.865799000	-4.877254963	0.150159159
5.865800000	-4.875619888	0.149628874
5.865801000	-4.875990868	0.149176552
5.865802000	-4.874938965	0.148189901
5.865803000	-4.874718189	0.148706871
5.865804000	-4.868494511	0.147673081
5.865805000	-4.875846863	0.147159973
5.865806000	-4.863421917	0.146519467
5.865807000	-4.867241383	0.145823183
5.865808000	-4.876310825	0.145694319
5.865809000	-4.869518757	0.145009105
5.865810000	-4.862796307	0.144183308
5.865811000	-4.873136997	0.143063449
5.865812000	-4.871450901	0.142418665
5.865813000	-4.869409561	0.141977828
5.865814000	-4.871590614	0.141618485
5.865815000	-4.860787392	0.140724445
5.865816000	-4.864345074	0.140052446
5.865817000	-4.857979774	0.140915293
5.865818000	-4.865457535	0.139089705
5.865819000	-4.861858368	0.138881995
5.865820000	-4.867361546	0.138600307
5.865821000	-4.863327980	0.137754962
5.865822000	-4.865728855	0.137520163
5.865823000	-4.864714146	0.136977826
5.865824000	-4.859396458	0.135436447
5.865825000	-4.857604980	0.134994088
5.865826000	-4.855669498	0.134851217
5.865827000	-4.857008457	0.134187100
5.865828000	-4.856304169	0.133577569
5.865829000	-4.855942726	0.133711934
5.865830000	-4.857928276	0.132717967
5.865831000	-4.861054420	0.132603884
5.865832000	-4.858331680	0.131622467
5.865833000	-4.849295139	0.131317810
5.865834000	-4.850724220	0.130684977
5.865835000	-4.849927425	0.130123541
5.865836000	-4.855515957	0.129686399
5.865837000	-4.858645439	0.129316395
5.865838000	-4.856220722	0.129320023
5.865839000	-4.853453159	0.128561022
5.865840000	-4.850531578	0.127710092
5.865841000	-4.849769115	0.127969401
5.865842000	-4.849446297	0.126785401
5.865843000	-4.853970528	0.126314762
5.865844000	-4.848969936	0.125977190
5.865845000	-4.845478535	0.125450966
5.865846000	-4.841828346	0.124425882
5.865847000	-4.850880146	0.124057708
5.865848000	-4.850797176	0.123586362
5.865849000	-4.848165035	0.122983073
5.865850000	-4.851894855	0.123218971
5.865851000	-4.852983952	0.123096058
5.865852000	-4.845727444	0.121921978
5.865853000	-4.842437744	0.121390844
5.865854000	-4.849168777	0.121976573
5.865855000	-4.847002983	0.120362489
5.865856000	-4.842638969	0.119255971
5.865857000	-4.846869946	0.119276777
5.865858000	-4.842642784	0.118872700
5.865859000	-4.842534542	0.119125334
5.865860000	-4.847342014	0.118628838
5.865861000	-4.842819214	0.116903742
5.865862000	-4.841072083	0.117919913
5.865863000	-4.845938206	0.117297640
5.865864000	-4.843979836	0.115734281
5.865865000	-4.842219353	0.115630826
5.865866000	-4.838613987	0.114938987
5.865867000	-4.838755608	0.114908327
5.865868000	-4.838573456	0.113264532
5.865869000	-4.834729195	0.114367314
5.865870000	-4.840654850	0.113695049
5.865871000	-4.841695786	0.112670365
5.865872000	-4.839349747	0.112496410
5.865873000	-4.838766098	0.111876892
5.865874000	-4.837366104	0.111335655
5.865875000	-4.836164474	0.111211185
5.865876000	-4.839678764	0.110556381
5.865877000	-4.840253353	0.110378365
5.865878000	-4.832005978	0.109245098
5.865879000	-4.834290981	0.108749667
5.865880000	-4.824438572	0.109087256
5.865881000	-4.826052189	0.108313050
5.865882000	-4.837415218	0.107590510
5.865883000	-4.831357479	0.107042032
5.865884000	-4.826513767	0.106787092
5.865885000	-4.831222057	0.106416455
5.865886000	-4.830509186	0.105712557
5.865887000	-4.836129189	0.105599314
5.865888000	-4.831559658	0.105170670
5.865889000	-4.835215092	0.104056062
5.865890000	-4.831835270	0.104085781
5.865891000	-4.828207016	0.104335744
5.865892000	-4.828628540	0.103090791
5.865893000	-4.832139015	0.103635316
5.865894000	-4.829377174	0.102530678
5.865895000	-4.829171181	0.102662563
5.865896000	-4.830042839	0.100552407
5.865897000	-4.827817440	0.100674214
5.865898000	-4.831352711	0.100876489
5.865899000	-4.828104973	0.099471830
5.865900000	-4.828685284	0.100349491
5.865901000	-4.825777054	0.099397253
5.865902000	-4.826892853	0.098859369
5.865903000	-4.820053577	0.098375639
5.865904000	-4.826029778	0.098320812
5.865905000	-4.824652672	0.097849257
5.865906000	-4.823873997	0.096389146
5.865907000	-4.820870399	0.096196383
5.865908000	-4.820924759	0.095689109
5.865909000	-4.821786880	0.095192862
5.865910000	-4.826302052	0.094573111
5.865911000	-4.819808006	0.095254548
5.865912000	-4.824140072	0.094934053
5.865913000	-4.819728374	0.093945371
5.865914000	-4.821130276	0.093428543
5.865915000	-4.819462776	0.092950064
5.865916000	-4.819173813	0.092603862
5.865917000	-4.820900440	0.092473900
5.865918000	-4.817656994	0.092273106
5.865919000	-4.816537857	0.091254338
5.865920000	-4.821962357	0.091056965
5.865921000	-4.816695690	0.091737918
5.865922000	-4.822827816	0.090597345
5.865923000	-4.820349693	0.090088897
5.865924000	-4.824357986	0.089734372
5.865925000	-4.817493916	0.089325860
5.865926000	-4.817705154	0.088630875
5.865927000	-4.815440655	0.088377176
5.865928000	-4.822927475	0.088325760
5.865929000	-4.818933487	0.088134545
5.865930000	-4.821029186	0.087959309
5.865931000	-4.821037769	0.087175607
5.865932000	-4.820083141	0.085921017
5.865933000	-4.818759918	0.085760079
5.865934000	-4.817599773	0.086052752
5.865935000	-4.810369492	0.085551337
5.865936000	-4.813627720	0.085064078
5.865937000	-4.811785698	0.085418662
5.865938000	-4.818027496	0.084185085
5.865939000	-4.814238548	0.083981820
5.865940000	-4.814156532	0.083773868
5.865941000	-4.815401077	0.082555572
5.865942000	-4.816706657	0.082523572
5.865943000	-4.814036846	0.082045069
5.865944000	-4.813074112	0.082262824
5.865945000	-4.815404415	0.082201979
5.865946000	-4.813293934	0.081578766
5.865947000	-4.812759876	0.081064035
5.865948000	-4.808086395	0.080573614
5.865949000	-4.808725357	0.080487494
5.865950000	-4.808196545	0.079756615
5.865951000	-4.812282562	0.079127177
5.865952000	-4.814830780	0.079454504
5.865953000	-4.808449745	0.078219014
5.865954000	-4.807814121	0.078258520
5.865955000	-4.810094357	0.078274466
5.865956000	-4.813194752	0.077851680
5.865957000	-4.816185951	0.077221710
5.865958000	-4.809161186	0.077431575
5.865959000	-4.813935757	0.076667106
5.865960000	-4.811805248	0.077153957
5.865961000	-4.807504654	0.076426240
5.865962000	-4.809289455	0.075841377
5.865963000	-4.807938576	0.075229973
5.865964000	-4.808390141	0.075495682
5.865965000	-4.814729214	0.075554055
5.865966000	-4.804879189	0.074751927
5.865967000	-4.808947086	0.073905325
5.865968000	-4.801019192	0.073937050
5.865969000	-4.809361935	0.073287031
5.865970000	-4.806228161	0.072512633
5.865971000	-4.809183121	0.072551532
5.865972000	-4.806559086	0.072657235
5.865973000	-4.806026459	0.072309983
5.865974000	-4.803500175	0.071574884
5.865975000	-4.806777000	0.070906314
5.865976000	-4.810080528	0.070116163
5.865977000	-4.809086323	0.070174012
5.865978000	-4.810220718	0.070402478
5.865979000	-4.807576180	0.069948742
5.865980000	-4.807598114	0.070380914
5.865981000	-4.804075241	0.069390743
5.865982000	-4.803924084	0.069644467
5.865983000	-4.811642647	0.069379337
5.865984000	-4.805917740	0.068357649
5.865985000	-4.806229591	0.068695866
5.865986000	-4.805801392	0.067670794
5.865987000	-4.802851677	0.067675039
5.865988000	-4.794145107	0.066899801
5.865989000	-4.809024811	0.066391774
5.865990000	-4.809680462	0.066604951
5.865991000	-4.803441048	0.066513659
5.865992000	-4.807971478	0.065849013
5.865993000	-4.804133892	0.065941654
5.865994000	-4.801857948	0.065658897
5.865995000	-4.800369740	0.065932075
5.865996000	-4.800245285	0.064660074
5.865997000	-4.802495956	0.064536886
5.865998000	-4.800902843	0.063110480
5.865999000	-4.806170940	0.063690192
5.866000000	-4.799006462	0.063884824
5.866001000	-4.805014610	0.062706883
5.866002000	-4.794660568	0.062883854
5.866003000	-4.802267551	0.062523449
5.866004000	-4.801661015	0.061822859
5.866005000	-4.798388004	0.061334843
5.866006000	-4.797923565	0.062851838
5.866007000	-4.799359798	0.061941349
5.866008000	-4.801241398	0.060612539
5.866009000	-4.799889565	0.061266928
5.866010000	-4.797021389	0.060304437
5.866011000	-4.806883335	0.060289307
5.866012000	-4.796898842	0.060357629
5.866013000	-4.797869205	0.059931224
5.866014000	-4.799201488	0.059876504
5.866015000	-4.806627750	0.058434552
5.866016000	-4.804628849	0.058993100
5.866017000	-4.798800945	0.058375526
5.866018000	-4.807325363	0.058831276
5.866019000	-4.800485611	0.058223314
5.866020000	-4.798589706	0.058331879
5.866021000	-4.800189495	0.056631047
5.866022000	-4.807771206	0.057109280
5.866023000	-4.797062397	0.056909626
5.866024000	-4.803524494	0.057108427
5.866025000	-4.798093319	0.056314351
5.866026000	-4.801995277	0.056198109
5.866027000	-4.802431107	0.055146767
5.866028000	-4.799224377	0.055690036
5.866029000	-4.798368454	0.054747743
5.866030000	-4.804707527	0.054969147
5.866031000	-4.797976494	0.054734597
5.866032000	-4.799642563	0.054654611
5.866033000	-4.800756931	0.053906908
5.866034000	-4.806767464	0.053715701
5.866035000	-4.802955627	0.052854593
5.866036000	-4.801343918	0.053554921
5.866037000	-4.800838947	0.052587174
5.866038000	-4.797430992	0.052907798
5.866039000	-4.798710823	0.051773653
5.866040000	-4.796279430	0.052216649
5.866041000	-4.798204422	0.051654036
5.866042000	-4.800474644	0.051773554
5.866043000	-4.800346375	0.050552994
5.866044000	-4.796041489	0.050165383
5.866045000	-4.797393799	0.050853481
5.866046000	-4.798874855	0.050354513
5.866047000	-4.795289040	0.050350136
5.866048000	-4.801371098	0.050297838
5.866049000	-4.794803619	0.049225957
5.866050000	-4.792551517	0.049335009
5.866051000	-4.799854755	0.048800376
5.866052000	-4.792076111	0.048569767
5.866053000	-4.795012474	0.048316354
5.866054000	-4.799850941	0.048140236
5.866055000	-4.794880390	0.047324398
5.866056000	-4.795391560	0.048181890
5.866057000	-4.796394825	0.048068156
5.866058000	-4.801672459	0.047589911
5.866059000	-4.792002678	0.046319237
5.866060000	-4.798120975	0.046196545
5.866061000	-4.790994167	0.046061510
5.866062000	-4.794297695	0.045953340
5.866063000	-4.795131683	0.045667104
5.866064000	-4.791604042	0.045126008
5.866065000	-4.797020912	0.044639840
5.866066000	-4.796644688	0.044406996
5.866067000	-4.795325279	0.043893335
5.866068000	-4.796661377	0.044622579
5.866069000	-4.793457031	0.043925426
5.866070000	-4.794805050	0.043552425
5.866071000	-4.794298649	0.043963297
5.866072000	-4.794048309	0.043172126
5.866073000	-4.798962593	0.042831033
5.866074000	-4.795229912	0.042194662
5.866075000	-4.788393497	0.042740436
5.866076000	-4.796474457	0.042314700
5.866077000	-4.794169903	0.042016251
5.866078000	-4.796949387	0.042310552
5.866079000	-4.789563179	0.041773821
5.866080000	-4.793914318	0.041149946
5.866081000	-4.791155815	0.040906616
5.866082000	-4.797490597	0.041661281
5.866083000	-4.788640022	0.040739719
5.866084000	-4.794433117	0.039881029
5.866085000	-4.791577816	0.040015419
5.866086000	-4.795752525	0.039745898
5.866087000	-4.795776367	0.038691649
5.866088000	-4.795626163	0.039222550
5.866089000	-4.792942047	0.039142979
5.866090000	-4.793425083	0.038492581
5.866091000	-4.790621281	0.038211942
5.866092000	-4.785878181	0.037706212
5.866093000	-4.792215347	0.037821261
5.866094000	-4.790218353	0.037718242
5.866095000	-4.793651581	0.037817661
5.866096000	-4.799211979	0.037405716
5.866097000	-4.792336464	0.037129018
5.866098000	-4.791172504	0.036647789
5.866099000	-4.792241573	0.035767177
5.866100000	-4.794531822	0.036612211
5.866101000	-4.789758682	0.034825731
5.866102000	-4.790844440	0.036206840
5.866103000	-4.789877415	0.035654068
5.866104000	-4.784816265	0.035558211
5.866105000	-4.792748451	0.035146994
5.866106000	-4.785437584	0.034488492
5.866107000	-4.788502693	0.034011291
5.866108000	-4.800996780	0.033456773
5.866109000	-4.792896271	0.034097103
5.866110000	-4.792136669	0.034113071
5.866111000	-4.790469170	0.034038607
5.866112000	-4.790945053	0.033744935
5.866113000	-4.791621685	0.033008103
5.866114000	-4.793203354	0.032589753
5.866115000	-4.789983749	0.032887380
5.866116000	-4.791342258	0.032510988
5.866117000	-4.795061111	0.032389161
5.866118000	-4.789316177	0.032008063
5.866119000	-4.785655499	0.031275209
5.866120000	-4.793147087	0.031159948
5.866121000	-4.787077904	0.031020009
5.866122000	-4.786551476	0.031179239
5.866123000	-4.784185410	0.031238853
5.866124000	-4.787414074	0.030308146
5.866125000	-4.798637867	0.030166982
5.866126000	-4.788549900	0.030309748
5.866127000	-4.791165829	0.030471725
5.866128000	-4.790339947	0.029811115
5.866129000	-4.782774925	0.029639549
5.866130000	-4.787749290	0.029089973
5.866131000	-4.793055534	0.028796584
5.866132000	-4.788762569	0.028474113
5.866133000	-4.786440849	0.028946539
5.866134000	-4.788022995	0.027985647
5.866135000	-4.789444447	0.027917183
5.866136000	-4.791029453	0.027668735
5.866137000	-4.782806873	0.027505823
5.866138000	-4.790599823	0.027283904
5.866139000	-4.786567211	0.027212819
5.866140000	-4.786952972	0.026937155
5.866141000	-4.789359570	0.026450137
5.866142000	-4.791217327	0.026793924
5.866143000	-4.789151669	0.025392719
5.866144000	-4.784909725	0.025986999
5.866145000	-4.791761398	0.025890836
5.866146000	-4.787426472	0.025444682
5.866147000	-4.789232731	0.025148066
5.866148000	-4.788257599	0.024778359
5.866149000	-4.788265228	0.025050808
5.866150000	-4.793489456	0.024346357
5.866151000	-4.785126686	0.024599598
5.866152000	-4.783146858	0.023768802
5.866153000	-4.785452843	0.023881129
5.866154000	-4.776582718	0.022751265
5.866155000	-4.789011002	0.023945131
5.866156000	-4.790020943	0.023782561
5.866157000	-4.787967205	0.022962224
5.866158000	-4.786350250	0.022730371
5.866159000	-4.794262409	0.022158395
5.866160000	-4.792803764	0.021747396
5.866161000	-4.790046215	0.021916655
5.866162000	-4.778460026	0.022393394
5.866163000	-4.786024094	0.022292722
5.866164000	-4.793028355	0.021073652
5.866165000	-4.790426254	0.021789574
5.866166000	-4.785712242	0.020716959
5.866167000	-4.784391880	0.021060363
5.866168000	-4.785374641	0.020583826
5.866169000	-4.786746979	0.020376218
5.866170000	-4.786283016	0.020018903
5.866171000	-4.787527561	0.019841141
5.866172000	-4.788266659	0.020453964
5.866173000	-4.784178734	0.018840408
5.866174000	-4.786802292	0.019574719
5.866175000	-4.786541939	0.019409101
5.866176000	-4.791738033	0.018968506
5.866177000	-4.787017822	0.019122531
5.866178000	-4.789037228	0.018586549
5.866179000	-4.783280373	0.018845722
5.866180000	-4.789032936	0.018021008
5.866181000	-4.785948277	0.018230484
5.866182000	-4.792387962	0.017593009
5.866183000	-4.786450863	0.017386381
5.866184000	-4.786649227	0.017654854
5.866185000	-4.785101414	0.017263502
5.866186000	-4.783240318	0.016764993
5.866187000	-4.789176941	0.017477644
5.866188000	-4.789400101	0.016737295
5.866189000	-4.788846493	0.016556263
5.866190000	-4.786914825	0.016056294
5.866191000	-4.788367271	0.016751928
5.866192000	-4.790040016	0.015398676
5.866193000	-4.789271832	0.015661845
5.866194000	-4.782408714	0.015410546
5.866195000	-4.782749176	0.015634126
5.866196000	-4.785294056	0.014370688
5.866197000	-4.787961006	0.014628777
5.866198000	-4.787270069	0.014971342
5.866199000	-4.784228325	0.014454384
5.866200000	-4.787364960	0.014034499
5.866201000	-4.786186695	0.013852900
5.866202000	-4.785953999	0.013991976
5.866203000	-4.789620876	0.013753721
5.866204000	-4.782417774	0.013772048
5.866205000	-4.791133404	0.013604622
5.866206000	-4.788116455	0.013414465
5.866207000	-4.782155991	0.013264403
5.866208000	-4.790675163	0.013164154
5.866209000	-4.790812492	0.012344223
5.866210000	-4.788376331	0.011959575
5.866211000	-4.785865784	0.012167604
5.866212000	-4.784642220	0.011621284
5.866213000	-4.785190582	0.011217995
5.866214000	-4.782775879	0.010719496
5.866215000	-4.784799099	0.011879595
5.866216000	-4.781642914	0.011297141
5.866217000	-4.790363312	0.011643907
5.866218000	-4.790492058	0.010849522
5.866219000	-4.783352852	0.010788491
5.866220000	-4.784178257	0.010488344
5.866221000	-4.791357517	0.010071925
5.866222000	-4.785678387	0.009927584
5.866223000	-4.789062500	0.010169973
5.866224000	-4.785543919	0.009997442
5.866225000	-4.789324760	0.009261864
5.866226000	-4.795016289	0.009567540
5.866227000	-4.789008141	0.009520322
5.866228000	-4.786835670	0.008718454
5.866229000	-4.789927959	0.009181219
5.866230000	-4.787919044	0.008811441
5.866231000	-4.782115936	0.008344292
5.866232000	-4.784205437	0.008431597
5.866233000	-4.784138680	0.007982815
5.866234000	-4.792240620	0.009140453
5.866235000	-4.788738251	0.008235586
5.866236000	-4.789544106	0.007231504
5.866237000	-4.784702301	0.007377172
5.866238000	-4.788528442	0.007090728
5.866239000	-4.789111137	0.006443196
5.866240000	-4.779531002	0.006911380
5.866241000	-4.785612583	0.006665370
5.866242000	-4.784120560	0.006820139
5.866243000	-4.786174297	0.006247532
5.866244000	-4.783995628	0.006382818
5.866245000	-4.785566330	0.005736129
5.866246000	-4.778116226	0.005515913
5.866247000	-4.786605358	0.005135310
5.866248000	-4.781079292	0.005794825
5.866249000	-4.788101673	0.005532455
5.866250000	-4.784445286	0.005613689
5.866251000	-4.785630703	0.004658511
5.866252000	-4.788861752	0.005465236
5.866253000	-4.786253929	0.004118035
5.866254000	-4.788860798	0.004203297
5.866255000	-4.783635616	0.004335662
5.866256000	-4.788588524	0.004021062
5.866257000	-4.788566589	0.003385849
5.866258000	-4.785519123	0.003430762
5.866259000	-4.789459705	0.004206754
5.866260000	-4.787127018	0.002902669
5.866261000	-4.791093349	0.003017765
5.866262000	-4.787315369	0.003727328
5.866263000	-4.784313202	0.003075711
5.866264000	-4.787438869	0.002979942
5.866265000	-4.786577702	0.002513937
5.866266000	-4.789626122	0.002899402
5.866267000	-4.786004066	0.001971795
5.866268000	-4.784650326	0.002661501
5.866269000	-4.781069279	0.002787639
5.866270000	-4.781986713	0.001680643
5.866271000	-4.782887459	0.002057359
5.866272000	-4.789918900	0.001359522
5.866273000	-4.783623695	0.001386592
5.866274000	-4.789062977	0.001383878
5.866275000	-4.785719872	0.001226726
5.866276000	-4.787350655	0.000890347
5.866277000	-4.788134575	0.000589055
5.866278000	-4.790432453	0.000452795
5.866279000	-4.781239033	0.000968825
5.866280000	-4.786672592	0.000333108
5.866281000	-4.785474777	-0.000114986
5.866282000	-4.785400391	-0.000425984
5.866283000	-4.791037083	0.000209774
5.866284000	-4.785776138	-0.000779000
5.866285000	-4.789529324	-0.000934014
5.866286000	-4.782677650	-0.000662833
5.866287000	-4.786268234	-0.000388269
5.866288000	-4.785129547	-0.000708200
5.866289000	-4.789946556	-0.001184534
5.866290000	-4.782329559	-0.001847693
5.866291000	-4.785076141	-0.001509898
5.866292000	-4.787882805	-0.001676238
5.866293000	-4.783485889	-0.001429100
5.866294000	-4.783379555	-0.002060019
5.866295000	-4.784054756	-0.002496699
5.866296000	-4.788661003	-0.002713171
5.866297000	-4.790463924	-0.002698132
5.866298000	-4.784964085	-0.002799883
5.866299000	-4.782890320	-0.002923379
5.866300000	-4.788293362	-0.002940640
5.866301000	-4.784272194	-0.003189881
5.866302000	-4.780267715	-0.003248565
5.866303000	-4.782087326	-0.003378982
5.866304000	-4.784210682	-0.003478349
5.866305000	-4.786393166	-0.003521115
5.866306000	-4.790031433	-0.003981632
5.866307000	-4.791875362	-0.004702674
5.866308000	-4.783140182	-0.004997769
5.866309000	-4.788952827	-0.004068146
5.866310000	-4.790310383	-0.004297703
5.866311000	-4.787716389	-0.005127332
5.866312000	-4.784642696	-0.005134756
5.866313000	-4.785820961	-0.005382533
5.866314000	-4.789522171	-0.004413000
5.866315000	-4.786489010	-0.005327705
5.866316000	-4.786815166	-0.005621950
5.866317000	-4.790322304	-0.006634520
5.866318000	-4.787968159	-0.005838609
5.866319000	-4.785145760	-0.005798014
5.866320000	-4.784084320	-0.005816404
5.866321000	-4.789380074	-0.005934160
5.866322000	-4.784896851	-0.006616141
5.866323000	-4.784949780	-0.006630379
5.866324000	-4.791202545	-0.006816081
5.866325000	-4.783672333	-0.006628551
5.866326000	-4.793540955	-0.006486023
5.866327000	-4.793072224	-0.006721782
5.866328000	-4.788345814	-0.007094998
5.866329000	-4.785352230	-0.007327225
5.866330000	-4.789094925	-0.007578261
5.866331000	-4.790525436	-0.007756306
5.866332000	-4.789439201	-0.007792931
5.866333000	-4.793831825	-0.008159286
5.866334000	-4.786846638	-0.008715869
5.866335000	-4.792137623	-0.009147651
5.866336000	-4.786636829	-0.008291138
5.866337000	-4.792015076	-0.008635491
5.866338000	-4.788251877	-0.008697347
5.866339000	-4.785933495	-0.009272111
5.866340000	-4.783664227	-0.008829654
5.866341000	-4.787181377	-0.009853719
5.866342000	-4.786506176	-0.009725392
5.866343000	-4.789628983	-0.009632019
5.866344000	-4.792460442	-0.009700716
5.866345000	-4.796175003	-0.010282989
5.866346000	-4.787949562	-0.009843877
5.866347000	-4.792399883	-0.009961655
5.866348000	-4.785641670	-0.010233854
5.866349000	-4.786130428	-0.010475507
5.866350000	-4.792158604	-0.010812731
5.866351000	-4.793154716	-0.010371304
5.866352000	-4.787857056	-0.010947561
5.866353000	-4.786723137	-0.011448871
5.866354000	-4.784091473	-0.011117415
5.866355000	-4.788543701	-0.011023090
5.866356000	-4.790061474	-0.011781977
5.866357000	-4.785379410	-0.012703308
5.866358000	-4.792103291	-0.012362538
5.866359000	-4.784588337	-0.011946493
5.866360000	-4.785654545	-0.011779674
5.866361000	-4.790003300	-0.011824428
5.866362000	-4.788664818	-0.012258028
5.866363000	-4.788188934	-0.012379604
5.866364000	-4.786745548	-0.012665159
5.866365000	-4.790148735	-0.012623493
5.866366000	-4.787630081	-0.012888054
5.866367000	-4.781194210	-0.013381732
5.866368000	-4.789794445	-0.013178087
5.866369000	-4.793602943	-0.013460602
5.866370000	-4.783887863	-0.013793835
5.866371000	-4.783596039	-0.013305568
5.866372000	-4.789425373	-0.013298146
5.866373000	-4.784511089	-0.014518078
5.866374000	-4.783042908	-0.014302251
5.866375000	-4.780338764	-0.013894396
5.866376000	-4.790395260	-0.013659242
5.866377000	-4.792080879	-0.013649217
5.866378000	-4.795135498	-0.014448492
5.866379000	-4.788863182	-0.014295398
5.866380000	-4.787326813	-0.014916972
5.866381000	-4.784965515	-0.015294467
5.866382000	-4.783081532	-0.015006248
5.866383000	-4.790675640	-0.014834788
5.866384000	-4.793058872	-0.015308578
5.866385000	-4.786989689	-0.015281055
5.866386000	-4.791025639	-0.015688986
5.866387000	-4.790128708	-0.015149577
5.866388000	-4.790303230	-0.016464485
5.866389000	-4.784908772	-0.016048339
5.866390000	-4.787901402	-0.015756691
5.866391000	-4.792388916	-0.016420063
5.866392000	-4.783005238	-0.016620446
5.866393000	-4.783538342	-0.016641080
5.866394000	-4.789568901	-0.016958649
5.866395000	-4.790014267	-0.017041987
5.866396000	-4.782617092	-0.016435940
5.866397000	-4.790999413	-0.016315848
5.866398000	-4.780759335	-0.017352275
5.866399000	-4.786803246	-0.018159594
5.866400000	-4.791596413	-0.017939199
5.866401000	-4.783691406	-0.018102338
5.866402000	-4.785574436	-0.018373602
5.866403000	-4.787655830	-0.017399205
5.866404000	-4.790824413	-0.018434640
5.866405000	-4.792833328	-0.018493222
5.866406000	-4.791668415	-0.017922562
5.866407000	-4.783100128	-0.018784057
5.866408000	-4.786748886	-0.018865916
5.866409000	-4.788609982	-0.018443356
5.866410000	-4.792225838	-0.019156041
5.866411000	-4.785685539	-0.019281551
5.866412000	-4.790695667	-0.019334077
5.866413000	-4.786014080	-0.019331239
5.866414000	-4.795486450	-0.019836027
5.866415000	-4.789307117	-0.019091642
5.866416000	-4.788011551	-0.020241539
5.866417000	-4.797336578	-0.019872364
5.866418000	-4.787975311	-0.020274799
5.866419000	-4.792212963	-0.020254326
5.866420000	-4.784011364	-0.020432165
5.866421000	-4.787570000	-0.020278857
5.866422000	-4.789959908	-0.020014902
5.866423000	-4.783591747	-0.020305946
5.866424000	-4.794413567	-0.020295218
5.866425000	-4.788775444	-0.021452944
5.866426000	-4.789514542	-0.021100034
5.866427000	-4.787508965	-0.021514861
5.866428000	-4.793379307	-0.021503594
5.866429000	-4.791861057	-0.021205243
5.866430000	-4.788077831	-0.021687311
5.866431000	-4.788311481	-0.021914672
5.866432000	-4.786767483	-0.021927497
5.866433000	-4.788741589	-0.022691570
5.866434000	-4.789868355	-0.022502796
5.866435000	-4.788972855	-0.022282669
5.866436000	-4.790162086	-0.022411976
5.866437000	-4.788908958	-0.022313374
5.866438000	-4.787990570	-0.023164487
5.866439000	-4.789952278	-0.022897607
5.866440000	-4.789383888	-0.022482791
5.866441000	-4.788420677	-0.023454358
5.866442000	-4.788876534	-0.022869561
5.866443000	-4.789886475	-0.022784011
5.866444000	-4.791133404	-0.023614037
5.866445000	-4.788790226	-0.023801016
5.866446000	-4.788571835	-0.023624996
5.866447000	-4.791293144	-0.023945318
5.866448000	-4.786931992	-0.024400117
5.866449000	-4.789011002	-0.024228483
5.866450000	-4.795068741	-0.024405639
5.866451000	-4.788202286	-0.024922095
5.866452000	-4.788496494	-0.024357105
5.866453000	-4.786914349	-0.024617953
5.866454000	-4.791143417	-0.024663947
5.866455000	-4.792392254	-0.024956372
5.866456000	-4.795023918	-0.025107904
5.866457000	-4.793628216	-0.025201641
5.866458000	-4.789336205	-0.024986560
5.866459000	-4.786832333	-0.026011997
5.866460000	-4.792321205	-0.025428095
5.866461000	-4.790880680	-0.025692951
5.866462000	-4.798710346	-0.026156195
5.866463000	-4.792263031	-0.025556362
5.866464000	-4.794145584	-0.026108023
5.866465000	-4.795275211	-0.025842356
5.866466000	-4.788709164	-0.025622635
5.866467000	-4.794509411	-0.025956029
5.866468000	-4.788000584	-0.026501765
5.866469000	-4.793062687	-0.026728456
5.866470000	-4.791287422	-0.026077592
5.866471000	-4.790545464	-0.026461778
5.866472000	-4.793728828	-0.027482308
5.866473000	-4.792899609	-0.027129543
5.866474000	-4.794118404	-0.028173221
5.866475000	-4.787706375	-0.027700485
5.866476000	-4.792107582	-0.027355995
5.866477000	-4.788304329	-0.027470536
5.866478000	-4.792553902	-0.027771165
5.866479000	-4.792196274	-0.027901537
5.866480000	-4.788419724	-0.027777059
5.866481000	-4.788730145	-0.028462969
5.866482000	-4.793900967	-0.027801785
5.866483000	-4.789301872	-0.028488202
5.866484000	-4.788802147	-0.028604123
5.866485000	-4.793147087	-0.028384574
5.866486000	-4.791971684	-0.028489902
5.866487000	-4.795107841	-0.028995079
5.866488000	-4.793221474	-0.028988879
5.866489000	-4.793683529	-0.029470984
5.866490000	-4.793723583	-0.029222977
5.866491000	-4.793180466	-0.029967609
5.866492000	-4.791612625	-0.029603068
5.866493000	-4.794705868	-0.030320669
5.866494000	-4.787444115	-0.030095707
5.866495000	-4.794106960	-0.030062826
5.866496000	-4.794294357	-0.029948518
5.866497000	-4.789244652	-0.030224600
5.866498000	-4.788135052	-0.029572527
5.866499000	-4.789123058	-0.030345092
5.866500000	-4.787767410	-0.030342068
5.866501000	-4.795151234	-0.030232802
5.866502000	-4.789768219	-0.031004896
5.866503000	-4.791643143	-0.030447885
5.866504000	-4.791306496	-0.031251546
5.866505000	-4.793883801	-0.030453309
5.866506000	-4.793591976	-0.031572721
5.866507000	-4.795881748	-0.032063446
5.866508000	-4.795200825	-0.031545628
5.866509000	-4.787107944	-0.031022695
5.866510000	-4.788681984	-0.031857551
5.866511000	-4.794696331	-0.031178734
5.866512000	-4.794075012	-0.031804572
5.866513000	-4.788924694	-0.031287615
5.866514000	-4.787346363	-0.032413569
5.866515000	-4.788837433	-0.032482214
5.866516000	-4.793839455	-0.032141845
5.866517000	-4.795609951	-0.032729049
5.866518000	-4.792614460	-0.032012981
5.866519000	-4.792755127	-0.032881752
5.866520000	-4.790535450	-0.033232801
5.866521000	-4.792607784	-0.033206664
5.866522000	-4.789829254	-0.033130852
5.866523000	-4.789474010	-0.033408892
5.866524000	-4.793569565	-0.033380286
5.866525000	-4.800640583	-0.033757702
5.866526000	-4.790207386	-0.033546109
5.866527000	-4.787063122	-0.033844040
5.866528000	-4.790817738	-0.033774253
5.866529000	-4.795459747	-0.033357907
5.866530000	-4.793558121	-0.034339317
5.866531000	-4.789813519	-0.034317046
5.866532000	-4.791671753	-0.034869973
5.866533000	-4.792580605	-0.034802761
5.866534000	-4.795032024	-0.034590218
5.866535000	-4.794263840	-0.035137585
5.866536000	-4.791127205	-0.035268879
5.866537000	-4.797360897	-0.035480226
5.866538000	-4.796497822	-0.035034242
5.866539000	-4.793095589	-0.035584347
5.866540000	-4.788474083	-0.034258526
5.866541000	-4.791281223	-0.035799119
5.866542000	-4.791894913	-0.035902466
5.866543000	-4.792497635	-0.034805843
5.866544000	-4.791015625	-0.035521950
5.866545000	-4.796956062	-0.035877295
5.866546000	-4.801878929	-0.035936742
5.866547000	-4.792062283	-0.036046243
