D:\KID metingen\Entropy ADR\LT343chip5_BF_20240530_mapping\S21\Power\KID67_100dBm_.dat
Power at KID:100dBm
resonance Frequency in GHz :5.945908
Q=22437.388678, Qc=23936.085335, Qi=358353.538498  S21min=-24.066788


Temperature in K:0.099984
GHz	dB	Rad
5.944852000	1.211941242	-0.037055760
5.944853000	1.205306292	-0.037544217
5.944854000	1.217448711	-0.037276341
5.944855000	1.200871587	-0.037965687
5.944856000	1.206504107	-0.037239464
5.944857000	1.190778852	-0.037051158
5.944858000	1.212003946	-0.038113988
5.944859000	1.204592586	-0.037796964
5.944860000	1.213582397	-0.038023004
5.944861000	1.209425926	-0.037829729
5.944862000	1.215673327	-0.037899525
5.944863000	1.207153916	-0.038603773
5.944864000	1.204832554	-0.039013217
5.944865000	1.214184999	-0.037267660
5.944866000	1.195659041	-0.037376492
5.944867000	1.202885628	-0.037392796
5.944868000	1.206529379	-0.037494949
5.944869000	1.203766465	-0.038021601
5.944870000	1.204961300	-0.040318078
5.944871000	1.211334944	-0.039160257
5.944872000	1.207465172	-0.038366872
5.944873000	1.207971334	-0.040726557
5.944874000	1.218205333	-0.039639984
5.944875000	1.214074373	-0.039402326
5.944876000	1.214185357	-0.040192219
5.944877000	1.196717739	-0.041199160
5.944878000	1.212424874	-0.041016014
5.944879000	1.211613178	-0.040166020
5.944880000	1.220077515	-0.040844710
5.944881000	1.207515597	-0.040807047
5.944882000	1.200431466	-0.040783220
5.944883000	1.224552274	-0.041467449
5.944884000	1.204111934	-0.040826014
5.944885000	1.201865435	-0.041095205
5.944886000	1.201694965	-0.042888208
5.944887000	1.209697843	-0.043222168
5.944888000	1.198093653	-0.042959227
5.944889000	1.202298164	-0.042738576
5.944890000	1.221624017	-0.042374788
5.944891000	1.207173944	-0.042965365
5.944892000	1.207174540	-0.042836355
5.944893000	1.200596929	-0.043041161
5.944894000	1.210344195	-0.042172371
5.944895000	1.202304602	-0.044386124
5.944896000	1.212489009	-0.043476055
5.944897000	1.211462736	-0.042097790
5.944898000	1.216053247	-0.043423362
5.944899000	1.211515188	-0.042789987
5.944900000	1.210928082	-0.043189948
5.944901000	1.212661028	-0.044916471
5.944902000	1.210891366	-0.043358439
5.944903000	1.208497882	-0.044200922
5.944904000	1.220124364	-0.044012303
5.944905000	1.207374096	-0.045339032
5.944906000	1.201060772	-0.044525802
5.944907000	1.208940268	-0.044054007
5.944908000	1.222619772	-0.045870686
5.944909000	1.210884452	-0.046454484
5.944910000	1.206484199	-0.046684253
5.944911000	1.217147470	-0.046151009
5.944912000	1.218291402	-0.046477117
5.944913000	1.220535159	-0.047204614
5.944914000	1.200469732	-0.047284325
5.944915000	1.221668839	-0.045920275
5.944916000	1.212377429	-0.046221416
5.944917000	1.217937827	-0.047164716
5.944918000	1.213362932	-0.045863924
5.944919000	1.215385675	-0.048424441
5.944920000	1.216060758	-0.048567698
5.944921000	1.212137699	-0.046912115
5.944922000	1.213578463	-0.048263765
5.944923000	1.208697677	-0.048696687
5.944924000	1.224052787	-0.049256126
5.944925000	1.213037014	-0.050008048
5.944926000	1.213415980	-0.049650606
5.944927000	1.223325253	-0.048916364
5.944928000	1.212688804	-0.048598013
5.944929000	1.203233957	-0.049939917
5.944930000	1.213011980	-0.050260749
5.944931000	1.209808230	-0.049533889
5.944932000	1.223481297	-0.049732012
5.944933000	1.214079499	-0.050120592
5.944934000	1.213977456	-0.050824773
5.944935000	1.229380965	-0.050914239
5.944936000	1.217202425	-0.050885814
5.944937000	1.205870390	-0.050525467
5.944938000	1.208245158	-0.051291975
5.944939000	1.216609597	-0.050444191
5.944940000	1.219190240	-0.050138672
5.944941000	1.211720824	-0.052262377
5.944942000	1.216410756	-0.051939602
5.944943000	1.218984485	-0.052327042
5.944944000	1.221157074	-0.052113294
5.944945000	1.224928260	-0.052649538
5.944946000	1.209165812	-0.053254113
5.944947000	1.215884089	-0.053025476
5.944948000	1.222855926	-0.052143217
5.944949000	1.213860989	-0.054617073
5.944950000	1.220826387	-0.054116807
5.944951000	1.215645075	-0.053705315
5.944952000	1.221119881	-0.054708707
5.944953000	1.215795398	-0.054355442
5.944954000	1.210446835	-0.054125857
5.944955000	1.212528229	-0.055390601
5.944956000	1.217544913	-0.056246591
5.944957000	1.219229460	-0.055082681
5.944958000	1.208726406	-0.056215544
5.944959000	1.224570990	-0.054118725
5.944960000	1.210769892	-0.056806549
5.944961000	1.220203757	-0.056261359
5.944962000	1.229305029	-0.056108048
5.944963000	1.222982287	-0.055218153
5.944964000	1.212759852	-0.057216035
5.944965000	1.213472366	-0.056066003
5.944966000	1.218790531	-0.056239100
5.944967000	1.209835410	-0.057561980
5.944968000	1.217630982	-0.056596663
5.944969000	1.215062261	-0.058257793
5.944970000	1.206398129	-0.056947905
5.944971000	1.215225101	-0.057826419
5.944972000	1.212882876	-0.059217605
5.944973000	1.217557311	-0.059246205
5.944974000	1.226882935	-0.060019075
5.944975000	1.236335278	-0.058839956
5.944976000	1.223643064	-0.058769257
5.944977000	1.223521233	-0.059036302
5.944978000	1.222122550	-0.059939858
5.944979000	1.219585538	-0.059752908
5.944980000	1.224722147	-0.060629105
5.944981000	1.227966666	-0.060835450
5.944982000	1.217446923	-0.060389404
5.944983000	1.220554352	-0.059934474
5.944984000	1.211604595	-0.059382321
5.944985000	1.217516065	-0.061651247
5.944986000	1.227782369	-0.061977713
5.944987000	1.205818892	-0.061061910
5.944988000	1.220210552	-0.062174629
5.944989000	1.222274542	-0.061875315
5.944990000	1.217507124	-0.061027809
5.944991000	1.221798301	-0.062010183
5.944992000	1.223820686	-0.062277186
5.944993000	1.225250959	-0.062669153
5.944994000	1.235839844	-0.062314353
5.944995000	1.218465090	-0.062563659
5.944996000	1.209952831	-0.061660023
5.944997000	1.224211454	-0.063490830
5.944998000	1.213722706	-0.063367488
5.944999000	1.222853184	-0.065083192
5.945000000	1.218899369	-0.063637345
5.945001000	1.219762921	-0.063627354
5.945002000	1.241508722	-0.063864546
5.945003000	1.227634072	-0.064681592
5.945004000	1.219979167	-0.065989524
5.945005000	1.222079396	-0.065071308
5.945006000	1.217496753	-0.065883168
5.945007000	1.217830658	-0.066581720
5.945008000	1.218084455	-0.065280125
5.945009000	1.231171966	-0.065816165
5.945010000	1.225962162	-0.066512423
5.945011000	1.228019357	-0.065759360
5.945012000	1.219870687	-0.066087986
5.945013000	1.221704960	-0.066956326
5.945014000	1.231483340	-0.068501214
5.945015000	1.207082272	-0.067546158
5.945016000	1.221307874	-0.068383323
5.945017000	1.227411628	-0.068723762
5.945018000	1.222569346	-0.068363645
5.945019000	1.235418439	-0.067321808
5.945020000	1.224532127	-0.068862288
5.945021000	1.223033786	-0.069059188
5.945022000	1.231314659	-0.070510411
5.945023000	1.232504845	-0.067795268
5.945024000	1.227824330	-0.069601382
5.945025000	1.216344357	-0.071015770
5.945026000	1.226189256	-0.069779240
5.945027000	1.218808293	-0.071117545
5.945028000	1.231492758	-0.069672376
5.945029000	1.237626553	-0.070026514
5.945030000	1.224383593	-0.070476430
5.945031000	1.225522280	-0.071595349
5.945032000	1.231166840	-0.070994615
5.945033000	1.220960617	-0.071723006
5.945034000	1.229304790	-0.072434786
5.945035000	1.222330451	-0.071754448
5.945036000	1.222697377	-0.072729931
5.945037000	1.220285654	-0.073063051
5.945038000	1.227331758	-0.073184382
5.945039000	1.224315763	-0.073047904
5.945040000	1.210242391	-0.071576965
5.945041000	1.219743848	-0.074701352
5.945042000	1.223907232	-0.073529953
5.945043000	1.224222898	-0.074888897
5.945044000	1.233897090	-0.075093311
5.945045000	1.220708013	-0.075155996
5.945046000	1.234793186	-0.075015763
5.945047000	1.227606535	-0.076366302
5.945048000	1.214659214	-0.075378003
5.945049000	1.236848354	-0.076792084
5.945050000	1.235904813	-0.076339779
5.945051000	1.223181009	-0.077126402
5.945052000	1.233654261	-0.075646109
5.945053000	1.230153680	-0.077206055
5.945054000	1.242124200	-0.078272127
5.945055000	1.220807195	-0.077440255
5.945056000	1.231947064	-0.077528281
5.945057000	1.220026731	-0.077162679
5.945058000	1.227585793	-0.077146442
5.945059000	1.229504704	-0.078578557
5.945060000	1.227672338	-0.079571242
5.945061000	1.222139001	-0.078240610
5.945062000	1.226491809	-0.079219014
5.945063000	1.236870050	-0.079402747
5.945064000	1.223374009	-0.079066673
5.945065000	1.233930588	-0.079985430
5.945066000	1.225793719	-0.080571858
5.945067000	1.244720340	-0.080256615
5.945068000	1.226427674	-0.080400417
5.945069000	1.222751975	-0.081389382
5.945070000	1.232682824	-0.081540075
5.945071000	1.223271251	-0.080541049
5.945072000	1.220314384	-0.082366379
5.945073000	1.229561687	-0.082540434
5.945074000	1.229876876	-0.082735385
5.945075000	1.225795150	-0.082284421
5.945076000	1.222636700	-0.082189587
5.945077000	1.236072898	-0.082479847
5.945078000	1.236220837	-0.082718083
5.945079000	1.237592816	-0.084340739
5.945080000	1.231486917	-0.082688322
5.945081000	1.233689189	-0.083839682
5.945082000	1.221583724	-0.085844459
5.945083000	1.239600182	-0.084943346
5.945084000	1.235082150	-0.085867953
5.945085000	1.231079578	-0.085248311
5.945086000	1.219244480	-0.085103701
5.945087000	1.231367588	-0.086392779
5.945088000	1.223926663	-0.085410065
5.945089000	1.228903532	-0.086857493
5.945090000	1.230557323	-0.086082488
5.945091000	1.233204007	-0.087850477
5.945092000	1.226823568	-0.088084860
5.945093000	1.232694387	-0.087632131
5.945094000	1.223217607	-0.088732832
5.945095000	1.232929230	-0.089434101
5.945096000	1.225538731	-0.087582763
5.945097000	1.231899500	-0.087448381
5.945098000	1.223365545	-0.089260371
5.945099000	1.231789827	-0.088820334
5.945100000	1.221195698	-0.089273629
5.945101000	1.229781628	-0.089625199
5.945102000	1.233647823	-0.090334732
5.945103000	1.221441150	-0.090987914
5.945104000	1.231807828	-0.090167569
5.945105000	1.240126133	-0.091057889
5.945106000	1.228074193	-0.090243935
5.945107000	1.235158682	-0.092065354
5.945108000	1.220918775	-0.091387896
5.945109000	1.226138115	-0.092839643
5.945110000	1.230913043	-0.092178047
5.945111000	1.234248638	-0.092856188
5.945112000	1.231112361	-0.091386564
5.945113000	1.238510370	-0.093729572
5.945114000	1.236849308	-0.092068026
5.945115000	1.217530727	-0.092201275
5.945116000	1.219969511	-0.093816965
5.945117000	1.230601549	-0.094060553
5.945118000	1.225375533	-0.095433870
5.945119000	1.228374600	-0.093757202
5.945120000	1.225563526	-0.097038275
5.945121000	1.233901739	-0.094868489
5.945122000	1.230193973	-0.093826178
5.945123000	1.232717395	-0.095179779
5.945124000	1.222380280	-0.096305664
5.945125000	1.235621452	-0.097459429
5.945126000	1.227134347	-0.097400731
5.945127000	1.229853868	-0.097486992
5.945128000	1.241309285	-0.095919048
5.945129000	1.229723692	-0.097571797
5.945130000	1.238243699	-0.099093736
5.945131000	1.236026287	-0.098081901
5.945132000	1.227180362	-0.097634440
5.945133000	1.241683364	-0.098122681
5.945134000	1.237013698	-0.099784085
5.945135000	1.214179873	-0.100406599
5.945136000	1.215910673	-0.100233694
5.945137000	1.225953698	-0.099357880
5.945138000	1.223740816	-0.099690650
5.945139000	1.220565915	-0.101276696
5.945140000	1.218833804	-0.100218672
5.945141000	1.224148989	-0.101884171
5.945142000	1.233699560	-0.101966970
5.945143000	1.232046008	-0.101411618
5.945144000	1.228562474	-0.100738537
5.945145000	1.231997371	-0.102158060
5.945146000	1.234575868	-0.103402073
5.945147000	1.228202820	-0.104218515
5.945148000	1.232861519	-0.104686640
5.945149000	1.219668508	-0.104550586
5.945150000	1.230881095	-0.105409805
5.945151000	1.223996878	-0.104572740
5.945152000	1.225550175	-0.104139369
5.945153000	1.232912779	-0.104155498
5.945154000	1.231583953	-0.106272411
5.945155000	1.229005814	-0.106592340
5.945156000	1.219042540	-0.106269906
5.945157000	1.234159112	-0.106760860
5.945158000	1.232658982	-0.105900900
5.945159000	1.229943037	-0.107278562
5.945160000	1.230226517	-0.108052260
5.945161000	1.227854490	-0.107601595
5.945162000	1.220367551	-0.107305218
5.945163000	1.226863265	-0.109138372
5.945164000	1.232419729	-0.110076038
5.945165000	1.230581164	-0.111043107
5.945166000	1.224995732	-0.111417980
5.945167000	1.224014640	-0.109873330
5.945168000	1.221445203	-0.112290989
5.945169000	1.232357264	-0.112252190
5.945170000	1.233959794	-0.112253646
5.945171000	1.214064360	-0.112002527
5.945172000	1.233414769	-0.112386713
5.945173000	1.225372672	-0.113060934
5.945174000	1.221778870	-0.113026720
5.945175000	1.228562832	-0.113619831
5.945176000	1.238002658	-0.115588532
5.945177000	1.231566191	-0.114731568
5.945178000	1.230028033	-0.115496927
5.945179000	1.231810093	-0.114521436
5.945180000	1.228829384	-0.114823480
5.945181000	1.226315856	-0.115235064
5.945182000	1.220709920	-0.117703464
5.945183000	1.233802557	-0.116262411
5.945184000	1.231457472	-0.117702224
5.945185000	1.231442809	-0.117738235
5.945186000	1.228553534	-0.116802717
5.945187000	1.228744864	-0.118339094
5.945188000	1.230618000	-0.117534154
5.945189000	1.240276217	-0.119286506
5.945190000	1.228136778	-0.118724329
5.945191000	1.238344431	-0.118730629
5.945192000	1.226796985	-0.119987500
5.945193000	1.233138919	-0.120567594
5.945194000	1.222556233	-0.121552922
5.945195000	1.229539275	-0.121567511
5.945196000	1.237493515	-0.120208633
5.945197000	1.225639701	-0.121035520
5.945198000	1.234537840	-0.121640107
5.945199000	1.222640753	-0.123218247
5.945200000	1.223079205	-0.122970132
5.945201000	1.226776123	-0.123510812
5.945202000	1.221469045	-0.124533782
5.945203000	1.229004741	-0.124561545
5.945204000	1.231899738	-0.125315694
5.945205000	1.237451434	-0.125966746
5.945206000	1.223429918	-0.124957408
5.945207000	1.241741657	-0.126178084
5.945208000	1.235976577	-0.127651503
5.945209000	1.225023270	-0.125820729
5.945210000	1.239602804	-0.126639768
5.945211000	1.229613543	-0.127295255
5.945212000	1.223973632	-0.128293383
5.945213000	1.229769349	-0.128254176
5.945214000	1.231268406	-0.128643738
5.945215000	1.227211356	-0.130313066
5.945216000	1.228350282	-0.130710859
5.945217000	1.227439165	-0.130208870
5.945218000	1.225616693	-0.130302280
5.945219000	1.233983278	-0.130676879
5.945220000	1.233855844	-0.131877307
5.945221000	1.235071898	-0.132838717
5.945222000	1.211638212	-0.131507486
5.945223000	1.229699492	-0.132206915
5.945224000	1.230830073	-0.131310778
5.945225000	1.220326304	-0.134292919
5.945226000	1.246700287	-0.134011706
5.945227000	1.230548024	-0.133377449
5.945228000	1.231430173	-0.133033976
5.945229000	1.227173567	-0.134819775
5.945230000	1.230021238	-0.135053901
5.945231000	1.232164860	-0.134600389
5.945232000	1.222036004	-0.134885148
5.945233000	1.235297441	-0.137791206
5.945234000	1.228634715	-0.136461814
5.945235000	1.234259963	-0.138283375
5.945236000	1.227830887	-0.137293161
5.945237000	1.230686307	-0.137913195
5.945238000	1.216598034	-0.137729379
5.945239000	1.217765927	-0.138881787
5.945240000	1.235269189	-0.140416933
5.945241000	1.218003750	-0.141080443
5.945242000	1.227543235	-0.139836430
5.945243000	1.221277237	-0.141220925
5.945244000	1.230355263	-0.140270792
5.945245000	1.228201032	-0.141419846
5.945246000	1.221042752	-0.141681552
5.945247000	1.229714394	-0.142276885
5.945248000	1.242639899	-0.141331629
5.945249000	1.234090090	-0.143333960
5.945250000	1.233042836	-0.143369580
5.945251000	1.226629138	-0.144995406
5.945252000	1.237687588	-0.143300304
5.945253000	1.221002817	-0.144614774
5.945254000	1.225678205	-0.145141164
5.945255000	1.214534879	-0.147291217
5.945256000	1.224640369	-0.145896553
5.945257000	1.224145055	-0.147709300
5.945258000	1.223224878	-0.148121092
5.945259000	1.232054710	-0.146913132
5.945260000	1.223745584	-0.147294829
5.945261000	1.221055627	-0.149159558
5.945262000	1.226768136	-0.148816027
5.945263000	1.222206473	-0.150092031
5.945264000	1.233630300	-0.150410045
5.945265000	1.217135549	-0.150515973
5.945266000	1.226256490	-0.151125354
5.945267000	1.213135600	-0.151588710
5.945268000	1.220218897	-0.152036171
5.945269000	1.232991576	-0.153050187
5.945270000	1.221453905	-0.152785801
5.945271000	1.230693340	-0.153605722
5.945272000	1.223825812	-0.153715261
5.945273000	1.207409501	-0.154186691
5.945274000	1.225966215	-0.154425643
5.945275000	1.218964100	-0.156156564
5.945276000	1.222942114	-0.155748518
5.945277000	1.223044276	-0.157382301
5.945278000	1.222983599	-0.157795624
5.945279000	1.218498111	-0.158944844
5.945280000	1.230662823	-0.158854347
5.945281000	1.228780270	-0.159803847
5.945282000	1.217223167	-0.159094780
5.945283000	1.213135958	-0.157939800
5.945284000	1.234089136	-0.162001121
5.945285000	1.228978157	-0.161787070
5.945286000	1.216157436	-0.160888918
5.945287000	1.221365213	-0.160855596
5.945288000	1.215085745	-0.162493223
5.945289000	1.217978239	-0.161520171
5.945290000	1.210595012	-0.162730062
5.945291000	1.212554812	-0.163332618
5.945292000	1.213972569	-0.163281968
5.945293000	1.225731015	-0.165012274
5.945294000	1.216067195	-0.166552314
5.945295000	1.217151642	-0.165478927
5.945296000	1.219578385	-0.165446103
5.945297000	1.209625483	-0.167951239
5.945298000	1.214848042	-0.168177807
5.945299000	1.212805867	-0.168076158
5.945300000	1.214066148	-0.170143686
5.945301000	1.206345558	-0.169628647
5.945302000	1.210169435	-0.170125660
5.945303000	1.211852789	-0.171094834
5.945304000	1.218786120	-0.172455044
5.945305000	1.216517210	-0.171296136
5.945306000	1.214405179	-0.172530561
5.945307000	1.218930721	-0.172770096
5.945308000	1.217069268	-0.173583941
5.945309000	1.198186994	-0.174756647
5.945310000	1.215706229	-0.174042737
5.945311000	1.213127732	-0.174921347
5.945312000	1.206442952	-0.175630813
5.945313000	1.211327553	-0.176740353
5.945314000	1.215944648	-0.177667998
5.945315000	1.216879725	-0.176855551
5.945316000	1.213667274	-0.177159451
5.945317000	1.206568003	-0.179079557
5.945318000	1.208518505	-0.179180874
5.945319000	1.216941476	-0.179104025
5.945320000	1.211649179	-0.180733330
5.945321000	1.197744131	-0.178955137
5.945322000	1.206180096	-0.180534825
5.945323000	1.208674908	-0.182681349
5.945324000	1.209131718	-0.182384007
5.945325000	1.200350642	-0.182631898
5.945326000	1.202034473	-0.184475820
5.945327000	1.199659467	-0.183924729
5.945328000	1.199038506	-0.184675558
5.945329000	1.218657374	-0.185972384
5.945330000	1.207024217	-0.186576306
5.945331000	1.200030804	-0.186143559
5.945332000	1.215583324	-0.187674527
5.945333000	1.211340666	-0.187146305
5.945334000	1.209293962	-0.189169875
5.945335000	1.209302425	-0.190342332
5.945336000	1.209824800	-0.190498160
5.945337000	1.202538133	-0.191359975
5.945338000	1.218780398	-0.193214784
5.945339000	1.200124264	-0.192318264
5.945340000	1.194634438	-0.192807703
5.945341000	1.203851104	-0.192553970
5.945342000	1.201429248	-0.194398459
5.945343000	1.204464436	-0.195018143
5.945344000	1.206367731	-0.195551042
5.945345000	1.202597380	-0.195600593
5.945346000	1.195654869	-0.198153067
5.945347000	1.203090906	-0.198035239
5.945348000	1.195700884	-0.197871587
5.945349000	1.196186185	-0.198169595
5.945350000	1.199253559	-0.200085989
5.945351000	1.201737761	-0.199577026
5.945352000	1.186332822	-0.200886619
5.945353000	1.193171024	-0.201492055
5.945354000	1.198073983	-0.203153069
5.945355000	1.190785527	-0.201624248
5.945356000	1.190795064	-0.202276872
5.945357000	1.208019257	-0.203707489
5.945358000	1.182571769	-0.205113754
5.945359000	1.188169360	-0.205536797
5.945360000	1.196400881	-0.206875852
5.945361000	1.195270777	-0.207405288
5.945362000	1.196040154	-0.208351209
5.945363000	1.192061305	-0.209321316
5.945364000	1.196730018	-0.211871093
5.945365000	1.189849257	-0.210585252
5.945366000	1.191846728	-0.211864485
5.945367000	1.195814610	-0.211879016
5.945368000	1.183651447	-0.212408136
5.945369000	1.175271511	-0.214627764
5.945370000	1.198024869	-0.213682442
5.945371000	1.177287459	-0.214562284
5.945372000	1.195030808	-0.214901654
5.945373000	1.191636086	-0.215701484
5.945374000	1.191684365	-0.216376945
5.945375000	1.189157963	-0.217205321
5.945376000	1.181737542	-0.218527431
5.945377000	1.172487736	-0.218618911
5.945378000	1.165422201	-0.220292025
5.945379000	1.181531549	-0.220939190
5.945380000	1.187300920	-0.223290145
5.945381000	1.186846733	-0.223071949
5.945382000	1.183091402	-0.223157553
5.945383000	1.173278689	-0.225528066
5.945384000	1.173918128	-0.224498854
5.945385000	1.177112937	-0.225976908
5.945386000	1.178654313	-0.227742085
5.945387000	1.180345654	-0.228563637
5.945388000	1.178192735	-0.228990192
5.945389000	1.167102218	-0.230431029
5.945390000	1.163698435	-0.229185219
5.945391000	1.165892839	-0.230116110
5.945392000	1.157029748	-0.232051695
5.945393000	1.171863675	-0.232564953
5.945394000	1.168625116	-0.233176581
5.945395000	1.159465432	-0.235081191
5.945396000	1.162488103	-0.235441683
5.945397000	1.158274412	-0.235499457
5.945398000	1.167980194	-0.236763160
5.945399000	1.156650543	-0.236034003
5.945400000	1.161312461	-0.238389869
5.945401000	1.158959866	-0.238296492
5.945402000	1.159465909	-0.240406181
5.945403000	1.165087342	-0.240924815
5.945404000	1.158738613	-0.241692006
5.945405000	1.159601212	-0.242147173
5.945406000	1.148307085	-0.244330266
5.945407000	1.144261003	-0.243631885
5.945408000	1.159244299	-0.246282613
5.945409000	1.157150388	-0.245157078
5.945410000	1.145473123	-0.246573630
5.945411000	1.148520350	-0.247361393
5.945412000	1.155340195	-0.249870756
5.945413000	1.153449297	-0.249662597
5.945414000	1.136807084	-0.251521650
5.945415000	1.151720643	-0.250515025
5.945416000	1.146264315	-0.253435198
5.945417000	1.152052641	-0.254394951
5.945418000	1.143319130	-0.254749651
5.945419000	1.147392392	-0.255432901
5.945420000	1.154641747	-0.255606706
5.945421000	1.139373541	-0.259625732
5.945422000	1.139690161	-0.259377160
5.945423000	1.136204123	-0.258672088
5.945424000	1.138156056	-0.259993848
5.945425000	1.124864936	-0.261935775
5.945426000	1.133896828	-0.263375130
5.945427000	1.134948134	-0.262094383
5.945428000	1.143048644	-0.264752950
5.945429000	1.138661504	-0.264489364
5.945430000	1.127678156	-0.267153357
5.945431000	1.137389421	-0.267267823
5.945432000	1.119907260	-0.267853286
5.945433000	1.121993423	-0.268795911
5.945434000	1.130405664	-0.269426165
5.945435000	1.124151945	-0.271314513
5.945436000	1.119380713	-0.271993170
5.945437000	1.126233697	-0.273618763
5.945438000	1.130002618	-0.274165760
5.945439000	1.111476064	-0.277241910
5.945440000	1.115843654	-0.277505314
5.945441000	1.124960065	-0.278790455
5.945442000	1.106839061	-0.278868386
5.945443000	1.102888823	-0.281442431
5.945444000	1.100292206	-0.281243160
5.945445000	1.107013941	-0.283087233
5.945446000	1.105945230	-0.282396242
5.945447000	1.115981102	-0.283166695
5.945448000	1.106004000	-0.285574326
5.945449000	1.102018237	-0.285988913
5.945450000	1.098250508	-0.288344646
5.945451000	1.093242168	-0.288080327
5.945452000	1.076657772	-0.289651958
5.945453000	1.090587258	-0.291757287
5.945454000	1.088589549	-0.292171708
5.945455000	1.092495084	-0.293780590
5.945456000	1.091529846	-0.293261407
5.945457000	1.080545902	-0.295833089
5.945458000	1.067506671	-0.296699981
5.945459000	1.080598712	-0.297666209
5.945460000	1.085046887	-0.300649748
5.945461000	1.075589538	-0.302988104
5.945462000	1.084830999	-0.301122692
5.945463000	1.073204041	-0.303126322
5.945464000	1.075786471	-0.304577611
5.945465000	1.063122392	-0.306181001
5.945466000	1.068202257	-0.305984959
5.945467000	1.056866765	-0.307843446
5.945468000	1.059264183	-0.308587999
5.945469000	1.056692004	-0.308950821
5.945470000	1.060610890	-0.312323449
5.945471000	1.050120115	-0.314477214
5.945472000	1.051869988	-0.312700619
5.945473000	1.047868490	-0.315070200
5.945474000	1.044582963	-0.318089658
5.945475000	1.041523576	-0.319022963
5.945476000	1.049578905	-0.320537569
5.945477000	1.043313503	-0.320378812
5.945478000	1.038597107	-0.325076395
5.945479000	1.039131522	-0.324178843
5.945480000	1.037913084	-0.325711925
5.945481000	1.041540384	-0.326757182
5.945482000	1.034022808	-0.327641385
5.945483000	1.011103272	-0.329661892
5.945484000	1.027420402	-0.332005041
5.945485000	1.027722239	-0.331746382
5.945486000	1.022705555	-0.335720617
5.945487000	1.015357852	-0.336364802
5.945488000	1.003398657	-0.338741307
5.945489000	1.008041859	-0.340500725
5.945490000	0.996391773	-0.340583017
5.945491000	1.000398397	-0.341599778
5.945492000	0.997726142	-0.343714495
5.945493000	1.005763054	-0.344275889
5.945494000	0.990806460	-0.345985705
5.945495000	0.985078692	-0.349275741
5.945496000	0.986350954	-0.349953382
5.945497000	0.980925858	-0.350923838
5.945498000	0.977037549	-0.350988287
5.945499000	0.966869771	-0.354122061
5.945500000	0.963336289	-0.354682557
5.945501000	0.963587761	-0.356576431
5.945502000	0.967692494	-0.358080351
5.945503000	0.972055674	-0.360114806
5.945504000	0.960512280	-0.360467842
5.945505000	0.954828978	-0.364016637
5.945506000	0.952966571	-0.365111729
5.945507000	0.947286308	-0.368439249
5.945508000	0.950532794	-0.369961378
5.945509000	0.942295074	-0.370362451
5.945510000	0.941132843	-0.373074181
5.945511000	0.922710001	-0.372767618
5.945512000	0.918846071	-0.377266496
5.945513000	0.937403202	-0.378104193
5.945514000	0.921776116	-0.379857951
5.945515000	0.910552919	-0.382910633
5.945516000	0.893731415	-0.384153297
5.945517000	0.906425297	-0.384737695
5.945518000	0.899503291	-0.387519134
5.945519000	0.903760970	-0.388740992
5.945520000	0.896887898	-0.391824832
5.945521000	0.898366630	-0.391853428
5.945522000	0.879433274	-0.394921257
5.945523000	0.897669852	-0.397300125
5.945524000	0.881692052	-0.397464109
5.945525000	0.859013855	-0.399106248
5.945526000	0.859486282	-0.402523550
5.945527000	0.852736473	-0.402987539
5.945528000	0.849702358	-0.407464246
5.945529000	0.853034079	-0.408660605
5.945530000	0.850841701	-0.409806862
5.945531000	0.833823740	-0.414198648
5.945532000	0.825937212	-0.413785392
5.945533000	0.830734074	-0.415328494
5.945534000	0.814654529	-0.421430795
5.945535000	0.811406016	-0.421442013
5.945536000	0.802126169	-0.424259072
5.945537000	0.798807323	-0.425584427
5.945538000	0.795350492	-0.425780436
5.945539000	0.802080333	-0.427916191
5.945540000	0.785355747	-0.428438937
5.945541000	0.773207247	-0.431467716
5.945542000	0.774229288	-0.434315901
5.945543000	0.771205068	-0.437527873
5.945544000	0.764670074	-0.437569684
5.945545000	0.768059909	-0.441150404
5.945546000	0.754356146	-0.443709069
5.945547000	0.733330488	-0.446743242
5.945548000	0.727904141	-0.447847156
5.945549000	0.721509933	-0.452224694
5.945550000	0.712510586	-0.452522302
5.945551000	0.705620646	-0.457108099
5.945552000	0.707219839	-0.460293739
5.945553000	0.691243112	-0.460662919
5.945554000	0.705126286	-0.461679348
5.945555000	0.682827950	-0.465055970
5.945556000	0.672242999	-0.468153526
5.945557000	0.658316672	-0.472451169
5.945558000	0.648156881	-0.472836429
5.945559000	0.640153825	-0.473353648
5.945560000	0.632843852	-0.479686012
5.945561000	0.627522588	-0.479809683
5.945562000	0.625419140	-0.485227718
5.945563000	0.618061185	-0.485391868
5.945564000	0.591566920	-0.491337708
5.945565000	0.582447588	-0.491637780
5.945566000	0.593371332	-0.494840165
5.945567000	0.576364696	-0.499121362
5.945568000	0.552008331	-0.502106267
5.945569000	0.545335531	-0.506912640
5.945570000	0.543956339	-0.508431374
5.945571000	0.510098100	-0.511824807
5.945572000	0.501210213	-0.515295339
5.945573000	0.502831280	-0.518485373
5.945574000	0.504104018	-0.517127228
5.945575000	0.468676567	-0.525207991
5.945576000	0.474307239	-0.523253031
5.945577000	0.460383356	-0.527797715
5.945578000	0.452020019	-0.529931540
5.945579000	0.421411186	-0.534958855
5.945580000	0.422496885	-0.536976233
5.945581000	0.380329311	-0.539759037
5.945582000	0.363842636	-0.546712151
5.945583000	0.359935343	-0.550137043
5.945584000	0.338046730	-0.556331689
5.945585000	0.344065607	-0.555688868
5.945586000	0.305740893	-0.563687672
5.945587000	0.272108972	-0.570720016
5.945588000	0.277642518	-0.568891090
5.945589000	0.266569734	-0.573064396
5.945590000	0.247072905	-0.576261055
5.945591000	0.234944254	-0.579304516
5.945592000	0.216171294	-0.583659317
5.945593000	0.177324563	-0.591839615
5.945594000	0.165031835	-0.593619006
5.945595000	0.122814849	-0.601954434
5.945596000	0.129565671	-0.599646006
5.945597000	0.093008287	-0.610199048
5.945598000	0.087787613	-0.612024446
5.945599000	0.048583563	-0.614131539
5.945600000	0.056189541	-0.617301766
5.945601000	0.029707382	-0.623013780
5.945602000	-0.007695812	-0.627264119
5.945603000	-0.030051464	-0.634045392
5.945604000	-0.088736765	-0.643496618
5.945605000	-0.094101608	-0.646983695
5.945606000	-0.110935085	-0.648667545
5.945607000	-0.162737772	-0.656801105
5.945608000	-0.166899815	-0.657188395
5.945609000	-0.226464659	-0.667053676
5.945610000	-0.253821552	-0.671406413
5.945611000	-0.272079885	-0.674762129
5.945612000	-0.323876828	-0.681620035
5.945613000	-0.324034989	-0.683025252
5.945614000	-0.404245198	-0.696486866
5.945615000	-0.447825938	-0.702325647
5.945616000	-0.470296741	-0.706421655
5.945617000	-0.523180544	-0.715660627
5.945618000	-0.565748155	-0.723173871
5.945619000	-0.591614425	-0.729024436
5.945620000	-0.686055243	-0.733389024
5.945621000	-0.710476100	-0.742681126
5.945622000	-0.748038232	-0.750159482
5.945623000	-0.789961457	-0.752789354
5.945624000	-0.876898408	-0.761521060
5.945625000	-0.878550172	-0.763598126
5.945626000	-0.992440522	-0.778873419
5.945627000	-1.089901447	-0.792135229
5.945628000	-1.114564419	-0.794623287
5.945629000	-1.246513963	-0.809538587
5.945630000	-1.278208256	-0.812462605
5.945631000	-1.357944131	-0.823820188
5.945632000	-1.457920313	-0.833085525
5.945633000	-1.550556779	-0.845229073
5.945634000	-1.646231532	-0.858518247
5.945635000	-1.694249868	-0.861550456
5.945636000	-1.925123334	-0.882701814
5.945637000	-1.885006309	-0.879574996
5.945638000	-2.123688221	-0.900405244
5.945639000	-2.248727083	-0.912946003
5.945640000	-2.305207014	-0.918351288
5.945641000	-2.632255077	-0.943944998
5.945642000	-2.824925184	-0.957258540
5.945643000	-2.972126007	-0.971873169
5.945644000	-2.995778084	-0.972748017
5.945645000	-3.521791458	-1.007616186
5.945646000	-3.562930822	-1.008300885
5.945647000	-4.182212830	-1.040398967
5.945648000	-4.509464741	-1.059937981
5.945649000	-4.752605438	-1.069510114
5.945650000	-5.561682701	-1.101708930
5.945651000	-6.107935905	-1.112752327
5.945652000	-6.019026279	-1.116665642
5.945653000	-6.247632027	-1.127041251
5.945654000	-7.015087128	-1.146385521
5.945655000	-7.457088947	-1.154336522
5.945656000	-8.147341728	-1.162017345
5.945657000	-8.958619118	-1.161011202
5.945658000	-8.921355247	-1.162427338
5.945659000	-9.871340752	-1.168746620
5.945660000	-10.670148849	-1.160451406
5.945661000	-10.622500420	-1.159289868
5.945662000	-11.614005089	-1.141535106
5.945663000	-12.531232834	-1.111600776
5.945664000	-13.128198624	-1.094953090
5.945665000	-13.561570168	-1.077050322
5.945666000	-14.715025902	-1.005145705
5.945667000	-15.018517494	-1.006047052
5.945668000	-16.048744202	-0.947092255
5.945669000	-16.933706284	-0.847508207
5.945670000	-18.099342346	-0.748942085
5.945671000	-18.261489868	-0.722465203
5.945672000	-18.480789185	-0.619537556
5.945673000	-19.103382111	-0.520710111
5.945674000	-19.479557037	-0.196957241
5.945675000	-19.572862625	-0.257792412
5.945676000	-19.623615265	-0.086997924
5.945677000	-19.415145874	0.039126776
5.945678000	-19.009737015	0.151295480
5.945679000	-18.870376587	0.166980700
5.945680000	-18.297163010	0.312361931
5.945681000	-17.200298309	0.427668650
5.945682000	-16.973169327	0.463799491
5.945683000	-16.639076233	0.497217236
5.945684000	-15.903729439	0.566584659
5.945685000	-15.264802933	0.625160488
5.945686000	-14.779786110	0.636011737
5.945687000	-14.813653946	0.634657120
5.945688000	-14.067256927	0.687243367
5.945689000	-13.984241486	0.683372462
5.945690000	-13.262439728	0.718580450
5.945691000	-12.759938240	0.731438192
5.945692000	-12.471038818	0.741720657
5.945693000	-12.009879112	0.758482660
5.945694000	-11.906705856	0.757100146
5.945695000	-11.408313751	0.768153996
5.945696000	-10.994705200	0.776964731
5.945697000	-10.774887085	0.780831574
5.945698000	-10.509324074	0.787267370
5.945699000	-10.159762383	0.788443821
5.945700000	-9.877097130	0.779746736
5.945701000	-9.711124420	0.786217551
5.945702000	-9.388375282	0.787783424
5.945703000	-9.162228584	0.782014018
5.945704000	-8.968319893	0.788528643
5.945705000	-8.714985847	0.784910871
5.945706000	-8.473742485	0.784728978
5.945707000	-8.242890358	0.781131047
5.945708000	-8.141190529	0.782585199
5.945709000	-8.024528503	0.777467736
5.945710000	-7.847260952	0.779230549
5.945711000	-7.650667191	0.770333061
5.945712000	-7.399374962	0.768280096
5.945713000	-7.292325974	0.768515919
5.945714000	-7.165234089	0.761861545
5.945715000	-6.875605583	0.759704984
5.945716000	-6.786301613	0.752798342
5.945717000	-6.622733593	0.752098530
5.945718000	-6.420384884	0.738966416
5.945719000	-6.310537338	0.739735404
5.945720000	-6.207996368	0.736065235
5.945721000	-6.039581299	0.731089717
5.945722000	-5.893460751	0.725070174
5.945723000	-5.731247902	0.718580317
5.945724000	-5.589000225	0.714199817
5.945725000	-5.509324551	0.710431377
5.945726000	-5.377735138	0.707267808
5.945727000	-5.307311058	0.702755415
5.945728000	-5.155903339	0.696573219
5.945729000	-5.059502602	0.692788934
5.945730000	-4.926719189	0.684227137
5.945731000	-4.836499214	0.682502674
5.945732000	-4.664301872	0.671168726
5.945733000	-4.638725281	0.672226467
5.945734000	-4.501365185	0.664737725
5.945735000	-4.450809479	0.657342592
5.945736000	-4.297606468	0.648066336
5.945737000	-4.172796249	0.645435067
5.945738000	-4.129864216	0.642758656
5.945739000	-3.975954294	0.629553638
5.945740000	-3.928425312	0.624285306
5.945741000	-3.790588379	0.619844685
5.945742000	-3.701122522	0.610064426
5.945743000	-3.665526152	0.607651202
5.945744000	-3.546319485	0.603952804
5.945745000	-3.463922977	0.593822405
5.945746000	-3.402288198	0.590882409
5.945747000	-3.380043745	0.590201771
5.945748000	-3.287272453	0.582195044
5.945749000	-3.216670990	0.574999849
5.945750000	-3.122186661	0.565689238
5.945751000	-3.005878448	0.559589866
5.945752000	-2.980265856	0.554242139
5.945753000	-2.942965746	0.549850487
5.945754000	-2.838278055	0.549032164
5.945755000	-2.764582634	0.537724249
5.945756000	-2.683921099	0.531636429
5.945757000	-2.595053196	0.521998349
5.945758000	-2.554913998	0.515166575
5.945759000	-2.473415375	0.509225562
5.945760000	-2.416756630	0.499479125
5.945761000	-2.369132519	0.495939484
5.945762000	-2.262406349	0.482936933
5.945763000	-2.250324965	0.481029710
5.945764000	-2.174079657	0.470917122
5.945765000	-2.145051956	0.467170753
5.945766000	-2.084667444	0.462214710
5.945767000	-1.989132047	0.457204572
5.945768000	-1.962853909	0.450205551
5.945769000	-1.971791267	0.450104185
5.945770000	-1.816576481	0.435772017
5.945771000	-1.832683325	0.427608763
5.945772000	-1.749521613	0.421958334
5.945773000	-1.715167046	0.415902272
5.945774000	-1.666241050	0.411782196
5.945775000	-1.597106814	0.399080648
5.945776000	-1.562665820	0.394699182
5.945777000	-1.483871341	0.385192230
5.945778000	-1.489668250	0.378816789
5.945779000	-1.418514252	0.373765338
5.945780000	-1.360301614	0.362116938
5.945781000	-1.336661100	0.357796491
5.945782000	-1.291033626	0.350200790
5.945783000	-1.230625987	0.340748865
5.945784000	-1.147705436	0.329244941
5.945785000	-1.129533410	0.320234901
5.945786000	-1.105184793	0.313080752
5.945787000	-1.042456627	0.302282266
5.945788000	-1.015634418	0.301060940
5.945789000	-0.960277021	0.286645183
5.945790000	-0.947317183	0.284235155
5.945791000	-0.918507993	0.272850491
5.945792000	-0.862394750	0.266214709
5.945793000	-0.843366563	0.254304653
5.945794000	-0.793352306	0.241642188
5.945795000	-0.755099475	0.240453486
5.945796000	-0.730930507	0.231119539
5.945797000	-0.635326385	0.208010624
5.945798000	-0.662797570	0.210092767
5.945799000	-0.631468296	0.196110306
5.945800000	-0.599664807	0.185593366
5.945801000	-0.592913449	0.178603151
5.945802000	-0.585278869	0.169867350
5.945803000	-0.523965538	0.164868630
5.945804000	-0.495954812	0.151874268
5.945805000	-0.493428171	0.141488705
5.945806000	-0.460839272	0.130738931
5.945807000	-0.433634281	0.119520689
5.945808000	-0.423303276	0.104692974
5.945809000	-0.378081560	0.086965908
5.945810000	-0.385973245	0.089911339
5.945811000	-0.358039200	0.070864511
5.945812000	-0.353957117	0.059867691
5.945813000	-0.338250160	0.046960352
5.945814000	-0.326413184	0.036112090
5.945815000	-0.309706122	0.013855708
5.945816000	-0.291558713	0.006551106
5.945817000	-0.286409020	-0.009270273
5.945818000	-0.284140348	-0.025371973
5.945819000	-0.290253907	-0.032914422
5.945820000	-0.303578287	-0.059407946
5.945821000	-0.319848657	-0.075009746
5.945822000	-0.319764197	-0.097867591
5.945823000	-0.343358248	-0.115080808
5.945824000	-0.406551331	-0.146623247
5.945825000	-0.402800024	-0.151619320
5.945826000	-0.433807880	-0.169224679
5.945827000	-0.489739209	-0.197339321
5.945828000	-0.531068742	-0.214958229
5.945829000	-0.649407208	-0.256301758
5.945830000	-0.759522080	-0.284944155
5.945831000	-0.808285058	-0.305102886
5.945832000	-0.884165287	-0.328423988
5.945833000	-0.983450055	-0.352588047
5.945834000	-1.113336444	-0.382775811
5.945835000	-1.312679052	-0.425213749
5.945836000	-1.461298227	-0.451958644
5.945837000	-1.762678146	-0.496640661
5.945838000	-1.793336749	-0.505387780
5.945839000	-2.238762617	-0.568735894
5.945840000	-2.362724543	-0.579678091
5.945841000	-2.702545166	-0.627421711
5.945842000	-2.503503084	-0.606627816
5.945843000	-2.934711695	-0.650880365
5.945844000	-3.107648373	-0.670053394
5.945845000	-3.140590191	-0.678468118
5.945846000	-3.567778587	-0.709454463
5.945847000	-3.762017965	-0.733370315
5.945848000	-3.948970079	-0.750683659
5.945849000	-4.084887981	-0.763170223
5.945850000	-4.444956779	-0.790160361
5.945851000	-4.671117783	-0.808335637
5.945852000	-4.795161724	-0.809798578
5.945853000	-5.103203773	-0.834897273
5.945854000	-5.268842220	-0.844111678
5.945855000	-5.346303940	-0.849631478
5.945856000	-5.720315456	-0.868581334
5.945857000	-5.865952015	-0.879802164
5.945858000	-5.939066410	-0.889518175
5.945859000	-6.332031727	-0.900949660
5.945860000	-6.433180809	-0.909469113
5.945861000	-6.644918442	-0.920828027
5.945862000	-6.819600105	-0.929369917
5.945863000	-7.156551361	-0.939863038
5.945864000	-7.301447392	-0.948365313
5.945865000	-7.548622608	-0.957537506
5.945866000	-7.742659092	-0.967414771
5.945867000	-8.046797752	-0.975027084
5.945868000	-8.207537651	-0.979551861
5.945869000	-8.558979988	-0.982466558
5.945870000	-8.723064423	-0.992258136
5.945871000	-9.173750877	-1.003700607
5.945872000	-9.343252182	-1.008355413
5.945873000	-9.755269051	-1.010641338
5.945874000	-9.977376938	-1.017127999
5.945875000	-10.148155212	-1.023361793
5.945876000	-10.529062271	-1.024003882
5.945877000	-10.779282570	-1.025292918
5.945878000	-11.181741714	-1.022466439
5.945879000	-11.459089279	-1.022724898
5.945880000	-11.729706764	-1.021853912
5.945881000	-12.046031952	-1.021786600
5.945882000	-12.631083488	-1.018941079
5.945883000	-12.702726364	-1.020085240
5.945884000	-13.003024101	-1.018326288
5.945885000	-13.784735680	-1.001915091
5.945886000	-13.957308769	-0.996687372
5.945887000	-14.297334671	-0.996989042
5.945888000	-14.574660301	-0.985040770
5.945889000	-15.004405975	-0.990458638
5.945890000	-15.336195946	-0.959482679
5.945891000	-15.665790558	-0.947031136
5.945892000	-16.023420334	-0.926233379
5.945893000	-16.430612564	-0.917574377
5.945894000	-17.140588760	-0.887355422
5.945895000	-17.770988464	-0.837852849
5.945896000	-17.820589066	-0.826171226
5.945897000	-18.460865021	-0.792922592
5.945898000	-19.137720108	-0.752940888
5.945899000	-19.809309006	-0.677197790
5.945900000	-19.766721725	-0.676533464
5.945901000	-20.326435089	-0.619856802
5.945902000	-21.145074844	-0.515113179
5.945903000	-21.423023224	-0.485527057
5.945904000	-21.899019241	-0.367084998
5.945905000	-22.298095703	-0.307135045
5.945906000	-22.273738861	-0.210459634
5.945907000	-22.593048096	-0.083317536
5.945908000	-22.820087433	0.071059887
5.945909000	-22.673311234	0.147939031
5.945910000	-22.158435822	0.232512639
5.945911000	-22.125837326	0.326841305
5.945912000	-21.663370132	0.429539222
5.945913000	-21.621313095	0.472787560
5.945914000	-21.168788910	0.539954546
5.945915000	-21.086177826	0.557657909
5.945916000	-20.318735123	0.674026631
5.945917000	-19.684162140	0.712323953
5.945918000	-19.599863052	0.738997042
5.945919000	-18.752399445	0.803482359
5.945920000	-18.246187210	0.841668427
5.945921000	-17.539840698	0.880722286
5.945922000	-17.581853867	0.888908444
5.945923000	-17.146751404	0.910202614
5.945924000	-16.940620422	0.924386676
5.945925000	-16.563779831	0.942185048
5.945926000	-16.011087418	0.967003113
5.945927000	-15.643499374	0.986298048
5.945928000	-15.293550491	0.992849424
5.945929000	-15.153725624	1.002141260
5.945930000	-14.878700256	1.007607331
5.945931000	-14.386236191	1.017892260
5.945932000	-14.248193741	1.019417652
5.945933000	-13.880758286	1.028024056
5.945934000	-13.559902191	1.039972528
5.945935000	-13.492349625	1.030406254
5.945936000	-13.180430412	1.043398152
5.945937000	-12.763840675	1.044668480
5.945938000	-12.438476562	1.047440631
5.945939000	-12.265316010	1.058590088
5.945940000	-12.132079124	1.051115660
5.945941000	-12.122328758	1.058467050
5.945942000	-11.875707626	1.049402116
5.945943000	-11.530849457	1.054818852
5.945944000	-11.293257713	1.053987147
5.945945000	-11.166008949	1.050683296
5.945946000	-11.026917458	1.056516751
5.945947000	-10.778037071	1.058669251
5.945948000	-10.517482758	1.057680020
5.945949000	-10.315176010	1.056772148
5.945950000	-10.327754974	1.057723629
5.945951000	-10.158076286	1.052949180
5.945952000	-9.890940666	1.051735777
5.945953000	-9.796545029	1.049364965
5.945954000	-9.516553879	1.048179059
5.945955000	-9.462342262	1.047890705
5.945956000	-9.298824310	1.049661042
5.945957000	-9.218155861	1.042899609
5.945958000	-8.915615082	1.039994699
5.945959000	-8.799860954	1.036094566
5.945960000	-8.702864647	1.030407918
5.945961000	-8.621706009	1.037841067
5.945962000	-8.503744125	1.032717212
5.945963000	-8.504533768	1.030673968
5.945964000	-8.348273277	1.032493040
5.945965000	-8.226382256	1.028707890
5.945966000	-7.962199688	1.021012819
5.945967000	-7.900068760	1.019827712
5.945968000	-7.820276737	1.019206330
5.945969000	-7.662008762	1.011191347
5.945970000	-7.469666004	1.006094323
5.945971000	-7.485699177	1.008346359
5.945972000	-7.304110050	1.003757266
5.945973000	-7.301270008	1.000172651
5.945974000	-7.116745949	0.996221053
5.945975000	-6.986564636	0.994277211
5.945976000	-7.026875973	0.992111862
5.945977000	-6.895141125	0.994393059
5.945978000	-6.836382866	0.987680362
5.945979000	-6.695543766	0.981468205
5.945980000	-6.642756939	0.982872823
5.945981000	-6.590923786	0.976970260
5.945982000	-6.467781544	0.972262656
5.945983000	-6.435703278	0.973624863
5.945984000	-6.258533478	0.967896337
5.945985000	-6.237103939	0.967220627
5.945986000	-6.111172676	0.961499091
5.945987000	-6.034314632	0.956726174
5.945988000	-5.945604324	0.952365248
5.945989000	-5.917389393	0.952310853
5.945990000	-5.832780838	0.948976841
5.945991000	-5.693503857	0.939206702
5.945992000	-5.631685257	0.942109148
5.945993000	-5.589376450	0.942929335
5.945994000	-5.568260670	0.933781310
5.945995000	-5.434408188	0.930343369
5.945996000	-5.295664310	0.926705158
5.945997000	-5.310778618	0.928548864
5.945998000	-5.208215714	0.920711780
5.945999000	-5.145176888	0.919677009
5.946000000	-5.060097218	0.913581766
5.946001000	-5.023124695	0.913745217
5.946002000	-5.029873848	0.911068474
5.946003000	-4.889336586	0.905018238
5.946004000	-4.881931305	0.901730566
5.946005000	-4.815314293	0.900089459
5.946006000	-4.699630260	0.893997811
5.946007000	-4.741772652	0.896076475
5.946008000	-4.723611832	0.892673022
5.946009000	-4.652014256	0.889989421
5.946010000	-4.557722569	0.885654793
5.946011000	-4.500991344	0.881446666
5.946012000	-4.447124481	0.878824118
5.946013000	-4.435725212	0.875402156
5.946014000	-4.375236034	0.875797103
5.946015000	-4.265704632	0.866899681
5.946016000	-4.224802017	0.864914494
5.946017000	-4.230791569	0.863277716
5.946018000	-4.157733440	0.863492699
5.946019000	-4.117913723	0.859934583
5.946020000	-4.118768692	0.857385538
5.946021000	-4.067285061	0.855031970
5.946022000	-3.975715876	0.847606810
5.946023000	-3.938612461	0.849179207
5.946024000	-3.897906780	0.843530376
5.946025000	-3.831715584	0.839614997
5.946026000	-3.818875074	0.840689782
5.946027000	-3.749696970	0.832927866
5.946028000	-3.735404491	0.832283714
5.946029000	-3.695027113	0.828515474
5.946030000	-3.608650684	0.827322644
5.946031000	-3.548705816	0.819147738
5.946032000	-3.568400383	0.819368647
5.946033000	-3.513337612	0.819524309
5.946034000	-3.471626520	0.815353865
5.946035000	-3.457408428	0.812829655
5.946036000	-3.404633045	0.808432509
5.946037000	-3.378586531	0.808108669
5.946038000	-3.339730740	0.804414998
5.946039000	-3.254862785	0.798812106
5.946040000	-3.268074036	0.802599587
5.946041000	-3.209582090	0.795551665
5.946042000	-3.183835745	0.789517408
5.946043000	-3.136384249	0.789108546
5.946044000	-3.094729662	0.783015699
5.946045000	-3.072705507	0.784565992
5.946046000	-3.018104315	0.780566324
5.946047000	-3.015056372	0.777803627
5.946048000	-2.972546577	0.776260525
5.946049000	-2.952802181	0.771866642
5.946050000	-2.912462473	0.767289334
5.946051000	-2.882703066	0.767091661
5.946052000	-2.854761600	0.765226582
5.946053000	-2.826847076	0.762606897
5.946054000	-2.771214962	0.758744182
5.946055000	-2.760036707	0.757172451
5.946056000	-2.744858742	0.756082752
5.946057000	-2.718579054	0.752986827
5.946058000	-2.663308859	0.750436051
5.946059000	-2.643403292	0.748093269
5.946060000	-2.636745930	0.745039355
5.946061000	-2.597236633	0.743767696
5.946062000	-2.545789242	0.739384199
5.946063000	-2.553649902	0.738174458
5.946064000	-2.515331268	0.735706973
5.946065000	-2.499724627	0.734253020
5.946066000	-2.451351881	0.731045376
5.946067000	-2.477208376	0.731067014
5.946068000	-2.456047773	0.728970241
5.946069000	-2.399613619	0.724953328
5.946070000	-2.362217665	0.723863696
5.946071000	-2.369683504	0.721328833
5.946072000	-2.317446232	0.717433227
5.946073000	-2.304361343	0.717420311
5.946074000	-2.276145697	0.715572343
5.946075000	-2.234230280	0.708738539
5.946076000	-2.235803366	0.709211783
5.946077000	-2.213781357	0.707612488
5.946078000	-2.170256138	0.704656778
5.946079000	-2.151341438	0.699462549
5.946080000	-2.118834972	0.698121647
5.946081000	-2.120247602	0.701026890
5.946082000	-2.127010345	0.695292172
5.946083000	-2.088536978	0.692144249
5.946084000	-2.049209356	0.691872540
5.946085000	-2.016383171	0.687585317
5.946086000	-2.017944813	0.688243850
5.946087000	-1.990375996	0.684933540
5.946088000	-1.961761236	0.681847070
5.946089000	-1.966017127	0.680377338
5.946090000	-1.950119853	0.678576974
5.946091000	-1.933369160	0.677657984
5.946092000	-1.915932536	0.677335276
5.946093000	-1.883193135	0.673502720
5.946094000	-1.849035740	0.673310707
5.946095000	-1.845418453	0.669617235
5.946096000	-1.829076409	0.665981687
5.946097000	-1.796056867	0.664222403
5.946098000	-1.792336106	0.661861777
5.946099000	-1.802201152	0.662713855
5.946100000	-1.747115254	0.657832348
5.946101000	-1.743143559	0.656880068
5.946102000	-1.738674760	0.655413865
5.946103000	-1.719500661	0.652450099
5.946104000	-1.680079460	0.650816183
5.946105000	-1.662107944	0.650068900
5.946106000	-1.637746930	0.645877884
5.946107000	-1.615473270	0.643761869
5.946108000	-1.603153229	0.641769092
5.946109000	-1.575673223	0.640713948
5.946110000	-1.552829027	0.638251922
5.946111000	-1.559556127	0.637511097
5.946112000	-1.536170959	0.636750032
5.946113000	-1.511072040	0.630363173
5.946114000	-1.488535404	0.630892875
5.946115000	-1.496686339	0.628389437
5.946116000	-1.485653281	0.629903311
5.946117000	-1.458233356	0.625165681
5.946118000	-1.449399233	0.625119875
5.946119000	-1.444546461	0.623584362
5.946120000	-1.452538490	0.625100300
5.946121000	-1.426008105	0.622064363
5.946122000	-1.419328451	0.618512306
5.946123000	-1.391090274	0.619940958
5.946124000	-1.379492164	0.615047333
5.946125000	-1.362020135	0.614146053
5.946126000	-1.368425488	0.612233570
5.946127000	-1.349515557	0.610571159
5.946128000	-1.349798560	0.611082419
5.946129000	-1.325288415	0.610002507
5.946130000	-1.308165312	0.606568028
5.946131000	-1.293782115	0.604961742
5.946132000	-1.276510835	0.604187362
5.946133000	-1.263747573	0.603032748
5.946134000	-1.253302574	0.600449549
5.946135000	-1.266088009	0.600553279
5.946136000	-1.235481024	0.597493573
5.946137000	-1.217669845	0.594357568
5.946138000	-1.208186269	0.594505639
5.946139000	-1.187017202	0.595741812
5.946140000	-1.183584213	0.590714363
5.946141000	-1.176181555	0.589580922
5.946142000	-1.148492455	0.590024205
5.946143000	-1.140615702	0.586266285
5.946144000	-1.134287000	0.586610898
5.946145000	-1.116003156	0.583714045
5.946146000	-1.122382641	0.581499027
5.946147000	-1.102447271	0.580384161
5.946148000	-1.086617231	0.578268146
5.946149000	-1.073431015	0.576783368
5.946150000	-1.069409251	0.577413538
5.946151000	-1.069280863	0.573993706
5.946152000	-1.055464983	0.574041044
5.946153000	-1.029564857	0.570722745
5.946154000	-1.023165226	0.571215430
5.946155000	-1.001118898	0.567262833
5.946156000	-0.996700883	0.568987563
5.946157000	-0.985785663	0.565084301
5.946158000	-0.983526528	0.561819931
5.946159000	-0.974105954	0.561836376
5.946160000	-0.968560874	0.563173815
5.946161000	-0.964590192	0.561429778
5.946162000	-0.956038654	0.561330775
5.946163000	-0.947202086	0.560016505
5.946164000	-0.936145782	0.557215392
5.946165000	-0.924370706	0.555250878
5.946166000	-0.909246206	0.554092836
5.946167000	-0.888931811	0.551556541
5.946168000	-0.877823532	0.550076656
5.946169000	-0.870466411	0.546853265
5.946170000	-0.859830737	0.546943080
5.946171000	-0.867815256	0.546123026
5.946172000	-0.844696283	0.546520603
5.946173000	-0.849444807	0.543255701
5.946174000	-0.827300131	0.544494204
5.946175000	-0.819501758	0.544230052
5.946176000	-0.810661376	0.542176388
5.946177000	-0.808340013	0.539451375
5.946178000	-0.799190819	0.536876498
5.946179000	-0.777956367	0.538313939
5.946180000	-0.776195049	0.535842359
5.946181000	-0.775363803	0.535215451
5.946182000	-0.779312909	0.532826662
5.946183000	-0.749804676	0.530465603
5.946184000	-0.759379327	0.530337572
5.946185000	-0.741061866	0.528743870
5.946186000	-0.727983654	0.528592003
5.946187000	-0.725819051	0.528044524
5.946188000	-0.722435474	0.527727141
5.946189000	-0.700604737	0.523708698
5.946190000	-0.695991218	0.523819086
5.946191000	-0.686151624	0.522423223
5.946192000	-0.679775119	0.521827707
5.946193000	-0.687888384	0.521886463
5.946194000	-0.685400844	0.518960248
5.946195000	-0.652735710	0.519758065
5.946196000	-0.680071115	0.517477234
5.946197000	-0.646438897	0.516113362
5.946198000	-0.635388374	0.514044885
5.946199000	-0.647080183	0.514926425
5.946200000	-0.647333562	0.514831716
5.946201000	-0.627122223	0.513797810
5.946202000	-0.622772157	0.510814604
5.946203000	-0.605534911	0.511042237
5.946204000	-0.619728863	0.508151609
5.946205000	-0.603834510	0.509276828
5.946206000	-0.599894643	0.507132850
5.946207000	-0.591170430	0.505814452
5.946208000	-0.579135597	0.504704313
5.946209000	-0.561936080	0.503796575
5.946210000	-0.562964499	0.503695841
5.946211000	-0.558962345	0.501440843
5.946212000	-0.559253275	0.501844278
5.946213000	-0.541620195	0.501180718
5.946214000	-0.541472197	0.498816564
5.946215000	-0.536327660	0.498818162
5.946216000	-0.527012467	0.496890532
5.946217000	-0.525918186	0.494539127
5.946218000	-0.505584776	0.494308165
5.946219000	-0.528141141	0.493693307
5.946220000	-0.485745400	0.492193315
5.946221000	-0.489802957	0.490781840
5.946222000	-0.493810266	0.491321330
5.946223000	-0.478722185	0.488998687
5.946224000	-0.466881365	0.489054514
5.946225000	-0.470970839	0.484153731
5.946226000	-0.457633287	0.487928296
5.946227000	-0.442864865	0.485619102
5.946228000	-0.450235218	0.483010536
5.946229000	-0.451365471	0.484899583
5.946230000	-0.438268393	0.481292930
5.946231000	-0.425915688	0.481510844
5.946232000	-0.436865389	0.482389320
5.946233000	-0.419678956	0.479972335
5.946234000	-0.423154622	0.476735529
5.946235000	-0.414404958	0.478024533
5.946236000	-0.411759526	0.477834749
5.946237000	-0.397751004	0.475977960
5.946238000	-0.397790462	0.476087749
5.946239000	-0.390759647	0.475045920
5.946240000	-0.385245979	0.474347839
5.946241000	-0.371442825	0.475796798
5.946242000	-0.379841119	0.474515219
5.946243000	-0.387381822	0.470858565
5.946244000	-0.362176299	0.469736476
5.946245000	-0.375345170	0.470997016
5.946246000	-0.352765530	0.469153277
5.946247000	-0.356463373	0.469852223
5.946248000	-0.341705292	0.468074164
5.946249000	-0.334640861	0.466956468
5.946250000	-0.334163100	0.464275231
5.946251000	-0.340590239	0.464823942
5.946252000	-0.333590865	0.465719230
5.946253000	-0.330510408	0.463115924
5.946254000	-0.320973158	0.461902188
5.946255000	-0.319824934	0.460784226
5.946256000	-0.315018862	0.459754948
5.946257000	-0.312195778	0.458172897
5.946258000	-0.306554645	0.459325247
5.946259000	-0.291363269	0.459161263
5.946260000	-0.288802743	0.455954151
5.946261000	-0.292707950	0.455611069
5.946262000	-0.278655142	0.455718495
5.946263000	-0.288887888	0.453503211
5.946264000	-0.268935055	0.453882545
5.946265000	-0.263861805	0.454306986
5.946266000	-0.255881369	0.454071463
5.946267000	-0.266992956	0.451746356
5.946268000	-0.262207687	0.451753547
5.946269000	-0.264054000	0.449942265
5.946270000	-0.254681349	0.449068648
5.946271000	-0.253797859	0.447664230
5.946272000	-0.237327993	0.446349194
5.946273000	-0.235581428	0.447254236
5.946274000	-0.233921751	0.448683522
5.946275000	-0.224058628	0.446992214
5.946276000	-0.220182478	0.445079765
5.946277000	-0.239307314	0.445147742
5.946278000	-0.206781834	0.445146111
5.946279000	-0.200597599	0.443208861
5.946280000	-0.215954289	0.442611414
5.946281000	-0.201784328	0.441773650
5.946282000	-0.196213752	0.440263105
5.946283000	-0.200898990	0.439965297
5.946284000	-0.168273732	0.440328619
5.946285000	-0.201060280	0.438147923
5.946286000	-0.194421530	0.439577075
5.946287000	-0.182282940	0.437960337
5.946288000	-0.177204236	0.438078781
5.946289000	-0.185212657	0.436486710
5.946290000	-0.162666216	0.436582517
5.946291000	-0.167152211	0.434935618
5.946292000	-0.171615854	0.434059005
5.946293000	-0.166819483	0.434054079
5.946294000	-0.144533768	0.432964879
5.946295000	-0.159484759	0.431697048
5.946296000	-0.146644071	0.430564805
5.946297000	-0.132005960	0.429203430
5.946298000	-0.136655316	0.428385906
5.946299000	-0.143729791	0.429299704
5.946300000	-0.112219527	0.428170923
5.946301000	-0.119029783	0.428418464
5.946302000	-0.121359095	0.425631565
5.946303000	-0.122287057	0.426083604
5.946304000	-0.113498122	0.424556381
5.946305000	-0.101425461	0.423808432
5.946306000	-0.103481829	0.422664637
5.946307000	-0.089650780	0.421325300
5.946308000	-0.116332233	0.422271522
5.946309000	-0.100604460	0.421978873
5.946310000	-0.090524204	0.419461021
5.946311000	-0.090050779	0.419615151
5.946312000	-0.097297512	0.420382042
5.946313000	-0.077918142	0.418228710
5.946314000	-0.071424022	0.417721411
5.946315000	-0.078932427	0.418870698
5.946316000	-0.072411247	0.417874343
5.946317000	-0.069072112	0.414570925
5.946318000	-0.055134106	0.414845430
5.946319000	-0.054441899	0.414013525
5.946320000	-0.051530935	0.414156770
5.946321000	-0.053008866	0.411539016
5.946322000	-0.057094485	0.411818381
5.946323000	-0.063720278	0.413730098
5.946324000	-0.033033732	0.411015172
5.946325000	-0.048749261	0.409387481
5.946326000	-0.057375472	0.411844280
5.946327000	-0.033933826	0.407833493
5.946328000	-0.033349819	0.409244702
5.946329000	-0.035950404	0.410984179
5.946330000	-0.036341134	0.408826819
5.946331000	-0.030264808	0.409667879
5.946332000	-0.031806055	0.405444904
5.946333000	-0.004264274	0.406527413
5.946334000	-0.023581723	0.407147629
5.946335000	-0.015428261	0.404910308
5.946336000	-0.004621628	0.404604910
5.946337000	-0.011880371	0.403725168
5.946338000	-0.010347002	0.403277923
5.946339000	-0.007657687	0.403970545
5.946340000	-0.009619595	0.402884042
5.946341000	0.002685760	0.402031897
5.946342000	0.009309372	0.402309798
5.946343000	0.016512891	0.398713232
5.946344000	0.010041835	0.400716362
5.946345000	0.008236628	0.400971859
5.946346000	0.008930113	0.400022109
5.946347000	0.016657017	0.398912237
5.946348000	0.027660832	0.398566325
5.946349000	0.012966974	0.398301773
5.946350000	0.029499846	0.396147210
5.946351000	0.027937084	0.395198425
5.946352000	0.028381832	0.395989384
5.946353000	0.031724475	0.395668007
5.946354000	0.048814166	0.395289805
5.946355000	0.034113206	0.393867810
5.946356000	0.057709318	0.392474910
5.946357000	0.052024763	0.392043844
5.946358000	0.039222099	0.392625146
5.946359000	0.045879215	0.392748417
5.946360000	0.056270577	0.391831157
5.946361000	0.059346754	0.391185807
5.946362000	0.063522145	0.390080129
5.946363000	0.056534506	0.391459014
5.946364000	0.073960334	0.387783219
5.946365000	0.073852696	0.387539007
5.946366000	0.065950185	0.388315086
5.946367000	0.064427666	0.387159407
5.946368000	0.075031482	0.388247075
5.946369000	0.073247522	0.388532866
5.946370000	0.072375573	0.385731919
5.946371000	0.092029609	0.386050600
5.946372000	0.084179766	0.384906473
5.946373000	0.075006366	0.383216830
5.946374000	0.089090504	0.383482381
5.946375000	0.084630787	0.384504968
5.946376000	0.103740744	0.382857436
5.946377000	0.093081266	0.382962998
5.946378000	0.093316637	0.381479284
5.946379000	0.104191527	0.380657932
5.946380000	0.108793706	0.381081341
5.946381000	0.122542828	0.381225052
5.946382000	0.107302330	0.380208623
5.946383000	0.102908209	0.380284423
5.946384000	0.105275102	0.379784781
5.946385000	0.116793454	0.378615320
5.946386000	0.119708695	0.377206042
5.946387000	0.123274155	0.378421775
5.946388000	0.120345257	0.377494962
5.946389000	0.132490307	0.375465200
5.946390000	0.134695485	0.374039410
5.946391000	0.139662400	0.377220357
5.946392000	0.135615602	0.375125248
5.946393000	0.139048904	0.373856318
5.946394000	0.153604716	0.373705550
5.946395000	0.143047020	0.373064827
5.946396000	0.147149831	0.371920233
5.946397000	0.143981725	0.373257207
5.946398000	0.139446557	0.373816870
5.946399000	0.143714517	0.372288349
5.946400000	0.156914130	0.371345723
5.946401000	0.139681652	0.369891870
5.946402000	0.144221157	0.370411220
5.946403000	0.166435674	0.367380742
5.946404000	0.167740911	0.369725822
5.946405000	0.158987597	0.368417744
5.946406000	0.167179972	0.370198500
5.946407000	0.161417186	0.368211415
5.946408000	0.165136248	0.366150661
5.946409000	0.167733699	0.367407507
5.946410000	0.169225380	0.366806798
5.946411000	0.177476645	0.366876539
5.946412000	0.175325930	0.365831714
5.946413000	0.167485103	0.366600969
5.946414000	0.174198151	0.365536736
5.946415000	0.173501298	0.363372485
5.946416000	0.160534859	0.364319139
5.946417000	0.182777420	0.363506342
5.946418000	0.186504811	0.361925756
5.946419000	0.195678979	0.362028587
5.946420000	0.188596010	0.363760441
5.946421000	0.180904448	0.359833577
5.946422000	0.201198906	0.361870429
5.946423000	0.195654213	0.359536135
5.946424000	0.207733065	0.359876420
5.946425000	0.187892705	0.358817547
5.946426000	0.197948918	0.358945679
5.946427000	0.198168755	0.360724271
5.946428000	0.196699813	0.359758109
5.946429000	0.217127517	0.359727616
5.946430000	0.198447987	0.358942250
5.946431000	0.213896379	0.358719476
5.946432000	0.212509662	0.355947891
5.946433000	0.231413603	0.356396101
5.946434000	0.232196778	0.355997393
5.946435000	0.219319195	0.357042151
5.946436000	0.235433444	0.354652663
5.946437000	0.220514148	0.356998575
5.946438000	0.224498630	0.354550797
5.946439000	0.229563773	0.353357834
5.946440000	0.217007160	0.351374578
5.946441000	0.222245783	0.353965734
5.946442000	0.239300758	0.353813168
5.946443000	0.223542422	0.353859507
5.946444000	0.243703052	0.353032762
5.946445000	0.236433282	0.351644057
5.946446000	0.224202290	0.349744790
5.946447000	0.240488321	0.352822239
5.946448000	0.231780112	0.351276174
5.946449000	0.247539848	0.349547550
5.946450000	0.260390997	0.350283947
5.946451000	0.251016766	0.350265172
5.946452000	0.254026055	0.349429805
5.946453000	0.258266628	0.347403006
5.946454000	0.258883566	0.349664229
5.946455000	0.266523004	0.348460680
5.946456000	0.263883263	0.347433732
5.946457000	0.268210530	0.346292368
5.946458000	0.261071146	0.346205316
5.946459000	0.270215690	0.345230765
5.946460000	0.273083389	0.346543271
5.946461000	0.259318203	0.345756873
5.946462000	0.274560094	0.345171876
5.946463000	0.263903975	0.344589443
5.946464000	0.282676637	0.343452473
5.946465000	0.266697913	0.342640308
5.946466000	0.285656124	0.343254766
5.946467000	0.272944778	0.345197476
5.946468000	0.275817871	0.344249790
5.946469000	0.269923300	0.341925716
5.946470000	0.279930621	0.343635166
5.946471000	0.284552813	0.341381199
5.946472000	0.270954937	0.341756405
5.946473000	0.282500952	0.342257745
5.946474000	0.303590387	0.338983955
5.946475000	0.295386404	0.340215900
5.946476000	0.291535616	0.340109573
5.946477000	0.303996682	0.337506433
5.946478000	0.299597710	0.339038649
5.946479000	0.273925424	0.338849598
5.946480000	0.299924612	0.339654539
5.946481000	0.307004958	0.337766824
5.946482000	0.299120188	0.338625360
5.946483000	0.309988260	0.338157376
5.946484000	0.291271061	0.336940478
5.946485000	0.306472570	0.338267032
5.946486000	0.301764160	0.335607799
5.946487000	0.308962852	0.336964114
5.946488000	0.310124606	0.336713610
5.946489000	0.303849071	0.334553021
5.946490000	0.301084548	0.335934169
5.946491000	0.306941003	0.334459411
5.946492000	0.318102658	0.336344229
5.946493000	0.314778775	0.335119175
5.946494000	0.307294250	0.334520530
5.946495000	0.325826108	0.334490969
5.946496000	0.324382097	0.333800611
5.946497000	0.309714735	0.333153063
5.946498000	0.335872322	0.332790141
5.946499000	0.332281858	0.331662892
5.946500000	0.330601960	0.330546461
5.946501000	0.334579915	0.331044139
5.946502000	0.332074583	0.330209605
5.946503000	0.316533357	0.329635860
5.946504000	0.321023673	0.331276434
5.946505000	0.337213218	0.329834898
5.946506000	0.345942706	0.329440550
5.946507000	0.346946090	0.328238832
5.946508000	0.327600330	0.328166028
5.946509000	0.329763681	0.328309672
5.946510000	0.337437123	0.329294809
5.946511000	0.343124449	0.327064345
5.946512000	0.341282338	0.327156390
5.946513000	0.337722957	0.325716086
5.946514000	0.344435185	0.328123750
5.946515000	0.337942928	0.326484841
5.946516000	0.351438671	0.324743600
5.946517000	0.353470892	0.325086215
5.946518000	0.360915393	0.326548391
5.946519000	0.337849647	0.324827889
5.946520000	0.345647216	0.323656664
5.946521000	0.358639121	0.325698376
5.946522000	0.365566105	0.323399069
5.946523000	0.361564666	0.323379529
5.946524000	0.356967837	0.325711759
5.946525000	0.354076326	0.323119371
5.946526000	0.358750761	0.323386419
5.946527000	0.359987408	0.323124964
5.946528000	0.364521027	0.321252096
5.946529000	0.368045539	0.320866803
5.946530000	0.365277976	0.321336951
5.946531000	0.363292754	0.321566182
5.946532000	0.377967477	0.319560123
5.946533000	0.362167388	0.320571924
5.946534000	0.371378243	0.320584441
5.946535000	0.375456005	0.321907866
5.946536000	0.366324872	0.318868500
5.946537000	0.373803467	0.319269672
5.946538000	0.379840285	0.318301013
5.946539000	0.379923999	0.318819731
5.946540000	0.389793724	0.317115973
5.946541000	0.371877939	0.318603083
5.946542000	0.371607065	0.317714253
5.946543000	0.370718658	0.317173131
5.946544000	0.375321865	0.316855716
5.946545000	0.392767429	0.318136364
5.946546000	0.382619381	0.315457323
5.946547000	0.391767383	0.314065555
5.946548000	0.390841454	0.315719878
5.946549000	0.394300014	0.315088176
5.946550000	0.403003216	0.313443940
5.946551000	0.389980942	0.315473003
5.946552000	0.385319650	0.315089275
5.946553000	0.395466924	0.314171782
5.946554000	0.397707760	0.314974825
5.946555000	0.390098214	0.313610055
5.946556000	0.398576319	0.314034729
5.946557000	0.401798457	0.313005717
5.946558000	0.401996970	0.314055802
5.946559000	0.409933388	0.311848041
5.946560000	0.405757338	0.311076557
5.946561000	0.403189510	0.312105935
5.946562000	0.409361988	0.311563416
5.946563000	0.413895994	0.310838370
5.946564000	0.405486435	0.311375829
5.946565000	0.413064748	0.311008679
5.946566000	0.399723202	0.310300378
5.946567000	0.410301059	0.311099959
5.946568000	0.417484820	0.309177623
5.946569000	0.405918032	0.311821210
5.946570000	0.410884827	0.308725152
5.946571000	0.409094542	0.309303890
5.946572000	0.426254064	0.308976854
5.946573000	0.411033928	0.308438163
5.946574000	0.418305188	0.308923025
5.946575000	0.428916574	0.309170199
5.946576000	0.422937810	0.307163407
5.946577000	0.424374759	0.306071145
5.946578000	0.413982332	0.309055350
5.946579000	0.416022092	0.307947941
5.946580000	0.424555719	0.308692661
5.946581000	0.421083450	0.305810155
5.946582000	0.419987708	0.306560701
5.946583000	0.439374864	0.305956263
5.946584000	0.432076603	0.306362728
5.946585000	0.423066229	0.304473016
5.946586000	0.416584998	0.306380072
5.946587000	0.430369377	0.304682440
5.946588000	0.431278825	0.305202522
5.946589000	0.428023607	0.305123726
5.946590000	0.441360623	0.302450777
5.946591000	0.446851730	0.304285695
5.946592000	0.440496117	0.302603110
5.946593000	0.431758046	0.303118665
5.946594000	0.452151746	0.302792461
5.946595000	0.435232639	0.302741095
5.946596000	0.425947636	0.302915233
5.946597000	0.429613054	0.301023190
5.946598000	0.432639778	0.302178835
5.946599000	0.440064549	0.302842395
5.946600000	0.432819694	0.302147344
5.946601000	0.444257766	0.302008859
5.946602000	0.436411291	0.301988952
5.946603000	0.446455330	0.301757091
5.946604000	0.454313159	0.300938934
5.946605000	0.458304316	0.300301140
5.946606000	0.448703527	0.301390340
5.946607000	0.451303273	0.299603259
5.946608000	0.443656474	0.299446965
5.946609000	0.447563082	0.298558235
5.946610000	0.446851552	0.299846106
5.946611000	0.465737343	0.297785685
5.946612000	0.464218527	0.297415938
5.946613000	0.467247933	0.298899286
5.946614000	0.467216432	0.297705957
5.946615000	0.450311095	0.297747602
5.946616000	0.448670149	0.296967662
5.946617000	0.466703951	0.297948005
5.946618000	0.459019810	0.297749000
5.946619000	0.472675741	0.295938017
5.946620000	0.452476472	0.295651294
5.946621000	0.465085328	0.293668471
5.946622000	0.472230583	0.295844607
5.946623000	0.458493531	0.295985788
5.946624000	0.467053145	0.295992312
5.946625000	0.472840130	0.294432499
5.946626000	0.467527360	0.295116332
5.946627000	0.470055014	0.296093246
5.946628000	0.475358814	0.293230481
5.946629000	0.460039258	0.294230431
5.946630000	0.476956218	0.295005877
5.946631000	0.472869039	0.294381632
5.946632000	0.482578546	0.293367134
5.946633000	0.473248899	0.292891594
5.946634000	0.482388347	0.292589392
5.946635000	0.502118051	0.293305316
5.946636000	0.477109462	0.291313005
5.946637000	0.484029710	0.293346262
5.946638000	0.472998351	0.292453504
5.946639000	0.473431557	0.293332447
5.946640000	0.471781284	0.292555137
5.946641000	0.485485762	0.291209475
5.946642000	0.475893199	0.290762163
5.946643000	0.466195345	0.291194628
5.946644000	0.478389710	0.290718188
5.946645000	0.479747206	0.290429701
5.946646000	0.478128493	0.291095691
5.946647000	0.475662977	0.290216415
5.946648000	0.495109648	0.290608899
5.946649000	0.473502040	0.289374590
5.946650000	0.489269137	0.290715358
5.946651000	0.489142776	0.289519599
5.946652000	0.486538947	0.289003012
5.946653000	0.484351695	0.289335075
5.946654000	0.489190251	0.288676309
5.946655000	0.484012425	0.288633599
5.946656000	0.487129182	0.288036485
5.946657000	0.493734419	0.287326985
5.946658000	0.505715668	0.288622680
5.946659000	0.491636842	0.287361140
5.946660000	0.493564993	0.287280047
5.946661000	0.499944568	0.287965811
5.946662000	0.495720029	0.287220026
5.946663000	0.493621707	0.287371693
5.946664000	0.501507580	0.287911616
5.946665000	0.518092096	0.287116363
5.946666000	0.500985205	0.285841108
5.946667000	0.495114028	0.286708333
5.946668000	0.510618210	0.286042742
5.946669000	0.514881909	0.285293096
5.946670000	0.510569572	0.286304831
5.946671000	0.508070350	0.283125582
5.946672000	0.512915015	0.284331295
5.946673000	0.508746564	0.284430997
5.946674000	0.495845705	0.285439303
5.946675000	0.503372967	0.284741921
5.946676000	0.517485142	0.284637193
5.946677000	0.504921913	0.282892789
5.946678000	0.513614893	0.284374671
5.946679000	0.501895547	0.283325386
5.946680000	0.513992608	0.283592035
5.946681000	0.518389046	0.284706501
5.946682000	0.517266631	0.282911797
5.946683000	0.518788099	0.282511923
5.946684000	0.503191054	0.282332426
5.946685000	0.512856185	0.282178629
5.946686000	0.506400645	0.283120955
5.946687000	0.521917760	0.281403216
5.946688000	0.510468125	0.284227532
5.946689000	0.521497309	0.281765073
5.946690000	0.522064328	0.283107007
5.946691000	0.514057338	0.281827757
5.946692000	0.523404360	0.280848480
5.946693000	0.519186735	0.280644315
5.946694000	0.538719356	0.279298287
5.946695000	0.520131707	0.280882169
5.946696000	0.519336343	0.279834548
5.946697000	0.524553955	0.281097818
5.946698000	0.534460008	0.279594497
5.946699000	0.529240489	0.279863809
5.946700000	0.540647745	0.278267627
5.946701000	0.527720213	0.278840306
5.946702000	0.532433391	0.277904871
5.946703000	0.530884862	0.278225183
5.946704000	0.526576340	0.279058103
5.946705000	0.519551158	0.277535923
5.946706000	0.537170827	0.277044237
5.946707000	0.536638737	0.278799926
5.946708000	0.524974644	0.277289098
5.946709000	0.531762838	0.278690970
5.946710000	0.533681452	0.276364449
5.946711000	0.544577062	0.278023781
5.946712000	0.546460330	0.275702720
5.946713000	0.520736337	0.276999330
5.946714000	0.528279841	0.276620778
5.946715000	0.543110728	0.276244673
5.946716000	0.539138496	0.274400451
5.946717000	0.535039008	0.276382691
5.946718000	0.536545038	0.274472423
5.946719000	0.545167983	0.275249184
5.946720000	0.548674405	0.275776057
5.946721000	0.537921011	0.274601253
5.946722000	0.549696147	0.275214313
5.946723000	0.540299952	0.273541298
5.946724000	0.545424342	0.274042871
5.946725000	0.531862378	0.274234336
5.946726000	0.540816247	0.273709577
5.946727000	0.559470475	0.273060564
5.946728000	0.542180121	0.273499736
5.946729000	0.547145963	0.272991389
5.946730000	0.540577173	0.273878338
5.946731000	0.537933767	0.272433673
5.946732000	0.555492699	0.272630431
5.946733000	0.549014091	0.273976509
5.946734000	0.550645947	0.273184868
5.946735000	0.553158522	0.272336135
5.946736000	0.546910882	0.272544394
5.946737000	0.554952443	0.273363050
5.946738000	0.549836576	0.271395806
5.946739000	0.551051795	0.272604581
5.946740000	0.564387798	0.271845347
5.946741000	0.554480255	0.270635557
5.946742000	0.558096290	0.270271419
5.946743000	0.556559980	0.270834278
5.946744000	0.557104409	0.270874858
5.946745000	0.549931467	0.270290444
5.946746000	0.547543406	0.271607111
5.946747000	0.568955541	0.270901024
5.946748000	0.563825488	0.269036412
5.946749000	0.553235650	0.269109066
5.946750000	0.559412956	0.270401964
5.946751000	0.556848884	0.270768082
5.946752000	0.561938584	0.269221152
5.946753000	0.563447595	0.269637470
5.946754000	0.563197553	0.268850207
5.946755000	0.567626894	0.269349816
5.946756000	0.561746061	0.269172732
5.946757000	0.577481151	0.268059115
5.946758000	0.547127247	0.268913690
5.946759000	0.564084828	0.269135415
5.946760000	0.568779826	0.267233668
5.946761000	0.571925879	0.267080786
5.946762000	0.563460112	0.267618811
5.946763000	0.569625974	0.267634390
5.946764000	0.583638132	0.266527298
5.946765000	0.564277589	0.265629213
5.946766000	0.556362748	0.266510586
5.946767000	0.568664730	0.267163244
5.946768000	0.566429913	0.267328893
5.946769000	0.576229095	0.265749638
5.946770000	0.566071212	0.266481708
5.946771000	0.570315361	0.266370005
5.946772000	0.569459200	0.266791766
5.946773000	0.573462725	0.266019200
5.946774000	0.576946974	0.264833161
5.946775000	0.580347478	0.266336183
5.946776000	0.576910377	0.263732077
5.946777000	0.578521788	0.266595225
5.946778000	0.562083840	0.265566113
5.946779000	0.577073991	0.266765534
5.946780000	0.571396589	0.263820594
5.946781000	0.573467731	0.264376995
5.946782000	0.581819475	0.264574052
5.946783000	0.593378842	0.265014123
5.946784000	0.581736326	0.264612918
5.946785000	0.584122539	0.262543558
5.946786000	0.582480848	0.263808277
5.946787000	0.583362341	0.264746608
5.946788000	0.576895475	0.263780064
5.946789000	0.573172748	0.262429059
5.946790000	0.576225400	0.262778432
5.946791000	0.602489591	0.263053304
5.946792000	0.590821743	0.262468640
5.946793000	0.586316764	0.261936274
5.946794000	0.587394714	0.263056367
5.946795000	0.590739548	0.263097146
5.946796000	0.594848275	0.262931498
5.946797000	0.590281904	0.262322250
5.946798000	0.581764460	0.261281137
5.946799000	0.591237128	0.261678880
5.946800000	0.576597869	0.261831679
5.946801000	0.590563059	0.261065970
5.946802000	0.582980037	0.259500664
5.946803000	0.590177953	0.260632973
5.946804000	0.587351799	0.260733607
5.946805000	0.586953998	0.261132183
5.946806000	0.592312932	0.261621805
5.946807000	0.594024718	0.259464328
5.946808000	0.605479062	0.259312328
5.946809000	0.585773349	0.259342472
5.946810000	0.601079106	0.259236511
5.946811000	0.599268496	0.258485849
5.946812000	0.588967681	0.259488580
5.946813000	0.588649511	0.259373997
5.946814000	0.594247997	0.260857944
5.946815000	0.592934608	0.259814084
5.946816000	0.599233627	0.258001870
5.946817000	0.606577218	0.258560002
5.946818000	0.596431494	0.258497784
5.946819000	0.613933802	0.258818595
5.946820000	0.603931487	0.258058728
5.946821000	0.605768681	0.257942531
5.946822000	0.608632565	0.258957063
5.946823000	0.599560082	0.257122011
5.946824000	0.609583139	0.256373047
5.946825000	0.591585636	0.255700233
5.946826000	0.606150210	0.256817013
5.946827000	0.599274755	0.256426960
5.946828000	0.612772226	0.256897157
5.946829000	0.607119560	0.257018248
5.946830000	0.619947255	0.258227922
5.946831000	0.612092018	0.256825535
5.946832000	0.606679678	0.256155467
5.946833000	0.614069521	0.257076538
5.946834000	0.617784083	0.255436713
5.946835000	0.614132464	0.255105083
5.946836000	0.602249920	0.256330220
5.946837000	0.607373118	0.253825883
5.946838000	0.618857801	0.254555789
5.946839000	0.606015146	0.255612681
5.946840000	0.603276372	0.253643690
5.946841000	0.607002378	0.253996409
5.946842000	0.596329272	0.255762318
5.946843000	0.612722158	0.254044895
5.946844000	0.609747648	0.253703628
5.946845000	0.616334617	0.253774501
5.946846000	0.615238965	0.253873804
5.946847000	0.621969938	0.253978383
5.946848000	0.610602677	0.253461596
5.946849000	0.613528967	0.253008726
5.946850000	0.609604597	0.253589628
5.946851000	0.616383493	0.254929897
5.946852000	0.615997493	0.253671736
