D:\KID metingen\Entropy ADR\LT343chip5_BF_20240530_mapping\S21\Power\KID73_96dBm_.dat
Power at KID:96dBm
resonance Frequency in GHz :5.976629
Q=25872.852813, Qc=28256.802906, Qi=306669.214559  S21min=-21.476517


Temperature in K:0.100043
GHz	dB	Rad
5.975875000	-1.001214385	-0.225727453
5.975876000	-0.993538499	-0.226260635
5.975877000	-0.998354435	-0.225697177
5.975878000	-0.991380572	-0.226071234
5.975879000	-1.001234770	-0.225765054
5.975880000	-0.995741427	-0.226240645
5.975881000	-0.994390190	-0.226533709
5.975882000	-0.999923944	-0.226671244
5.975883000	-0.995747983	-0.226724408
5.975884000	-0.992532074	-0.226647143
5.975885000	-0.999864757	-0.226136548
5.975886000	-0.999355495	-0.226119387
5.975887000	-0.989012241	-0.227123616
5.975888000	-0.997546375	-0.227055256
5.975889000	-0.987693727	-0.227048714
5.975890000	-0.989135146	-0.227073665
5.975891000	-0.988491595	-0.227193124
5.975892000	-0.992221057	-0.227302830
5.975893000	-0.993945122	-0.227919435
5.975894000	-0.990760326	-0.227619613
5.975895000	-1.000196934	-0.228408042
5.975896000	-0.992558122	-0.228286701
5.975897000	-1.001348019	-0.226732930
5.975898000	-0.995782197	-0.227679817
5.975899000	-0.998444438	-0.227882001
5.975900000	-0.994493961	-0.228181074
5.975901000	-0.993886292	-0.228519611
5.975902000	-0.993049622	-0.228157954
5.975903000	-0.992884874	-0.228256474
5.975904000	-0.998437405	-0.228671445
5.975905000	-0.999212563	-0.228289448
5.975906000	-0.993150353	-0.229928890
5.975907000	-0.984590828	-0.229160385
5.975908000	-0.986962318	-0.228696861
5.975909000	-0.989577532	-0.229626121
5.975910000	-0.990092635	-0.229915191
5.975911000	-0.992635310	-0.228721346
5.975912000	-0.999186873	-0.229123017
5.975913000	-0.986929774	-0.229129625
5.975914000	-0.993979990	-0.230168724
5.975915000	-0.990709305	-0.230114495
5.975916000	-0.992590964	-0.228915307
5.975917000	-0.995607674	-0.229265496
5.975918000	-0.999937475	-0.230246755
5.975919000	-0.995115995	-0.230285820
5.975920000	-0.993212521	-0.230708014
5.975921000	-0.987043262	-0.230668499
5.975922000	-0.991129816	-0.230246971
5.975923000	-0.985321164	-0.230299019
5.975924000	-0.995855927	-0.230292627
5.975925000	-0.990212917	-0.230499272
5.975926000	-0.991138935	-0.230908151
5.975927000	-0.991493285	-0.230368494
5.975928000	-0.985826433	-0.232229661
5.975929000	-0.985368729	-0.231809847
5.975930000	-0.987435758	-0.230900111
5.975931000	-0.989945948	-0.231049198
5.975932000	-0.988576770	-0.231504965
5.975933000	-0.981568813	-0.230882734
5.975934000	-0.991040111	-0.231656532
5.975935000	-0.990731478	-0.232041076
5.975936000	-0.988621175	-0.231844585
5.975937000	-0.995238602	-0.232187184
5.975938000	-0.996682048	-0.232386904
5.975939000	-0.988769352	-0.232038213
5.975940000	-0.993589222	-0.231545645
5.975941000	-0.989404738	-0.232106806
5.975942000	-0.985140622	-0.232987563
5.975943000	-0.988634288	-0.232314999
5.975944000	-0.991201282	-0.232768901
5.975945000	-0.983319223	-0.232149833
5.975946000	-0.991084337	-0.232956554
5.975947000	-0.992008388	-0.232916790
5.975948000	-0.989718318	-0.232859465
5.975949000	-0.992612898	-0.233271057
5.975950000	-0.990064204	-0.233113764
5.975951000	-0.990173221	-0.233134653
5.975952000	-0.988614619	-0.233959101
5.975953000	-0.989430547	-0.234415883
5.975954000	-0.987621486	-0.234157024
5.975955000	-0.994119585	-0.234429182
5.975956000	-0.983057022	-0.234991592
5.975957000	-0.982274294	-0.235101647
5.975958000	-0.986404300	-0.234829838
5.975959000	-0.993602514	-0.234814492
5.975960000	-0.986166716	-0.234289849
5.975961000	-0.989601970	-0.235897117
5.975962000	-0.987851977	-0.234932770
5.975963000	-0.992567003	-0.236110885
5.975964000	-0.978556216	-0.235145922
5.975965000	-0.985870123	-0.235653654
5.975966000	-0.994170725	-0.234915892
5.975967000	-0.984813094	-0.235851277
5.975968000	-0.987223744	-0.235897117
5.975969000	-0.988174677	-0.235604619
5.975970000	-0.984540343	-0.237208291
5.975971000	-0.991125286	-0.236412072
5.975972000	-0.985281408	-0.235378733
5.975973000	-0.989191115	-0.236014412
5.975974000	-0.982786536	-0.237181343
5.975975000	-0.981908739	-0.236403500
5.975976000	-0.979582906	-0.237331046
5.975977000	-0.983764470	-0.237140563
5.975978000	-0.986992478	-0.236578653
5.975979000	-0.986478090	-0.237058288
5.975980000	-0.990705550	-0.236049916
5.975981000	-0.988070965	-0.238197572
5.975982000	-0.986531138	-0.237301285
5.975983000	-0.993496537	-0.237397858
5.975984000	-0.987462342	-0.237682933
5.975985000	-0.992581964	-0.237121089
5.975986000	-0.985254705	-0.238939895
5.975987000	-0.990978837	-0.238052729
5.975988000	-0.994173467	-0.238459644
5.975989000	-0.996372461	-0.238818388
5.975990000	-0.993665338	-0.238525740
5.975991000	-0.984416962	-0.238725344
5.975992000	-0.991372943	-0.239023152
5.975993000	-0.986841798	-0.238909502
5.975994000	-0.992994070	-0.238328450
5.975995000	-0.986830831	-0.238567052
5.975996000	-0.992336929	-0.239197289
5.975997000	-0.982521236	-0.239284674
5.975998000	-0.988067269	-0.239638875
5.975999000	-0.986318171	-0.239479684
5.976000000	-0.980206192	-0.239791790
5.976001000	-0.995366991	-0.239297058
5.976002000	-0.991482735	-0.240466635
5.976003000	-0.986524105	-0.239799014
5.976004000	-0.992165327	-0.241501856
5.976005000	-0.988389969	-0.240311756
5.976006000	-0.991213560	-0.241035869
5.976007000	-0.982293308	-0.240202666
5.976008000	-0.984489501	-0.240542752
5.976009000	-0.981981933	-0.241183026
5.976010000	-0.989903271	-0.242041196
5.976011000	-0.984429300	-0.240468167
5.976012000	-0.986781120	-0.241695501
5.976013000	-0.985639215	-0.241790526
5.976014000	-0.993708491	-0.242058257
5.976015000	-0.984284878	-0.241531800
5.976016000	-0.982664585	-0.241988033
5.976017000	-0.986609697	-0.242361924
5.976018000	-0.986607313	-0.242112219
5.976019000	-0.986770034	-0.242358761
5.976020000	-0.988818944	-0.242410809
5.976021000	-0.988266230	-0.242181411
5.976022000	-0.983296633	-0.242635530
5.976023000	-0.989366055	-0.243353319
5.976024000	-0.987015486	-0.242994624
5.976025000	-0.980096221	-0.242477289
5.976026000	-0.985810220	-0.243785350
5.976027000	-0.992371559	-0.242494183
5.976028000	-0.984247983	-0.243855142
5.976029000	-0.983461261	-0.243654822
5.976030000	-0.984780192	-0.243036802
5.976031000	-0.981173873	-0.244411076
5.976032000	-0.992761672	-0.244211506
5.976033000	-0.987487674	-0.245196859
5.976034000	-0.996890903	-0.244717873
5.976035000	-0.980621994	-0.243719037
5.976036000	-0.987423599	-0.244078864
5.976037000	-0.989297748	-0.245620018
5.976038000	-0.986236155	-0.244483481
5.976039000	-0.984704852	-0.245330433
5.976040000	-0.987804472	-0.245109673
5.976041000	-0.990953147	-0.245321079
5.976042000	-0.986216068	-0.245337590
5.976043000	-0.983495235	-0.245285259
5.976044000	-0.982385337	-0.245870322
5.976045000	-0.984961033	-0.246596749
5.976046000	-0.985812664	-0.246571549
5.976047000	-0.987848878	-0.246192715
5.976048000	-0.991318643	-0.246421214
5.976049000	-0.981479347	-0.245851647
5.976050000	-0.986744404	-0.246046557
5.976051000	-0.992830694	-0.247630871
5.976052000	-0.982590556	-0.246837716
5.976053000	-0.992253244	-0.246951316
5.976054000	-0.978979409	-0.247630339
5.976055000	-0.993029177	-0.247115184
5.976056000	-0.987259448	-0.247228401
5.976057000	-0.985247254	-0.247956593
5.976058000	-0.979326904	-0.247595119
5.976059000	-0.982264459	-0.247517604
5.976060000	-0.988310516	-0.247732837
5.976061000	-0.989764869	-0.248131229
5.976062000	-0.980797052	-0.249146676
5.976063000	-0.981852055	-0.248042713
5.976064000	-0.984277308	-0.247784769
5.976065000	-0.977845132	-0.248401474
5.976066000	-0.991776228	-0.248443635
5.976067000	-0.983789325	-0.249045310
5.976068000	-0.982085884	-0.248301372
5.976069000	-0.983157218	-0.249455952
5.976070000	-0.988353312	-0.249961520
5.976071000	-0.985760391	-0.250922855
5.976072000	-0.984553874	-0.250319449
5.976073000	-0.990785241	-0.250427390
5.976074000	-0.979827046	-0.250429005
5.976075000	-0.981041670	-0.249850666
5.976076000	-0.980818450	-0.249797553
5.976077000	-0.983024597	-0.250104732
5.976078000	-0.982755363	-0.250185076
5.976079000	-0.989924550	-0.250723484
5.976080000	-0.996759713	-0.251576911
5.976081000	-0.980558813	-0.250303453
5.976082000	-0.987872899	-0.251303138
5.976083000	-0.985668063	-0.252430537
5.976084000	-0.983418703	-0.251812733
5.976085000	-0.990565956	-0.252153368
5.976086000	-0.988964796	-0.252133644
5.976087000	-0.986736059	-0.252548631
5.976088000	-0.981856823	-0.253046493
5.976089000	-0.983285069	-0.252611216
5.976090000	-0.987262011	-0.253098574
5.976091000	-0.984639406	-0.253370117
5.976092000	-0.989917815	-0.253177221
5.976093000	-0.987888217	-0.253161491
5.976094000	-0.975340307	-0.253500978
5.976095000	-0.977707446	-0.253855977
5.976096000	-0.991632760	-0.253605757
5.976097000	-0.976277888	-0.254015933
5.976098000	-0.981545985	-0.254006512
5.976099000	-0.979997993	-0.254920759
5.976100000	-0.980205297	-0.254125423
5.976101000	-0.980111837	-0.254560350
5.976102000	-0.986119092	-0.254631223
5.976103000	-0.984716296	-0.254899836
5.976104000	-0.980763972	-0.255112823
5.976105000	-0.979780495	-0.254719624
5.976106000	-0.982788801	-0.254883941
5.976107000	-0.979677022	-0.255261577
5.976108000	-0.977533400	-0.257098908
5.976109000	-0.983309627	-0.255884241
5.976110000	-0.977036357	-0.255813251
5.976111000	-0.973052740	-0.256634753
5.976112000	-0.984875202	-0.257961340
5.976113000	-0.985939384	-0.256498582
5.976114000	-0.977927446	-0.257166153
5.976115000	-0.981921732	-0.257272314
5.976116000	-0.988933623	-0.257739066
5.976117000	-0.982564330	-0.257234014
5.976118000	-0.983918548	-0.258456538
5.976119000	-0.980312169	-0.258163307
5.976120000	-0.984708309	-0.258477727
5.976121000	-0.987056255	-0.258578810
5.976122000	-0.983711541	-0.258302191
5.976123000	-0.983230770	-0.259125774
5.976124000	-0.983355701	-0.258848139
5.976125000	-0.976581335	-0.259511866
5.976126000	-0.980108202	-0.259840400
5.976127000	-0.979990721	-0.260627148
5.976128000	-0.983225107	-0.259641911
5.976129000	-0.975917280	-0.259602546
5.976130000	-0.982387424	-0.260610769
5.976131000	-0.974120557	-0.260312795
5.976132000	-0.981448710	-0.259807110
5.976133000	-0.980102062	-0.260822923
5.976134000	-0.981338859	-0.261836539
5.976135000	-0.982394218	-0.261446502
5.976136000	-0.974901974	-0.261005050
5.976137000	-0.982458651	-0.261077172
5.976138000	-0.978295445	-0.261517376
5.976139000	-0.977676511	-0.261759790
5.976140000	-0.983948767	-0.261677515
5.976141000	-0.977706254	-0.262065171
5.976142000	-0.970625341	-0.262164624
5.976143000	-0.970422745	-0.262249712
5.976144000	-0.979300201	-0.262328275
5.976145000	-0.978310585	-0.263774521
5.976146000	-0.978585184	-0.262397384
5.976147000	-0.968059957	-0.263295385
5.976148000	-0.978969455	-0.264143352
5.976149000	-0.975402236	-0.263365093
5.976150000	-0.979345977	-0.263754847
5.976151000	-0.977477372	-0.263389062
5.976152000	-0.983440340	-0.263898375
5.976153000	-0.981434524	-0.263902286
5.976154000	-0.981109619	-0.264708991
5.976155000	-0.971198499	-0.265181419
5.976156000	-0.982921779	-0.265494823
5.976157000	-0.976877868	-0.266479677
5.976158000	-0.972756505	-0.266313146
5.976159000	-0.977860630	-0.265194302
5.976160000	-0.971236527	-0.266472037
5.976161000	-0.983415961	-0.265161762
5.976162000	-0.976180911	-0.267302211
5.976163000	-0.970322669	-0.267090357
5.976164000	-0.975799561	-0.266171216
5.976165000	-0.975622952	-0.266488998
5.976166000	-0.978113353	-0.266700486
5.976167000	-0.985348344	-0.267020765
5.976168000	-0.969379306	-0.267400981
5.976169000	-0.980762243	-0.268110847
5.976170000	-0.977124751	-0.267536636
5.976171000	-0.971298933	-0.268548437
5.976172000	-0.973760366	-0.267762672
5.976173000	-0.977852345	-0.268596657
5.976174000	-0.965027809	-0.268877338
5.976175000	-0.966511130	-0.269189244
5.976176000	-0.978630304	-0.269077274
5.976177000	-0.965450108	-0.270114842
5.976178000	-0.973450303	-0.268613468
5.976179000	-0.972782254	-0.269916686
5.976180000	-0.972083569	-0.270677868
5.976181000	-0.966094434	-0.270596208
5.976182000	-0.984403133	-0.270533741
5.976183000	-0.972274244	-0.271016422
5.976184000	-0.974125922	-0.270469226
5.976185000	-0.975702226	-0.271879519
5.976186000	-0.976795673	-0.272147833
5.976187000	-0.970128238	-0.271648623
5.976188000	-0.968641400	-0.272794215
5.976189000	-0.967209518	-0.272776821
5.976190000	-0.978447556	-0.272859463
5.976191000	-0.974117935	-0.272376598
5.976192000	-0.971324623	-0.272384288
5.976193000	-0.974381983	-0.272807065
5.976194000	-0.969445169	-0.273481460
5.976195000	-0.972726583	-0.273534241
5.976196000	-0.974723935	-0.273837542
5.976197000	-0.968367755	-0.274055538
5.976198000	-0.974073231	-0.274385271
5.976199000	-0.966900468	-0.274629682
5.976200000	-0.970016420	-0.274054556
5.976201000	-0.970765531	-0.274368976
5.976202000	-0.974403918	-0.275984882
5.976203000	-0.975574195	-0.275905337
5.976204000	-0.967589200	-0.275690652
5.976205000	-0.964540422	-0.276246038
5.976206000	-0.971883237	-0.275983933
5.976207000	-0.975218534	-0.276923030
5.976208000	-0.976801038	-0.276247003
5.976209000	-0.971893430	-0.276967372
5.976210000	-0.973028719	-0.278164479
5.976211000	-0.961916327	-0.277629916
5.976212000	-0.969184279	-0.278532395
5.976213000	-0.964672208	-0.277757998
5.976214000	-0.972386837	-0.278821864
5.976215000	-0.963554204	-0.279492365
5.976216000	-0.967442513	-0.278933018
5.976217000	-0.979867399	-0.277994570
5.976218000	-0.969379723	-0.279547492
5.976219000	-0.973165154	-0.279041442
5.976220000	-0.968805790	-0.280120272
5.976221000	-0.972378552	-0.279645863
5.976222000	-0.967223406	-0.280523308
5.976223000	-0.972700775	-0.281115295
5.976224000	-0.972602069	-0.281228413
5.976225000	-0.966214240	-0.280714722
5.976226000	-0.960037172	-0.281882552
5.976227000	-0.973024726	-0.282750676
5.976228000	-0.964067400	-0.282505033
5.976229000	-0.974844515	-0.281988579
5.976230000	-0.962107599	-0.282201465
5.976231000	-0.970382631	-0.282344777
5.976232000	-0.961912215	-0.284037881
5.976233000	-0.969507635	-0.283407178
5.976234000	-0.969712913	-0.284561892
5.976235000	-0.965140402	-0.283035701
5.976236000	-0.968472123	-0.283915443
5.976237000	-0.966544211	-0.284581266
5.976238000	-0.965047956	-0.284347973
5.976239000	-0.970131814	-0.285257942
5.976240000	-0.971183658	-0.284256560
5.976241000	-0.978344202	-0.285249054
5.976242000	-0.968632042	-0.284530866
5.976243000	-0.970648885	-0.286313353
5.976244000	-0.975200653	-0.286023634
5.976245000	-0.976290762	-0.286271441
5.976246000	-0.972053289	-0.287184506
5.976247000	-0.967428088	-0.287065197
5.976248000	-0.968757391	-0.287055077
5.976249000	-0.964883387	-0.287146023
5.976250000	-0.979189515	-0.286876012
5.976251000	-0.969480574	-0.288476339
5.976252000	-0.966435313	-0.287828492
5.976253000	-0.965368688	-0.288256562
5.976254000	-0.970161796	-0.288936067
5.976255000	-0.959855795	-0.289314735
5.976256000	-0.968640089	-0.289708450
5.976257000	-0.962515175	-0.290342649
5.976258000	-0.960575581	-0.290250470
5.976259000	-0.972016871	-0.290214884
5.976260000	-0.970158994	-0.290933638
5.976261000	-0.964714587	-0.291877096
5.976262000	-0.965242147	-0.291216066
5.976263000	-0.966957688	-0.290891726
5.976264000	-0.974398136	-0.291316667
5.976265000	-0.973908842	-0.291527190
5.976266000	-0.969242334	-0.292298241
5.976267000	-0.970688164	-0.292997188
5.976268000	-0.954763353	-0.292525975
5.976269000	-0.970560789	-0.293338439
5.976270000	-0.971004665	-0.292749614
5.976271000	-0.971314728	-0.293834453
5.976272000	-0.969228923	-0.293814113
5.976273000	-0.969052732	-0.294809136
5.976274000	-0.961791754	-0.295306981
5.976275000	-0.971769571	-0.294924851
5.976276000	-0.964592338	-0.295573197
5.976277000	-0.973927438	-0.295464474
5.976278000	-0.967145801	-0.294415821
5.976279000	-0.970356882	-0.295117564
5.976280000	-0.970587552	-0.297566540
5.976281000	-0.965678751	-0.297432184
5.976282000	-0.969128430	-0.297356650
5.976283000	-0.962088943	-0.297768741
5.976284000	-0.972170115	-0.296792659
5.976285000	-0.959245086	-0.298510331
5.976286000	-0.960171103	-0.298427740
5.976287000	-0.969968975	-0.299179517
5.976288000	-0.965117455	-0.299298760
5.976289000	-0.966343641	-0.298291453
5.976290000	-0.962024510	-0.300323744
5.976291000	-0.971621811	-0.300053733
5.976292000	-0.955965340	-0.300271113
5.976293000	-0.969969809	-0.299687115
5.976294000	-0.961044312	-0.301045527
5.976295000	-0.961600006	-0.302137457
5.976296000	-0.963846922	-0.301198992
5.976297000	-0.959450126	-0.301221263
5.976298000	-0.959844530	-0.302386396
5.976299000	-0.964096069	-0.302947124
5.976300000	-0.959964931	-0.302825617
5.976301000	-0.959178329	-0.304109461
5.976302000	-0.949799240	-0.304238025
5.976303000	-0.962922633	-0.303546136
5.976304000	-0.966985703	-0.304868295
5.976305000	-0.960559964	-0.304456105
5.976306000	-0.968886495	-0.304818161
5.976307000	-0.953846097	-0.305295366
5.976308000	-0.972251773	-0.306074408
5.976309000	-0.962690711	-0.304636467
5.976310000	-0.963531971	-0.306452909
5.976311000	-0.960217535	-0.308005665
5.976312000	-0.962090731	-0.307076821
5.976313000	-0.962860346	-0.307258682
5.976314000	-0.950998604	-0.307368238
5.976315000	-0.962782443	-0.308369120
5.976316000	-0.959797502	-0.308201075
5.976317000	-0.956636488	-0.308966700
5.976318000	-0.965111613	-0.309049558
5.976319000	-0.955340266	-0.310497019
5.976320000	-0.953124523	-0.310247448
5.976321000	-0.959521055	-0.310210030
5.976322000	-0.954595089	-0.312156502
5.976323000	-0.959369481	-0.311211912
5.976324000	-0.957918584	-0.311700568
5.976325000	-0.955505669	-0.311890652
5.976326000	-0.957258821	-0.313311748
5.976327000	-0.962175190	-0.312572720
5.976328000	-0.952868164	-0.312702583
5.976329000	-0.963376164	-0.312876687
5.976330000	-0.963308334	-0.313671374
5.976331000	-0.961220562	-0.314028005
5.976332000	-0.957811773	-0.314571456
5.976333000	-0.960720062	-0.314882380
5.976334000	-0.961947918	-0.314660239
5.976335000	-0.963656485	-0.316541596
5.976336000	-0.962483108	-0.316432207
5.976337000	-0.961232066	-0.317102891
5.976338000	-0.966156244	-0.316855783
5.976339000	-0.958393931	-0.316731180
5.976340000	-0.954837263	-0.319049894
5.976341000	-0.956479371	-0.318590299
5.976342000	-0.962246239	-0.319712256
5.976343000	-0.963388741	-0.319235317
5.976344000	-0.958221912	-0.319893051
5.976345000	-0.960531473	-0.320082502
5.976346000	-0.966622651	-0.321669413
5.976347000	-0.959135890	-0.321168938
5.976348000	-0.964190185	-0.320805983
5.976349000	-0.954242826	-0.322197584
5.976350000	-0.961668193	-0.322262199
5.976351000	-0.960185289	-0.321632328
5.976352000	-0.956250429	-0.323282856
5.976353000	-0.961053073	-0.323309321
5.976354000	-0.952821314	-0.323227529
5.976355000	-0.965408325	-0.323801373
5.976356000	-0.962348938	-0.324642033
5.976357000	-0.940001905	-0.325530697
5.976358000	-0.951230168	-0.325620845
5.976359000	-0.962930262	-0.326252746
5.976360000	-0.960372508	-0.326820632
5.976361000	-0.958712161	-0.327513154
5.976362000	-0.953606367	-0.327453699
5.976363000	-0.961292803	-0.327560991
5.976364000	-0.965173781	-0.327371174
5.976365000	-0.956548750	-0.328414834
5.976366000	-0.956870973	-0.328251416
5.976367000	-0.948602557	-0.328868437
5.976368000	-0.953996956	-0.329566551
5.976369000	-0.958947957	-0.331108521
5.976370000	-0.961535335	-0.331231859
5.976371000	-0.965954065	-0.332839909
5.976372000	-0.961285949	-0.332528585
5.976373000	-0.968859971	-0.331540386
5.976374000	-0.967910051	-0.333141712
5.976375000	-0.958158612	-0.333889028
5.976376000	-0.956320107	-0.333586293
5.976377000	-0.963191092	-0.334675526
5.976378000	-0.955133975	-0.334691605
5.976379000	-0.962280035	-0.336469631
5.976380000	-0.959842443	-0.336847434
5.976381000	-0.958965540	-0.336568268
5.976382000	-0.966176391	-0.337080560
5.976383000	-0.965544164	-0.337111220
5.976384000	-0.956418335	-0.338996105
5.976385000	-0.970014870	-0.338801262
5.976386000	-0.953218877	-0.340217897
5.976387000	-0.953451455	-0.339043310
5.976388000	-0.969361246	-0.339948951
5.976389000	-0.975784898	-0.340005477
5.976390000	-0.955446124	-0.340477922
5.976391000	-0.963147104	-0.340851064
5.976392000	-0.961761177	-0.342976200
5.976393000	-0.967810869	-0.343145610
5.976394000	-0.962078333	-0.342289970
5.976395000	-0.956729650	-0.344206181
5.976396000	-0.957800746	-0.343456900
5.976397000	-0.961818516	-0.344329019
5.976398000	-0.965972364	-0.345657237
5.976399000	-0.970272005	-0.345352472
5.976400000	-0.954116166	-0.345467454
5.976401000	-0.960463464	-0.347665560
5.976402000	-0.955744684	-0.348187640
5.976403000	-0.965794027	-0.348477025
5.976404000	-0.961944282	-0.348547932
5.976405000	-0.962720990	-0.348135342
5.976406000	-0.963791609	-0.350381053
5.976407000	-0.957599759	-0.351228337
5.976408000	-0.961325645	-0.351353006
5.976409000	-0.956557035	-0.352902134
5.976410000	-0.961284399	-0.352387678
5.976411000	-0.964114964	-0.353357801
5.976412000	-0.961647749	-0.353575880
5.976413000	-0.963890910	-0.355159463
5.976414000	-0.961493492	-0.354901302
5.976415000	-0.964232028	-0.355860806
5.976416000	-0.966593802	-0.356342306
5.976417000	-0.960268557	-0.357326277
5.976418000	-0.972930253	-0.357359067
5.976419000	-0.968609571	-0.357759041
5.976420000	-0.966263533	-0.358536351
5.976421000	-0.960222602	-0.359948858
5.976422000	-0.955564320	-0.360608989
5.976423000	-0.959519029	-0.362047529
5.976424000	-0.964139819	-0.362162844
5.976425000	-0.964735985	-0.360901771
5.976426000	-0.967046499	-0.362253891
5.976427000	-0.962149084	-0.363541729
5.976428000	-0.961818099	-0.363403511
5.976429000	-0.968826950	-0.364982699
5.976430000	-0.975911260	-0.365899126
5.976431000	-0.971852839	-0.364736756
5.976432000	-0.968856275	-0.365732612
5.976433000	-0.964372575	-0.367196019
5.976434000	-0.959950149	-0.368164743
5.976435000	-0.973703444	-0.369305542
5.976436000	-0.971206486	-0.368682961
5.976437000	-0.964146435	-0.370209319
5.976438000	-0.962720990	-0.371139528
5.976439000	-0.969430149	-0.370534990
5.976440000	-0.968755245	-0.372746512
5.976441000	-0.970096171	-0.372088146
5.976442000	-0.973673642	-0.372958500
5.976443000	-0.966658115	-0.373603318
5.976444000	-0.975051582	-0.375838908
5.976445000	-0.971620023	-0.373645163
5.976446000	-0.974526227	-0.376299103
5.976447000	-0.972218573	-0.377832850
5.976448000	-0.969857037	-0.377527819
5.976449000	-0.973137617	-0.378817621
5.976450000	-0.982994378	-0.380214948
5.976451000	-0.969655275	-0.379779355
5.976452000	-0.972343743	-0.380878042
5.976453000	-0.977030039	-0.382730504
5.976454000	-0.978668272	-0.381610478
5.976455000	-0.981839001	-0.385155378
5.976456000	-0.980721354	-0.383674062
5.976457000	-0.975529194	-0.386489655
5.976458000	-0.980073869	-0.386553738
5.976459000	-0.985099554	-0.386856872
5.976460000	-0.986873627	-0.388361758
5.976461000	-0.982174516	-0.388342649
5.976462000	-0.980145574	-0.389359145
5.976463000	-0.980871797	-0.390407764
5.976464000	-0.982746542	-0.391628091
5.976465000	-0.981264353	-0.391935054
5.976466000	-0.980142593	-0.391691375
5.976467000	-0.991232157	-0.394134992
5.976468000	-0.985232949	-0.394488793
5.976469000	-0.980481029	-0.394911669
5.976470000	-0.983506978	-0.395952066
5.976471000	-0.980672419	-0.397733987
5.976472000	-0.991075039	-0.397216569
5.976473000	-0.989595890	-0.398014884
5.976474000	-0.987566352	-0.399857692
5.976475000	-0.990343034	-0.401502660
5.976476000	-0.987011671	-0.401193733
5.976477000	-0.993098259	-0.402653578
5.976478000	-0.992278814	-0.403068898
5.976479000	-0.990195751	-0.402752515
5.976480000	-0.994539320	-0.405369803
5.976481000	-0.989272773	-0.406105634
5.976482000	-0.994032264	-0.407121697
5.976483000	-0.996486902	-0.406771658
5.976484000	-1.001670361	-0.410385501
5.976485000	-0.996066570	-0.409765650
5.976486000	-0.987798989	-0.409510652
5.976487000	-0.992979348	-0.411992552
5.976488000	-1.004627347	-0.412419190
5.976489000	-1.004896760	-0.414553215
5.976490000	-0.994805574	-0.414233669
5.976491000	-1.002345204	-0.415435720
5.976492000	-1.010915637	-0.417415514
5.976493000	-1.002684236	-0.417885328
5.976494000	-1.008624673	-0.418660708
5.976495000	-1.006322980	-0.420813241
5.976496000	-1.004286051	-0.421090443
5.976497000	-1.010981202	-0.421990891
5.976498000	-0.997649848	-0.422030605
5.976499000	-1.004683852	-0.426741171
5.976500000	-1.002005219	-0.425942090
5.976501000	-1.010705948	-0.427538355
5.976502000	-1.002309918	-0.428607848
5.976503000	-1.009714246	-0.428663841
5.976504000	-1.010303736	-0.430087267
5.976505000	-1.013769865	-0.430387738
5.976506000	-1.012233377	-0.434390536
5.976507000	-1.022483587	-0.434957822
5.976508000	-1.018018484	-0.437297942
5.976509000	-1.021768928	-0.438480219
5.976510000	-1.016464829	-0.438502789
5.976511000	-1.022736073	-0.441415489
5.976512000	-1.015392423	-0.442651994
5.976513000	-1.030972838	-0.440527857
5.976514000	-1.033691525	-0.444218965
5.976515000	-1.032335520	-0.445831576
5.976516000	-1.028310776	-0.445466190
5.976517000	-1.022027850	-0.447836437
5.976518000	-1.031409144	-0.449693758
5.976519000	-1.033013463	-0.450691645
5.976520000	-1.045988202	-0.451642327
5.976521000	-1.042407036	-0.454228456
5.976522000	-1.043554664	-0.455285598
5.976523000	-1.037176967	-0.454757593
5.976524000	-1.042828441	-0.458827868
5.976525000	-1.047988653	-0.461450083
5.976526000	-1.050543427	-0.460965954
5.976527000	-1.051646709	-0.461441694
5.976528000	-1.053226829	-0.462587286
5.976529000	-1.046876669	-0.465336667
5.976530000	-1.054171681	-0.467892303
5.976531000	-1.056318521	-0.467821596
5.976532000	-1.065903068	-0.471367862
5.976533000	-1.064912438	-0.471267394
5.976534000	-1.059169888	-0.472328131
5.976535000	-1.072820425	-0.476528668
5.976536000	-1.074757457	-0.478605135
5.976537000	-1.080636621	-0.478093209
5.976538000	-1.070642710	-0.479044024
5.976539000	-1.079821229	-0.481623828
5.976540000	-1.078804851	-0.482030393
5.976541000	-1.077749729	-0.484575010
5.976542000	-1.089092731	-0.485599661
5.976543000	-1.087249279	-0.488528240
5.976544000	-1.082642555	-0.489105313
5.976545000	-1.091052294	-0.493192933
5.976546000	-1.091970086	-0.493704459
5.976547000	-1.103659034	-0.497873205
5.976548000	-1.106234193	-0.499727964
5.976549000	-1.113138080	-0.499287377
5.976550000	-1.103915572	-0.503025423
5.976551000	-1.120975614	-0.505663218
5.976552000	-1.120034814	-0.509384653
5.976553000	-1.121028066	-0.507657892
5.976554000	-1.119006395	-0.511706829
5.976555000	-1.121506691	-0.510813705
5.976556000	-1.129153490	-0.513095401
5.976557000	-1.138191462	-0.517955504
5.976558000	-1.143718123	-0.520781451
5.976559000	-1.146710634	-0.521291313
5.976560000	-1.149282813	-0.523882103
5.976561000	-1.160170674	-0.527555767
5.976562000	-1.162675977	-0.531102066
5.976563000	-1.163279176	-0.531619085
5.976564000	-1.169613600	-0.534058740
5.976565000	-1.170318127	-0.537656438
5.976566000	-1.187636852	-0.543008260
5.976567000	-1.184845090	-0.542140435
5.976568000	-1.193128705	-0.546274061
5.976569000	-1.193020821	-0.547654444
5.976570000	-1.199952841	-0.549146480
5.976571000	-1.209403396	-0.554393373
5.976572000	-1.227755547	-0.557250512
5.976573000	-1.224547863	-0.559812174
5.976574000	-1.230485320	-0.560606262
5.976575000	-1.237351894	-0.564936162
5.976576000	-1.247854471	-0.569537572
5.976577000	-1.254809260	-0.572645148
5.976578000	-1.270288467	-0.575054244
5.976579000	-1.271682143	-0.580025833
5.976580000	-1.279383183	-0.583609915
5.976581000	-1.298152804	-0.590085591
5.976582000	-1.293138623	-0.587824501
5.976583000	-1.310702085	-0.591433683
5.976584000	-1.323952675	-0.596466325
5.976585000	-1.323647976	-0.599779098
5.976586000	-1.347038746	-0.606603049
5.976587000	-1.362841606	-0.611142007
5.976588000	-1.368149400	-0.612403014
5.976589000	-1.393574119	-0.622246923
5.976590000	-1.397625804	-0.624567402
5.976591000	-1.415143728	-0.629239518
5.976592000	-1.446758032	-0.640183246
5.976593000	-1.461766005	-0.641926485
5.976594000	-1.499398351	-0.655504212
5.976595000	-1.493487358	-0.654446005
5.976596000	-1.510922432	-0.660327730
5.976597000	-1.580168843	-0.672043508
5.976598000	-1.571542382	-0.676054495
5.976599000	-1.579977155	-0.676755905
5.976600000	-1.652822852	-0.695717745
5.976601000	-1.655927420	-0.696588998
5.976602000	-1.696119189	-0.709027092
5.976603000	-1.763701797	-0.723775146
5.976604000	-1.827711344	-0.739620755
5.976605000	-1.918891072	-0.756679433
5.976606000	-1.940299273	-0.762913294
5.976607000	-2.075757742	-0.788155001
5.976608000	-2.196059227	-0.811427168
5.976609000	-10.752431870	-1.199595746
5.976610000	-14.698861122	-1.287815754
5.976611000	-15.391129494	-1.263558084
5.976612000	-16.108797073	-1.238370839
5.976613000	-16.540969849	-1.215475110
5.976614000	-16.962635040	-1.199097336
5.976615000	-17.578466415	-1.155109105
5.976616000	-17.645900726	-1.155658648
5.976617000	-18.630250931	-1.083311946
5.976618000	-19.110271454	-1.035954617
5.976619000	-19.380420685	-1.021907841
5.976620000	-20.033473969	-0.953154076
5.976621000	-20.362724304	-0.905119771
5.976622000	-20.601558685	-0.866163583
5.976623000	-20.830646515	-0.829134126
5.976624000	-21.479713440	-0.727228200
5.976625000	-21.424228668	-0.705363848
5.976626000	-21.998760223	-0.567961247
5.976627000	-22.142892838	-0.502899889
5.976628000	-22.270631790	-0.434056642
5.976629000	-22.416519165	-0.343519018
5.976630000	-22.403442383	-0.298358298
5.976631000	-22.278026581	-0.241170858
5.976632000	-22.194282532	-0.169945946
5.976633000	-21.971603394	-0.074410943
5.976634000	-21.891609192	-0.040101796
5.976635000	-21.591915131	0.061287680
5.976636000	-21.244617462	0.128354386
5.976637000	-21.044979095	0.164285148
5.976638000	-20.993438721	0.187160237
5.976639000	-20.476764679	0.256012439
5.976640000	-20.220541000	0.291659615
5.976641000	-20.107212067	0.303359049
5.976642000	-19.724561691	0.337705804
5.976643000	-19.317235947	0.380675475
5.976644000	-18.978092194	0.415819248
5.976645000	-18.899286270	0.436261573
5.976646000	-18.553159714	0.453902685
5.976647000	-18.053897858	0.499708057
5.976648000	-17.929983139	0.511368641
5.976649000	-17.780294418	0.514954987
5.976650000	-17.451065063	0.528915277
5.976651000	-17.199823380	0.544832825
5.976652000	-16.872966766	0.563474486
5.976653000	-16.599376678	0.580523245
5.976654000	-16.481540680	0.578477271
5.976655000	-16.321006775	0.592379904
5.976656000	-15.901863098	0.609416878
5.976657000	-15.845670700	0.607060047
5.976658000	-15.587676048	0.626075616
5.976659000	-15.262869835	0.631744687
5.976660000	-15.169880867	0.634811917
5.976661000	-14.924942970	0.641683871
5.976662000	-14.777094841	0.650454859
5.976663000	-14.619920731	0.653805648
5.976664000	-14.464702606	0.658062045
5.976665000	-14.232706070	0.658873111
5.976666000	-14.155967712	0.666394810
5.976667000	-13.949123383	0.670430897
5.976668000	-13.779879570	0.669767570
5.976669000	-13.510397911	0.680281198
5.976670000	-13.360013962	0.679559215
5.976671000	-13.233469963	0.681242799
5.976672000	-13.063494682	0.684952449
5.976673000	-12.925670624	0.685629491
5.976674000	-12.855661392	0.685843010
5.976675000	-12.841720581	0.685194797
5.976676000	-12.587827682	0.688931278
5.976677000	-12.386058807	0.693182416
5.976678000	-12.250782013	0.691474664
5.976679000	-12.120653152	0.690963403
5.976680000	-12.087458611	0.692212359
5.976681000	-11.993995667	0.693594207
5.976682000	-11.769557953	0.689948539
5.976683000	-11.601067543	0.690166652
5.976684000	-11.576964378	0.692954849
5.976685000	-11.393912315	0.691336778
5.976686000	-11.328380585	0.692734405
5.976687000	-11.151337624	0.689377291
5.976688000	-11.060314178	0.693935092
5.976689000	-10.958137512	0.692726283
5.976690000	-10.898200989	0.695087575
5.976691000	-10.771427155	0.692150907
5.976692000	-10.713106155	0.688741595
5.976693000	-10.559354782	0.687153019
5.976694000	-10.471974373	0.689701531
5.976695000	-10.369908333	0.687035241
5.976696000	-10.306804657	0.686170712
5.976697000	-10.225230217	0.684478340
5.976698000	-10.057484627	0.682431767
5.976699000	-9.956310272	0.682446081
5.976700000	-9.929182053	0.684696785
5.976701000	-9.857554436	0.682556403
5.976702000	-9.726526260	0.679281847
5.976703000	-9.694189072	0.678542953
5.976704000	-9.623701096	0.675915411
5.976705000	-9.533285141	0.674448409
5.976706000	-9.484941483	0.675632384
5.976707000	-9.351506233	0.672381330
5.976708000	-9.234287262	0.671512407
5.976709000	-9.181165695	0.666400802
5.976710000	-9.079454422	0.666142342
5.976711000	-8.988121033	0.665655317
5.976712000	-8.924506187	0.662070369
5.976713000	-8.896101952	0.660433324
5.976714000	-8.839256287	0.660709294
5.976715000	-8.755394936	0.659013859
5.976716000	-8.734091759	0.656111014
5.976717000	-8.629086494	0.654587286
5.976718000	-8.566839218	0.653286265
5.976719000	-8.510348320	0.652703898
5.976720000	-8.343537331	0.644524798
5.976721000	-8.323980331	0.646686086
5.976722000	-8.287025452	0.645308833
5.976723000	-8.221788406	0.644580658
5.976724000	-8.139954567	0.639503940
5.976725000	-8.067746162	0.639365856
5.976726000	-8.030322075	0.638747736
5.976727000	-7.903083324	0.632094960
5.976728000	-7.918735027	0.631233627
5.976729000	-7.807179451	0.628307678
5.976730000	-7.740396500	0.626082541
5.976731000	-7.670159817	0.624176317
5.976732000	-7.693156242	0.625495913
5.976733000	-7.606185913	0.623554735
5.976734000	-7.548414230	0.619346541
5.976735000	-7.502381802	0.619120638
5.976736000	-7.419684887	0.613336052
5.976737000	-7.385804653	0.613798910
5.976738000	-7.306618690	0.610902589
5.976739000	-7.255563736	0.607296203
5.976740000	-7.185501575	0.604271584
5.976741000	-7.164330482	0.604610538
5.976742000	-7.105301857	0.603039806
5.976743000	-7.026701927	0.594919894
5.976744000	-7.004379272	0.598204570
5.976745000	-6.949459076	0.593632256
5.976746000	-6.885750771	0.591850934
5.976747000	-6.859282494	0.590902316
5.976748000	-6.841544628	0.589080580
5.976749000	-6.780870438	0.585133842
5.976750000	-6.706997871	0.583121891
5.976751000	-6.620725632	0.580630237
5.976752000	-6.615751743	0.578508297
5.976753000	-6.553717136	0.574219076
5.976754000	-6.546435833	0.575827692
5.976755000	-6.484841347	0.573091427
5.976756000	-6.433079720	0.571065228
5.976757000	-6.392458916	0.568619647
5.976758000	-6.333014011	0.565868402
5.976759000	-6.325070381	0.563141924
5.976760000	-6.294103622	0.561355076
5.976761000	-6.245409012	0.558433555
5.976762000	-6.199065685	0.558190642
5.976763000	-6.138898849	0.555565664
5.976764000	-6.108340263	0.551940702
5.976765000	-6.028307915	0.546398164
5.976766000	-6.028803825	0.546698336
5.976767000	-5.972670555	0.544975271
5.976768000	-5.951017380	0.542227388
5.976769000	-5.914657116	0.541123807
5.976770000	-5.862097740	0.538521466
5.976771000	-5.843422413	0.537620086
5.976772000	-5.792256355	0.533617321
5.976773000	-5.749260426	0.531923584
5.976774000	-5.748298645	0.531364320
5.976775000	-5.688549042	0.528188168
5.976776000	-5.662780762	0.525669417
5.976777000	-5.597976685	0.519641585
5.976778000	-5.557276726	0.516867336
5.976779000	-5.531924248	0.516251048
5.976780000	-5.483645439	0.513607161
5.976781000	-5.487008095	0.513637088
5.976782000	-5.438579559	0.510193887
5.976783000	-5.400952816	0.507409353
5.976784000	-5.390230179	0.506316891
5.976785000	-5.358762264	0.503819844
5.976786000	-5.291069984	0.500460932
5.976787000	-5.265594482	0.497223860
5.976788000	-5.231573582	0.495332417
5.976789000	-5.194457054	0.495465908
5.976790000	-5.203312397	0.494752313
5.976791000	-5.147485733	0.489456651
5.976792000	-5.123252392	0.486391619
5.976793000	-5.081025124	0.486213287
5.976794000	-5.067566872	0.483287372
5.976795000	-5.020488739	0.479440802
5.976796000	-4.984780312	0.478834100
5.976797000	-4.947876453	0.475088264
5.976798000	-4.907574177	0.471604217
5.976799000	-4.890231609	0.471591900
5.976800000	-4.873476982	0.468099198
5.976801000	-4.852443218	0.466090575
5.976802000	-4.837006092	0.466065608
5.976803000	-4.768675804	0.461690134
5.976804000	-4.742763042	0.460028821
5.976805000	-4.725844860	0.457969798
5.976806000	-4.683245659	0.453466725
5.976807000	-4.680376053	0.453696723
5.976808000	-4.660267353	0.452028419
5.976809000	-4.611535549	0.447008493
5.976810000	-4.584929466	0.446592840
5.976811000	-4.548540592	0.443337226
5.976812000	-4.530443192	0.442976933
5.976813000	-4.515705109	0.438462243
5.976814000	-4.494843006	0.438886551
5.976815000	-4.439839840	0.433943358
5.976816000	-4.415887833	0.432236871
5.976817000	-4.393339634	0.431456897
5.976818000	-4.381890297	0.427351768
5.976819000	-4.351665020	0.426693701
5.976820000	-4.326268673	0.424413802
5.976821000	-4.316681385	0.422114994
5.976822000	-4.297720909	0.419645545
5.976823000	-4.256197929	0.416965772
5.976824000	-4.228032112	0.413574902
5.976825000	-4.201120377	0.412196983
5.976826000	-4.182400703	0.411305290
5.976827000	-4.164144039	0.408502945
5.976828000	-4.126686096	0.405292538
5.976829000	-4.103905201	0.403462314
5.976830000	-4.077801228	0.403237909
5.976831000	-4.065159798	0.398137090
5.976832000	-4.056821823	0.398600547
5.976833000	-4.030044556	0.396423313
5.976834000	-4.007390976	0.393526559
5.976835000	-4.018500328	0.393607053
5.976836000	-3.962783337	0.389791609
5.976837000	-3.945129395	0.388310692
5.976838000	-3.925737858	0.385700960
5.976839000	-3.876684189	0.380994322
5.976840000	-3.878231287	0.379320659
5.976841000	-3.867553949	0.380147637
5.976842000	-3.851865768	0.378589255
5.976843000	-3.818176031	0.375144023
5.976844000	-3.824304819	0.374614487
5.976845000	-3.782946825	0.371931019
5.976846000	-3.750463486	0.368354161
5.976847000	-3.737268925	0.367131936
5.976848000	-3.720242977	0.362356223
5.976849000	-3.707702160	0.363140490
5.976850000	-3.689131260	0.362296468
5.976851000	-3.668560266	0.358629162
5.976852000	-3.647358656	0.355255503
5.976853000	-3.636478186	0.355264791
5.976854000	-3.614553452	0.352010741
5.976855000	-3.594830275	0.350774568
5.976856000	-3.571400881	0.349133994
5.976857000	-3.565385103	0.346937552
5.976858000	-3.541429043	0.344996640
5.976859000	-3.533153296	0.342070159
5.976860000	-3.510630846	0.341357797
5.976861000	-3.470506430	0.337039381
5.976862000	-3.469475985	0.337173937
5.976863000	-3.453148603	0.334766373
5.976864000	-3.436266899	0.333223970
5.976865000	-3.424120426	0.330784581
5.976866000	-3.391677380	0.328578618
5.976867000	-3.392633438	0.327203195
5.976868000	-3.378314972	0.325907534
5.976869000	-3.353753567	0.323611923
5.976870000	-3.345686674	0.322200647
5.976871000	-3.328548670	0.319032650
5.976872000	-3.311694145	0.317015839
5.976873000	-3.287224770	0.315400032
5.976874000	-3.278952837	0.314443325
5.976875000	-3.285892725	0.311818413
5.976876000	-3.242319584	0.310835041
5.976877000	-3.226027489	0.307284149
5.976878000	-3.207862377	0.305348829
5.976879000	-3.210492373	0.304277773
5.976880000	-3.186227322	0.303045561
5.976881000	-3.161061049	0.299551660
5.976882000	-3.165977240	0.300321181
5.976883000	-3.142776251	0.296796254
5.976884000	-3.108221292	0.290279099
5.976885000	-3.127716303	0.294286025
5.976886000	-3.119790316	0.293527124
5.976887000	-3.098127842	0.292178433
5.976888000	-3.090045691	0.289751594
5.976889000	-3.069380522	0.287146490
5.976890000	-3.052659750	0.285982455
5.976891000	-3.040597677	0.283024049
5.976892000	-3.050148726	0.282759997
5.976893000	-3.010062695	0.279801791
5.976894000	-2.998899460	0.277110217
5.976895000	-2.992934227	0.277614270
5.976896000	-2.986172676	0.277207739
5.976897000	-2.974917650	0.274368676
5.976898000	-2.947850943	0.272821612
5.976899000	-2.940027714	0.271392327
5.976900000	-2.933832169	0.268615749
5.976901000	-2.925686598	0.267046248
5.976902000	-2.893722773	0.264100459
5.976903000	-2.890034676	0.264145083
5.976904000	-2.881013155	0.262725752
5.976905000	-2.881087780	0.263238527
5.976906000	-2.855753422	0.258654244
5.976907000	-2.851244450	0.258830496
5.976908000	-2.843527555	0.255412795
5.976909000	-2.826893806	0.253197427
5.976910000	-2.805502892	0.251046842
5.976911000	-2.801286697	0.250966131
5.976912000	-2.790017128	0.249575162
5.976913000	-2.784038067	0.247303020
5.976914000	-2.780481100	0.245345280
5.976915000	-2.765408993	0.244272808
5.976916000	-2.737552643	0.239932871
5.976917000	-2.738771677	0.242152400
5.976918000	-2.728758812	0.239113833
5.976919000	-2.716089249	0.238640805
5.976920000	-2.703682184	0.236743137
5.976921000	-2.696015596	0.233439485
5.976922000	-2.676489115	0.232203179
5.976923000	-2.679241180	0.231618266
5.976924000	-2.667715788	0.231043589
5.976925000	-2.647286892	0.228845765
5.976926000	-2.636075974	0.226177910
5.976927000	-2.642429829	0.225564951
5.976928000	-2.625532150	0.223989741
5.976929000	-2.624200583	0.223585989
5.976930000	-2.615054369	0.222032301
5.976931000	-2.601363659	0.219955185
5.976932000	-2.590206623	0.217655712
5.976933000	-2.586494207	0.218301711
5.976934000	-2.569752693	0.214996129
5.976935000	-2.553756714	0.214168186
5.976936000	-2.556571245	0.213509037
5.976937000	-2.544579744	0.210956613
5.976938000	-2.545975208	0.210356204
5.976939000	-2.525692225	0.209068465
5.976940000	-2.515319824	0.206877632
5.976941000	-2.517870426	0.206959225
5.976942000	-2.514916658	0.204965117
5.976943000	-2.488822460	0.203755792
5.976944000	-2.488288879	0.202986987
5.976945000	-2.486619711	0.202534450
5.976946000	-2.488464355	0.200329302
5.976947000	-2.464275837	0.198693322
5.976948000	-2.456260681	0.197717407
5.976949000	-2.451498985	0.196496348
5.976950000	-2.438276529	0.195308045
5.976951000	-2.433124065	0.194198572
5.976952000	-2.435064554	0.191268063
5.976953000	-2.412788153	0.190442899
5.976954000	-2.414350986	0.188759498
5.976955000	-2.403000593	0.188232709
5.976956000	-2.404304504	0.187361089
5.976957000	-2.392854929	0.185553768
5.976958000	-2.386165380	0.185716188
5.976959000	-2.387962818	0.183931787
5.976960000	-2.364482641	0.183311353
5.976961000	-2.363255501	0.183180059
5.976962000	-2.353889942	0.179677353
5.976963000	-2.353532791	0.178693965
5.976964000	-2.342978001	0.177322021
5.976965000	-2.325304747	0.174854985
5.976966000	-2.312445402	0.174564351
5.976967000	-2.322405338	0.174278127
5.976968000	-2.304301739	0.172604214
5.976969000	-2.307186365	0.172183568
5.976970000	-2.312251568	0.171535338
5.976971000	-2.304187059	0.170602466
5.976972000	-2.283118248	0.168451747
5.976973000	-2.282133341	0.167078171
5.976974000	-2.287444353	0.166741531
5.976975000	-2.273796082	0.165184980
5.976976000	-2.267693758	0.164189274
5.976977000	-2.261940479	0.162778581
5.976978000	-2.256380558	0.161701216
5.976979000	-2.248133183	0.160279404
5.976980000	-2.238954067	0.158689430
5.976981000	-2.239443541	0.158844426
5.976982000	-2.227605581	0.158222578
5.976983000	-2.230487347	0.156986039
5.976984000	-2.222626209	0.156403473
5.976985000	-2.221875191	0.155984125
5.976986000	-2.199759245	0.152317651
5.976987000	-2.209288359	0.152224058
5.976988000	-2.207353115	0.152903263
5.976989000	-2.191102982	0.149836301
5.976990000	-2.192636967	0.149017711
5.976991000	-2.181711197	0.148174122
5.976992000	-2.165873289	0.146762064
5.976993000	-2.178336143	0.146841210
5.976994000	-2.176921368	0.145637694
5.976995000	-2.165280581	0.143916659
5.976996000	-2.154850960	0.143439421
5.976997000	-2.148347139	0.140615105
5.976998000	-2.141740084	0.140772631
5.976999000	-2.140161753	0.141635396
5.977000000	-2.127389669	0.139056432
5.977001000	-2.126854658	0.138935466
5.977002000	-2.125184536	0.137906179
5.977003000	-2.123244524	0.136170939
5.977004000	-2.110908985	0.135061224
5.977005000	-2.106785059	0.134555673
5.977006000	-2.097518682	0.133589420
5.977007000	-2.090039253	0.132150081
5.977008000	-2.089919806	0.132115502
5.977009000	-2.083481073	0.129364149
5.977010000	-2.080273867	0.129195945
5.977011000	-2.074815750	0.128351124
5.977012000	-2.070991278	0.126680648
5.977013000	-2.070945978	0.126197250
5.977014000	-2.063129902	0.126042504
5.977015000	-2.061112881	0.125604314
5.977016000	-2.054972649	0.124124987
5.977017000	-2.053889751	0.122067628
5.977018000	-2.053551912	0.122510936
5.977019000	-2.038419485	0.120932314
5.977020000	-2.037731886	0.121140082
5.977021000	-2.041482687	0.119982889
5.977022000	-2.032783985	0.118415785
5.977023000	-2.026891708	0.118838262
5.977024000	-2.030351400	0.116288718
5.977025000	-2.020731449	0.117015137
5.977026000	-2.018334866	0.115546179
5.977027000	-2.015164375	0.114047951
5.977028000	-2.008909225	0.113609129
5.977029000	-1.992242694	0.112066859
5.977030000	-1.996156573	0.110365016
5.977031000	-1.995035291	0.111483352
5.977032000	-1.984527469	0.110025571
5.977033000	-1.986456156	0.110637158
5.977034000	-1.974032760	0.107825866
5.977035000	-1.981894851	0.108142649
5.977036000	-1.973235130	0.106797304
5.977037000	-1.976125956	0.106120636
5.977038000	-1.971939445	0.106232248
5.977039000	-1.963498950	0.105489101
5.977040000	-1.951655149	0.102867926
5.977041000	-1.961583018	0.102877713
5.977042000	-1.950423241	0.102325723
5.977043000	-1.952999830	0.100786058
5.977044000	-1.955059290	0.101139010
5.977045000	-1.945114255	0.101035588
5.977046000	-1.944968820	0.101217607
5.977047000	-1.934975505	0.099568594
5.977048000	-1.931517839	0.097444740
5.977049000	-1.928305030	0.096418782
5.977050000	-1.930885077	0.096880666
5.977051000	-1.914018631	0.094782968
5.977052000	-1.917809844	0.093299604
5.977053000	-1.902598858	0.091917790
5.977054000	-1.910102963	0.093872051
5.977055000	-1.912418485	0.093755238
5.977056000	-1.903811216	0.093086843
5.977057000	-1.899592996	0.091177806
5.977058000	-1.883734107	0.090054509
5.977059000	-1.891083002	0.089350478
5.977060000	-1.878747821	0.089825769
5.977061000	-1.888871312	0.088848439
5.977062000	-1.873279810	0.086287002
5.977063000	-1.890747428	0.088846907
5.977064000	-1.874079585	0.087451070
5.977065000	-1.876317263	0.084823636
5.977066000	-1.871496439	0.084603243
5.977067000	-1.860997915	0.085001810
5.977068000	-1.870654106	0.083504232
5.977069000	-1.864919424	0.083415057
5.977070000	-1.869290948	0.081904854
5.977071000	-1.860138059	0.081073839
5.977072000	-1.846661329	0.081294707
5.977073000	-1.851490378	0.079561039
5.977074000	-1.853072882	0.078986478
5.977075000	-1.848077893	0.079209918
5.977076000	-1.843110085	0.077040257
5.977077000	-1.837078452	0.077954595
5.977078000	-1.833975554	0.075869839
5.977079000	-1.834700465	0.076355525
5.977080000	-1.831796408	0.074058241
5.977081000	-1.829831004	0.074908130
5.977082000	-1.832046628	0.074643445
5.977083000	-1.825384855	0.073019966
5.977084000	-1.824148059	0.072747358
5.977085000	-1.823173881	0.071184149
5.977086000	-1.812596917	0.070804307
5.977087000	-1.821916819	0.069608577
5.977088000	-1.800000906	0.069271325
5.977089000	-1.805265188	0.069012470
5.977090000	-1.802915692	0.069302551
5.977091000	-1.798139811	0.068612800
5.977092000	-1.797008395	0.067578337
5.977093000	-1.788881302	0.065946930
5.977094000	-1.792230725	0.067322270
5.977095000	-1.789475799	0.064390966
5.977096000	-1.795493722	0.066853429
5.977097000	-1.792207479	0.064180576
5.977098000	-1.794590235	0.063973278
5.977099000	-1.786356568	0.063424363
5.977100000	-1.775216818	0.062219033
5.977101000	-1.778476238	0.062107201
5.977102000	-1.778156519	0.061573683
5.977103000	-1.767521024	0.061259912
5.977104000	-1.767858982	0.060721151
5.977105000	-1.763679504	0.059665827
5.977106000	-1.765827894	0.060530780
5.977107000	-1.771183729	0.059529665
5.977108000	-1.755467176	0.058480413
5.977109000	-1.757321239	0.057588811
5.977110000	-1.755298376	0.056988402
5.977111000	-1.754908442	0.057258367
5.977112000	-1.754389286	0.056494864
5.977113000	-1.749473453	0.055133735
5.977114000	-1.747403860	0.055217999
5.977115000	-1.744777322	0.053584457
5.977116000	-1.734229922	0.054366058
5.977117000	-1.742754817	0.053897004
5.977118000	-1.745857358	0.053906105
5.977119000	-1.739186168	0.052820771
5.977120000	-1.734179497	0.051392896
5.977121000	-1.732288718	0.051136579
5.977122000	-1.735317588	0.050767216
5.977123000	-1.738295317	0.050172461
5.977124000	-1.728878736	0.050655833
5.977125000	-1.728729606	0.049078048
5.977126000	-1.716908097	0.048663431
5.977127000	-1.724243164	0.049063392
5.977128000	-1.712203145	0.047511401
5.977129000	-1.724595785	0.046849818
5.977130000	-1.718823433	0.046065746
5.977131000	-1.712408304	0.046321185
5.977132000	-1.713342309	0.044944963
5.977133000	-1.698738933	0.044340138
5.977134000	-1.715420961	0.045400971
5.977135000	-1.700236797	0.043603595
5.977136000	-1.711715817	0.043496474
5.977137000	-1.694594502	0.043352193
5.977138000	-1.705693722	0.043400700
5.977139000	-1.698290944	0.043463222
5.977140000	-1.690092921	0.041662039
5.977141000	-1.691947341	0.040808554
5.977142000	-1.693646431	0.040537024
5.977143000	-1.692004085	0.040772846
5.977144000	-1.696832299	0.040120959
5.977145000	-1.681884885	0.039397507
5.977146000	-1.686010122	0.039230685
5.977147000	-1.684730053	0.038807217
5.977148000	-1.687163115	0.037431129
5.977149000	-1.676534891	0.037547230
5.977150000	-1.680957317	0.037156270
5.977151000	-1.678812861	0.035951713
5.977152000	-1.674356699	0.036555814
5.977153000	-1.676132441	0.035348233
5.977154000	-1.662749410	0.034940386
5.977155000	-1.668300509	0.033533320
5.977156000	-1.666315198	0.033619833
5.977157000	-1.665090084	0.035354212
5.977158000	-1.668089390	0.032707486
5.977159000	-1.664272189	0.033462365
5.977160000	-1.658086419	0.032713719
5.977161000	-1.654263139	0.031686894
5.977162000	-1.651499152	0.033236198
5.977163000	-1.653261781	0.031802771
5.977164000	-1.650316358	0.031411873
5.977165000	-1.662619591	0.030919623
5.977166000	-1.654373169	0.029193135
5.977167000	-1.655953765	0.028714024
5.977168000	-1.646931529	0.028703147
5.977169000	-1.657578349	0.028585722
5.977170000	-1.641579390	0.027656316
5.977171000	-1.643328547	0.028025114
5.977172000	-1.648040414	0.027352531
5.977173000	-1.636502743	0.027574243
5.977174000	-1.639477015	0.026763797
5.977175000	-1.644283533	0.026706675
5.977176000	-1.637231112	0.025124459
5.977177000	-1.634432673	0.024899947
5.977178000	-1.631104946	0.025708699
5.977179000	-1.631374955	0.024078952
5.977180000	-1.634366155	0.024892400
5.977181000	-1.626847148	0.023991813
5.977182000	-1.635586381	0.023248344
5.977183000	-1.632969260	0.022490308
5.977184000	-1.630536556	0.021973291
5.977185000	-1.631236434	0.022435491
5.977186000	-1.625866890	0.022432931
5.977187000	-1.625247955	0.020509287
5.977188000	-1.622889400	0.020814870
5.977189000	-1.614331245	0.020693864
5.977190000	-1.622150898	0.019529616
5.977191000	-1.617025018	0.019811245
5.977192000	-1.615931869	0.019870762
5.977193000	-1.601957440	0.020212887
5.977194000	-1.614884734	0.017537101
5.977195000	-1.614725947	0.017205008
5.977196000	-1.611144423	0.017141080
5.977197000	-1.602813482	0.017269003
5.977198000	-1.609661341	0.016568937
5.977199000	-1.607110500	0.017245885
5.977200000	-1.607507348	0.015782194
5.977201000	-1.607735395	0.015160879
5.977202000	-1.602113605	0.015916921
5.977203000	-1.601483583	0.014433226
5.977204000	-1.605808616	0.014039999
5.977205000	-1.599747658	0.014690877
5.977206000	-1.600198150	0.014256464
5.977207000	-1.592405796	0.013430199
5.977208000	-1.594003797	0.012807536
5.977209000	-1.587977409	0.012445057
5.977210000	-1.588344693	0.012131903
5.977211000	-1.581707478	0.012348163
5.977212000	-1.594201803	0.011700980
5.977213000	-1.591955304	0.011905829
5.977214000	-1.585025191	0.011588210
5.977215000	-1.585780382	0.011449976
5.977216000	-1.590863824	0.010844080
5.977217000	-1.588708758	0.009395009
5.977218000	-1.582440257	0.010686387
5.977219000	-1.582741976	0.010774961
5.977220000	-1.579837322	0.008878103
5.977221000	-1.582964540	0.008701503
5.977222000	-1.579123974	0.008480505
5.977223000	-1.575064778	0.008104810
5.977224000	-1.577413440	0.007922302
5.977225000	-1.581319809	0.006862189
5.977226000	-1.579062581	0.007533017
5.977227000	-1.570095778	0.006950388
5.977228000	-1.573454499	0.006797625
5.977229000	-1.569954872	0.006394541
5.977230000	-1.569217324	0.007183249
5.977231000	-1.570660233	0.005808725
5.977232000	-1.565198898	0.005245118
5.977233000	-1.568135500	0.004791741
5.977234000	-1.563374519	0.003623035
5.977235000	-1.556463599	0.003982344
5.977236000	-1.555912137	0.003769836
5.977237000	-1.560794353	0.003322163
5.977238000	-1.561446071	0.003430509
5.977239000	-1.568127751	0.003097072
5.977240000	-1.561201096	0.002354891
5.977241000	-1.555911779	0.002512930
5.977242000	-1.557352781	0.001624924
5.977243000	-1.550667286	0.000802221
5.977244000	-1.548698783	0.001380878
5.977245000	-1.550690413	0.000178121
5.977246000	-1.546587229	-0.000227931
5.977247000	-1.552097917	-0.000115560
5.977248000	-1.553653717	-0.000056353
5.977249000	-1.545755863	-0.000201767
5.977250000	-1.547043920	0.000093597
5.977251000	-1.543412805	-0.001174273
5.977252000	-1.543172479	-0.001160183
5.977253000	-1.543585539	-0.001868434
5.977254000	-1.543882132	-0.002228640
5.977255000	-1.546525359	-0.002211378
5.977256000	-1.534041286	-0.002219982
5.977257000	-1.539728999	-0.001557431
5.977258000	-1.539357781	-0.003448624
5.977259000	-1.543724656	-0.003234927
5.977260000	-1.541628838	-0.003733495
5.977261000	-1.531150699	-0.004175894
5.977262000	-1.535543442	-0.004301798
5.977263000	-1.533516288	-0.004656369
5.977264000	-1.538106084	-0.004799807
5.977265000	-1.536946535	-0.004653874
5.977266000	-1.544551373	-0.005707104
5.977267000	-1.533207774	-0.005463862
5.977268000	-1.536875844	-0.006462881
5.977269000	-1.524313807	-0.005723015
5.977270000	-1.523825765	-0.007618278
5.977271000	-1.528035998	-0.006600465
5.977272000	-1.525941730	-0.007227735
5.977273000	-1.527376771	-0.007217470
5.977274000	-1.527180672	-0.006757056
5.977275000	-1.532175660	-0.007456881
5.977276000	-1.525637984	-0.008384581
5.977277000	-1.520933986	-0.008249299
5.977278000	-1.522062063	-0.008025601
5.977279000	-1.531992078	-0.008315819
5.977280000	-1.523422718	-0.008108380
5.977281000	-1.515573978	-0.009787411
5.977282000	-1.524425983	-0.009421971
5.977283000	-1.527227640	-0.009700213
5.977284000	-1.511041880	-0.010767329
5.977285000	-1.522282600	-0.010511506
5.977286000	-1.516187429	-0.009372354
5.977287000	-1.511800528	-0.010593211
5.977288000	-1.527400374	-0.011436722
5.977289000	-1.523765922	-0.011330045
5.977290000	-1.507103562	-0.013028907
5.977291000	-1.515087008	-0.011574499
5.977292000	-1.512798786	-0.012520966
5.977293000	-1.518688798	-0.012312856
5.977294000	-1.515498877	-0.012962807
5.977295000	-1.503016949	-0.012609482
5.977296000	-1.507845402	-0.013668503
5.977297000	-1.502946258	-0.013701403
5.977298000	-1.503867388	-0.014871245
5.977299000	-1.508080244	-0.013552507
5.977300000	-1.512348890	-0.014680114
5.977301000	-1.510634065	-0.015230456
5.977302000	-1.510378361	-0.015360139
5.977303000	-1.507474422	-0.015484499
5.977304000	-1.493935347	-0.016130718
5.977305000	-1.498291969	-0.015875481
5.977306000	-1.502798319	-0.016907135
5.977307000	-1.486254334	-0.016420322
5.977308000	-1.489677548	-0.016380322
5.977309000	-1.492719173	-0.016617998
5.977310000	-1.494692564	-0.017220793
5.977311000	-1.489627004	-0.017967607
5.977312000	-1.493860364	-0.017583544
5.977313000	-1.498106122	-0.017476916
5.977314000	-1.488600373	-0.018246473
5.977315000	-1.499988437	-0.017260466
5.977316000	-1.493492007	-0.018489949
5.977317000	-1.489996314	-0.018203083
5.977318000	-1.493930340	-0.018570828
5.977319000	-1.492059946	-0.018596519
5.977320000	-1.487322927	-0.020345560
5.977321000	-1.493736863	-0.019912784
5.977322000	-1.486587644	-0.020970519
5.977323000	-1.478148580	-0.019944332
5.977324000	-1.487125516	-0.021230814
5.977325000	-1.487269521	-0.020296259
5.977326000	-1.480445385	-0.021105514
5.977327000	-1.485951781	-0.020732576
5.977328000	-1.485259056	-0.022152436
5.977329000	-1.485554934	-0.022099441
5.977330000	-1.480462909	-0.023010588
5.977331000	-1.486043572	-0.022586248
5.977332000	-1.477933526	-0.022414639
5.977333000	-1.481672049	-0.022416266
5.977334000	-1.474109173	-0.023337343
5.977335000	-1.479927778	-0.023873779
5.977336000	-1.479403973	-0.023823898
5.977337000	-1.475351810	-0.024292906
5.977338000	-1.478469253	-0.023580350
5.977339000	-1.481790304	-0.024600855
5.977340000	-1.478301406	-0.024336740
5.977341000	-1.473514080	-0.023652620
5.977342000	-1.481403828	-0.025076924
5.977343000	-1.480107069	-0.025798154
5.977344000	-1.473416686	-0.025344085
5.977345000	-1.471624613	-0.026950254
5.977346000	-1.469441533	-0.025170045
5.977347000	-1.467705846	-0.025940591
5.977348000	-1.469586968	-0.025831077
5.977349000	-1.460224152	-0.026191272
5.977350000	-1.465677738	-0.025514533
5.977351000	-1.467224956	-0.027384139
5.977352000	-1.463153720	-0.027202276
5.977353000	-1.474258065	-0.028386014
5.977354000	-1.461496592	-0.027452441
5.977355000	-1.464315534	-0.028649195
5.977356000	-1.461636543	-0.028421076
5.977357000	-1.457530618	-0.028621916
5.977358000	-1.458135843	-0.028646625
5.977359000	-1.453502297	-0.028780928
5.977360000	-1.463635921	-0.029080760
5.977361000	-1.459897399	-0.028628946
5.977362000	-1.457909584	-0.029376604
5.977363000	-1.466727972	-0.029891549
5.977364000	-1.460003495	-0.029999598
5.977365000	-1.463919640	-0.030481271
5.977366000	-1.452346444	-0.031535547
5.977367000	-1.455624819	-0.030323609
5.977368000	-1.450392246	-0.030821812
5.977369000	-1.459362149	-0.030705465
5.977370000	-1.455224037	-0.031405092
5.977371000	-1.453937054	-0.031975314
5.977372000	-1.454949617	-0.031697821
5.977373000	-1.453513741	-0.030599579
5.977374000	-1.454533219	-0.031764209
5.977375000	-1.452192068	-0.030663412
5.977376000	-1.452381134	-0.031927086
5.977377000	-1.453145623	-0.032029283
5.977378000	-1.441531181	-0.031845966
5.977379000	-1.456930518	-0.032656998
5.977380000	-1.451718330	-0.032983377
5.977381000	-1.446144462	-0.032752306
5.977382000	-1.457091093	-0.033036703
5.977383000	-1.452346563	-0.032427498
5.977384000	-1.452402592	-0.034563751
5.977385000	-1.443241835	-0.033816000
5.977386000	-1.449742317	-0.033223611
5.977387000	-1.455843806	-0.033501256
5.977388000	-1.442990661	-0.034068014
5.977389000	-1.446904778	-0.034749602
5.977390000	-1.450844049	-0.034984204
5.977391000	-1.450271726	-0.035178764
5.977392000	-1.446496248	-0.034728655
5.977393000	-1.444461942	-0.035793018
5.977394000	-1.448793054	-0.035093926
5.977395000	-1.442415953	-0.035231466
5.977396000	-1.431066751	-0.035661570
5.977397000	-1.440807939	-0.036368236
5.977398000	-1.442291260	-0.037653082
5.977399000	-1.450195670	-0.036899428
5.977400000	-1.443467736	-0.037256142
5.977401000	-1.440732837	-0.037126305
5.977402000	-1.444758415	-0.037251178
5.977403000	-1.435605526	-0.036514098
5.977404000	-1.442018628	-0.037757170
5.977405000	-1.431349277	-0.037692177
5.977406000	-1.435187340	-0.037405175
5.977407000	-1.434157610	-0.038155400
5.977408000	-1.432694912	-0.037960973
5.977409000	-1.436941504	-0.037759138
5.977410000	-1.444172978	-0.038536395
5.977411000	-1.436393738	-0.038216707
5.977412000	-1.434915543	-0.037579296
5.977413000	-1.430841565	-0.038985046
5.977414000	-1.437289596	-0.039846824
5.977415000	-1.434764028	-0.040860685
5.977416000	-1.429951787	-0.040135956
5.977417000	-1.430451035	-0.039949256
5.977418000	-1.430091262	-0.040228010
5.977419000	-1.429161310	-0.040058895
5.977420000	-1.435305238	-0.039661464
5.977421000	-1.426842928	-0.040906121
5.977422000	-1.420908213	-0.041664539
5.977423000	-1.426610231	-0.041270354
5.977424000	-1.417272925	-0.040641365
5.977425000	-1.427304387	-0.040841464
5.977426000	-1.430380702	-0.041421509
5.977427000	-1.427644134	-0.041663507
5.977428000	-1.430864215	-0.042077479
5.977429000	-1.427770019	-0.041431787
5.977430000	-1.427647471	-0.042100828
5.977431000	-1.435075402	-0.041615304
5.977432000	-1.430854201	-0.042816814
5.977433000	-1.430031419	-0.042397329
5.977434000	-1.423103213	-0.043253660
5.977435000	-1.419767976	-0.042600216
5.977436000	-1.421196103	-0.043096409
5.977437000	-1.416492462	-0.042753069
5.977438000	-1.421608567	-0.044042888
5.977439000	-1.419057131	-0.042952864
5.977440000	-1.419904232	-0.044099584
5.977441000	-1.416471362	-0.044664615
5.977442000	-1.425629497	-0.044303391
5.977443000	-1.431149960	-0.043629944
5.977444000	-1.418472886	-0.043910749
5.977445000	-1.421746731	-0.044525940
5.977446000	-1.416567564	-0.044673067
5.977447000	-1.411445856	-0.045321859
5.977448000	-1.418774724	-0.044582261
5.977449000	-1.412555099	-0.045395790
5.977450000	-1.417687058	-0.046601840
5.977451000	-1.422525287	-0.045733134
5.977452000	-1.416283727	-0.045534079
5.977453000	-1.416376948	-0.044546217
5.977454000	-1.422873616	-0.045551964
5.977455000	-1.413945079	-0.045993995
5.977456000	-1.403790355	-0.045929829
5.977457000	-1.410442352	-0.046139341
5.977458000	-1.413895249	-0.046340235
5.977459000	-1.418749213	-0.046688056
5.977460000	-1.422188759	-0.047673446
5.977461000	-1.406427383	-0.047281991
5.977462000	-1.419161439	-0.047718250
5.977463000	-1.413778543	-0.047027663
5.977464000	-1.410832167	-0.047423571
5.977465000	-1.413243294	-0.047488781
5.977466000	-1.414782643	-0.047642508
5.977467000	-1.418635726	-0.048313866
5.977468000	-1.407453418	-0.047442230
5.977469000	-1.411559939	-0.047685335
5.977470000	-1.406648040	-0.048268026
5.977471000	-1.408116579	-0.048608828
5.977472000	-1.413997769	-0.049488707
5.977473000	-1.414782166	-0.049761793
5.977474000	-1.397036076	-0.050122173
5.977475000	-1.406764150	-0.050293011
5.977476000	-1.401814580	-0.049774739
5.977477000	-1.407198191	-0.049516029
5.977478000	-1.407011867	-0.048570645
5.977479000	-1.401039243	-0.050480352
5.977480000	-1.409798980	-0.050157381
5.977481000	-1.399927974	-0.049675328
5.977482000	-1.404015183	-0.050644265
5.977483000	-1.406012416	-0.050460761
5.977484000	-1.403474927	-0.050650615
5.977485000	-1.398634791	-0.051014623
5.977486000	-1.404279113	-0.050870517
5.977487000	-1.408358455	-0.051577050
5.977488000	-1.402060509	-0.052273212
5.977489000	-1.401505113	-0.051020445
5.977490000	-1.403241396	-0.052090528
5.977491000	-1.401223540	-0.052298654
5.977492000	-1.407849789	-0.051785163
5.977493000	-1.400293827	-0.052131266
5.977494000	-1.403692961	-0.052461810
5.977495000	-1.406294107	-0.052239353
5.977496000	-1.391919732	-0.052092937
5.977497000	-1.397408009	-0.052091427
5.977498000	-1.398454547	-0.053120168
5.977499000	-1.398644209	-0.053216974
5.977500000	-1.405000687	-0.052737776
5.977501000	-1.394276857	-0.052641241
5.977502000	-1.393998265	-0.054335989
5.977503000	-1.396940708	-0.053845489
5.977504000	-1.397486925	-0.053746606
5.977505000	-1.396913648	-0.054067979
5.977506000	-1.403116822	-0.054176445
5.977507000	-1.397512913	-0.053620281
5.977508000	-1.391624928	-0.055001950
5.977509000	-1.393025637	-0.053944030
5.977510000	-1.396531224	-0.054722039
5.977511000	-1.387739658	-0.054610711
5.977512000	-1.395740032	-0.054737901
5.977513000	-1.394932508	-0.055142215
5.977514000	-1.386494637	-0.054311043
5.977515000	-1.394727349	-0.055273043
5.977516000	-1.393886209	-0.055013572
5.977517000	-1.387443423	-0.055695179
5.977518000	-1.395454645	-0.054547748
5.977519000	-1.398820281	-0.056043125
5.977520000	-1.392778158	-0.056461903
5.977521000	-1.389366746	-0.055666026
5.977522000	-1.386257291	-0.056772423
5.977523000	-1.389421940	-0.056990715
5.977524000	-1.391495943	-0.056395599
5.977525000	-1.387535453	-0.055648220
5.977526000	-1.389297485	-0.055342851
5.977527000	-1.386306882	-0.056534795
5.977528000	-1.390776634	-0.056957534
5.977529000	-1.387446761	-0.056475485
5.977530000	-1.388064861	-0.057840526
5.977531000	-1.377564907	-0.057254256
5.977532000	-1.389479756	-0.057022640
5.977533000	-1.388474941	-0.057448434
5.977534000	-1.388208270	-0.057192462
5.977535000	-1.381348968	-0.058353222
5.977536000	-1.381405950	-0.058162598
5.977537000	-1.384938121	-0.058683092
5.977538000	-1.376609087	-0.058185322
5.977539000	-1.394164205	-0.058195429
5.977540000	-1.391852140	-0.057795556
5.977541000	-1.390672207	-0.057809508
5.977542000	-1.374856234	-0.058413942
5.977543000	-1.383736014	-0.059210327
5.977544000	-1.379263639	-0.059826245
5.977545000	-1.386297464	-0.059695343
5.977546000	-1.383112192	-0.058757086
5.977547000	-1.383442640	-0.058112763
5.977548000	-1.380511761	-0.059083086
5.977549000	-1.382614970	-0.059021517
5.977550000	-1.383820653	-0.058798798
5.977551000	-1.372999907	-0.059894664
5.977552000	-1.383786798	-0.059681590
5.977553000	-1.382854819	-0.060187249
5.977554000	-1.381549954	-0.059590343
5.977555000	-1.378841639	-0.060200482
5.977556000	-1.383125544	-0.059775396
5.977557000	-1.377896428	-0.059890785
5.977558000	-1.374802828	-0.059872946
5.977559000	-1.374222159	-0.060667779
5.977560000	-1.383387089	-0.061590581
5.977561000	-1.385762691	-0.060228537
5.977562000	-1.387867093	-0.060734500
5.977563000	-1.371523380	-0.061170401
5.977564000	-1.378835320	-0.060370188
5.977565000	-1.379457951	-0.061760749
5.977566000	-1.378668427	-0.060290738
5.977567000	-1.381698728	-0.061570245
5.977568000	-1.381628752	-0.062192909
5.977569000	-1.377075315	-0.061606132
5.977570000	-1.371397376	-0.061767557
5.977571000	-1.381163716	-0.062362170
5.977572000	-1.384143472	-0.062087789
5.977573000	-1.378844857	-0.061658246
5.977574000	-1.374328852	-0.061805606
5.977575000	-1.379362464	-0.062929377
5.977576000	-1.373900056	-0.062583732
5.977577000	-1.374768376	-0.062095221
5.977578000	-1.379886985	-0.062800676
5.977579000	-1.378482342	-0.062906690
5.977580000	-1.374076128	-0.062522517
5.977581000	-1.376013160	-0.063259955
5.977582000	-1.368951559	-0.063656091
5.977583000	-1.368542075	-0.063337357
5.977584000	-1.376446605	-0.062498494
5.977585000	-1.372805953	-0.063254125
5.977586000	-1.377755523	-0.064561042
5.977587000	-1.367660761	-0.062282899
5.977588000	-1.372745275	-0.063458922
5.977589000	-1.374066591	-0.063665130
5.977590000	-1.364373207	-0.064523446
5.977591000	-1.373842597	-0.064239203
5.977592000	-1.369983315	-0.063973644
5.977593000	-1.368976593	-0.064403766
5.977594000	-1.369400144	-0.065286653
5.977595000	-1.374426961	-0.064397158
5.977596000	-1.368672252	-0.064130134
5.977597000	-1.375136495	-0.064677181
5.977598000	-1.366404891	-0.065303694
5.977599000	-1.369900346	-0.064996610
5.977600000	-1.372337222	-0.064312465
5.977601000	-1.375263453	-0.064664318
5.977602000	-1.362674832	-0.065080113
5.977603000	-1.371657491	-0.065088460
5.977604000	-1.363248110	-0.066019672
5.977605000	-1.365924120	-0.066647084
5.977606000	-1.372612715	-0.065407532
5.977607000	-1.361884475	-0.065972613
5.977608000	-1.361655951	-0.066840067
5.977609000	-1.373439193	-0.065884138
5.977610000	-1.357484102	-0.067161947
5.977611000	-1.365889668	-0.066026996
5.977612000	-1.361328483	-0.066713163
5.977613000	-1.366832495	-0.066585398
5.977614000	-1.363204122	-0.066842647
5.977615000	-1.355780602	-0.066757022
5.977616000	-1.360185742	-0.067108372
5.977617000	-1.366530061	-0.067380743
5.977618000	-1.358669519	-0.067163117
5.977619000	-1.354169130	-0.068140085
5.977620000	-1.354918838	-0.066970720
5.977621000	-1.354672909	-0.067927315
5.977622000	-1.365048647	-0.067326314
5.977623000	-1.362503529	-0.067545900
5.977624000	-1.357255936	-0.067717246
5.977625000	-1.362084746	-0.068206789
5.977626000	-1.356080294	-0.068123902
5.977627000	-1.358376384	-0.068600791
5.977628000	-1.356195569	-0.068234340
5.977629000	-1.354324222	-0.068140522
5.977630000	-1.362785101	-0.068176329
5.977631000	-1.355920315	-0.068706627
5.977632000	-1.359485507	-0.068802059
5.977633000	-1.362991095	-0.068323227
5.977634000	-1.365265369	-0.069168406
5.977635000	-1.356171608	-0.069872642
5.977636000	-1.363612175	-0.068378338
5.977637000	-1.360201359	-0.069209985
5.977638000	-1.359076500	-0.069666530
5.977639000	-1.362685442	-0.068806291
5.977640000	-1.355595708	-0.069591112
5.977641000	-1.356291056	-0.069457442
5.977642000	-1.354463696	-0.069487923
5.977643000	-1.356093526	-0.069467059
5.977644000	-1.353343606	-0.069927736
5.977645000	-1.350165606	-0.069827884
5.977646000	-1.349476337	-0.070023277
5.977647000	-1.355590343	-0.070128763
5.977648000	-1.355535626	-0.068967030
5.977649000	-1.354798913	-0.071226543
5.977650000	-1.349564195	-0.070762704
5.977651000	-1.353468657	-0.070358794
5.977652000	-1.349465489	-0.069638937
5.977653000	-1.355835676	-0.070911591
5.977654000	-1.349275470	-0.069978711
5.977655000	-1.353641152	-0.070829549
5.977656000	-1.352157116	-0.071226917
5.977657000	-1.347963333	-0.070695525
5.977658000	-1.350300074	-0.071173430
5.977659000	-1.356030345	-0.071146482
5.977660000	-1.356747031	-0.071410459
5.977661000	-1.347443223	-0.071777226
5.977662000	-1.347559929	-0.072055702
5.977663000	-1.351698637	-0.071832054
5.977664000	-1.342771053	-0.071917725
5.977665000	-1.351554394	-0.071995581
5.977666000	-1.348912597	-0.072442135
5.977667000	-1.350385427	-0.071297949
5.977668000	-1.343552470	-0.071690948
5.977669000	-1.351574421	-0.072532815
5.977670000	-1.343472958	-0.073409345
5.977671000	-1.355413675	-0.072640473
5.977672000	-1.350331783	-0.072621349
5.977673000	-1.352805018	-0.072269154
5.977674000	-1.353785634	-0.072278117
5.977675000	-1.350388885	-0.072882571
5.977676000	-1.343282223	-0.071866675
5.977677000	-1.344709635	-0.072067186
5.977678000	-1.351170540	-0.073196608
5.977679000	-1.359643936	-0.072817640
5.977680000	-1.350048304	-0.073804042
5.977681000	-1.340681314	-0.072609090
5.977682000	-1.357347846	-0.073069950
5.977683000	-1.343944550	-0.072890311
5.977684000	-1.346901894	-0.073017727
5.977685000	-1.346060872	-0.073386375
5.977686000	-1.345420361	-0.073091338
5.977687000	-1.347383261	-0.074213711
5.977688000	-1.343158126	-0.074148813
5.977689000	-1.344974995	-0.073352811
5.977690000	-1.344705820	-0.072952163
5.977691000	-1.346433997	-0.074238104
5.977692000	-1.342675567	-0.074390170
5.977693000	-1.344384074	-0.074071773
5.977694000	-1.345683098	-0.074121316
5.977695000	-1.351002574	-0.074662562
5.977696000	-1.344746709	-0.075205206
5.977697000	-1.349363685	-0.075109598
5.977698000	-1.342518449	-0.074099794
5.977699000	-1.348665714	-0.074802761
5.977700000	-1.344757438	-0.075899758
5.977701000	-1.339017749	-0.075367076
5.977702000	-1.336207151	-0.075049452
5.977703000	-1.353971362	-0.073851496
5.977704000	-1.350639820	-0.075005527
5.977705000	-1.349437714	-0.075240310
5.977706000	-1.340197086	-0.075835035
5.977707000	-1.338972330	-0.075381723
5.977708000	-1.346635580	-0.075237721
5.977709000	-1.336834073	-0.075779916
5.977710000	-1.350500941	-0.075366935
5.977711000	-1.331875682	-0.075646733
5.977712000	-1.344834089	-0.074935211
5.977713000	-1.341035604	-0.076132660
5.977714000	-1.329948783	-0.076336741
5.977715000	-1.344478011	-0.075570550
5.977716000	-1.345012903	-0.077018161
5.977717000	-1.339811087	-0.076334652
5.977718000	-1.338711739	-0.076990847
5.977719000	-1.340888143	-0.076377771
5.977720000	-1.347278833	-0.076165384
5.977721000	-1.337518454	-0.076741833
5.977722000	-1.342460394	-0.076636647
5.977723000	-1.336508870	-0.076482891
5.977724000	-1.346088290	-0.077139435
5.977725000	-1.349099278	-0.076480411
5.977726000	-1.349927187	-0.075826113
5.977727000	-1.339156032	-0.076497055
5.977728000	-1.341388345	-0.076259535
5.977729000	-1.336582184	-0.077882939
5.977730000	-1.347260714	-0.077265236
5.977731000	-1.335113168	-0.077596292
5.977732000	-1.338739276	-0.078093629
5.977733000	-1.337813497	-0.077685466
5.977734000	-1.336056948	-0.077997522
5.977735000	-1.339318395	-0.078610864
5.977736000	-1.337231874	-0.077635457
5.977737000	-1.343104482	-0.077123289
5.977738000	-1.337248683	-0.078542138
5.977739000	-1.333935142	-0.078795921
5.977740000	-1.340729952	-0.077585273
5.977741000	-1.331915379	-0.078248450
5.977742000	-1.344941616	-0.078415946
5.977743000	-1.338180900	-0.078031036
5.977744000	-1.341753602	-0.077916437
5.977745000	-1.336462140	-0.078248666
5.977746000	-1.342076063	-0.077860968
5.977747000	-1.335893869	-0.078918335
5.977748000	-1.343942881	-0.078913949
5.977749000	-1.343935132	-0.078621026
5.977750000	-1.337962270	-0.078718182
5.977751000	-1.337995052	-0.078468402
5.977752000	-1.337430835	-0.079405127
5.977753000	-1.338920474	-0.079927090
5.977754000	-1.337901473	-0.079817876
5.977755000	-1.334309936	-0.079479172
5.977756000	-1.337523222	-0.079093795
5.977757000	-1.332094669	-0.079348993
5.977758000	-1.339290500	-0.079226596
5.977759000	-1.332578301	-0.079696411
5.977760000	-1.334507942	-0.079193265
5.977761000	-1.333886266	-0.080342518
5.977762000	-1.331335783	-0.081301248
5.977763000	-1.329766512	-0.080215411
5.977764000	-1.340019941	-0.080289197
5.977765000	-1.331256151	-0.079122632
5.977766000	-1.332861066	-0.080007551
5.977767000	-1.332469344	-0.080775806
5.977768000	-1.328499675	-0.080894608
5.977769000	-1.334022880	-0.080593513
5.977770000	-1.337356329	-0.080733362
5.977771000	-1.335826874	-0.079794107
5.977772000	-1.332542539	-0.080373644
5.977773000	-1.335824251	-0.080901166
5.977774000	-1.337192297	-0.081312059
5.977775000	-1.324544668	-0.080623465
5.977776000	-1.329572797	-0.081304660
5.977777000	-1.331517458	-0.081268691
5.977778000	-1.340703249	-0.080768591
5.977779000	-1.330808043	-0.082145104
5.977780000	-1.328876972	-0.081732356
5.977781000	-1.326422691	-0.081489700
5.977782000	-1.330817103	-0.080834188
5.977783000	-1.326843143	-0.081213913
5.977784000	-1.322446704	-0.081857066
5.977785000	-1.340465188	-0.081888242
5.977786000	-1.327840447	-0.081195953
5.977787000	-1.328652740	-0.082438476
5.977788000	-1.323529720	-0.082302089
5.977789000	-1.327982068	-0.082946166
5.977790000	-1.325650334	-0.082509791
5.977791000	-1.337511659	-0.082028799
5.977792000	-1.324437857	-0.082941389
5.977793000	-1.327955127	-0.081705940
5.977794000	-1.322929025	-0.082404995
5.977795000	-1.322801709	-0.082868793
5.977796000	-1.321868062	-0.082764980
5.977797000	-1.324114323	-0.082148083
5.977798000	-1.331824422	-0.082325633
5.977799000	-1.327756524	-0.082320789
5.977800000	-1.321661353	-0.083399519
5.977801000	-1.325912237	-0.083092598
5.977802000	-1.333263516	-0.083290813
5.977803000	-1.327191949	-0.083909057
5.977804000	-1.325165868	-0.083587430
5.977805000	-1.321936011	-0.083728004
5.977806000	-1.327990532	-0.082448596
5.977807000	-1.325893283	-0.083979922
5.977808000	-1.329018593	-0.083348362
5.977809000	-1.325778723	-0.083818559
5.977810000	-1.320231438	-0.082572550
5.977811000	-1.321870685	-0.082883008
5.977812000	-1.320498109	-0.082165985
5.977813000	-1.330984831	-0.083593031
5.977814000	-1.321205020	-0.083329070
5.977815000	-1.327013254	-0.083578734
5.977816000	-1.325814128	-0.083942530
5.977817000	-1.320372224	-0.084145238
5.977818000	-1.327291012	-0.083858790
5.977819000	-1.325566292	-0.084228953
5.977820000	-1.331633687	-0.083947215
5.977821000	-1.318508863	-0.085315148
5.977822000	-1.321796656	-0.084801008
5.977823000	-1.324378371	-0.084291637
5.977824000	-1.321337104	-0.084643257
5.977825000	-1.320777535	-0.084334996
5.977826000	-1.326553941	-0.084748427
5.977827000	-1.324421287	-0.084162940
5.977828000	-1.328027844	-0.083789722
5.977829000	-1.316047192	-0.084961039
5.977830000	-1.320450068	-0.084937753
5.977831000	-1.329892874	-0.084940183
5.977832000	-1.325634837	-0.086162616
5.977833000	-1.326491475	-0.084887852
5.977834000	-1.317425370	-0.084662648
5.977835000	-1.316377163	-0.085666169
5.977836000	-1.323493719	-0.085099815
5.977837000	-1.324799061	-0.086180941
5.977838000	-1.328705430	-0.085198635
5.977839000	-1.320515990	-0.084861670
5.977840000	-1.317214847	-0.085517457
5.977841000	-1.318301916	-0.085280210
5.977842000	-1.315853238	-0.085493721
5.977843000	-1.321719408	-0.085757407
5.977844000	-1.323759794	-0.085857101
5.977845000	-1.319195390	-0.085862827
5.977846000	-1.322014689	-0.085948331
5.977847000	-1.326186895	-0.086289990
5.977848000	-1.316045403	-0.087014652
5.977849000	-1.327342391	-0.086344210
5.977850000	-1.319078922	-0.086124241
5.977851000	-1.318371058	-0.087201748
5.977852000	-1.322522879	-0.085665770
5.977853000	-1.330492854	-0.086524156
5.977854000	-1.317042828	-0.085894485
5.977855000	-1.314171195	-0.086625015
5.977856000	-1.324604750	-0.086609053
5.977857000	-1.323563457	-0.086547534
5.977858000	-1.315159917	-0.087268343
5.977859000	-1.314374328	-0.087610768
5.977860000	-1.323582411	-0.086779137
5.977861000	-1.324518323	-0.086995544
5.977862000	-1.318516135	-0.087105366
5.977863000	-1.322503924	-0.087252015
5.977864000	-1.308032036	-0.087126863
5.977865000	-1.322358251	-0.087603061
5.977866000	-1.315938711	-0.087833999
5.977867000	-1.320642352	-0.087563929
5.977868000	-1.329215169	-0.087255469
5.977869000	-1.322532535	-0.087398156
5.977870000	-1.325060248	-0.087139946
5.977871000	-1.321369410	-0.087553044
5.977872000	-1.324234962	-0.088336446
5.977873000	-1.313050151	-0.087598334
5.977874000	-1.320860386	-0.087753879
5.977875000	-1.320177674	-0.088191728
