D:\KID metingen\Entropy ADR\LT343chip5_BF_20240530_mapping\S21\Power\KID95_94dBm_.dat
Power at KID:94dBm
resonance Frequency in GHz :6.114667
Q=35968.629410, Qc=44720.799742, Qi=183788.227585  S21min=-14.167876


Temperature in K:0.100033
GHz	dB	Rad
6.113937000	-3.174207211	-0.577921070
6.113938000	-3.172562838	-0.577334176
6.113939000	-3.174993277	-0.577224054
6.113940000	-3.174904346	-0.576856804
6.113941000	-3.175844669	-0.577348424
6.113942000	-3.173882246	-0.576758600
6.113943000	-3.179558516	-0.577994507
6.113944000	-3.177598000	-0.578540122
6.113945000	-3.170831442	-0.578458562
6.113946000	-3.174981117	-0.578310291
6.113947000	-3.182133436	-0.578397243
6.113948000	-3.173481703	-0.579483480
6.113949000	-3.167831182	-0.578168344
6.113950000	-3.176449537	-0.579592936
6.113951000	-3.177882195	-0.578144776
6.113952000	-3.176923513	-0.579586345
6.113953000	-3.177328587	-0.579931091
6.113954000	-3.181863785	-0.579077281
6.113955000	-3.178294659	-0.579790276
6.113956000	-3.167350769	-0.580530102
6.113957000	-3.178534031	-0.579881689
6.113958000	-3.178965807	-0.580172040
6.113959000	-3.179373980	-0.580497878
6.113960000	-3.177580595	-0.580746950
6.113961000	-3.181282520	-0.580361258
6.113962000	-3.179594517	-0.580234025
6.113963000	-3.184919357	-0.580499742
6.113964000	-3.177767754	-0.580875115
6.113965000	-3.177546024	-0.580773848
6.113966000	-3.180758953	-0.581732453
6.113967000	-3.186396122	-0.580422111
6.113968000	-3.176571608	-0.581952830
6.113969000	-3.185227394	-0.581313005
6.113970000	-3.174675465	-0.581281047
6.113971000	-3.181031942	-0.581787913
6.113972000	-3.182085991	-0.581344963
6.113973000	-3.183844328	-0.583043461
6.113974000	-3.184017658	-0.583044925
6.113975000	-3.180532217	-0.582540789
6.113976000	-3.178969145	-0.582012085
6.113977000	-3.183517933	-0.583029146
6.113978000	-3.186081886	-0.583281481
6.113979000	-3.185904980	-0.583539608
6.113980000	-3.186029673	-0.582954045
6.113981000	-3.187263727	-0.582767624
6.113982000	-3.184192181	-0.583008640
6.113983000	-3.192101955	-0.583763579
6.113984000	-3.195169926	-0.583785218
6.113985000	-3.194449663	-0.583535480
6.113986000	-3.190829039	-0.583987351
6.113987000	-3.189076424	-0.583319630
6.113988000	-3.190274000	-0.584413790
6.113989000	-3.196475983	-0.584246610
6.113990000	-3.191584110	-0.584586496
6.113991000	-3.190926790	-0.584945757
6.113992000	-3.188085079	-0.584546682
6.113993000	-3.191332817	-0.584996423
6.113994000	-3.195267916	-0.585231114
6.113995000	-3.192878246	-0.585219063
6.113996000	-3.189879179	-0.585318666
6.113997000	-3.193614483	-0.584959738
6.113998000	-3.195407152	-0.585728193
6.113999000	-3.198103189	-0.585125986
6.114000000	-3.197363138	-0.585995974
6.114001000	-3.208020449	-0.585841178
6.114002000	-3.204815149	-0.586005229
6.114003000	-3.190964460	-0.585325390
6.114004000	-3.193856239	-0.586405369
6.114005000	-3.199024439	-0.586028065
6.114006000	-3.198080301	-0.586260759
6.114007000	-3.201200008	-0.586967628
6.114008000	-3.194916487	-0.587466638
6.114009000	-3.203970432	-0.587109309
6.114010000	-3.200615883	-0.587565841
6.114011000	-3.201754808	-0.587575828
6.114012000	-3.198990107	-0.588716660
6.114013000	-3.193369865	-0.587478623
6.114014000	-3.192357540	-0.587976101
6.114015000	-3.206393957	-0.588268050
6.114016000	-3.200882673	-0.587563111
6.114017000	-3.199928284	-0.588543754
6.114018000	-3.205188274	-0.587920840
6.114019000	-3.205420732	-0.588661332
6.114020000	-3.196985722	-0.589606222
6.114021000	-3.199990273	-0.588000069
6.114022000	-3.203220844	-0.588814464
6.114023000	-3.198673487	-0.588663063
6.114024000	-3.205217838	-0.589339773
6.114025000	-3.200485229	-0.590068613
6.114026000	-3.210085154	-0.589984724
6.114027000	-3.209296942	-0.589382250
6.114028000	-3.205644846	-0.589706556
6.114029000	-3.203275204	-0.590071942
6.114030000	-3.210851192	-0.590118481
6.114031000	-3.206335068	-0.589436246
6.114032000	-3.204039097	-0.590233529
6.114033000	-3.215553761	-0.591947007
6.114034000	-3.209914684	-0.590839865
6.114035000	-3.210858345	-0.590298710
6.114036000	-3.205596924	-0.590563096
6.114037000	-3.205282927	-0.591737483
6.114038000	-3.216014624	-0.591287609
6.114039000	-3.207836151	-0.591436413
6.114040000	-3.216454268	-0.591791146
6.114041000	-3.210687637	-0.592988104
6.114042000	-3.214404583	-0.592468121
6.114043000	-3.212438107	-0.592455671
6.114044000	-3.208542585	-0.592092815
6.114045000	-3.214154005	-0.592756475
6.114046000	-3.210110426	-0.592074240
6.114047000	-3.216492176	-0.593202421
6.114048000	-3.215916157	-0.593945177
6.114049000	-3.219395876	-0.592451610
6.114050000	-3.207937717	-0.593728063
6.114051000	-3.221673489	-0.593462479
6.114052000	-3.219159365	-0.593635318
6.114053000	-3.218769073	-0.592919261
6.114054000	-3.207866430	-0.593685719
6.114055000	-3.214658499	-0.593849436
6.114056000	-3.217989683	-0.594329205
6.114057000	-3.212694645	-0.593880063
6.114058000	-3.219762325	-0.593542174
6.114059000	-3.221772432	-0.594367222
6.114060000	-3.217679501	-0.594049906
6.114061000	-3.215114117	-0.594272413
6.114062000	-3.218588352	-0.594990401
6.114063000	-3.223435402	-0.594427276
6.114064000	-3.223844767	-0.595455589
6.114065000	-3.221804857	-0.594542391
6.114066000	-3.221246004	-0.596155002
6.114067000	-3.221202135	-0.595794742
6.114068000	-3.226852417	-0.596055799
6.114069000	-3.220668554	-0.596607806
6.114070000	-3.222027540	-0.596019447
6.114071000	-3.227218390	-0.596381104
6.114072000	-3.222898483	-0.597540045
6.114073000	-3.210591316	-0.596897757
6.114074000	-3.219893694	-0.596794959
6.114075000	-3.229095459	-0.598110028
6.114076000	-3.222125053	-0.597117867
6.114077000	-3.226654291	-0.597900970
6.114078000	-3.227512598	-0.596742162
6.114079000	-3.226805925	-0.597688317
6.114080000	-3.227530479	-0.598332003
6.114081000	-3.221674681	-0.597171397
6.114082000	-3.226599932	-0.598392523
6.114083000	-3.220823526	-0.598047710
6.114084000	-3.216413260	-0.597988055
6.114085000	-3.223487377	-0.598562100
6.114086000	-3.226438522	-0.598484802
6.114087000	-3.226297140	-0.598362363
6.114088000	-3.231220961	-0.598701383
6.114089000	-3.236106634	-0.599127689
6.114090000	-3.222969055	-0.599316041
6.114091000	-3.228383303	-0.599681892
6.114092000	-3.229424953	-0.599367240
6.114093000	-3.232795715	-0.600009395
6.114094000	-3.226235151	-0.600450947
6.114095000	-3.235464811	-0.600868930
6.114096000	-3.225673676	-0.600451613
6.114097000	-3.227011442	-0.599797340
6.114098000	-3.232405901	-0.601515146
6.114099000	-3.226696253	-0.600976189
6.114100000	-3.230474949	-0.601572337
6.114101000	-3.231631756	-0.602025075
6.114102000	-3.236406803	-0.601378060
6.114103000	-3.232947111	-0.601336714
6.114104000	-3.226152897	-0.601841982
6.114105000	-3.235379696	-0.602449583
6.114106000	-3.231040955	-0.602833078
6.114107000	-3.228984833	-0.602855781
6.114108000	-3.225847721	-0.602479077
6.114109000	-3.238741875	-0.602556775
6.114110000	-3.232837439	-0.602589465
6.114111000	-3.235348940	-0.602906182
6.114112000	-3.233661413	-0.601925472
6.114113000	-3.238803864	-0.603640415
6.114114000	-3.231991291	-0.603817915
6.114115000	-3.243273020	-0.604197482
6.114116000	-3.239240646	-0.603925240
6.114117000	-3.244630098	-0.604608874
6.114118000	-3.232881546	-0.605303825
6.114119000	-3.245032072	-0.603976573
6.114120000	-3.240974426	-0.604697024
6.114121000	-3.240513802	-0.604816001
6.114122000	-3.243064880	-0.605924475
6.114123000	-3.241585732	-0.606093186
6.114124000	-3.251129389	-0.605785591
6.114125000	-3.244042635	-0.605638651
6.114126000	-3.247243404	-0.605833661
6.114127000	-3.244125366	-0.606382406
6.114128000	-3.246435642	-0.605518210
6.114129000	-3.251229048	-0.606320021
6.114130000	-3.238611460	-0.606125610
6.114131000	-3.247169018	-0.607522106
6.114132000	-3.246887684	-0.606023944
6.114133000	-3.249668598	-0.607624704
6.114134000	-3.245126486	-0.607346470
6.114135000	-3.247145414	-0.607601335
6.114136000	-3.250846624	-0.607318440
6.114137000	-3.253741264	-0.607416844
6.114138000	-3.247118473	-0.608258070
6.114139000	-3.244671822	-0.607824041
6.114140000	-3.250836134	-0.609332123
6.114141000	-3.257953405	-0.608870131
6.114142000	-3.252080202	-0.608585106
6.114143000	-3.260252476	-0.609409221
6.114144000	-3.254096031	-0.609737856
6.114145000	-3.259587765	-0.609320605
6.114146000	-3.256361961	-0.610300315
6.114147000	-3.258828402	-0.609032650
6.114148000	-3.256367207	-0.610723891
6.114149000	-3.256063938	-0.610467628
6.114150000	-3.257148266	-0.610524154
6.114151000	-3.256576777	-0.610681680
6.114152000	-3.252819538	-0.610285468
6.114153000	-3.259348392	-0.611641283
6.114154000	-3.263504982	-0.610424086
6.114155000	-3.251500130	-0.610844532
6.114156000	-3.253303051	-0.611161515
6.114157000	-3.260848761	-0.611825907
6.114158000	-3.258140564	-0.611285485
6.114159000	-3.257481098	-0.612305010
6.114160000	-3.256739616	-0.612142424
6.114161000	-3.260293722	-0.611889290
6.114162000	-3.265767813	-0.613319674
6.114163000	-3.263443947	-0.613464217
6.114164000	-3.266553402	-0.614014160
6.114165000	-3.264795780	-0.613524205
6.114166000	-3.270196676	-0.613662223
6.114167000	-3.264374971	-0.613982668
6.114168000	-3.264666319	-0.614439866
6.114169000	-3.268049002	-0.614485539
6.114170000	-3.268598557	-0.614950594
6.114171000	-3.270929098	-0.614075546
6.114172000	-3.268116713	-0.614810911
6.114173000	-3.277071953	-0.614431610
6.114174000	-3.275935888	-0.615733031
6.114175000	-3.276118517	-0.615574772
6.114176000	-3.273765087	-0.614747395
6.114177000	-3.271503448	-0.615123566
6.114178000	-3.280485392	-0.615458126
6.114179000	-3.266548872	-0.616908750
6.114180000	-3.278106689	-0.616396224
6.114181000	-3.270604372	-0.616395825
6.114182000	-3.270720720	-0.616745098
6.114183000	-3.282114983	-0.616203944
6.114184000	-3.286943436	-0.617293643
6.114185000	-3.285822868	-0.616629251
6.114186000	-3.277078629	-0.617395509
6.114187000	-3.282338619	-0.617621278
6.114188000	-3.282404184	-0.616876925
6.114189000	-3.281827450	-0.617579334
6.114190000	-3.280231237	-0.618297056
6.114191000	-3.288453817	-0.618808782
6.114192000	-3.284007788	-0.618438403
6.114193000	-3.287855625	-0.618748195
6.114194000	-3.291513443	-0.620191895
6.114195000	-3.289837360	-0.620151281
6.114196000	-3.287230253	-0.619832901
6.114197000	-3.291929483	-0.619707000
6.114198000	-3.285525799	-0.619933302
6.114199000	-3.286453485	-0.620656350
6.114200000	-3.287815571	-0.620253880
6.114201000	-3.292473793	-0.620471993
6.114202000	-3.302796125	-0.621018007
6.114203000	-3.294313431	-0.620983852
6.114204000	-3.293714285	-0.620079642
6.114205000	-3.291252851	-0.621797115
6.114206000	-3.293682575	-0.621582331
6.114207000	-3.302040815	-0.621354498
6.114208000	-3.287493706	-0.622377018
6.114209000	-3.299542427	-0.623007522
6.114210000	-3.294429064	-0.622264633
6.114211000	-3.301526785	-0.623141745
6.114212000	-3.296734810	-0.622895203
6.114213000	-3.298479319	-0.623492483
6.114214000	-3.298800945	-0.623520447
6.114215000	-3.304592609	-0.623703805
6.114216000	-3.304846287	-0.624340301
6.114217000	-3.295705318	-0.623878642
6.114218000	-3.305423975	-0.625003161
6.114219000	-3.296107292	-0.624563540
6.114220000	-3.304846764	-0.624743969
6.114221000	-3.301322460	-0.625976081
6.114222000	-3.304752827	-0.626336340
6.114223000	-3.304003000	-0.624829923
6.114224000	-3.308492184	-0.625463356
6.114225000	-3.306288004	-0.625908769
6.114226000	-3.306248188	-0.627223972
6.114227000	-3.306037188	-0.626463106
6.114228000	-3.303243637	-0.626608249
6.114229000	-3.304353237	-0.626710514
6.114230000	-3.311787605	-0.626168095
6.114231000	-3.311126709	-0.627000399
6.114232000	-3.308317184	-0.627506000
6.114233000	-3.310439825	-0.628427121
6.114234000	-3.304763317	-0.627637960
6.114235000	-3.312371731	-0.627999417
6.114236000	-3.306703329	-0.627913331
6.114237000	-3.314748764	-0.629731870
6.114238000	-3.302897930	-0.629372543
6.114239000	-3.317161560	-0.629450507
6.114240000	-3.313892841	-0.629417617
6.114241000	-3.315237045	-0.629684399
6.114242000	-3.324291468	-0.630663244
6.114243000	-3.315270424	-0.631211456
6.114244000	-3.312918901	-0.630009172
6.114245000	-3.320288181	-0.630837082
6.114246000	-3.320434570	-0.631102400
6.114247000	-3.315574169	-0.631690226
6.114248000	-3.320104122	-0.631499743
6.114249000	-3.318781853	-0.631917993
6.114250000	-3.329182625	-0.631063185
6.114251000	-3.319453239	-0.631307130
6.114252000	-3.322920799	-0.632374325
6.114253000	-3.323692083	-0.632267599
6.114254000	-3.326904535	-0.632881458
6.114255000	-3.334032536	-0.633893659
6.114256000	-3.324830294	-0.632485512
6.114257000	-3.332083941	-0.633337724
6.114258000	-3.320295572	-0.633321678
6.114259000	-3.333473206	-0.634496199
6.114260000	-3.332363129	-0.633553773
6.114261000	-3.334555626	-0.634103782
6.114262000	-3.334694862	-0.635446215
6.114263000	-3.331705809	-0.635306865
6.114264000	-3.333432913	-0.635325907
6.114265000	-3.330880165	-0.636646369
6.114266000	-3.334573269	-0.636022590
6.114267000	-3.331498384	-0.636601428
6.114268000	-3.327489376	-0.636519269
6.114269000	-3.344859600	-0.637150039
6.114270000	-3.340183973	-0.636723334
6.114271000	-3.342910528	-0.637432001
6.114272000	-3.341923714	-0.638277954
6.114273000	-3.350974321	-0.638231948
6.114274000	-3.348121405	-0.638243599
6.114275000	-3.338737488	-0.638147193
6.114276000	-3.348659039	-0.638053383
6.114277000	-3.342187881	-0.639337759
6.114278000	-3.347681999	-0.638770439
6.114279000	-3.341295481	-0.639590959
6.114280000	-3.339841127	-0.640029648
6.114281000	-3.352108002	-0.640532453
6.114282000	-3.347147703	-0.640682256
6.114283000	-3.353097916	-0.642383417
6.114284000	-3.349557161	-0.641583536
6.114285000	-3.359709501	-0.641896791
6.114286000	-3.357658386	-0.643277906
6.114287000	-3.368437529	-0.642176556
6.114288000	-3.351130962	-0.643143084
6.114289000	-3.356333733	-0.643298812
6.114290000	-3.356979609	-0.642776499
6.114291000	-3.358416557	-0.643255535
6.114292000	-3.359149218	-0.643369186
6.114293000	-3.359130621	-0.644440043
6.114294000	-3.360327482	-0.643154002
6.114295000	-3.363174438	-0.644166270
6.114296000	-3.364605665	-0.645593924
6.114297000	-3.356105328	-0.644364143
6.114298000	-3.363181591	-0.644117867
6.114299000	-3.363011122	-0.645057297
6.114300000	-3.362042189	-0.645696855
6.114301000	-3.368143320	-0.645283866
6.114302000	-3.370915174	-0.645970961
6.114303000	-3.359745502	-0.646925105
6.114304000	-3.372658730	-0.645464361
6.114305000	-3.374318600	-0.647015187
6.114306000	-3.368623495	-0.646511117
6.114307000	-3.382797480	-0.647585436
6.114308000	-3.376376629	-0.648534853
6.114309000	-3.370592117	-0.647579510
6.114310000	-3.378236532	-0.647521254
6.114311000	-3.378543139	-0.648358086
6.114312000	-3.382277489	-0.648525532
6.114313000	-3.378410339	-0.649559970
6.114314000	-3.383683920	-0.650349398
6.114315000	-3.372209072	-0.649774754
6.114316000	-3.384144306	-0.650403127
6.114317000	-3.380265474	-0.650468707
6.114318000	-3.382212400	-0.651636969
6.114319000	-3.382711411	-0.652025724
6.114320000	-3.385985851	-0.652466677
6.114321000	-3.386863947	-0.652138310
6.114322000	-3.387628794	-0.652242705
6.114323000	-3.389398813	-0.652512284
6.114324000	-3.390038013	-0.652672207
6.114325000	-3.391469955	-0.652938123
6.114326000	-3.387840509	-0.654525367
6.114327000	-3.394905329	-0.653363497
6.114328000	-3.396036625	-0.654990755
6.114329000	-3.385103941	-0.655137162
6.114330000	-3.392951965	-0.655153940
6.114331000	-3.405648947	-0.656072664
6.114332000	-3.395145178	-0.655880584
6.114333000	-3.392017603	-0.656408222
6.114334000	-3.399169207	-0.656673939
6.114335000	-3.400058031	-0.656484522
6.114336000	-3.406267166	-0.657070018
6.114337000	-3.397259235	-0.657996798
6.114338000	-3.410856962	-0.658335685
6.114339000	-3.397119045	-0.658536954
6.114340000	-3.407668352	-0.658913192
6.114341000	-3.406187296	-0.658558525
6.114342000	-3.407649040	-0.660561422
6.114343000	-3.415171862	-0.659888907
6.114344000	-3.405110121	-0.661421623
6.114345000	-3.413968801	-0.660536921
6.114346000	-3.411634684	-0.660687589
6.114347000	-3.414159060	-0.660193706
6.114348000	-3.414086103	-0.661546326
6.114349000	-3.412411690	-0.661338732
6.114350000	-3.425962925	-0.662409190
6.114351000	-3.422185659	-0.662543946
6.114352000	-3.425008059	-0.663121186
6.114353000	-3.424117327	-0.663416930
6.114354000	-3.428004980	-0.663643831
6.114355000	-3.422369719	-0.663578717
6.114356000	-3.421821356	-0.664737525
6.114357000	-3.428969860	-0.664883799
6.114358000	-3.430284977	-0.664270540
6.114359000	-3.428202152	-0.664656498
6.114360000	-3.427936316	-0.666026628
6.114361000	-3.432318211	-0.665694998
6.114362000	-3.433107853	-0.665151713
6.114363000	-3.437067747	-0.666698344
6.114364000	-3.438410282	-0.666381428
6.114365000	-3.440877438	-0.667281310
6.114366000	-3.439902306	-0.667308407
6.114367000	-3.449522495	-0.667873197
6.114368000	-3.446143627	-0.669544264
6.114369000	-3.446324587	-0.668835264
6.114370000	-3.445894003	-0.670560993
6.114371000	-3.445597887	-0.670418181
6.114372000	-3.446886063	-0.669457978
6.114373000	-3.450640917	-0.670574109
6.114374000	-3.446210623	-0.670476238
6.114375000	-3.456150293	-0.671016992
6.114376000	-3.456222534	-0.671894904
6.114377000	-3.452216148	-0.671722131
6.114378000	-3.457895994	-0.671945237
6.114379000	-3.459459066	-0.672848848
6.114380000	-3.465591908	-0.672615688
6.114381000	-3.464812756	-0.673146523
6.114382000	-3.467155933	-0.672976613
6.114383000	-3.459683180	-0.673032140
6.114384000	-3.468319416	-0.673209040
6.114385000	-3.474848747	-0.674863729
6.114386000	-3.469364166	-0.675352752
6.114387000	-3.469320774	-0.674358394
6.114388000	-3.466471195	-0.676122672
6.114389000	-3.470954180	-0.676354633
6.114390000	-3.476690531	-0.677230680
6.114391000	-3.483594656	-0.676903644
6.114392000	-3.478258610	-0.678049136
6.114393000	-3.472594500	-0.677684549
6.114394000	-3.474529028	-0.678552340
6.114395000	-3.485020399	-0.679506218
6.114396000	-3.476263046	-0.679146625
6.114397000	-3.487877846	-0.679659217
6.114398000	-3.480922937	-0.680754908
6.114399000	-3.497500181	-0.680442985
6.114400000	-3.487247705	-0.680433997
6.114401000	-3.492888927	-0.681560847
6.114402000	-3.491438389	-0.681162638
6.114403000	-3.493910551	-0.682063252
6.114404000	-3.502066612	-0.682359862
6.114405000	-3.492777586	-0.683599363
6.114406000	-3.503767967	-0.683909156
6.114407000	-3.504831076	-0.684225006
6.114408000	-3.500393867	-0.683737182
6.114409000	-3.502753496	-0.684586597
6.114410000	-3.507224321	-0.685273027
6.114411000	-3.507308722	-0.686261459
6.114412000	-3.512657166	-0.686206598
6.114413000	-3.508818150	-0.687109876
6.114414000	-3.517825842	-0.686663330
6.114415000	-3.517112255	-0.688175473
6.114416000	-3.527253389	-0.689786419
6.114417000	-3.520952225	-0.689125689
6.114418000	-3.519497633	-0.689330819
6.114419000	-3.523177385	-0.690100539
6.114420000	-3.530620813	-0.690387561
6.114421000	-3.525321960	-0.691136376
6.114422000	-3.529910803	-0.690771123
6.114423000	-3.535740614	-0.692735138
6.114424000	-3.535352945	-0.693180818
6.114425000	-3.527785540	-0.692275276
6.114426000	-3.535178185	-0.692700184
6.114427000	-3.543778658	-0.693560518
6.114428000	-3.539871216	-0.693728297
6.114429000	-3.547044516	-0.694332768
6.114430000	-3.544873714	-0.696123012
6.114431000	-3.548666716	-0.695732725
6.114432000	-3.549144745	-0.696164424
6.114433000	-3.547491074	-0.697348332
6.114434000	-3.551091909	-0.697907929
6.114435000	-3.561342478	-0.697244868
6.114436000	-3.567320824	-0.699550500
6.114437000	-3.563437223	-0.698307736
6.114438000	-3.556173563	-0.699346701
6.114439000	-3.561392784	-0.699108149
6.114440000	-3.561494589	-0.700949259
6.114441000	-3.562191010	-0.700858645
6.114442000	-3.571300745	-0.702328243
6.114443000	-3.570161581	-0.702144485
6.114444000	-3.567594290	-0.702886442
6.114445000	-3.584024191	-0.703280989
6.114446000	-3.579857111	-0.702466928
6.114447000	-3.582054853	-0.703939989
6.114448000	-3.577275276	-0.704916104
6.114449000	-3.584216118	-0.706106470
6.114450000	-3.593094349	-0.705248067
6.114451000	-3.590584278	-0.705087811
6.114452000	-3.586394787	-0.706322053
6.114453000	-3.597959042	-0.707397437
6.114454000	-3.603774548	-0.707357690
6.114455000	-3.599531174	-0.709010780
6.114456000	-3.599129438	-0.708923495
6.114457000	-3.604534388	-0.710153476
6.114458000	-3.606671095	-0.710864141
6.114459000	-3.613807201	-0.710806617
6.114460000	-3.614336252	-0.711711492
6.114461000	-3.615540504	-0.711891788
6.114462000	-3.611804485	-0.713361121
6.114463000	-3.620605707	-0.712900127
6.114464000	-3.617415190	-0.713029224
6.114465000	-3.623224020	-0.714158804
6.114466000	-3.622295141	-0.714708281
6.114467000	-3.621853590	-0.715941258
6.114468000	-3.637232304	-0.716607048
6.114469000	-3.633789301	-0.717326301
6.114470000	-3.630717754	-0.717922183
6.114471000	-3.640690804	-0.717699543
6.114472000	-3.634825945	-0.718189232
6.114473000	-3.639296055	-0.719465286
6.114474000	-3.636544943	-0.719548709
6.114475000	-3.645283937	-0.720228947
6.114476000	-3.651798487	-0.719906904
6.114477000	-3.642107248	-0.719817555
6.114478000	-3.655562401	-0.722959087
6.114479000	-3.652337790	-0.722362272
6.114480000	-3.659404039	-0.723744187
6.114481000	-3.657798052	-0.723817623
6.114482000	-3.670154095	-0.724058906
6.114483000	-3.660963297	-0.726201552
6.114484000	-3.669906139	-0.724471696
6.114485000	-3.671155214	-0.727203566
6.114486000	-3.680068254	-0.726605487
6.114487000	-3.677473307	-0.727507633
6.114488000	-3.683379889	-0.730163137
6.114489000	-3.690559864	-0.729090682
6.114490000	-3.699287653	-0.729770920
6.114491000	-3.700468063	-0.730197425
6.114492000	-3.697341681	-0.729844756
6.114493000	-3.711795092	-0.733008059
6.114494000	-3.708345652	-0.732523763
6.114495000	-3.704994202	-0.733616924
6.114496000	-3.708988190	-0.732644537
6.114497000	-3.709562302	-0.733498946
6.114498000	-3.710781574	-0.735972623
6.114499000	-3.715487242	-0.736621236
6.114500000	-3.717009544	-0.735893993
6.114501000	-3.718173742	-0.736851000
6.114502000	-3.722563028	-0.736636283
6.114503000	-3.732669353	-0.738106481
6.114504000	-3.743668556	-0.739507836
6.114505000	-3.746863127	-0.740678828
6.114506000	-3.745147943	-0.742197563
6.114507000	-3.757478476	-0.742670540
6.114508000	-3.754004002	-0.742002819
6.114509000	-3.766298294	-0.744051256
6.114510000	-3.756840467	-0.743516027
6.114511000	-3.769872665	-0.745817065
6.114512000	-3.764011860	-0.746510286
6.114513000	-3.776845455	-0.747089124
6.114514000	-3.778843880	-0.747184731
6.114515000	-3.777730942	-0.748028421
6.114516000	-3.783929348	-0.749807612
6.114517000	-3.790212631	-0.748792615
6.114518000	-3.805789709	-0.750910627
6.114519000	-3.799479961	-0.752354127
6.114520000	-3.791106939	-0.752154989
6.114521000	-3.804782391	-0.752022230
6.114522000	-3.809285402	-0.755011762
6.114523000	-3.811019659	-0.753842834
6.114524000	-3.808134794	-0.755998063
6.114525000	-3.802500725	-0.755116957
6.114526000	-3.818722725	-0.754992054
6.114527000	-3.834538937	-0.759871232
6.114528000	-3.838033676	-0.760629434
6.114529000	-3.820802450	-0.758757032
6.114530000	-3.839140892	-0.760410921
6.114531000	-3.829737186	-0.758495642
6.114532000	-3.826861620	-0.758692383
6.114533000	-3.837826014	-0.761437237
6.114534000	-3.843437195	-0.763275417
6.114535000	-3.859534740	-0.763939876
6.114536000	-3.868556738	-0.766434126
6.114537000	-3.873107195	-0.766604901
6.114538000	-3.873289585	-0.767921502
6.114539000	-3.876033545	-0.768892490
6.114540000	-3.885986090	-0.771031874
6.114541000	-3.883356333	-0.768720849
6.114542000	-3.872973919	-0.768041211
6.114543000	-3.906728029	-0.772497478
6.114544000	-3.900115967	-0.774138252
6.114545000	-3.892897606	-0.773182044
6.114546000	-3.910840034	-0.774528205
6.114547000	-3.925278425	-0.775238470
6.114548000	-3.919909954	-0.776977581
6.114549000	-3.931729078	-0.779065433
6.114550000	-3.937606812	-0.778812099
6.114551000	-3.937812328	-0.778499777
6.114552000	-3.943659544	-0.780465456
6.114553000	-3.950641632	-0.782424012
6.114554000	-3.941675425	-0.782175472
6.114555000	-3.944671154	-0.781214670
6.114556000	-3.938120604	-0.781739513
6.114557000	-3.957446337	-0.782736933
6.114558000	-3.987966061	-0.788192951
6.114559000	-3.995152950	-0.789488912
6.114560000	-3.995942116	-0.790189390
6.114561000	-3.995237589	-0.791248396
6.114562000	-3.997241735	-0.789868745
6.114563000	-4.004806042	-0.793533255
6.114564000	-4.030895710	-0.795187744
6.114565000	-4.011570930	-0.795398000
6.114566000	-4.019269466	-0.795862988
6.114567000	-4.043144226	-0.798333337
6.114568000	-4.043113708	-0.798862440
6.114569000	-4.057051182	-0.800617197
6.114570000	-4.063806534	-0.800964407
6.114571000	-4.061434746	-0.803238613
6.114572000	-4.079228401	-0.803238680
6.114573000	-4.074557781	-0.803892352
6.114574000	-4.102439404	-0.807340014
6.114575000	-4.096576691	-0.808449953
6.114576000	-4.111064434	-0.811120238
6.114577000	-4.118423939	-0.811910065
6.114578000	-4.122342587	-0.811146137
6.114579000	-4.129218102	-0.813610560
6.114580000	-4.128160477	-0.814016959
6.114581000	-4.149275303	-0.817879341
6.114582000	-4.152325153	-0.818387073
6.114583000	-4.154702663	-0.819990229
6.114584000	-4.167166710	-0.821411758
6.114585000	-4.184919834	-0.822162436
6.114586000	-4.188696861	-0.823221775
6.114587000	-4.204482555	-0.824917011
6.114588000	-4.212129593	-0.827326772
6.114589000	-4.204499245	-0.826626427
6.114590000	-4.229622364	-0.830638746
6.114591000	-4.230524063	-0.830128950
6.114592000	-4.235029697	-0.831233496
6.114593000	-4.248222351	-0.833222278
6.114594000	-4.272376060	-0.837414427
6.114595000	-4.275917053	-0.836734455
6.114596000	-4.291798592	-0.840139839
6.114597000	-4.312679768	-0.841344121
6.114598000	-4.309360981	-0.842245467
6.114599000	-4.328654766	-0.847397486
6.114600000	-4.337030888	-0.845905583
6.114601000	-4.344150543	-0.848523870
6.114602000	-4.350776196	-0.850046266
6.114603000	-4.385351658	-0.853181938
6.114604000	-4.389949322	-0.851526650
6.114605000	-4.397639751	-0.854905336
6.114606000	-4.406021595	-0.857238332
6.114607000	-4.416472912	-0.858257990
6.114608000	-4.448884487	-0.861943871
6.114609000	-4.461875439	-0.862937164
6.114610000	-4.471767426	-0.865278615
6.114611000	-4.473039150	-0.865796666
6.114612000	-4.514695644	-0.869274289
6.114613000	-4.502157688	-0.870966461
6.114614000	-4.526957989	-0.872179465
6.114615000	-4.529856205	-0.873686015
6.114616000	-4.548066616	-0.877344000
6.114617000	-4.562012672	-0.880206831
6.114618000	-4.578729630	-0.882054599
6.114619000	-4.607066154	-0.884873222
6.114620000	-4.622409821	-0.887466542
6.114621000	-4.640137672	-0.889898940
6.114622000	-4.654746056	-0.890388229
6.114623000	-4.683435440	-0.895432589
6.114624000	-4.684638977	-0.896805382
6.114625000	-4.728411198	-0.899098297
6.114626000	-4.732556820	-0.901897413
6.114627000	-4.756614685	-0.903967555
6.114628000	-4.781862736	-0.907073599
6.114629000	-4.794421196	-0.909352267
6.114630000	-4.844493389	-0.916558048
6.114631000	-4.854391098	-0.914998501
6.114632000	-4.885035992	-0.920018027
6.114633000	-4.889004707	-0.920648464
6.114634000	-4.943804741	-0.926357283
6.114635000	-4.942732811	-0.926317601
6.114636000	-4.991026402	-0.932467107
6.114637000	-5.019645691	-0.934135511
6.114638000	-5.067107677	-0.940881830
6.114639000	-5.070919514	-0.941032232
6.114640000	-5.130536079	-0.946771544
6.114641000	-5.176609993	-0.952171769
6.114642000	-5.230462074	-0.955746197
6.114643000	-5.279355049	-0.962354632
6.114644000	-5.304523468	-0.965272657
6.114645000	-5.351223946	-0.969421996
6.114646000	-5.389006615	-0.972182096
6.114647000	-5.413862228	-0.975528091
6.114648000	-5.510795593	-0.983556190
6.114649000	-5.612879276	-0.992759143
6.114650000	-5.624732971	-0.995661656
6.114651000	-5.685779095	-0.999131289
6.114652000	-5.759291172	-1.006304247
6.114653000	-5.885766029	-1.015311390
6.114654000	-5.993070126	-1.023993961
6.114655000	-6.086424351	-1.028851168
6.114656000	-6.194805622	-1.037313229
6.114657000	-6.382930279	-1.051443962
6.114658000	-6.495458126	-1.058072436
6.114659000	-6.848084927	-1.078342954
6.114660000	-7.494595528	-1.106294494
6.114661000	-12.481168747	-1.061810383
6.114662000	-15.879543304	-0.834106181
6.114663000	-16.345825195	-0.747921961
6.114664000	-16.752511978	-0.659364731
6.114665000	-16.849216461	-0.595221231
6.114666000	-17.038030624	-0.493656190
6.114667000	-17.124670029	-0.418698957
6.114668000	-17.103210449	-0.373014060
6.114669000	-17.004333496	-0.267538217
6.114670000	-17.020181656	-0.247692207
6.114671000	-16.949813843	-0.232704519
6.114672000	-16.760225296	-0.162365841
6.114673000	-16.654762268	-0.133094938
6.114674000	-16.498725891	-0.091515911
6.114675000	-16.277744293	-0.046801328
6.114676000	-16.149597168	-0.015048333
6.114677000	-16.054117203	0.003094100
6.114678000	-15.796707153	0.040521918
6.114679000	-15.506670952	0.083650639
6.114680000	-15.417805672	0.095519274
6.114681000	-15.142999649	0.126296212
6.114682000	-14.965893745	0.141179695
6.114683000	-14.834111214	0.152118829
6.114684000	-14.602879524	0.175092372
6.114685000	-14.452448845	0.184762160
6.114686000	-14.262505531	0.203156547
6.114687000	-14.149522781	0.214937523
6.114688000	-13.998918533	0.223062328
6.114689000	-13.842645645	0.233904373
6.114690000	-13.738895416	0.239197040
6.114691000	-13.511429787	0.257863785
6.114692000	-13.334797859	0.270209085
6.114693000	-13.235818863	0.269126143
6.114694000	-12.984533310	0.284435658
6.114695000	-12.886478424	0.293396396
6.114696000	-12.762292862	0.296419017
6.114697000	-12.625226021	0.303272163
6.114698000	-12.581578255	0.306394719
6.114699000	-12.463842392	0.309758325
6.114700000	-12.290562630	0.314318855
6.114701000	-12.088065147	0.322105539
6.114702000	-12.014809608	0.325584426
6.114703000	-11.910362244	0.324536006
6.114704000	-11.767547607	0.330909517
6.114705000	-11.682384491	0.334498759
6.114706000	-11.580938339	0.340587278
6.114707000	-11.520839691	0.341320446
6.114708000	-11.357227325	0.338331514
6.114709000	-11.246476173	0.345240419
6.114710000	-11.149661064	0.347883274
6.114711000	-11.076160431	0.350744507
6.114712000	-11.001971245	0.351400977
6.114713000	-10.860803604	0.353091585
6.114714000	-10.808721542	0.354636717
6.114715000	-10.651303291	0.353875519
6.114716000	-10.602738380	0.354798704
6.114717000	-10.539962769	0.356137142
6.114718000	-10.462843895	0.359431406
6.114719000	-10.350811958	0.359587267
6.114720000	-10.306673050	0.360723572
6.114721000	-10.237747192	0.359021146
6.114722000	-10.107602119	0.359251177
6.114723000	-10.053419113	0.361489530
6.114724000	-9.984789848	0.360592811
6.114725000	-9.898018837	0.364055453
6.114726000	-9.807982445	0.361568293
6.114727000	-9.732645988	0.358206585
6.114728000	-9.719075203	0.361999825
6.114729000	-9.622035980	0.360176958
6.114730000	-9.589129448	0.359972660
6.114731000	-9.498467445	0.360580427
6.114732000	-9.381517410	0.358591478
6.114733000	-9.343832970	0.361082533
6.114734000	-9.323763847	0.359086826
6.114735000	-9.215159416	0.359431040
6.114736000	-9.110597610	0.364930135
6.114737000	-9.076021194	0.358095831
6.114738000	-9.038481712	0.357898790
6.114739000	-8.947660446	0.359748056
6.114740000	-8.882966042	0.356469139
6.114741000	-8.821023941	0.355844527
6.114742000	-8.729216576	0.353115719
6.114743000	-8.700880051	0.350217301
6.114744000	-8.630856514	0.351943063
6.114745000	-8.569999695	0.350392904
6.114746000	-8.554382324	0.348295231
6.114747000	-8.504817963	0.349509400
6.114748000	-8.455874443	0.349835903
6.114749000	-8.313087463	0.361008230
6.114750000	-8.299496651	0.349775949
6.114751000	-8.274311066	0.347432201
6.114752000	-8.197574615	0.344956759
6.114753000	-8.159439087	0.344201653
6.114754000	-8.105900764	0.340227185
6.114755000	-8.041313171	0.339908937
6.114756000	-7.999577522	0.339626809
6.114757000	-7.965375423	0.337461292
6.114758000	-7.948390007	0.337457631
6.114759000	-7.870229721	0.333611893
6.114760000	-7.844788551	0.334309774
6.114761000	-7.804961681	0.332588740
6.114762000	-7.744405746	0.330040194
6.114763000	-7.686945438	0.328021685
6.114764000	-7.680524826	0.328570695
6.114765000	-7.638497353	0.326975562
6.114766000	-7.557191849	0.324392662
6.114767000	-7.548303127	0.325079824
6.114768000	-7.509827614	0.322828953
6.114769000	-7.464390278	0.321448437
6.114770000	-7.392259598	0.319568878
6.114771000	-7.354942322	0.319533058
6.114772000	-7.313713074	0.315439181
6.114773000	-7.273767948	0.321175630
6.114774000	-7.256787777	0.312214226
6.114775000	-7.214841366	0.310960742
6.114776000	-7.181201458	0.308525415
6.114777000	-7.118196487	0.314611204
6.114778000	-7.080356598	0.305992848
6.114779000	-7.059942245	0.307174260
6.114780000	-7.028948784	0.303408550
6.114781000	-6.989912510	0.302768826
6.114782000	-6.932694435	0.302276873
6.114783000	-6.902494431	0.298883174
6.114784000	-6.874749660	0.299275058
6.114785000	-6.807494164	0.295037769
6.114786000	-6.809327126	0.298045909
6.114787000	-6.769629002	0.293864380
6.114788000	-6.711435795	0.291572330
6.114789000	-6.699632168	0.289505684
6.114790000	-6.693279266	0.290710165
6.114791000	-6.663061142	0.285879557
6.114792000	-6.623036861	0.284310855
6.114793000	-6.582161427	0.283071920
6.114794000	-6.558476925	0.285345826
6.114795000	-6.539553165	0.279058170
6.114796000	-6.498067379	0.277201680
6.114797000	-6.462666988	0.274790854
6.114798000	-6.429545879	0.274170370
6.114799000	-6.399743557	0.272674389
6.114800000	-6.365381241	0.269642081
6.114801000	-6.331778526	0.269652967
6.114802000	-6.297091007	0.266508855
6.114803000	-6.285489082	0.265008480
6.114804000	-6.260147095	0.263685938
6.114805000	-6.239438057	0.263021296
6.114806000	-6.190814018	0.260276476
6.114807000	-6.168271542	0.257104584
6.114808000	-6.117010117	0.254127769
6.114809000	-6.099791050	0.254694290
6.114810000	-6.095692158	0.253557037
6.114811000	-6.065343380	0.251843759
6.114812000	-6.045425892	0.248901366
6.114813000	-5.991724968	0.246961153
6.114814000	-5.983645916	0.245139634
6.114815000	-5.963721275	0.243615524
6.114816000	-5.929509640	0.243083590
6.114817000	-5.879323483	0.238154212
6.114818000	-5.864495277	0.238284008
6.114819000	-5.835555553	0.237330297
6.114820000	-5.832935333	0.235190763
6.114821000	-5.818689346	0.233755619
6.114822000	-5.761173248	0.229022616
6.114823000	-5.754022121	0.231482844
6.114824000	-5.718284130	0.227967621
6.114825000	-5.715075493	0.227175381
6.114826000	-5.671560764	0.222653250
6.114827000	-5.668336868	0.221468277
6.114828000	-5.623598576	0.220549103
6.114829000	-5.617738247	0.217436267
6.114830000	-5.579658985	0.216687103
6.114831000	-5.578592300	0.213663617
6.114832000	-5.534614563	0.211473067
6.114833000	-5.515348434	0.211567160
6.114834000	-5.501132488	0.209094764
6.114835000	-5.487247467	0.207991716
6.114836000	-5.454324245	0.203896324
6.114837000	-5.439582825	0.202958991
6.114838000	-5.427015305	0.201862834
6.114839000	-5.387610912	0.200284544
6.114840000	-5.377673626	0.197183726
6.114841000	-5.354651928	0.195932174
6.114842000	-5.346311092	0.195623546
6.114843000	-5.298026562	0.193735132
6.114844000	-5.309652805	0.192509229
6.114845000	-5.281770706	0.188938163
6.114846000	-5.277492046	0.187861930
6.114847000	-5.240886688	0.186735529
6.114848000	-5.220489025	0.185103594
6.114849000	-5.202669144	0.184033453
6.114850000	-5.170965672	0.182397723
6.114851000	-5.161998272	0.178791636
6.114852000	-5.129399776	0.176610241
6.114853000	-5.109457493	0.174048047
6.114854000	-5.095982075	0.176033583
6.114855000	-5.081517696	0.175471240
6.114856000	-5.075805187	0.169147364
6.114857000	-5.043114662	0.167164508
6.114858000	-5.031062603	0.166134380
6.114859000	-5.015592098	0.165007397
6.114860000	-4.992314816	0.163336347
6.114861000	-4.980537891	0.161621554
6.114862000	-4.962206364	0.159066351
6.114863000	-4.951066017	0.157817312
6.114864000	-4.938414097	0.156749317
6.114865000	-4.922016144	0.154096509
6.114866000	-4.889966488	0.151955578
6.114867000	-4.875016689	0.150597782
6.114868000	-4.849469185	0.149922171
6.114869000	-4.848600864	0.148253867
6.114870000	-4.820800304	0.147061154
6.114871000	-4.822735786	0.144429851
6.114872000	-4.798456669	0.142145058
6.114873000	-4.789841175	0.138865026
6.114874000	-4.765896797	0.138576971
6.114875000	-4.758186340	0.135988878
6.114876000	-4.736855030	0.135704669
6.114877000	-4.725625515	0.134501727
6.114878000	-4.705420494	0.132502110
6.114879000	-4.687684059	0.129320548
6.114880000	-4.666368008	0.126770471
6.114881000	-4.660571575	0.126506269
6.114882000	-4.635453701	0.129797087
6.114883000	-4.625609875	0.124005186
6.114884000	-4.608006477	0.124146542
6.114885000	-4.598523140	0.118392849
6.114886000	-4.570134640	0.114350395
6.114887000	-4.567073822	0.114784324
6.114888000	-4.555327415	0.112891307
6.114889000	-4.538534641	0.111558278
6.114890000	-4.540631294	0.111989369
6.114891000	-4.511344910	0.106822562
6.114892000	-4.505637646	0.106585666
6.114893000	-4.488518715	0.104209801
6.114894000	-4.480342865	0.102498546
6.114895000	-4.464733124	0.101015073
6.114896000	-4.450255871	0.098836083
6.114897000	-4.440559387	0.098786823
6.114898000	-4.426341534	0.097207369
6.114899000	-4.412987709	0.095724121
6.114900000	-4.391873360	0.094218012
6.114901000	-4.391708851	0.090841082
6.114902000	-4.369578838	0.089226283
6.114903000	-4.378591061	0.088193925
6.114904000	-4.354986191	0.086864442
6.114905000	-4.334746838	0.084112697
6.114906000	-4.320556164	0.087713874
6.114907000	-4.303491116	0.086377483
6.114908000	-4.290001392	0.078952149
6.114909000	-4.283289433	0.076075710
6.114910000	-4.271628380	0.075767607
6.114911000	-4.265500069	0.073134540
6.114912000	-4.249516487	0.071103006
6.114913000	-4.242527962	0.070565630
6.114914000	-4.232264996	0.067767933
6.114915000	-4.216209412	0.066811026
6.114916000	-4.208380699	0.065604031
6.114917000	-4.197373390	0.063950100
6.114918000	-4.180918217	0.061201822
6.114919000	-4.182318687	0.060932959
6.114920000	-4.161800385	0.057601927
6.114921000	-4.155528545	0.056904296
6.114922000	-4.142416477	0.055104323
6.114923000	-4.135294437	0.053375886
6.114924000	-4.122913837	0.051999968
6.114925000	-4.113995552	0.050522571
6.114926000	-4.099907398	0.051450803
6.114927000	-4.086796284	0.048870009
6.114928000	-4.073498726	0.045778595
6.114929000	-4.073835373	0.043837795
6.114930000	-4.069306374	0.042875624
6.114931000	-4.062720299	0.041535364
6.114932000	-4.035638809	0.039835888
6.114933000	-4.026734829	0.036914213
6.114934000	-4.020957947	0.035858232
6.114935000	-4.008973122	0.032622065
6.114936000	-3.992000103	0.032016290
6.114937000	-3.986942053	0.030472270
6.114938000	-3.968863487	0.029462091
6.114939000	-3.973655939	0.028422995
6.114940000	-3.965150118	0.024754827
6.114941000	-3.949045420	0.024031989
6.114942000	-3.940753937	0.022935466
6.114943000	-3.936361790	0.019250658
6.114944000	-3.926264763	0.019386602
6.114945000	-3.911828279	0.015995851
6.114946000	-3.924527884	0.021614367
6.114947000	-3.909772158	0.014864809
6.114948000	-3.896383762	0.013728900
6.114949000	-3.888903379	0.011806710
6.114950000	-3.875158310	0.009552655
6.114951000	-3.865051746	0.005922664
6.114952000	-3.855290890	0.006043206
6.114953000	-3.846431494	0.004167526
6.114954000	-3.837008953	0.001843396
6.114955000	-3.829786062	0.001184776
6.114956000	-3.820829868	0.000682446
6.114957000	-3.815669537	-0.001891707
6.114958000	-3.809295416	-0.003704561
6.114959000	-3.802372694	-0.005435000
6.114960000	-3.785247564	-0.006116071
6.114961000	-3.791837931	-0.007419244
6.114962000	-3.768703461	-0.009050915
6.114963000	-3.772244215	-0.011852325
6.114964000	-3.760377169	-0.014045321
6.114965000	-3.757073402	-0.013427695
6.114966000	-3.748168468	-0.014855409
6.114967000	-3.739704609	-0.014767265
6.114968000	-3.734272003	-0.018613472
6.114969000	-3.724850416	-0.019253633
6.114970000	-3.718713760	-0.020945804
6.114971000	-3.711619854	-0.022528918
6.114972000	-3.704854965	-0.023779521
6.114973000	-3.702411652	-0.024820645
6.114974000	-3.688565969	-0.026967040
6.114975000	-3.680348396	-0.028534727
6.114976000	-3.672338247	-0.030022737
6.114977000	-3.671874523	-0.030932281
6.114978000	-3.663019896	-0.033437398
6.114979000	-3.657130003	-0.033784327
6.114980000	-3.648536682	-0.036223235
6.114981000	-3.641710758	-0.037920809
6.114982000	-3.634389639	-0.039372789
6.114983000	-3.630430698	-0.041265365
6.114984000	-3.621897459	-0.042076668
6.114985000	-3.613695860	-0.044670707
6.114986000	-3.609807491	-0.044869883
6.114987000	-3.597814322	-0.045360079
6.114988000	-3.596684694	-0.047549797
6.114989000	-3.581389666	-0.049519242
6.114990000	-3.590268373	-0.052649500
6.114991000	-3.581553221	-0.053169895
6.114992000	-3.567418814	-0.054317796
6.114993000	-3.576622963	-0.055455128
6.114994000	-3.570289373	-0.056926537
6.114995000	-3.560548544	-0.057612642
6.114996000	-3.554255962	-0.058984033
6.114997000	-3.549588680	-0.061056289
6.114998000	-3.553492785	-0.061449484
6.114999000	-3.530143499	-0.062788912
6.115000000	-3.537492514	-0.064733261
6.115001000	-3.523536682	-0.067061567
6.115002000	-3.514482498	-0.067111776
6.115003000	-3.518637896	-0.069672330
6.115004000	-3.509042025	-0.071086244
6.115005000	-3.499173164	-0.070945330
6.115006000	-3.504397392	-0.071527597
6.115007000	-3.488591194	-0.075349765
6.115008000	-3.482517242	-0.076063992
6.115009000	-3.477387905	-0.077281947
6.115010000	-3.475317001	-0.078282846
6.115011000	-3.472892761	-0.078499037
6.115012000	-3.471513987	-0.081084101
6.115013000	-3.461246014	-0.082546301
6.115014000	-3.454902411	-0.083551669
6.115015000	-3.454010725	-0.083739655
6.115016000	-3.449175119	-0.086509742
6.115017000	-3.449373722	-0.088147653
6.115018000	-3.432723284	-0.088511615
6.115019000	-3.424219131	-0.090274287
6.115020000	-3.436943769	-0.090233890
6.115021000	-3.421668768	-0.092060535
6.115022000	-3.411896229	-0.094042951
6.115023000	-3.419577599	-0.095288486
6.115024000	-3.413858414	-0.095699071
6.115025000	-3.414554119	-0.096996380
6.115026000	-3.405448437	-0.097840993
6.115027000	-3.404233456	-0.098472270
6.115028000	-3.386319876	-0.102043078
6.115029000	-3.390565634	-0.103400958
6.115030000	-3.381989956	-0.104306249
6.115031000	-3.381803513	-0.104999087
6.115032000	-3.373326540	-0.105414557
6.115033000	-3.372671604	-0.107160101
6.115034000	-3.374738455	-0.107305826
6.115035000	-3.360662222	-0.109213149
6.115036000	-3.365235329	-0.110789998
6.115037000	-3.351557493	-0.112507987
6.115038000	-3.359841585	-0.108342836
6.115039000	-3.343084574	-0.111774510
6.115040000	-3.346608162	-0.115433003
6.115041000	-3.345324516	-0.114382785
6.115042000	-3.327883005	-0.119301561
6.115043000	-3.334558010	-0.119626375
6.115044000	-3.325800180	-0.119329923
6.115045000	-3.332811832	-0.122276711
6.115046000	-3.326980352	-0.122240659
6.115047000	-3.320985556	-0.124831665
6.115048000	-3.311042786	-0.125957816
6.115049000	-3.313501835	-0.126936644
6.115050000	-3.307335377	-0.128485530
6.115051000	-3.302104712	-0.128571825
6.115052000	-3.302117586	-0.130525453
6.115053000	-3.292828798	-0.132157055
6.115054000	-3.295353651	-0.131999871
6.115055000	-3.292726517	-0.132510257
6.115056000	-3.290299416	-0.135220515
6.115057000	-3.285079002	-0.136421292
6.115058000	-3.279238224	-0.137237718
6.115059000	-3.275173903	-0.138130118
6.115060000	-3.272992134	-0.138830138
6.115061000	-3.279569149	-0.136663124
6.115062000	-3.272324800	-0.140924481
6.115063000	-3.260747433	-0.142315118
6.115064000	-3.263335228	-0.144080710
6.115065000	-3.260443449	-0.146136870
6.115066000	-3.256591558	-0.146418516
6.115067000	-3.250949144	-0.147127899
6.115068000	-3.252485275	-0.148921971
6.115069000	-3.250695944	-0.148438474
6.115070000	-3.246214151	-0.149650678
6.115071000	-3.235766411	-0.151806141
6.115072000	-3.235190868	-0.150695969
6.115073000	-3.232220650	-0.153063902
6.115074000	-3.239518404	-0.154465158
6.115075000	-3.229840040	-0.156476909
6.115076000	-3.229649782	-0.156888151
6.115077000	-3.229385376	-0.157831793
6.115078000	-3.222006083	-0.159166918
6.115079000	-3.214174747	-0.160626098
6.115080000	-3.217194080	-0.160396234
6.115081000	-3.213688374	-0.161620955
6.115082000	-3.204564333	-0.162333384
6.115083000	-3.206651211	-0.163846142
6.115084000	-3.206606865	-0.164721573
6.115085000	-3.209542751	-0.166683624
6.115086000	-3.191731215	-0.167129204
6.115087000	-3.203176737	-0.168428843
6.115088000	-3.200055599	-0.167770177
6.115089000	-3.193684816	-0.170417975
6.115090000	-3.185768843	-0.171344289
6.115091000	-3.192796230	-0.171549303
6.115092000	-3.180665016	-0.174072265
6.115093000	-3.184351921	-0.173591714
6.115094000	-3.174042463	-0.175620111
6.115095000	-3.183527946	-0.177490815
6.115096000	-3.173605442	-0.176322137
6.115097000	-3.176922083	-0.178230674
6.115098000	-3.178985357	-0.179041274
6.115099000	-3.173075914	-0.178697993
6.115100000	-3.167871714	-0.179644430
6.115101000	-3.169435024	-0.181839507
6.115102000	-3.165869951	-0.182227264
6.115103000	-3.167054892	-0.182492265
6.115104000	-3.157029867	-0.184063680
6.115105000	-3.159389496	-0.181149066
6.115106000	-3.158328533	-0.184912246
6.115107000	-3.163673639	-0.186630218
6.115108000	-3.144056559	-0.187939328
6.115109000	-3.150190353	-0.188791823
6.115110000	-3.147902727	-0.190595049
6.115111000	-3.142483234	-0.191181477
6.115112000	-3.148128271	-0.192880807
6.115113000	-3.133018732	-0.191546530
6.115114000	-3.134884834	-0.194333561
6.115115000	-3.141125441	-0.194354367
6.115116000	-3.138870716	-0.195283661
6.115117000	-3.144758701	-0.194568785
6.115118000	-3.132030725	-0.197433847
6.115119000	-3.126044273	-0.198596217
6.115120000	-3.129689932	-0.198700996
6.115121000	-3.124225855	-0.199133376
6.115122000	-3.130017281	-0.201805942
6.115123000	-3.124514341	-0.201069994
6.115124000	-3.135149717	-0.201172759
6.115125000	-3.120236158	-0.201945625
6.115126000	-3.116101742	-0.204321364
6.115127000	-3.118942499	-0.204735818
6.115128000	-3.114723444	-0.206062406
6.115129000	-3.120190144	-0.205880795
6.115130000	-3.113992929	-0.207806144
6.115131000	-3.105929136	-0.208334964
6.115132000	-3.118400097	-0.208921242
6.115133000	-3.107348919	-0.208692327
6.115134000	-3.097253561	-0.209378258
6.115135000	-3.102903605	-0.209944529
6.115136000	-3.101597071	-0.213036276
6.115137000	-3.101793766	-0.213102855
6.115138000	-3.102011442	-0.214086077
6.115139000	-3.099524021	-0.215481074
6.115140000	-3.099242449	-0.215233134
6.115141000	-3.094857454	-0.217326961
6.115142000	-3.088435888	-0.216584305
6.115143000	-3.096347809	-0.218224863
6.115144000	-3.092053413	-0.219631012
6.115145000	-3.090945244	-0.219379193
6.115146000	-3.085128069	-0.219358404
6.115147000	-3.081293106	-0.221553614
6.115148000	-3.092445850	-0.221869881
6.115149000	-3.083230257	-0.222287115
6.115150000	-3.092782974	-0.223341561
6.115151000	-3.080496073	-0.224574987
6.115152000	-3.085081100	-0.225066440
6.115153000	-3.077921391	-0.225724174
6.115154000	-3.081119061	-0.226605398
6.115155000	-3.080796242	-0.227924378
6.115156000	-3.081585884	-0.227896182
6.115157000	-3.077115536	-0.229289398
6.115158000	-3.065145254	-0.229886562
6.115159000	-3.071739197	-0.230748278
6.115160000	-3.076436281	-0.231280810
6.115161000	-3.065560818	-0.231621312
6.115162000	-3.067167521	-0.231488919
6.115163000	-3.056237221	-0.233799278
6.115164000	-3.064996719	-0.233215680
6.115165000	-3.068909407	-0.234481147
6.115166000	-3.057197094	-0.235675941
6.115167000	-3.067871094	-0.236476021
6.115168000	-3.055769920	-0.236735979
6.115169000	-3.061703920	-0.236889660
6.115170000	-3.058574915	-0.237280995
6.115171000	-3.066720247	-0.238827626
6.115172000	-3.054212809	-0.239240017
6.115173000	-3.056981802	-0.239969889
6.115174000	-3.055440664	-0.241795819
6.115175000	-3.050934315	-0.241545715
6.115176000	-3.059706926	-0.242127066
6.115177000	-3.054804802	-0.243490205
6.115178000	-3.050301552	-0.244535047
6.115179000	-3.047912359	-0.244728059
6.115180000	-3.050889492	-0.244888348
6.115181000	-3.046267271	-0.246820438
6.115182000	-3.044125080	-0.247501458
6.115183000	-3.053493738	-0.247204633
6.115184000	-3.051132441	-0.247796786
6.115185000	-3.040110588	-0.249655173
6.115186000	-3.045533895	-0.249344416
6.115187000	-3.042010784	-0.249866046
6.115188000	-3.038779736	-0.250690727
6.115189000	-3.039414644	-0.251981911
6.115190000	-3.033332348	-0.251276173
6.115191000	-3.039489985	-0.253101587
6.115192000	-3.038411856	-0.253975337
6.115193000	-3.035999537	-0.254736452
6.115194000	-3.035284996	-0.254718642
6.115195000	-3.039707422	-0.253300558
6.115196000	-3.039517164	-0.256381752
6.115197000	-3.027592659	-0.256419386
6.115198000	-3.034715652	-0.258121046
6.115199000	-3.036947489	-0.258150641
6.115200000	-3.034916401	-0.259395119
6.115201000	-3.032181025	-0.259206751
6.115202000	-3.032670498	-0.259318320
6.115203000	-3.031489372	-0.261320035
6.115204000	-3.029228926	-0.261229671
6.115205000	-3.025919437	-0.260981714
6.115206000	-3.028921843	-0.262581791
6.115207000	-3.029014826	-0.263043017
6.115208000	-3.022539377	-0.265198047
6.115209000	-3.032215357	-0.264673172
6.115210000	-3.035012484	-0.265243121
6.115211000	-3.022566319	-0.265575767
6.115212000	-3.024929047	-0.266364395
6.115213000	-3.025289774	-0.266404043
6.115214000	-3.020149231	-0.267242456
6.115215000	-3.027740955	-0.268337348
6.115216000	-3.028578043	-0.269190459
6.115217000	-3.021373510	-0.268815319
6.115218000	-3.021032095	-0.269512568
6.115219000	-3.016536951	-0.270505578
6.115220000	-3.020832300	-0.270507192
6.115221000	-3.016640186	-0.271546724
6.115222000	-3.018026829	-0.271841852
6.115223000	-3.024331331	-0.272271703
6.115224000	-3.019150019	-0.273379262
6.115225000	-3.014405251	-0.273473321
6.115226000	-3.014347553	-0.274620711
6.115227000	-3.009825468	-0.275520776
6.115228000	-3.010030508	-0.275254993
6.115229000	-3.013110161	-0.276771047
6.115230000	-3.015735149	-0.276760428
6.115231000	-3.006431580	-0.276763956
6.115232000	-3.012338400	-0.277704635
6.115233000	-3.008314610	-0.278744616
6.115234000	-3.011970997	-0.279934017
6.115235000	-3.006367683	-0.279912345
6.115236000	-3.010735273	-0.279077511
6.115237000	-3.005210400	-0.281533312
6.115238000	-3.004939318	-0.281582747
6.115239000	-3.005674362	-0.281338335
6.115240000	-3.006103277	-0.281562407
6.115241000	-3.008234739	-0.282406329
6.115242000	-3.004514933	-0.283063531
6.115243000	-3.007787228	-0.284463288
6.115244000	-3.015288591	-0.284334857
6.115245000	-3.009428740	-0.285539438
6.115246000	-3.002668858	-0.284918389
6.115247000	-3.004389286	-0.287283076
6.115248000	-2.996046543	-0.286805472
6.115249000	-2.994628191	-0.287035103
6.115250000	-2.998095751	-0.287472860
6.115251000	-2.997249365	-0.287626624
6.115252000	-2.992998838	-0.288617154
6.115253000	-2.996389627	-0.289015862
6.115254000	-3.005559444	-0.289539839
6.115255000	-2.990941763	-0.290296443
6.115256000	-2.997627974	-0.291643071
6.115257000	-2.988784313	-0.291246759
6.115258000	-2.994447470	-0.291396994
6.115259000	-2.997148514	-0.292702643
6.115260000	-2.995460033	-0.293129780
6.115261000	-2.999020576	-0.293820205
6.115262000	-2.989965200	-0.293125885
6.115263000	-2.992524624	-0.294423244
6.115264000	-2.987069607	-0.294485196
6.115265000	-2.988938093	-0.295898403
6.115266000	-2.988984108	-0.295773733
6.115267000	-2.987349272	-0.295236307
6.115268000	-2.988187075	-0.296000968
6.115269000	-2.992421389	-0.297267400
6.115270000	-2.984494925	-0.298113287
6.115271000	-2.987130404	-0.297485946
6.115272000	-2.985086679	-0.298557402
6.115273000	-2.987807989	-0.298766560
6.115274000	-2.977044582	-0.300256299
6.115275000	-2.984676838	-0.300731740
6.115276000	-2.982477188	-0.300423080
6.115277000	-2.989608049	-0.300415590
6.115278000	-2.995525360	-0.301641443
6.115279000	-2.987040758	-0.300720855
6.115280000	-2.981850863	-0.301989984
6.115281000	-2.978974581	-0.303370766
6.115282000	-2.986000538	-0.303285479
6.115283000	-2.980931282	-0.303609319
6.115284000	-2.985089779	-0.303533153
6.115285000	-2.989276171	-0.303816014
6.115286000	-2.983426571	-0.305437613
6.115287000	-2.983036280	-0.305384982
6.115288000	-2.988281250	-0.306290224
6.115289000	-2.979722023	-0.306146346
6.115290000	-2.983870268	-0.307958095
6.115291000	-2.972820044	-0.308025839
6.115292000	-2.978781700	-0.308128504
6.115293000	-2.976746798	-0.307331020
6.115294000	-2.983058214	-0.308460101
6.115295000	-2.975623608	-0.309366574
6.115296000	-2.983784437	-0.309656393
6.115297000	-2.980247736	-0.309519073
6.115298000	-2.981516838	-0.310420953
6.115299000	-2.983101368	-0.310713102
6.115300000	-2.990044594	-0.311565280
6.115301000	-2.978367329	-0.310820793
6.115302000	-2.982745409	-0.311579395
6.115303000	-2.983331442	-0.312663801
6.115304000	-2.986517429	-0.314331073
6.115305000	-2.984203577	-0.314041221
6.115306000	-2.981584549	-0.314094717
6.115307000	-2.977878809	-0.313938589
6.115308000	-2.976130009	-0.314731745
6.115309000	-2.976329088	-0.314730214
6.115310000	-2.979157209	-0.315632027
6.115311000	-2.979015827	-0.315908995
6.115312000	-2.983407259	-0.316807912
6.115313000	-2.978290796	-0.315410884
6.115314000	-2.980224371	-0.316420089
6.115315000	-2.981758118	-0.317176361
6.115316000	-2.983838558	-0.317322601
6.115317000	-2.974765539	-0.318331973
6.115318000	-2.985094309	-0.318702785
6.115319000	-2.979603767	-0.319153991
6.115320000	-2.976104021	-0.319355059
6.115321000	-2.968770742	-0.320325515
6.115322000	-2.979986906	-0.321119537
6.115323000	-2.979083061	-0.321625138
6.115324000	-2.980235338	-0.320990906
6.115325000	-2.974948168	-0.320556445
6.115326000	-2.977773666	-0.322460372
6.115327000	-2.971458673	-0.322705316
6.115328000	-2.981339931	-0.322971832
6.115329000	-2.978905678	-0.323763690
6.115330000	-2.975500822	-0.323408690
6.115331000	-2.979150295	-0.323989659
6.115332000	-2.966910601	-0.325643682
6.115333000	-2.978676081	-0.324904987
6.115334000	-2.974329472	-0.324666668
6.115335000	-2.969412804	-0.326039793
6.115336000	-2.971363306	-0.326369926
6.115337000	-2.971490622	-0.325195904
6.115338000	-2.973731756	-0.326484408
6.115339000	-2.972118139	-0.327360621
6.115340000	-2.977411985	-0.327455763
6.115341000	-2.974020243	-0.327148168
6.115342000	-2.973522663	-0.328717336
6.115343000	-2.969051361	-0.329386355
6.115344000	-2.978864431	-0.328950063
6.115345000	-2.974730730	-0.329622577
6.115346000	-2.969074726	-0.329780270
6.115347000	-2.970513105	-0.330646030
6.115348000	-2.978945732	-0.331167710
6.115349000	-2.966792107	-0.331083920
6.115350000	-2.967708111	-0.331196672
6.115351000	-2.968354702	-0.331472010
6.115352000	-2.971646070	-0.331153262
6.115353000	-2.970999479	-0.331919188
6.115354000	-2.974173307	-0.332018124
6.115355000	-2.974624872	-0.331649509
6.115356000	-2.967665911	-0.333861864
6.115357000	-2.967985392	-0.334581583
6.115358000	-2.969688892	-0.333796250
6.115359000	-2.971028090	-0.334355614
6.115360000	-2.968299866	-0.334456747
6.115361000	-2.963480234	-0.333992558
6.115362000	-2.962993622	-0.334486908
6.115363000	-2.962077379	-0.335374240
6.115364000	-2.972236156	-0.336165032
6.115365000	-2.973250866	-0.335519415
6.115366000	-2.963713408	-0.336950964
6.115367000	-2.966561556	-0.336693303
6.115368000	-2.967806101	-0.338333910
6.115369000	-2.970641136	-0.337713760
6.115370000	-2.973502636	-0.338482115
6.115371000	-2.968018770	-0.337140415
6.115372000	-2.970179796	-0.337906207
6.115373000	-2.964316368	-0.339167613
6.115374000	-2.965701818	-0.339320112
6.115375000	-2.965588570	-0.339350772
6.115376000	-2.963401079	-0.339874316
6.115377000	-2.967219353	-0.340618969
6.115378000	-2.976222038	-0.340648331
6.115379000	-2.966036320	-0.342484946
6.115380000	-2.959041834	-0.341448910
6.115381000	-2.973347902	-0.341633567
6.115382000	-2.959774733	-0.342132277
6.115383000	-2.962249994	-0.342585281
6.115384000	-2.970961094	-0.342474893
6.115385000	-2.970251322	-0.342690809
6.115386000	-2.965498447	-0.343376206
6.115387000	-2.966291904	-0.343272376
6.115388000	-2.966199398	-0.343967262
6.115389000	-2.965403795	-0.344064867
6.115390000	-2.970249891	-0.344762482
6.115391000	-2.967517376	-0.344800798
6.115392000	-2.965866804	-0.345659767
6.115393000	-2.964501858	-0.344723899
6.115394000	-2.968538046	-0.345893793
6.115395000	-2.971570253	-0.345761067
6.115396000	-2.965639353	-0.346380552
6.115397000	-2.969122648	-0.346868443
6.115398000	-2.973443508	-0.347798585
6.115399000	-2.964582920	-0.347266219
6.115400000	-2.966722250	-0.347645121
6.115401000	-2.956794024	-0.347847254
6.115402000	-2.968490839	-0.347632970
6.115403000	-2.963150263	-0.348482485
6.115404000	-2.963248968	-0.348543538
6.115405000	-2.966428757	-0.349921924
6.115406000	-2.975893736	-0.349178702
6.115407000	-2.966324568	-0.348878863
6.115408000	-2.964132309	-0.349973189
6.115409000	-2.973524094	-0.349872755
6.115410000	-2.976171017	-0.350551129
6.115411000	-2.971098900	-0.349857908
6.115412000	-2.977581501	-0.351355603
6.115413000	-2.962651253	-0.350758556
6.115414000	-2.961832523	-0.351279770
6.115415000	-2.969165087	-0.352001986
6.115416000	-2.963285446	-0.352011606
6.115417000	-2.962476254	-0.353059993
6.115418000	-2.968206167	-0.352736152
6.115419000	-2.960140944	-0.352263375
6.115420000	-2.980628729	-0.353560967
6.115421000	-2.966345549	-0.354225792
6.115422000	-2.964287281	-0.354722305
6.115423000	-2.964976311	-0.354218801
6.115424000	-2.967281342	-0.355371017
6.115425000	-2.969537973	-0.354513579
6.115426000	-2.969050169	-0.354221764
6.115427000	-2.968482018	-0.355467957
6.115428000	-2.965143442	-0.355451578
6.115429000	-2.967389822	-0.355977086
6.115430000	-2.964030981	-0.356397233
6.115431000	-2.969629526	-0.356303190
6.115432000	-2.957369566	-0.357204005
6.115433000	-2.960677147	-0.356057048
6.115434000	-2.962640762	-0.356569040
6.115435000	-2.966418266	-0.356669841
6.115436000	-2.969015360	-0.356886156
6.115437000	-2.961938143	-0.358605460
6.115438000	-2.966501474	-0.358750003
6.115439000	-2.965837479	-0.358386648
6.115440000	-2.974354267	-0.358668743
6.115441000	-2.969248772	-0.358974141
6.115442000	-2.970099688	-0.358960426
6.115443000	-2.963934422	-0.360287546
6.115444000	-2.969603777	-0.360206985
6.115445000	-2.965321064	-0.360187977
6.115446000	-2.968543053	-0.360068967
6.115447000	-2.966575384	-0.360928602
6.115448000	-2.960985661	-0.361398284
6.115449000	-2.967444181	-0.361686338
6.115450000	-2.960125923	-0.362049027
6.115451000	-2.958522797	-0.362687653
6.115452000	-2.964194536	-0.362232286
6.115453000	-2.970126152	-0.362188577
6.115454000	-2.973502398	-0.362522670
6.115455000	-2.972219944	-0.363551383
6.115456000	-2.970568419	-0.362041637
6.115457000	-2.961381197	-0.363670293
6.115458000	-2.961409807	-0.363150610
6.115459000	-2.973002434	-0.363160198
6.115460000	-2.970494270	-0.364653332
6.115461000	-2.965187788	-0.363656744
6.115462000	-2.965441227	-0.364537418
6.115463000	-2.968324900	-0.365686705
6.115464000	-2.966181517	-0.365251745
6.115465000	-2.964587688	-0.365249647
6.115466000	-2.967532396	-0.365030735
6.115467000	-2.960638285	-0.366030653
6.115468000	-2.965724230	-0.365609041
6.115469000	-2.965209007	-0.366401864
6.115470000	-2.968349457	-0.366672042
6.115471000	-2.965203524	-0.367374351
6.115472000	-2.961391687	-0.367933881
6.115473000	-2.969765663	-0.367222683
6.115474000	-2.968799829	-0.367619295
6.115475000	-2.969434738	-0.368195203
6.115476000	-2.965742350	-0.367176211
6.115477000	-2.970549107	-0.368249332
6.115478000	-2.969602585	-0.368905502
6.115479000	-2.963387489	-0.369899693
6.115480000	-2.970213652	-0.368707895
6.115481000	-2.963016272	-0.369177211
6.115482000	-2.960269451	-0.369454313
6.115483000	-2.969057798	-0.370177760
6.115484000	-2.963500977	-0.369261833
6.115485000	-2.970319510	-0.370538885
6.115486000	-2.968599319	-0.370877972
6.115487000	-2.968178511	-0.370838690
6.115488000	-2.959602118	-0.371937178
6.115489000	-2.966310263	-0.371757314
6.115490000	-2.968211889	-0.372205125
6.115491000	-2.967807293	-0.372320440
6.115492000	-2.965475798	-0.371415797
6.115493000	-2.960844994	-0.372590518
6.115494000	-2.965769291	-0.372917720
6.115495000	-2.970632553	-0.372581829
6.115496000	-2.970524073	-0.373381477
6.115497000	-2.972478151	-0.372699607
6.115498000	-2.965610027	-0.373720364
6.115499000	-2.968293428	-0.373079674
6.115500000	-2.957582951	-0.375071618
6.115501000	-2.963068485	-0.373872330
6.115502000	-2.963895559	-0.373781317
6.115503000	-2.971448898	-0.374148567
6.115504000	-2.965444326	-0.374956936
6.115505000	-2.961464882	-0.374929206
6.115506000	-2.967548847	-0.375052344
6.115507000	-2.965741873	-0.376140378
6.115508000	-2.966983557	-0.377818370
6.115509000	-2.967248440	-0.376010749
6.115510000	-2.969262362	-0.377208139
6.115511000	-2.961502314	-0.377355312
6.115512000	-2.967970610	-0.376213049
6.115513000	-2.962822437	-0.377583146
6.115514000	-2.962736368	-0.376917888
6.115515000	-2.965911627	-0.377481480
6.115516000	-2.966572762	-0.378242212
6.115517000	-2.968429327	-0.378055191
6.115518000	-2.965524435	-0.378673078
6.115519000	-2.969804287	-0.377254345
6.115520000	-2.970790863	-0.378156158
6.115521000	-2.974205494	-0.378217777
6.115522000	-2.964838505	-0.378960100
6.115523000	-2.967714310	-0.379041393
6.115524000	-2.963469267	-0.378086383
6.115525000	-2.968156576	-0.378581132
6.115526000	-2.967950583	-0.380505100
6.115527000	-2.966182232	-0.379931954
6.115528000	-2.972145081	-0.379765273
6.115529000	-2.958369255	-0.380485292
6.115530000	-2.962889194	-0.380751442
6.115531000	-2.957783461	-0.381632782
6.115532000	-2.961684704	-0.381176815
6.115533000	-2.972717047	-0.381756386
6.115534000	-2.965101719	-0.381071421
6.115535000	-2.967965603	-0.381092127
6.115536000	-2.967673779	-0.381286404
6.115537000	-2.973239660	-0.380647912
6.115538000	-2.964370251	-0.382587525
6.115539000	-2.973299503	-0.382439753
6.115540000	-2.968209743	-0.382259390
6.115541000	-2.963589191	-0.382901545
6.115542000	-2.968846321	-0.382701175
6.115543000	-2.969207048	-0.383578854
6.115544000	-2.961812496	-0.383297391
6.115545000	-2.966480970	-0.383209440
6.115546000	-2.968901634	-0.382883236
6.115547000	-2.966463566	-0.383953793
6.115548000	-2.972826242	-0.384733334
6.115549000	-2.975289583	-0.384176267
6.115550000	-2.972466707	-0.385006774
6.115551000	-2.969196558	-0.385290900
6.115552000	-2.964092016	-0.385099519
6.115553000	-2.961121321	-0.384292314
6.115554000	-2.964068890	-0.384965628
6.115555000	-2.971771002	-0.385626958
6.115556000	-2.968701601	-0.385333810
6.115557000	-2.971639633	-0.385493500
6.115558000	-2.967380524	-0.386087884
6.115559000	-2.969434023	-0.386327569
6.115560000	-2.969381571	-0.386392517
6.115561000	-2.963031769	-0.387058973
6.115562000	-2.959333420	-0.387079412
6.115563000	-2.962491751	-0.386770752
6.115564000	-2.967506409	-0.386498410
6.115565000	-2.970530987	-0.387340402
6.115566000	-2.967317104	-0.387448959
6.115567000	-2.968276501	-0.387624928
6.115568000	-2.970855474	-0.387683451
6.115569000	-2.969083786	-0.388250837
6.115570000	-2.968954325	-0.388626809
6.115571000	-2.966392279	-0.387817108
6.115572000	-2.966253519	-0.389201153
6.115573000	-2.963297606	-0.388679140
6.115574000	-2.964814901	-0.388661430
6.115575000	-2.965423346	-0.389746535
6.115576000	-2.962793589	-0.389463607
6.115577000	-2.961748600	-0.389898002
6.115578000	-2.964871407	-0.389359045
6.115579000	-2.960663080	-0.390564525
6.115580000	-2.965203047	-0.390313988
6.115581000	-2.968727350	-0.390782105
6.115582000	-2.964193106	-0.390624646
6.115583000	-2.968149185	-0.391374192
6.115584000	-2.968075991	-0.391500593
6.115585000	-2.971665382	-0.391902697
6.115586000	-2.966274261	-0.392373976
6.115587000	-2.971038342	-0.390607135
6.115588000	-2.974168777	-0.391736416
6.115589000	-2.970005035	-0.392684068
6.115590000	-2.963900089	-0.392224606
6.115591000	-2.968006372	-0.391982425
6.115592000	-2.970733881	-0.393645136
6.115593000	-2.969717264	-0.392494784
6.115594000	-2.970492363	-0.393076685
6.115595000	-2.969908476	-0.393314971
6.115596000	-2.973338604	-0.393514309
6.115597000	-2.967317104	-0.393195595
6.115598000	-2.967126846	-0.392984739
6.115599000	-2.970653057	-0.393875167
6.115600000	-2.972713709	-0.393748134
6.115601000	-2.970030546	-0.394675780
6.115602000	-2.970936298	-0.394833106
6.115603000	-2.971180916	-0.394849018
6.115604000	-2.975232363	-0.394081762
6.115605000	-2.974268913	-0.394978415
6.115606000	-2.972383499	-0.395085940
6.115607000	-2.968744516	-0.395025419
6.115608000	-2.969652653	-0.395411278
6.115609000	-2.975366592	-0.395266902
6.115610000	-2.970103025	-0.396147742
6.115611000	-2.972242832	-0.395796405
6.115612000	-2.968944788	-0.396052734
6.115613000	-2.975330114	-0.396602211
6.115614000	-2.973989725	-0.396040883
6.115615000	-2.977069616	-0.396617457
6.115616000	-2.971343040	-0.396921690
6.115617000	-2.974392653	-0.395864615
6.115618000	-2.972020626	-0.396715994
6.115619000	-2.971103191	-0.397467205
6.115620000	-2.964003086	-0.396677445
6.115621000	-2.980834007	-0.397048989
6.115622000	-2.975276709	-0.397679160
6.115623000	-2.973119020	-0.397006412
6.115624000	-2.980594397	-0.397689313
6.115625000	-2.972223520	-0.396982077
6.115626000	-2.968710899	-0.398666094
6.115627000	-2.975264311	-0.399161642
6.115628000	-2.973084927	-0.398518854
6.115629000	-2.973836660	-0.398957743
6.115630000	-2.975669146	-0.398403007
6.115631000	-2.977339506	-0.400176206
6.115632000	-2.976733446	-0.399705259
6.115633000	-2.976798296	-0.400111225
6.115634000	-2.973433733	-0.399254519
6.115635000	-2.978359461	-0.399894876
6.115636000	-2.976698875	-0.399528259
6.115637000	-2.980465889	-0.400115419
6.115638000	-2.979523897	-0.400301475
6.115639000	-2.973968983	-0.400544188
6.115640000	-2.971276522	-0.401024523
6.115641000	-2.973953485	-0.400974455
6.115642000	-2.974127531	-0.400916232
6.115643000	-2.975186586	-0.400919195
6.115644000	-2.979450703	-0.401257916
6.115645000	-2.972811222	-0.401799469
6.115646000	-2.975527763	-0.401760421
6.115647000	-2.976503611	-0.401607822
6.115648000	-2.975489140	-0.402438695
6.115649000	-2.974849939	-0.402533736
6.115650000	-2.982546568	-0.402324079
6.115651000	-2.971566677	-0.402590861
6.115652000	-2.970557213	-0.402994862
6.115653000	-2.972001553	-0.403136310
6.115654000	-2.979304790	-0.403183015
6.115655000	-2.980215788	-0.402895493
6.115656000	-2.970601797	-0.403122494
6.115657000	-2.967374325	-0.404182399
6.115658000	-2.973174810	-0.404297281
6.115659000	-2.966351986	-0.405052321
6.115660000	-2.977951288	-0.404104269
6.115661000	-2.965034723	-0.404239025
6.115662000	-2.973244429	-0.404317788
6.115663000	-2.974302292	-0.405074492
6.115664000	-2.973176479	-0.403545504
6.115665000	-2.973622561	-0.404817064
6.115666000	-2.974322796	-0.405385549
6.115667000	-2.970124483	-0.404359599
6.115668000	-2.973374367	-0.405224061
6.115669000	-2.966615438	-0.405940485
6.115670000	-2.976699829	-0.405169533
6.115671000	-2.970635891	-0.405749636
6.115672000	-2.980439186	-0.405198928
6.115673000	-2.970150948	-0.406215789
6.115674000	-2.970036268	-0.406396618
6.115675000	-2.978320837	-0.405808359
6.115676000	-2.975592852	-0.407082881
6.115677000	-2.981240988	-0.406528511
6.115678000	-2.971299410	-0.407108847
6.115679000	-2.980254889	-0.406391957
6.115680000	-2.978442192	-0.407776102
6.115681000	-2.971526861	-0.406985809
6.115682000	-2.976436377	-0.408182467
6.115683000	-2.972650290	-0.407908728
6.115684000	-2.972674131	-0.408149677
6.115685000	-2.973831415	-0.408334467
6.115686000	-2.976321936	-0.408636470
6.115687000	-2.978192806	-0.407849306
6.115688000	-2.974099159	-0.408273181
6.115689000	-2.979643822	-0.408646789
6.115690000	-2.979218960	-0.408081733
6.115691000	-2.976713181	-0.409160979
6.115692000	-2.978922129	-0.407650900
6.115693000	-2.974481106	-0.409051457
6.115694000	-2.977539778	-0.408544657
6.115695000	-2.982015371	-0.408695525
6.115696000	-2.978587866	-0.409292007
6.115697000	-2.982743502	-0.409206320
6.115698000	-2.983968258	-0.409749771
6.115699000	-2.980434656	-0.409568842
6.115700000	-2.976149082	-0.409998543
6.115701000	-2.985561848	-0.410375481
6.115702000	-2.972641230	-0.409789485
6.115703000	-2.985002995	-0.410181403
6.115704000	-2.974277973	-0.409152857
6.115705000	-2.985646009	-0.410507041
6.115706000	-2.986391306	-0.410156136
6.115707000	-2.983562231	-0.411379892
6.115708000	-2.988695145	-0.410264094
6.115709000	-2.983347178	-0.411618744
6.115710000	-2.971853971	-0.410950324
6.115711000	-2.980800152	-0.411140940
6.115712000	-2.983108759	-0.412242190
6.115713000	-2.979726553	-0.411298732
6.115714000	-2.984313488	-0.411019233
6.115715000	-2.976238251	-0.410931116
6.115716000	-2.980618715	-0.411651601
6.115717000	-2.987158775	-0.412432040
6.115718000	-2.983562946	-0.412933114
6.115719000	-2.983561039	-0.411720277
6.115720000	-2.980930805	-0.411887757
6.115721000	-2.986365080	-0.412848792
6.115722000	-2.986708879	-0.412114125
6.115723000	-2.982587099	-0.412026541
6.115724000	-2.980085135	-0.412783644
6.115725000	-2.980181217	-0.413062144
6.115726000	-2.983501196	-0.413259584
6.115727000	-2.985038042	-0.413417776
6.115728000	-2.981769085	-0.413767482
6.115729000	-2.983764172	-0.413420872
6.115730000	-2.985246181	-0.413874808
6.115731000	-2.992035389	-0.414029171
6.115732000	-2.984387875	-0.413227693
6.115733000	-2.988806009	-0.414976458
6.115734000	-2.984418154	-0.414621358
6.115735000	-2.981580257	-0.415275730
6.115736000	-2.977185011	-0.415381092
6.115737000	-2.988772392	-0.415083916
6.115738000	-2.976600647	-0.415147432
6.115739000	-2.987273216	-0.414804384
6.115740000	-2.978416681	-0.414467827
6.115741000	-2.985430956	-0.415086280
6.115742000	-2.984264612	-0.415874775
6.115743000	-2.987705469	-0.415786724
6.115744000	-2.978499651	-0.415756631
6.115745000	-2.984077930	-0.416194188
6.115746000	-2.983955860	-0.415094236
6.115747000	-2.985360861	-0.416109666
6.115748000	-2.981872320	-0.415881067
6.115749000	-2.984667778	-0.416457042
6.115750000	-2.981251240	-0.415232321
6.115751000	-2.993596792	-0.416863840
6.115752000	-2.980016232	-0.416507908
6.115753000	-2.986028910	-0.416283537
6.115754000	-2.983394384	-0.416467495
6.115755000	-2.991848707	-0.417047964
6.115756000	-2.988408327	-0.416569294
6.115757000	-2.985605717	-0.416877022
6.115758000	-2.989443302	-0.417932200
6.115759000	-2.993001223	-0.417418310
6.115760000	-2.989143610	-0.418436170
6.115761000	-2.983263731	-0.418097549
6.115762000	-2.994895220	-0.417939957
6.115763000	-2.988229752	-0.418571192
6.115764000	-2.991121531	-0.418452282
6.115765000	-2.987136841	-0.419125596
6.115766000	-2.992303610	-0.418689636
6.115767000	-2.984539270	-0.418268957
6.115768000	-2.985149145	-0.419822279
6.115769000	-2.983463526	-0.419225931
6.115770000	-2.986680269	-0.419492979
6.115771000	-2.983562469	-0.419172567
6.115772000	-2.990699530	-0.419309387
6.115773000	-2.985885143	-0.418757381
6.115774000	-2.981762886	-0.419886228
6.115775000	-2.984954834	-0.419387218
6.115776000	-2.991696596	-0.419221869
6.115777000	-3.000398636	-0.420080872
6.115778000	-2.985122681	-0.420005937
6.115779000	-2.989377022	-0.420141492
6.115780000	-2.989782810	-0.420751090
6.115781000	-2.990585804	-0.420393194
6.115782000	-2.985795021	-0.420330343
6.115783000	-2.988440037	-0.420409273
6.115784000	-2.992469788	-0.419654466
6.115785000	-2.990980625	-0.420385737
6.115786000	-2.997632504	-0.420454314
6.115787000	-2.992988110	-0.421015109
6.115788000	-2.989658117	-0.420878888
6.115789000	-2.997914791	-0.420814539
6.115790000	-3.003440619	-0.421163147
6.115791000	-2.995492935	-0.421713223
6.115792000	-2.986789227	-0.420899994
6.115793000	-2.995679379	-0.421054290
6.115794000	-2.991235733	-0.422168590
6.115795000	-2.993808031	-0.421145837
6.115796000	-2.995054007	-0.421820482
6.115797000	-2.999794960	-0.421814024
6.115798000	-2.998214722	-0.422408541
6.115799000	-2.996930599	-0.421991024
6.115800000	-2.991818428	-0.422724492
6.115801000	-2.998587847	-0.422684944
6.115802000	-2.996287584	-0.421946915
6.115803000	-2.998448372	-0.422844967
6.115804000	-2.996774673	-0.423338284
6.115805000	-2.994595766	-0.423495177
6.115806000	-3.002329350	-0.422817003
6.115807000	-2.995531082	-0.422893636
6.115808000	-2.995310783	-0.422627153
6.115809000	-2.999462843	-0.424166094
6.115810000	-2.993610382	-0.423045370
6.115811000	-2.994874239	-0.423442247
6.115812000	-2.992729187	-0.423547675
6.115813000	-2.986490726	-0.423811494
6.115814000	-2.998731613	-0.423643848
6.115815000	-3.003753901	-0.423615452
6.115816000	-2.999878407	-0.424291063
6.115817000	-2.998711586	-0.424379846
6.115818000	-2.995040178	-0.424063330
6.115819000	-2.997923374	-0.424359473
6.115820000	-2.995746374	-0.425407127
6.115821000	-3.000145435	-0.424379647
6.115822000	-2.998863459	-0.423953507
6.115823000	-2.998718023	-0.424664571
6.115824000	-2.998890400	-0.424098483
6.115825000	-3.002983809	-0.424819567
6.115826000	-3.001566172	-0.425047701
6.115827000	-2.993158817	-0.426082405
6.115828000	-3.001245499	-0.424890674
6.115829000	-2.997226238	-0.425668550
6.115830000	-2.995244026	-0.425779937
6.115831000	-2.996269941	-0.425840191
6.115832000	-2.992362499	-0.425882968
6.115833000	-2.992734432	-0.425952909
6.115834000	-2.990420818	-0.426553119
6.115835000	-2.998076916	-0.426456812
6.115836000	-3.001642704	-0.426226615
6.115837000	-2.996801853	-0.426779587
6.115838000	-2.997428894	-0.426486939
6.115839000	-2.998737574	-0.426699959
6.115840000	-3.000931978	-0.426805820
6.115841000	-2.994516373	-0.426222987
6.115842000	-2.993770599	-0.427327633
6.115843000	-2.993330956	-0.426897799
6.115844000	-2.994457722	-0.427617718
6.115845000	-3.004307270	-0.428093059
6.115846000	-2.997503996	-0.428012098
6.115847000	-2.998487234	-0.428429016
6.115848000	-2.997593164	-0.428340333
6.115849000	-2.994138718	-0.427943888
6.115850000	-2.998001814	-0.428294993
6.115851000	-2.998145580	-0.427505332
6.115852000	-3.000715256	-0.428563872
6.115853000	-2.999869823	-0.428561509
6.115854000	-3.000011444	-0.428588040
6.115855000	-2.996646643	-0.429023168
6.115856000	-3.005752325	-0.428805754
6.115857000	-2.998998642	-0.428590437
6.115858000	-3.004983187	-0.428803889
6.115859000	-3.001908541	-0.428546229
6.115860000	-2.998389721	-0.429329231
6.115861000	-3.001505852	-0.428955756
6.115862000	-2.993276596	-0.429097603
6.115863000	-3.003775835	-0.429612658
6.115864000	-3.009605646	-0.429279663
6.115865000	-3.002552986	-0.429176033
6.115866000	-3.000317097	-0.429110220
6.115867000	-2.995543957	-0.430168693
6.115868000	-2.999456882	-0.428937514
6.115869000	-3.000412464	-0.430504884
6.115870000	-3.002834797	-0.430488439
6.115871000	-2.996225357	-0.429896718
6.115872000	-3.003578663	-0.430522361
6.115873000	-3.002082825	-0.429806869
6.115874000	-3.000969410	-0.430459876
6.115875000	-3.001317501	-0.431191746
6.115876000	-3.004801035	-0.431003661
6.115877000	-2.994615793	-0.430625292
6.115878000	-3.002767563	-0.430851661
6.115879000	-3.008058310	-0.430007572
6.115880000	-3.002900124	-0.430781153
6.115881000	-3.007497311	-0.430606084
6.115882000	-3.006633997	-0.430962947
6.115883000	-3.002644777	-0.431308293
6.115884000	-2.999908447	-0.431335990
6.115885000	-3.005219460	-0.431431631
6.115886000	-3.010256529	-0.431505567
6.115887000	-2.999209404	-0.432212170
6.115888000	-2.996871710	-0.432017726
6.115889000	-3.000247002	-0.432824364
6.115890000	-3.001821756	-0.431522012
6.115891000	-3.006214857	-0.431680270
6.115892000	-2.995435238	-0.432351287
6.115893000	-3.000419617	-0.432627323
6.115894000	-3.000586748	-0.432393198
6.115895000	-3.000830412	-0.433348008
6.115896000	-3.006611109	-0.432467500
6.115897000	-3.002085447	-0.433299206
6.115898000	-3.014010906	-0.433244245
6.115899000	-3.001224995	-0.433351836
6.115900000	-2.998287439	-0.433473876
6.115901000	-3.007502794	-0.433280031
6.115902000	-3.004682302	-0.433225802
6.115903000	-3.000410080	-0.433551806
6.115904000	-3.007247210	-0.433865294
6.115905000	-3.004800320	-0.433372609
6.115906000	-3.000027180	-0.433081193
6.115907000	-3.000996590	-0.434334077
6.115908000	-3.001891851	-0.433723813
6.115909000	-2.994407654	-0.434286173
6.115910000	-3.000708818	-0.434346660
6.115911000	-3.004800320	-0.433741390
6.115912000	-2.997558832	-0.434450623
6.115913000	-3.002235889	-0.434750329
6.115914000	-3.001667500	-0.434201584
6.115915000	-3.000544786	-0.434773298
6.115916000	-2.999688148	-0.435031226
6.115917000	-3.002868891	-0.435345645
6.115918000	-3.008493423	-0.434526190
6.115919000	-3.001065731	-0.434879858
6.115920000	-3.004796743	-0.434182609
6.115921000	-3.011311293	-0.435900648
6.115922000	-3.010479212	-0.435588126
6.115923000	-3.006940365	-0.435819721
6.115924000	-3.004332066	-0.434138401
6.115925000	-3.005940199	-0.436623297
6.115926000	-3.010329485	-0.436100385
6.115927000	-3.014759064	-0.435501373
6.115928000	-3.008992434	-0.435871719
6.115929000	-2.995356560	-0.435227834
6.115930000	-3.003865719	-0.436655987
6.115931000	-3.001027346	-0.435570016
6.115932000	-3.005091190	-0.435598679
6.115933000	-3.007563591	-0.436369497
6.115934000	-3.011539221	-0.436282279
6.115935000	-3.004121780	-0.436554387
6.115936000	-3.008149624	-0.436232012
6.115937000	-3.001710892	-0.437303701
