D:\KID metingen\Entropy ADR\LT343chip5_BF_20240530_mapping\S21\Power\KID183_108dBm_.dat
Power at KID:108dBm
resonance Frequency in GHz :6.519636
Q=34134.219897, Qc=36490.151622, Qi=528692.256476  S21min=-23.800259


Temperature in K:0.099953
GHz	dB	Rad
6.518742000	1.175050139	0.093258567
6.518743000	1.194052219	0.092578578
6.518744000	1.158373952	0.093710255
6.518745000	1.153408051	0.088234563
6.518746000	1.198972583	0.091647704
6.518747000	1.148595333	0.089493964
6.518748000	1.163253665	0.090892340
6.518749000	1.167550802	0.091630327
6.518750000	1.172064900	0.094840351
6.518751000	1.174082875	0.092559437
6.518752000	1.188675404	0.087388943
6.518753000	1.154488206	0.092145299
6.518754000	1.189227104	0.094571905
6.518755000	1.217337489	0.093814884
6.518756000	1.171526432	0.093830139
6.518757000	1.206483722	0.091852043
6.518758000	1.196068764	0.093052887
6.518759000	1.166815519	0.095599727
6.518760000	1.186718106	0.089077703
6.518761000	1.165093064	0.087302465
6.518762000	1.166390061	0.087484060
6.518763000	1.180730224	0.090964395
6.518764000	1.230067015	0.088301434
6.518765000	1.184643507	0.085135151
6.518766000	1.225517273	0.090899397
6.518767000	1.200153828	0.085611841
6.518768000	1.176693559	0.091428884
6.518769000	1.208452702	0.090487123
6.518770000	1.228435993	0.091390584
6.518771000	1.225458622	0.088961673
6.518772000	1.199423909	0.086223652
6.518773000	1.175344706	0.088691736
6.518774000	1.190691829	0.087431637
6.518775000	1.172307491	0.092500681
6.518776000	1.158420444	0.088987231
6.518777000	1.189421535	0.089807002
6.518778000	1.148090363	0.086592691
6.518779000	1.158052444	0.087283382
6.518780000	1.167118669	0.088743851
6.518781000	1.170957565	0.092458162
6.518782000	1.169668555	0.088361088
6.518783000	1.208794236	0.091171547
6.518784000	1.168783784	0.086168633
6.518785000	1.189394474	0.086675324
6.518786000	1.193081975	0.083544212
6.518787000	1.182861090	0.087341164
6.518788000	1.168998957	0.089451387
6.518789000	1.150183082	0.087546494
6.518790000	1.196071148	0.090369994
6.518791000	1.162687063	0.089631283
6.518792000	1.162581682	0.086269542
6.518793000	1.149896741	0.086432910
6.518794000	1.149684548	0.085862361
6.518795000	1.140325427	0.085096544
6.518796000	1.180283666	0.084294999
6.518797000	1.204093099	0.087099266
6.518798000	1.176743150	0.083779852
6.518799000	1.193060040	0.084675731
6.518800000	1.198424101	0.084451676
6.518801000	1.191082954	0.087348987
6.518802000	1.186462402	0.085438252
6.518803000	1.169352770	0.086638747
6.518804000	1.191367149	0.088063938
6.518805000	1.192489862	0.084737750
6.518806000	1.195196629	0.081987486
6.518807000	1.178124309	0.083369842
6.518808000	1.219210744	0.082642358
6.518809000	1.181738377	0.083145088
6.518810000	1.184929490	0.084033934
6.518811000	1.159541488	0.083365381
6.518812000	1.206787825	0.086609644
6.518813000	1.164778113	0.083515791
6.518814000	1.183027387	0.080145536
6.518815000	1.177538037	0.082089743
6.518816000	1.172869563	0.083457085
6.518817000	1.178356051	0.083191402
6.518818000	1.180323958	0.082516765
6.518819000	1.171472073	0.081549272
6.518820000	1.188256741	0.083586432
6.518821000	1.193467975	0.083809380
6.518822000	1.208675623	0.081815596
6.518823000	1.189560294	0.081336934
6.518824000	1.176641107	0.079066348
6.518825000	1.176206350	0.077460004
6.518826000	1.189963102	0.080918377
6.518827000	1.157819271	0.083765221
6.518828000	1.179243565	0.081722227
6.518829000	1.167001963	0.079603466
6.518830000	1.162792206	0.083006545
6.518831000	1.169419408	0.081202145
6.518832000	1.165966272	0.083585466
6.518833000	1.178009033	0.081579315
6.518834000	1.149950743	0.077945216
6.518835000	1.156410336	0.079337999
6.518836000	1.154761791	0.082502816
6.518837000	1.169895530	0.082676721
6.518838000	1.194620609	0.077099779
6.518839000	1.170725107	0.079703743
6.518840000	1.172536254	0.080141383
6.518841000	1.179059029	0.079653043
6.518842000	1.185813904	0.079648291
6.518843000	1.179583430	0.079758004
6.518844000	1.176958442	0.080572799
6.518845000	1.169590473	0.080417927
6.518846000	1.195388913	0.081929521
6.518847000	1.146076918	0.077536354
6.518848000	1.155347824	0.078588561
6.518849000	1.208346248	0.077787889
6.518850000	1.139848113	0.081914374
6.518851000	1.148347974	0.079629832
6.518852000	1.129102230	0.078316735
6.518853000	1.169744492	0.077238047
6.518854000	1.191894174	0.076100427
6.518855000	1.201807141	0.076154048
6.518856000	1.192994356	0.078441779
6.518857000	1.189683437	0.077649230
6.518858000	1.180753827	0.077263330
6.518859000	1.202224374	0.077906758
6.518860000	1.195409298	0.079583950
6.518861000	1.199486017	0.078176486
6.518862000	1.180988789	0.073635822
6.518863000	1.184486508	0.074786515
6.518864000	1.167729378	0.076464515
6.518865000	1.201547861	0.075939964
6.518866000	1.191303730	0.077636314
6.518867000	1.183069587	0.077907440
6.518868000	1.181081891	0.078334170
6.518869000	1.176033497	0.075990780
6.518870000	1.163596749	0.074755697
6.518871000	1.158095956	0.080665859
6.518872000	1.205735087	0.074589916
6.518873000	1.215937614	0.072858994
6.518874000	1.194882870	0.076108633
6.518875000	1.169060349	0.073822243
6.518876000	1.195030332	0.076513217
6.518877000	1.182578564	0.072090056
6.518878000	1.199019670	0.072413963
6.518879000	1.209233046	0.076075735
6.518880000	1.163576245	0.076302536
6.518881000	1.180609107	0.073169094
6.518882000	1.192150593	0.073098895
6.518883000	1.185824513	0.071827335
6.518884000	1.169550180	0.071790725
6.518885000	1.162896633	0.071392466
6.518886000	1.143172503	0.073610047
6.518887000	1.162488222	0.074339162
6.518888000	1.194066882	0.073091055
6.518889000	1.165163755	0.071080727
6.518890000	1.181267262	0.070485593
6.518891000	1.198331714	0.072388572
6.518892000	1.204902053	0.071573070
6.518893000	1.151248097	0.072568127
6.518894000	1.203709722	0.071701551
6.518895000	1.176400900	0.071614091
6.518896000	1.157102704	0.069364394
6.518897000	1.139860392	0.072818090
6.518898000	1.194196105	0.069905623
6.518899000	1.183664441	0.071569067
6.518900000	1.188556671	0.069847833
6.518901000	1.205316186	0.069605127
6.518902000	1.146003842	0.070451438
6.518903000	1.190439463	0.070566653
6.518904000	1.158057570	0.067241281
6.518905000	1.183216453	0.065895714
6.518906000	1.161619902	0.066131579
6.518907000	1.173575282	0.069836423
6.518908000	1.161202192	0.069037803
6.518909000	1.150838733	0.071427104
6.518910000	1.152034879	0.074012850
6.518911000	1.153024912	0.069605643
6.518912000	1.186669827	0.068727008
6.518913000	1.161345959	0.067734889
6.518914000	1.128629446	0.068201625
6.518915000	1.191418409	0.070048311
6.518916000	1.184158802	0.069250502
6.518917000	1.202916622	0.070848349
6.518918000	1.141639352	0.065960050
6.518919000	1.169992328	0.063787061
6.518920000	1.144490719	0.068558492
6.518921000	1.159354448	0.064517312
6.518922000	1.153078079	0.063107551
6.518923000	1.146370769	0.068765141
6.518924000	1.201940536	0.069495135
6.518925000	1.149292707	0.072082391
6.518926000	1.149142981	0.067324879
6.518927000	1.177110553	0.070475665
6.518928000	1.151932359	0.064935262
6.518929000	1.171576619	0.067405872
6.518930000	1.170191407	0.068082594
6.518931000	1.151989460	0.065718772
6.518932000	1.185930610	0.061011314
6.518933000	1.170698404	0.062176044
6.518934000	1.162018418	0.067273759
6.518935000	1.170504570	0.065480390
6.518936000	1.161473155	0.065733253
6.518937000	1.181529641	0.068249799
6.518938000	1.186659694	0.060952658
6.518939000	1.163291335	0.062062701
6.518940000	1.168465853	0.060564885
6.518941000	1.175325513	0.063829742
6.518942000	1.186370611	0.062871470
6.518943000	1.192458391	0.065527595
6.518944000	1.148770213	0.064366148
6.518945000	1.153318882	0.064917423
6.518946000	1.190479279	0.062536182
6.518947000	1.156548023	0.061754615
6.518948000	1.177725315	0.058782694
6.518949000	1.169189692	0.063050247
6.518950000	1.190428376	0.061406216
6.518951000	1.174692154	0.059891917
6.518952000	1.170688748	0.060288637
6.518953000	1.138331175	0.060238840
6.518954000	1.137263298	0.056629553
6.518955000	1.138812900	0.060563350
6.518956000	1.171997786	0.059031021
6.518957000	1.160617948	0.066018411
6.518958000	1.188646197	0.060427508
6.518959000	1.154590487	0.061704926
6.518960000	1.181369543	0.062383949
6.518961000	1.194402814	0.056923720
6.518962000	1.156756043	0.057825774
6.518963000	1.202320576	0.058670159
6.518964000	1.134971499	0.060112548
6.518965000	1.150850773	0.054785684
6.518966000	1.205705881	0.059309088
6.518967000	1.157065630	0.060061094
6.518968000	1.224612474	0.056372749
6.518969000	1.183961391	0.054148715
6.518970000	1.174158812	0.061249838
6.518971000	1.174740672	0.059844118
6.518972000	1.161836624	0.059658861
6.518973000	1.167161107	0.058052863
6.518974000	1.160910368	0.057957717
6.518975000	1.183992982	0.057618119
6.518976000	1.180794239	0.055690427
6.518977000	1.183596253	0.060729007
6.518978000	1.147391438	0.055179666
6.518979000	1.160752416	0.057007963
6.518980000	1.170862436	0.053936689
6.518981000	1.176828980	0.060167163
6.518982000	1.192826390	0.049046077
6.518983000	1.175595045	0.054012111
6.518984000	1.171983600	0.050772634
6.518985000	1.155385375	0.054649697
6.518986000	1.172731519	0.050545374
6.518987000	1.148227930	0.054661186
6.518988000	1.183246017	0.054532559
6.518989000	1.188061357	0.053330462
6.518990000	1.190545321	0.053025526
6.518991000	1.160640836	0.051965534
6.518992000	1.143609643	0.051592092
6.518993000	1.182426810	0.056110790
6.518994000	1.162500739	0.051036669
6.518995000	1.171895027	0.052933468
6.518996000	1.130191326	0.049491990
6.518997000	1.152612925	0.055579273
6.518998000	1.135871887	0.050544030
6.518999000	1.177711844	0.053684268
6.519000000	1.163600564	0.049526033
6.519001000	1.161786795	0.053216009
6.519002000	1.151718259	0.050001361
6.519003000	1.145981073	0.053416287
6.519004000	1.165913582	0.049694827
6.519005000	1.186221004	0.048474829
6.519006000	1.178157449	0.052334960
6.519007000	1.135246038	0.051823904
6.519008000	1.184356451	0.048849902
6.519009000	1.185660362	0.048500562
6.519010000	1.144079328	0.047966627
6.519011000	1.164866924	0.047017223
6.519012000	1.158165932	0.049808003
6.519013000	1.174152732	0.048710902
6.519014000	1.161671638	0.047574751
6.519015000	1.124421477	0.049107525
6.519016000	1.154067516	0.047772716
6.519017000	1.200368285	0.041821674
6.519018000	1.175208688	0.048329092
6.519019000	1.183906674	0.043088565
6.519020000	1.194461107	0.047984004
6.519021000	1.184659362	0.050471247
6.519022000	1.192317247	0.047391605
6.519023000	1.140848160	0.043828778
6.519024000	1.149170041	0.041547456
6.519025000	1.195362926	0.045776622
6.519026000	1.130610466	0.045275058
6.519027000	1.184405804	0.046460131
6.519028000	1.158193946	0.045385109
6.519029000	1.154679418	0.044501018
6.519030000	1.135529876	0.047237362
6.519031000	1.174037218	0.044792568
6.519032000	1.167106390	0.044367735
6.519033000	1.150862098	0.041650100
6.519034000	1.166461110	0.039175903
6.519035000	1.130148768	0.043964828
6.519036000	1.134589195	0.040238791
6.519037000	1.140260100	0.043978789
6.519038000	1.166464925	0.043588078
6.519039000	1.144771814	0.043762049
6.519040000	1.175325871	0.039870085
6.519041000	1.108127952	0.042682271
6.519042000	1.128624678	0.045170774
6.519043000	1.133182049	0.041207012
6.519044000	1.178561330	0.040934896
6.519045000	1.194014668	0.040432103
6.519046000	1.159405708	0.036915986
6.519047000	1.176165104	0.043774957
6.519048000	1.165286183	0.043898520
6.519049000	1.165872335	0.036768497
6.519050000	1.169727206	0.040793440
6.519051000	1.129000664	0.040190746
6.519052000	1.163499832	0.039534160
6.519053000	1.163852572	0.037542836
6.519054000	1.113949060	0.037689642
6.519055000	1.177771568	0.034446505
6.519056000	1.139310956	0.043543375
6.519057000	1.152293801	0.039218143
6.519058000	1.150897622	0.038142334
6.519059000	1.165791988	0.038392413
6.519060000	1.123828530	0.040816377
6.519061000	1.134720802	0.036790335
6.519062000	1.199002981	0.038193180
6.519063000	1.150852203	0.038164272
6.519064000	1.171093702	0.040467457
6.519065000	1.143749952	0.036253641
6.519066000	1.149572372	0.035309284
6.519067000	1.152697802	0.033637535
6.519068000	1.159193993	0.034558177
6.519069000	1.125964999	0.034801066
6.519070000	1.159819245	0.034125742
6.519071000	1.136670709	0.032582738
6.519072000	1.168960929	0.035419160
6.519073000	1.187119484	0.034963235
6.519074000	1.148954868	0.032767565
6.519075000	1.184883595	0.034776055
6.519076000	1.162326097	0.030830232
6.519077000	1.154776216	0.031579766
6.519078000	1.193382263	0.029749099
6.519079000	1.163474441	0.032356109
6.519080000	1.156307340	0.028895508
6.519081000	1.165957332	0.034303491
6.519082000	1.149841309	0.031179025
6.519083000	1.140238643	0.028921842
6.519084000	1.163828015	0.029894516
6.519085000	1.127088308	0.029750595
6.519086000	1.167991281	0.031325651
6.519087000	1.139425993	0.025152737
6.519088000	1.155819535	0.031491582
6.519089000	1.163773775	0.030720805
6.519090000	1.183965325	0.030550038
6.519091000	1.151504159	0.026154000
6.519092000	1.137304664	0.030433400
6.519093000	1.141158342	0.031046832
6.519094000	1.160398722	0.029272682
6.519095000	1.157832742	0.028442115
6.519096000	1.169116616	0.031111273
6.519097000	1.149275661	0.024511972
6.519098000	1.115738630	0.030404655
6.519099000	1.167262077	0.020879058
6.519100000	1.158422470	0.024219765
6.519101000	1.139289379	0.024959533
6.519102000	1.176324248	0.024460920
6.519103000	1.145199537	0.027938276
6.519104000	1.158766150	0.024520556
6.519105000	1.157397389	0.026413290
6.519106000	1.114952207	0.025856319
6.519107000	1.142253995	0.024102979
6.519108000	1.151351452	0.022835672
6.519109000	1.176339626	0.022840849
6.519110000	1.135606408	0.022268920
6.519111000	1.165449500	0.021226925
6.519112000	1.132362604	0.025683062
6.519113000	1.191633463	0.020591212
6.519114000	1.156408310	0.019044282
6.519115000	1.142337680	0.023820024
6.519116000	1.121818185	0.021107618
6.519117000	1.114333749	0.016612355
6.519118000	1.138979316	0.023086284
6.519119000	1.159343839	0.020701881
6.519120000	1.148492575	0.021282537
6.519121000	1.148266196	0.024274647
6.519122000	1.104083180	0.017732983
6.519123000	1.143836975	0.018320145
6.519124000	1.129621029	0.019979284
6.519125000	1.119361401	0.018941471
6.519126000	1.141241908	0.019013761
6.519127000	1.168771625	0.020216249
6.519128000	1.110982776	0.014716322
6.519129000	1.123395324	0.019117088
6.519130000	1.147688031	0.017939865
6.519131000	1.170694232	0.017770084
6.519132000	1.130599976	0.016378369
6.519133000	1.098566771	0.014844712
6.519134000	1.174151421	0.013788946
6.519135000	1.150362253	0.014103507
6.519136000	1.122792959	0.015314818
6.519137000	1.150567651	0.014077078
6.519138000	1.166932225	0.015867945
6.519139000	1.158112407	0.014539716
6.519140000	1.128797889	0.013866475
6.519141000	1.122528553	0.008262910
6.519142000	1.128013849	0.015280475
6.519143000	1.121579766	0.012529533
6.519144000	1.152319789	0.010975466
6.519145000	1.153149605	0.014722191
6.519146000	1.117368221	0.010563308
6.519147000	1.126000047	0.009748922
6.519148000	1.095448732	0.007769376
6.519149000	1.110447645	0.009866545
6.519150000	1.137457609	0.012196024
6.519151000	1.097531676	0.009207731
6.519152000	1.154800773	0.004643814
6.519153000	1.154015064	0.013255611
6.519154000	1.128427148	0.008762703
6.519155000	1.123193026	0.006837132
6.519156000	1.130853772	0.005764967
6.519157000	1.165877342	0.007918383
6.519158000	1.126798630	0.008632221
6.519159000	1.106745958	0.007886351
6.519160000	1.148148894	0.007232414
6.519161000	1.153093576	0.001846033
6.519162000	1.109824538	0.004586478
6.519163000	1.165524006	0.007341240
6.519164000	1.132145762	0.000489026
6.519165000	1.145270944	0.002180192
6.519166000	1.129069448	0.002933214
6.519167000	1.110165834	0.002185744
6.519168000	1.164665580	0.007633172
6.519169000	1.136103868	0.006482657
6.519170000	1.139500022	0.002327418
6.519171000	1.140133381	0.001474430
6.519172000	1.158089638	0.003028859
6.519173000	1.097278833	0.006241378
6.519174000	1.116970658	-0.002318616
6.519175000	1.165219545	0.006330717
6.519176000	1.139915109	0.000007708
6.519177000	1.121180654	-0.001341235
6.519178000	1.129932404	0.000509850
6.519179000	1.131212831	0.000406807
6.519180000	1.105974913	0.000568396
6.519181000	1.114103198	-0.001641206
6.519182000	1.129611731	-0.003472002
6.519183000	1.135487914	-0.006220165
6.519184000	1.145060897	0.000825873
6.519185000	1.099854469	-0.004353905
6.519186000	1.108466268	-0.003065717
6.519187000	1.122182250	-0.003371358
6.519188000	1.118534327	-0.001600204
6.519189000	1.144365072	-0.002527483
6.519190000	1.092437267	-0.001553703
6.519191000	1.117305636	-0.005191125
6.519192000	1.130262256	-0.003137880
6.519193000	1.117801309	-0.003484767
6.519194000	1.128679037	-0.008963212
6.519195000	1.119626760	-0.008652640
6.519196000	1.105891347	-0.008521182
6.519197000	1.107998133	-0.007681062
6.519198000	1.100853682	-0.013056103
6.519199000	1.095641136	-0.009917817
6.519200000	1.104516387	-0.007125646
6.519201000	1.104575038	-0.008524903
6.519202000	1.100663304	-0.011007678
6.519203000	1.098854899	-0.006700700
6.519204000	1.082380652	-0.017292960
6.519205000	1.166183949	-0.015214550
6.519206000	1.090413809	-0.012729582
6.519207000	1.102614284	-0.015627325
6.519208000	1.101084352	-0.011323577
6.519209000	1.103761435	-0.014321212
6.519210000	1.102124453	-0.013256773
6.519211000	1.097166300	-0.015999142
6.519212000	1.097275972	-0.012395891
6.519213000	1.135521293	-0.013841088
6.519214000	1.103530288	-0.012417448
6.519215000	1.063969612	-0.020872723
6.519216000	1.085610151	-0.019511306
6.519217000	1.107635379	-0.016410624
6.519218000	1.085258603	-0.021133371
6.519219000	1.116684914	-0.020156301
6.519220000	1.062053084	-0.024233938
6.519221000	1.096974134	-0.020328285
6.519222000	1.075105190	-0.017574535
6.519223000	1.145112395	-0.021432519
6.519224000	1.055035233	-0.017366842
6.519225000	1.131199956	-0.018033127
6.519226000	1.119756103	-0.024381916
6.519227000	1.102507472	-0.019516932
6.519228000	1.097585917	-0.023592753
6.519229000	1.100489378	-0.020868252
6.519230000	1.103626490	-0.022546526
6.519231000	1.104975462	-0.024642065
6.519232000	1.105098844	-0.022191071
6.519233000	1.091666579	-0.026090896
6.519234000	1.092380762	-0.030258655
6.519235000	1.081576705	-0.027102599
6.519236000	1.103563428	-0.025766329
6.519237000	1.099241495	-0.027341938
6.519238000	1.107166529	-0.026285310
6.519239000	1.091087103	-0.029565890
6.519240000	1.118401289	-0.027009528
6.519241000	1.121785164	-0.032329650
6.519242000	1.060921431	-0.031838012
6.519243000	1.061204791	-0.030404053
6.519244000	1.093700767	-0.032645570
6.519245000	1.092792988	-0.027176926
6.519246000	1.104794383	-0.034811687
6.519247000	1.094677448	-0.033617378
6.519248000	1.041323423	-0.036312609
6.519249000	1.073654175	-0.036456249
6.519250000	1.107995033	-0.033646092
6.519251000	1.103315592	-0.030661627
6.519252000	1.099284410	-0.028841714
6.519253000	1.072189450	-0.031117587
6.519254000	1.040134907	-0.036605599
6.519255000	1.102899194	-0.037399995
6.519256000	1.100583196	-0.041038975
6.519257000	1.115081429	-0.040187554
6.519258000	1.082843781	-0.037703766
6.519259000	1.085587263	-0.038312123
6.519260000	1.110316753	-0.043879320
6.519261000	1.096273541	-0.042082618
6.519262000	1.066551208	-0.040459492
6.519263000	1.068370223	-0.038520765
6.519264000	1.065254927	-0.039986839
6.519265000	1.072805882	-0.045922297
6.519266000	1.048993111	-0.043765765
6.519267000	1.098699331	-0.045046679
6.519268000	1.069785833	-0.043318313
6.519269000	1.028057456	-0.040519904
6.519270000	1.068416476	-0.046856160
6.519271000	1.046639800	-0.044055184
6.519272000	1.038882732	-0.042674327
6.519273000	1.054650426	-0.048073824
6.519274000	1.065381289	-0.046692026
6.519275000	1.054499626	-0.046218408
6.519276000	1.038599014	-0.047444631
6.519277000	1.078734636	-0.047133170
6.519278000	1.057214618	-0.051343657
6.519279000	1.045028090	-0.050377083
6.519280000	1.057829618	-0.056473521
6.519281000	1.058205843	-0.048724750
6.519282000	1.071082592	-0.054578574
6.519283000	1.054286003	-0.054342755
6.519284000	1.038931489	-0.055307389
6.519285000	1.079419017	-0.053067009
6.519286000	1.045023680	-0.055901570
6.519287000	1.065725207	-0.053875374
6.519288000	1.075901270	-0.053447417
6.519289000	1.045846462	-0.057215578
6.519290000	1.052174926	-0.056166629
6.519291000	1.034373164	-0.056764571
6.519292000	1.056646228	-0.056811393
6.519293000	1.020458102	-0.053522485
6.519294000	1.039425135	-0.064174405
6.519295000	1.027773023	-0.061664317
6.519296000	1.038158417	-0.062999152
6.519297000	1.033813477	-0.060450623
6.519298000	1.079261541	-0.061261568
6.519299000	1.046020150	-0.062404793
6.519300000	1.014998674	-0.062295807
6.519301000	1.041873455	-0.064153037
6.519302000	1.046265960	-0.059315792
6.519303000	1.006787777	-0.067314821
6.519304000	1.036414862	-0.067915239
6.519305000	1.027669072	-0.069328183
6.519306000	1.028250456	-0.072009246
6.519307000	1.024641156	-0.073949101
6.519308000	1.016443253	-0.068882770
6.519309000	1.046600580	-0.070126017
6.519310000	1.052630663	-0.069338711
6.519311000	1.014815688	-0.075567862
6.519312000	0.971877933	-0.073920955
6.519313000	1.004168391	-0.074460935
6.519314000	1.003080249	-0.075100077
6.519315000	0.998534322	-0.072546198
6.519316000	1.028781176	-0.073723331
6.519317000	0.983420670	-0.073955085
6.519318000	1.035860658	-0.076539916
6.519319000	0.974541903	-0.076744138
6.519320000	1.030553341	-0.079491464
6.519321000	0.999417126	-0.085955388
6.519322000	0.986886084	-0.084101029
6.519323000	1.010166287	-0.082592199
6.519324000	1.023158431	-0.082992580
6.519325000	1.012334824	-0.084389691
6.519326000	1.005909085	-0.082052884
6.519327000	1.016569376	-0.085834156
6.519328000	1.023596287	-0.082047857
6.519329000	0.972287953	-0.083199291
6.519330000	0.996550679	-0.085463819
6.519331000	1.019170880	-0.088188998
6.519332000	0.983707070	-0.093573502
6.519333000	0.974262774	-0.090890875
6.519334000	0.993975282	-0.091779980
6.519335000	1.021196365	-0.093365443
6.519336000	0.981416106	-0.090758008
6.519337000	1.016376495	-0.091999141
6.519338000	0.967287540	-0.095341059
6.519339000	0.990342081	-0.097136753
6.519340000	0.977097332	-0.094950856
6.519341000	0.969358087	-0.092242671
6.519342000	0.958022833	-0.095578638
6.519343000	0.984069049	-0.099661713
6.519344000	0.980962455	-0.098570749
6.519345000	1.021217704	-0.103730557
6.519346000	0.964270175	-0.099865770
6.519347000	0.968821168	-0.101617356
6.519348000	0.964262426	-0.104971083
6.519349000	0.973476887	-0.099694944
6.519350000	0.931263566	-0.105289447
6.519351000	0.925670505	-0.110548616
6.519352000	0.975729525	-0.108787251
6.519353000	0.938508093	-0.105973954
6.519354000	0.961314559	-0.106563054
6.519355000	0.918443739	-0.108958800
6.519356000	0.985886395	-0.109464376
6.519357000	0.945956051	-0.111597693
6.519358000	0.925357163	-0.113430506
6.519359000	0.901209176	-0.116359067
6.519360000	0.919006169	-0.116094158
6.519361000	0.954824328	-0.118563799
6.519362000	0.911138773	-0.119080069
6.519363000	0.899438143	-0.118092860
6.519364000	0.922607660	-0.123213853
6.519365000	0.927337527	-0.120200927
6.519366000	0.929275095	-0.121266599
6.519367000	0.934401095	-0.121276078
6.519368000	0.921244979	-0.123997080
6.519369000	0.928993464	-0.132038703
6.519370000	0.920435667	-0.125952007
6.519371000	0.928498089	-0.129698500
6.519372000	0.923421323	-0.129395041
6.519373000	0.872025073	-0.133243916
6.519374000	0.911831737	-0.130993787
6.519375000	0.887721777	-0.131155191
6.519376000	0.886207879	-0.133342711
6.519377000	0.892697990	-0.133111283
6.519378000	0.911926866	-0.128889215
6.519379000	0.862316132	-0.137459384
6.519380000	0.888787568	-0.140565221
6.519381000	0.835572541	-0.138371800
6.519382000	0.869710743	-0.138917906
6.519383000	0.860783637	-0.144459994
6.519384000	0.881915927	-0.141473159
6.519385000	0.893747509	-0.145643969
6.519386000	0.847836196	-0.142146323
6.519387000	0.861515105	-0.146408629
6.519388000	0.891586065	-0.151074121
6.519389000	0.870185852	-0.143750578
6.519390000	0.845782101	-0.148072888
6.519391000	0.842033029	-0.151646668
6.519392000	0.861149728	-0.152622932
6.519393000	0.875575244	-0.152338856
6.519394000	0.813543200	-0.153493237
6.519395000	0.838510156	-0.153068096
6.519396000	0.865719140	-0.154754110
6.519397000	0.826232553	-0.152798185
6.519398000	0.856331587	-0.158653361
6.519399000	0.843596220	-0.153812084
6.519400000	0.812466204	-0.162710537
6.519401000	0.817727923	-0.166433686
6.519402000	0.816951752	-0.165800969
6.519403000	0.801502585	-0.163350262
6.519404000	0.740121245	-0.165365143
6.519405000	0.804363549	-0.164877535
6.519406000	0.790879428	-0.174122615
6.519407000	0.831931591	-0.172552565
6.519408000	0.812032938	-0.170276894
6.519409000	0.830589056	-0.176281757
6.519410000	0.754796684	-0.175332406
6.519411000	0.760132849	-0.177860195
6.519412000	0.750220358	-0.180455113
6.519413000	0.771987319	-0.180356360
6.519414000	0.752580464	-0.176184185
6.519415000	0.753003001	-0.183587789
6.519416000	0.755842686	-0.185157240
6.519417000	0.748579502	-0.186379731
6.519418000	0.761991978	-0.185322839
6.519419000	0.749562860	-0.190587243
6.519420000	0.752245665	-0.192343281
6.519421000	0.713772178	-0.198235009
6.519422000	0.707046449	-0.190244577
6.519423000	0.733111501	-0.189575042
6.519424000	0.671143889	-0.201301306
6.519425000	0.686431706	-0.201648832
6.519426000	0.699110210	-0.193599511
6.519427000	0.690486968	-0.200326140
6.519428000	0.727213800	-0.202246096
6.519429000	0.719572365	-0.204865514
6.519430000	0.673173964	-0.212484502
6.519431000	0.713498294	-0.211381837
6.519432000	0.635321259	-0.210708889
6.519433000	0.659097195	-0.207423114
6.519434000	0.663122654	-0.208035325
6.519435000	0.635247588	-0.213790649
6.519436000	0.609305084	-0.217688585
6.519437000	0.615924776	-0.216424416
6.519438000	0.662679613	-0.215197664
6.519439000	0.619484723	-0.220081419
6.519440000	0.634211123	-0.226732247
6.519441000	0.646119058	-0.224128691
6.519442000	0.624496937	-0.220369656
6.519443000	0.641300917	-0.228429397
6.519444000	0.608422935	-0.237502021
6.519445000	0.579828322	-0.234619815
6.519446000	0.579204857	-0.231765772
6.519447000	0.573760390	-0.229935581
6.519448000	0.573939860	-0.236169542
6.519449000	0.552402377	-0.239054943
6.519450000	0.597234786	-0.245623863
6.519451000	0.568956375	-0.244893059
6.519452000	0.562942207	-0.243746917
6.519453000	0.540526927	-0.247479005
6.519454000	0.523925364	-0.248838299
6.519455000	0.526973724	-0.250673117
6.519456000	0.489920706	-0.255853215
6.519457000	0.477982998	-0.258507171
6.519458000	0.563557088	-0.257483186
6.519459000	0.465360910	-0.263931548
6.519460000	0.464771003	-0.267132934
6.519461000	0.516083181	-0.262685421
6.519462000	0.474062294	-0.260854249
6.519463000	0.455610335	-0.271731164
6.519464000	0.470839083	-0.273259203
6.519465000	0.408253193	-0.274751638
6.519466000	0.444425046	-0.275684028
6.519467000	0.412298292	-0.276648026
6.519468000	0.412412226	-0.285728689
6.519469000	0.428094298	-0.281096720
6.519470000	0.420824319	-0.288352136
6.519471000	0.415439397	-0.286396843
6.519472000	0.381543666	-0.288913963
6.519473000	0.341683179	-0.299802297
6.519474000	0.367548138	-0.292946189
6.519475000	0.344354272	-0.297896938
6.519476000	0.353006005	-0.298963734
6.519477000	0.262969732	-0.299392104
6.519478000	0.313802510	-0.301162274
6.519479000	0.288105309	-0.306419320
6.519480000	0.291965008	-0.305242303
6.519481000	0.282388896	-0.306078336
6.519482000	0.264742821	-0.314692963
6.519483000	0.283269703	-0.318531710
6.519484000	0.236894280	-0.327069005
6.519485000	0.206137747	-0.318005336
6.519486000	0.190030217	-0.324343093
6.519487000	0.240099296	-0.327780535
6.519488000	0.188565731	-0.329696114
6.519489000	0.112714931	-0.341418883
6.519490000	0.165673271	-0.334371793
6.519491000	0.123404190	-0.339388123
6.519492000	0.191412613	-0.329535392
6.519493000	0.164777309	-0.341253867
6.519494000	0.127665952	-0.348594504
6.519495000	0.141000330	-0.350147227
6.519496000	0.046760306	-0.354685720
6.519497000	0.118332028	-0.348038536
6.519498000	0.029402852	-0.362160613
6.519499000	0.099852324	-0.352809722
6.519500000	0.052861024	-0.362046996
6.519501000	0.002153611	-0.361847359
6.519502000	0.038467724	-0.362654796
6.519503000	-0.002865741	-0.365980485
6.519504000	0.005319683	-0.373232007
6.519505000	-0.008501085	-0.369073747
6.519506000	-0.062029827	-0.383007273
6.519507000	-0.078161567	-0.383268495
6.519508000	-0.161982626	-0.392214553
6.519509000	-0.149782106	-0.387716141
6.519510000	-0.154994443	-0.397734653
6.519511000	-0.175685212	-0.396110824
6.519512000	-0.248053238	-0.399711085
6.519513000	-0.226445422	-0.407143435
6.519514000	-0.182254836	-0.404473383
6.519515000	-0.237927586	-0.411550434
6.519516000	-0.279599398	-0.426428683
6.519517000	-0.320354730	-0.427464186
6.519518000	-0.310768843	-0.424136666
6.519519000	-0.342409045	-0.438061603
6.519520000	-0.417397469	-0.439211190
6.519521000	-0.455773264	-0.445962803
6.519522000	-0.420077354	-0.445488061
6.519523000	-0.503577352	-0.454643776
6.519524000	-0.525853395	-0.459760607
6.519525000	-0.535778821	-0.451519655
6.519526000	-0.586757302	-0.459137228
6.519527000	-0.503975153	-0.456930865
6.519528000	-0.590188563	-0.457497053
6.519529000	-0.627876163	-0.467124214
6.519530000	-0.695715427	-0.480545681
6.519531000	-0.709643960	-0.485772068
6.519532000	-0.773609996	-0.499314308
6.519533000	-0.717115521	-0.485577391
6.519534000	-0.747454882	-0.485228916
6.519535000	-0.865163445	-0.503580027
6.519536000	-0.834810257	-0.506093618
6.519537000	-0.865184546	-0.509389113
6.519538000	-0.919672132	-0.509447537
6.519539000	-0.989737511	-0.521869352
6.519540000	-0.963212669	-0.512080204
6.519541000	-1.091193080	-0.534112802
6.519542000	-1.115730762	-0.532294463
6.519543000	-1.143009782	-0.546605225
6.519544000	-1.266511559	-0.551391724
6.519545000	-1.322369695	-0.558464182
6.519546000	-1.249614000	-0.558526932
6.519547000	-1.340740561	-0.560800473
6.519548000	-1.393455148	-0.568052194
6.519549000	-1.407704949	-0.574144042
6.519550000	-1.479928970	-0.579014098
6.519551000	-1.509178877	-0.582927613
6.519552000	-1.557276607	-0.593203686
6.519553000	-1.590766549	-0.597976404
6.519554000	-1.557890177	-0.581670268
6.519555000	-1.756170034	-0.603869980
6.519556000	-1.775051594	-0.605806564
6.519557000	-1.969847083	-0.620996835
6.519558000	-1.982303977	-0.626372625
6.519559000	-1.955369473	-0.629409961
6.519560000	-2.015245914	-0.639066849
6.519561000	-2.003187895	-0.636288373
6.519562000	-2.184537649	-0.635618255
6.519563000	-2.273120642	-0.659187963
6.519564000	-2.361283779	-0.667449688
6.519565000	-2.339717388	-0.665084934
6.519566000	-2.536991358	-0.675819870
6.519567000	-2.603526115	-0.688743192
6.519568000	-2.686770201	-0.689475495
6.519569000	-2.574747801	-0.687541042
6.519570000	-2.758211613	-0.701175428
6.519571000	-2.795944214	-0.703083516
6.519572000	-2.827895880	-0.703599637
6.519573000	-2.996536970	-0.722129645
6.519574000	-2.956782103	-0.710571526
6.519575000	-3.216288805	-0.731107228
6.519576000	-3.281404257	-0.737930513
6.519577000	-3.420957327	-0.751680147
6.519578000	-3.568977833	-0.750824407
6.519579000	-3.525930882	-0.756098265
6.519580000	-3.625604153	-0.757845365
6.519581000	-3.944499254	-0.778492320
6.519582000	-3.864528656	-0.771530151
6.519583000	-4.152091503	-0.796238294
6.519584000	-4.159204006	-0.795916851
6.519585000	-4.476167679	-0.807932235
6.519586000	-4.419735909	-0.805441114
6.519587000	-4.416250706	-0.816818870
6.519588000	-4.760856628	-0.829308696
6.519589000	-4.904003143	-0.836100356
6.519590000	-5.183629036	-0.852084716
6.519591000	-5.299406528	-0.855557345
6.519592000	-5.412310123	-0.857080140
6.519593000	-5.666783333	-0.869536610
6.519594000	-5.426632881	-0.856482061
6.519595000	-5.932770252	-0.875479321
6.519596000	-5.701694489	-0.873467502
6.519597000	-6.327590942	-0.902897297
6.519598000	-6.480592251	-0.895459754
6.519599000	-6.595897675	-0.901603067
6.519600000	-6.741679668	-0.904763906
6.519601000	-6.863593102	-0.913101731
6.519602000	-7.165977955	-0.922492903
6.519603000	-7.115384579	-0.911604036
6.519604000	-7.725277424	-0.927755775
6.519605000	-7.842596054	-0.924612912
6.519606000	-7.956157207	-0.917840493
6.519607000	-8.352321625	-0.948240144
6.519608000	-8.533662796	-0.959098584
6.519609000	-8.627924919	-0.942599503
6.519610000	-8.968118668	-0.932176156
6.519611000	-9.732554436	-0.962034120
6.519612000	-9.841339111	-0.967861050
6.519613000	-10.320940018	-0.964146340
6.519614000	-10.472317696	-0.969280915
6.519615000	-11.559579849	-0.957057804
6.519616000	-11.493731499	-0.948112113
6.519617000	-11.451638222	-0.950445708
6.519618000	-12.240859032	-0.960565454
6.519619000	-12.264616966	-0.962100366
6.519620000	-13.352856636	-0.926190835
6.519621000	-13.802790642	-0.932348529
6.519622000	-14.507406235	-0.900438467
6.519623000	-14.443033218	-0.915978744
6.519624000	-15.089112282	-0.903645445
6.519625000	-14.152869225	-0.920140532
6.519626000	-14.999983788	-0.863377651
6.519627000	-16.176311493	-0.840787853
6.519628000	-17.037033081	-0.773585912
6.519629000	-18.451606750	-0.663441697
6.519630000	-18.752592087	-0.654473835
6.519631000	-20.161338806	-0.472946650
6.519632000	-20.565485001	-0.463366261
6.519633000	-21.571495056	-0.319924909
6.519634000	-21.829784393	-0.244607168
6.519635000	-22.314252853	-0.052914527
6.519636000	-22.570192337	-0.082942113
6.519637000	-22.133932114	0.091457904
6.519638000	-22.471557617	0.181395625
6.519639000	-21.537384033	0.431995322
6.519640000	-20.701969147	0.578889595
6.519641000	-21.100713730	0.600464462
6.519642000	-19.974618912	0.769072254
6.519643000	-20.156936646	0.825145643
6.519644000	-19.607343674	0.840328724
6.519645000	-17.972642899	0.958394711
6.519646000	-16.984922409	0.979732424
6.519647000	-17.453075409	0.968508798
6.519648000	-16.421094894	1.056799445
6.519649000	-16.889364243	0.992074444
6.519650000	-16.532442093	1.073312509
6.519651000	-14.634979248	1.075844509
6.519652000	-14.069176674	1.112654189
6.519653000	-14.111606598	1.133875588
6.519654000	-14.453963280	1.106292963
6.519655000	-13.142775536	1.144550071
6.519656000	-12.570879936	1.166333530
6.519657000	-12.996220589	1.168165385
6.519658000	-12.299307823	1.164670386
6.519659000	-11.959680557	1.149482511
6.519660000	-11.663630486	1.148157056
6.519661000	-11.283855438	1.158834867
6.519662000	-11.183845520	1.163972904
6.519663000	-10.853671074	1.182576948
6.519664000	-10.391616821	1.165193031
6.519665000	-10.023845673	1.173175590
6.519666000	-9.642426491	1.169325725
6.519667000	-9.794741631	1.170563562
6.519668000	-9.054560661	1.157567069
6.519669000	-8.810901642	1.172460398
6.519670000	-8.459900856	1.151603320
6.519671000	-8.364310265	1.152437555
6.519672000	-8.385277748	1.146665419
6.519673000	-8.306143761	1.145803887
6.519674000	-7.844500065	1.144073098
6.519675000	-7.870102406	1.136223831
6.519676000	-7.665343285	1.137839038
6.519677000	-7.454430580	1.133528046
6.519678000	-7.426034927	1.135813038
6.519679000	-7.157754421	1.128238209
6.519680000	-6.880885601	1.114578589
6.519681000	-6.845352173	1.114762947
6.519682000	-6.490388870	1.111581202
6.519683000	-6.691052437	1.110027580
6.519684000	-6.265833855	1.108241331
6.519685000	-6.494006634	1.096840405
6.519686000	-6.104369164	1.096690536
6.519687000	-5.966887474	1.098058602
6.519688000	-5.709235191	1.088801054
6.519689000	-5.703538895	1.070794091
6.519690000	-5.418926239	1.076848521
6.519691000	-5.390858650	1.060823482
6.519692000	-5.152240276	1.056254030
6.519693000	-5.114243984	1.058643684
6.519694000	-5.057432652	1.054604668
6.519695000	-4.890134811	1.049234137
6.519696000	-4.796806335	1.040589450
6.519697000	-4.592752457	1.022220296
6.519698000	-4.653823376	1.031913736
6.519699000	-4.490326405	1.018447862
6.519700000	-4.310883999	1.014807387
6.519701000	-4.279636860	1.004593232
6.519702000	-4.231555462	0.999859064
6.519703000	-4.239813805	1.007364384
6.519704000	-4.048759937	1.000363001
6.519705000	-3.997674704	0.982715031
6.519706000	-3.833230734	0.986225277
6.519707000	-3.803415775	0.990316159
6.519708000	-3.687644005	0.986266623
6.519709000	-3.799998999	0.979829562
6.519710000	-3.658907413	0.965724329
6.519711000	-3.639616489	0.964422044
6.519712000	-3.492076874	0.951703519
6.519713000	-3.323018789	0.952867653
6.519714000	-3.375273705	0.954722678
6.519715000	-3.319252491	0.952042739
6.519716000	-3.237623215	0.945892901
6.519717000	-3.232514858	0.947659176
6.519718000	-3.057449102	0.935666495
6.519719000	-2.958400726	0.925554806
6.519720000	-2.970183611	0.922242366
6.519721000	-2.931874037	0.921814795
6.519722000	-2.806873083	0.907071069
6.519723000	-2.704038143	0.912316565
6.519724000	-2.746386766	0.904558510
6.519725000	-2.555794954	0.898326047
6.519726000	-2.670683861	0.904157771
6.519727000	-2.553169727	0.895346969
6.519728000	-2.512835026	0.884978750
6.519729000	-2.467406988	0.882716062
6.519730000	-2.460217714	0.884715896
6.519731000	-2.509702206	0.878891363
6.519732000	-2.255900621	0.871937516
6.519733000	-2.254474163	0.865589672
6.519734000	-2.157944679	0.859612940
6.519735000	-2.173244476	0.862634029
6.519736000	-2.020919800	0.845478145
6.519737000	-2.066680431	0.852943718
6.519738000	-2.056583166	0.847140491
6.519739000	-1.981573582	0.838931696
6.519740000	-1.980427980	0.839977985
6.519741000	-1.914396763	0.830777430
6.519742000	-1.863033175	0.819360991
6.519743000	-1.896401644	0.824401556
6.519744000	-1.795616269	0.822728625
6.519745000	-1.785475492	0.816722131
6.519746000	-1.751315832	0.813156558
6.519747000	-1.570508242	0.806029806
6.519748000	-1.622713923	0.802063360
6.519749000	-1.634322405	0.810815972
6.519750000	-1.560270429	0.801578798
6.519751000	-1.477989793	0.791342805
6.519752000	-1.570147872	0.792623319
6.519753000	-1.461203694	0.787623767
6.519754000	-1.428118706	0.781062204
6.519755000	-1.437688828	0.782759969
6.519756000	-1.366328955	0.774170409
6.519757000	-1.319770932	0.767455182
6.519758000	-1.282685876	0.770550574
6.519759000	-1.293225884	0.765818337
6.519760000	-1.289668798	0.768695749
6.519761000	-1.196845889	0.759588737
6.519762000	-1.308040380	0.754733661
6.519763000	-1.202427626	0.751499651
6.519764000	-1.101676822	0.747247182
6.519765000	-1.137076259	0.745934444
6.519766000	-1.147678971	0.737451410
6.519767000	-1.030148268	0.732297994
6.519768000	-1.026454329	0.736767710
6.519769000	-0.998825610	0.738876734
6.519770000	-1.027637720	0.726738445
6.519771000	-1.017960429	0.733024304
6.519772000	-0.984583974	0.726658683
6.519773000	-0.934602678	0.728894074
6.519774000	-0.969941854	0.725436825
6.519775000	-0.903875291	0.715997117
6.519776000	-0.875720382	0.715520145
6.519777000	-0.847246468	0.712939143
6.519778000	-0.844632983	0.702969067
6.519779000	-0.854810655	0.707843916
6.519780000	-0.811877906	0.698554877
6.519781000	-0.805276036	0.706007334
6.519782000	-0.746794164	0.700098911
6.519783000	-0.747368574	0.697669243
6.519784000	-0.681798935	0.685440340
6.519785000	-0.684010744	0.689968713
6.519786000	-0.699921191	0.688197111
6.519787000	-0.657673717	0.684269082
6.519788000	-0.566975653	0.677545332
6.519789000	-0.630243182	0.679884653
6.519790000	-0.591634750	0.676543251
6.519791000	-0.564716280	0.671121788
6.519792000	-0.566138685	0.672768420
6.519793000	-0.615831316	0.667646562
6.519794000	-0.524005771	0.664208821
6.519795000	-0.464186400	0.660229126
6.519796000	-0.482476890	0.660606829
6.519797000	-0.547318757	0.661986280
6.519798000	-0.460872203	0.655202942
6.519799000	-0.418185174	0.650108115
6.519800000	-0.476264596	0.650283950
6.519801000	-0.466036767	0.651418723
6.519802000	-0.402855128	0.644691845
6.519803000	-0.436376214	0.645057364
6.519804000	-0.355965853	0.641762767
6.519805000	-0.370088339	0.642704860
6.519806000	-0.411458343	0.637176671
6.519807000	-0.314650923	0.633694188
6.519808000	-0.332998663	0.628882388
6.519809000	-0.297103316	0.636574863
6.519810000	-0.329202145	0.635018844
6.519811000	-0.327121496	0.627576707
6.519812000	-0.257653981	0.623233558
6.519813000	-0.274251938	0.622802325
6.519814000	-0.226398051	0.620783982
6.519815000	-0.218536824	0.616764340
6.519816000	-0.260936052	0.617015210
6.519817000	-0.222989440	0.617630333
6.519818000	-0.227631643	0.618805386
6.519819000	-0.200142801	0.612733779
6.519820000	-0.202360988	0.613567747
6.519821000	-0.172301412	0.605797176
6.519822000	-0.132194445	0.604235765
6.519823000	-0.124208093	0.596359066
6.519824000	-0.130055264	0.604585238
6.519825000	-0.153163940	0.602631077
6.519826000	-0.100265294	0.598232866
6.519827000	-0.096141741	0.601792248
6.519828000	-0.126763746	0.596521253
6.519829000	-0.123944834	0.595262377
6.519830000	-0.040924586	0.591966315
6.519831000	-0.042538237	0.584398876
6.519832000	-0.108307593	0.596898024
6.519833000	-0.016169861	0.586318749
6.519834000	-0.043517828	0.585265735
6.519835000	-0.030495644	0.584304334
6.519836000	0.001889792	0.582840727
6.519837000	-0.039850544	0.580450274
6.519838000	-0.015020467	0.584418051
6.519839000	0.062509075	0.579681153
6.519840000	0.053499732	0.573634579
6.519841000	0.029651495	0.568366713
6.519842000	0.068917312	0.569395159
6.519843000	0.051717594	0.565925860
6.519844000	0.057064980	0.567791204
6.519845000	0.096820049	0.569515135
6.519846000	0.079147816	0.564626170
6.519847000	0.074873358	0.557297784
6.519848000	0.120659411	0.558060047
6.519849000	0.115506165	0.557347951
6.519850000	0.110659920	0.558559423
6.519851000	0.124330230	0.560858463
6.519852000	0.133665919	0.556635622
6.519853000	0.097352624	0.552619175
6.519854000	0.126317248	0.546600764
6.519855000	0.133089855	0.551521787
6.519856000	0.142586380	0.549021445
6.519857000	0.157002047	0.547546386
6.519858000	0.168582618	0.550503793
6.519859000	0.104763366	0.547954915
6.519860000	0.165314630	0.545769026
6.519861000	0.206081808	0.538983291
6.519862000	0.152883798	0.538748267
6.519863000	0.204121947	0.536507484
6.519864000	0.196313158	0.540561015
6.519865000	0.219301239	0.536400191
6.519866000	0.211832479	0.532137636
6.519867000	0.248704210	0.533276503
6.519868000	0.254112482	0.535354035
6.519869000	0.205032349	0.530637277
6.519870000	0.253489822	0.526988081
6.519871000	0.222827971	0.529708800
6.519872000	0.262810141	0.527854574
6.519873000	0.275794864	0.524066094
6.519874000	0.234292284	0.517669580
6.519875000	0.250699162	0.522868870
6.519876000	0.308509886	0.525442116
6.519877000	0.314370245	0.514802055
6.519878000	0.292383254	0.511952772
6.519879000	0.304083169	0.516035731
6.519880000	0.341419786	0.514193955
6.519881000	0.303489178	0.519814856
6.519882000	0.318278015	0.509400598
6.519883000	0.331662685	0.510814504
6.519884000	0.355848044	0.506161096
6.519885000	0.359792948	0.503896543
6.519886000	0.304918677	0.512347220
6.519887000	0.355200320	0.506501814
6.519888000	0.363281965	0.509424467
6.519889000	0.353204161	0.508060695
6.519890000	0.328212976	0.503722206
6.519891000	0.402525008	0.501903234
6.519892000	0.347555310	0.493952200
6.519893000	0.400826663	0.493484516
6.519894000	0.421835274	0.498550048
6.519895000	0.390723288	0.495310379
6.519896000	0.378763050	0.493873837
6.519897000	0.391720414	0.488611930
6.519898000	0.417808384	0.496888868
6.519899000	0.462947220	0.487952864
6.519900000	0.464349508	0.488366053
6.519901000	0.397528827	0.492455970
6.519902000	0.370486766	0.491607120
6.519903000	0.455223948	0.489088003
6.519904000	0.452019513	0.484256796
6.519905000	0.466430008	0.486045408
6.519906000	0.449155450	0.486548113
6.519907000	0.429820716	0.478918156
6.519908000	0.441791683	0.479300952
6.519909000	0.429958940	0.485363506
6.519910000	0.427523136	0.478231127
6.519911000	0.454131484	0.477021686
6.519912000	0.440296739	0.481878260
6.519913000	0.481974155	0.474457761
6.519914000	0.485718548	0.473472558
6.519915000	0.486279160	0.476133222
6.519916000	0.477710098	0.471436105
6.519917000	0.455767870	0.469312201
6.519918000	0.459957093	0.469677953
6.519919000	0.517206013	0.467135466
6.519920000	0.487857610	0.466963226
6.519921000	0.480619580	0.467826190
6.519922000	0.511022270	0.468377032
6.519923000	0.503201485	0.468411853
6.519924000	0.532545924	0.465415763
6.519925000	0.529595971	0.464844648
6.519926000	0.507780373	0.467152377
6.519927000	0.539637744	0.462369839
6.519928000	0.507467926	0.458676268
6.519929000	0.487250715	0.461850190
6.519930000	0.506446898	0.459269054
6.519931000	0.523439288	0.461428645
6.519932000	0.531474590	0.457325646
6.519933000	0.537398219	0.457376445
6.519934000	0.497656822	0.452197696
6.519935000	0.531267524	0.456258417
6.519936000	0.573664725	0.452686186
6.519937000	0.545942187	0.455522186
6.519938000	0.560022533	0.451488263
6.519939000	0.576604903	0.448775966
6.519940000	0.555834293	0.448660685
6.519941000	0.550029039	0.447763899
6.519942000	0.568124950	0.445573016
6.519943000	0.612237036	0.446621702
6.519944000	0.563141763	0.447932743
6.519945000	0.591920793	0.446315838
6.519946000	0.589034796	0.446472432
6.519947000	0.581397712	0.441514991
6.519948000	0.590369582	0.441110324
6.519949000	0.577026367	0.440996007
6.519950000	0.597401619	0.443416821
6.519951000	0.590680957	0.442453522
6.519952000	0.625186503	0.442880560
6.519953000	0.642895222	0.436975666
6.519954000	0.579004049	0.441078965
6.519955000	0.636596024	0.437216749
6.519956000	0.594817221	0.436671300
6.519957000	0.582239807	0.436792574
6.519958000	0.618052185	0.441362891
6.519959000	0.644685030	0.432882021
6.519960000	0.619932532	0.432517768
6.519961000	0.604014218	0.432380249
6.519962000	0.633428693	0.432411940
6.519963000	0.654033601	0.429986766
6.519964000	0.633092165	0.434820836
6.519965000	0.634074628	0.434703790
6.519966000	0.637268782	0.426603519
6.519967000	0.597227335	0.430970404
6.519968000	0.627526641	0.433675477
6.519969000	0.650491238	0.423202496
6.519970000	0.681749105	0.423920817
6.519971000	0.665593982	0.421999014
6.519972000	0.635709941	0.416553948
6.519973000	0.644106805	0.423087547
6.519974000	0.676301718	0.419929171
6.519975000	0.661520720	0.424070021
6.519976000	0.698612034	0.423520777
6.519977000	0.704410493	0.420881618
6.519978000	0.679975510	0.422189063
6.519979000	0.646951139	0.414808412
6.519980000	0.701517701	0.421533127
6.519981000	0.636724055	0.418301248
6.519982000	0.692368865	0.421189113
6.519983000	0.693517268	0.421288882
6.519984000	0.681566298	0.421907700
6.519985000	0.697429180	0.415278360
6.519986000	0.675300121	0.421010714
6.519987000	0.696793318	0.415322569
6.519988000	0.658092499	0.410960977
6.519989000	0.662671566	0.419625604
6.519990000	0.662460506	0.412930850
6.519991000	0.677296102	0.413514182
6.519992000	0.708144307	0.410856947
6.519993000	0.692194819	0.417264379
6.519994000	0.746954262	0.414532708
6.519995000	0.688966751	0.412659308
6.519996000	0.705985248	0.411070366
6.519997000	0.737515807	0.407653131
6.519998000	0.689696729	0.409405324
6.519999000	0.727898180	0.401783757
6.520000000	0.727260888	0.407461117
6.520001000	0.754309118	0.405010043
6.520002000	0.727234602	0.406350479
6.520003000	0.736948907	0.402885307
6.520004000	0.744162977	0.406391724
6.520005000	0.676375270	0.404658806
6.520006000	0.708532393	0.406329406
6.520007000	0.707326651	0.403080183
6.520008000	0.699639499	0.400810971
6.520009000	0.713779271	0.403381287
6.520010000	0.744945765	0.404699918
6.520011000	0.719644606	0.399634053
6.520012000	0.721781790	0.406829049
6.520013000	0.750470340	0.396556504
6.520014000	0.750353694	0.401342238
6.520015000	0.725328684	0.395349926
6.520016000	0.738946199	0.398889733
6.520017000	0.722068310	0.400434832
6.520018000	0.724422097	0.395440340
6.520019000	0.764212787	0.395387110
6.520020000	0.757999003	0.390418783
6.520021000	0.755768180	0.392208627
6.520022000	0.748295009	0.389147823
6.520023000	0.766624153	0.392066614
6.520024000	0.778658092	0.390249207
6.520025000	0.751525939	0.394382732
6.520026000	0.779436767	0.390040515
6.520027000	0.770270288	0.393734086
6.520028000	0.739997327	0.386682968
6.520029000	0.801922977	0.385323058
6.520030000	0.816687286	0.388283561
6.520031000	0.803955913	0.390861234
6.520032000	0.805383801	0.387183808
6.520033000	0.793285072	0.389221593
6.520034000	0.790782869	0.388329434
6.520035000	0.808478236	0.386525042
6.520036000	0.781583011	0.390950850
6.520037000	0.783777237	0.388977247
6.520038000	0.796516299	0.386000466
6.520039000	0.777366281	0.389773000
6.520040000	0.779443920	0.384708733
6.520041000	0.794078946	0.380840791
6.520042000	0.776769459	0.387105478
6.520043000	0.765929997	0.384421877
6.520044000	0.750220001	0.381679520
6.520045000	0.769038022	0.382528003
6.520046000	0.782332838	0.385735148
6.520047000	0.774921417	0.384720817
6.520048000	0.803016305	0.384362555
6.520049000	0.779999852	0.378663291
6.520050000	0.799181759	0.375738740
6.520051000	0.832507014	0.382064181
6.520052000	0.841895401	0.375053143
6.520053000	0.799046576	0.379115728
6.520054000	0.837004304	0.377934816
6.520055000	0.816900313	0.374874112
6.520056000	0.848177075	0.378596911
6.520057000	0.839521170	0.376132555
6.520058000	0.811607718	0.376299935
6.520059000	0.838026345	0.380275036
6.520060000	0.814621329	0.371409439
6.520061000	0.766890287	0.372976709
6.520062000	0.789891541	0.373582412
6.520063000	0.818729222	0.373616734
6.520064000	0.775200844	0.371443860
6.520065000	0.831737339	0.373950494
6.520066000	0.871276855	0.376473806
6.520067000	0.869268119	0.368451233
6.520068000	0.856536686	0.371256041
6.520069000	0.832992613	0.369028040
6.520070000	0.831881702	0.365911742
6.520071000	0.824909806	0.371463867
6.520072000	0.795170665	0.370347637
6.520073000	0.879392326	0.371558876
6.520074000	0.841502488	0.372341712
6.520075000	0.813782334	0.369057402
6.520076000	0.819616556	0.371046650
6.520077000	0.815209031	0.367728185
6.520078000	0.863170743	0.365634075
6.520079000	0.798245132	0.365739636
6.520080000	0.828432143	0.365626951
6.520081000	0.849977136	0.364089941
6.520082000	0.799833059	0.365558175
6.520083000	0.801040888	0.366349400
6.520084000	0.858313262	0.364758194
6.520085000	0.849042535	0.368071932
6.520086000	0.785471737	0.365346986
6.520087000	0.886945248	0.360704830
6.520088000	0.860834301	0.369669829
6.520089000	0.808614492	0.364103057
6.520090000	0.864477217	0.364723740
6.520091000	0.857109308	0.362586253
6.520092000	0.856862247	0.361471254
6.520093000	0.870272934	0.361373383
6.520094000	0.834407210	0.359599551
6.520095000	0.838623405	0.358258184
6.520096000	0.867969692	0.363009829
6.520097000	0.816090524	0.357629511
6.520098000	0.887644172	0.356895444
6.520099000	0.874205410	0.354039703
6.520100000	0.815845311	0.357534103
6.520101000	0.880758107	0.356700201
6.520102000	0.853883445	0.357355305
6.520103000	0.843434036	0.361797192
6.520104000	0.842922270	0.350523398
6.520105000	0.841574550	0.359999259
6.520106000	0.830852747	0.360600434
6.520107000	0.893747509	0.358074625
6.520108000	0.864313543	0.352095629
6.520109000	0.846824288	0.358840617
6.520110000	0.866170824	0.353743859
6.520111000	0.855264306	0.349762666
6.520112000	0.870806694	0.357038456
6.520113000	0.879898727	0.355074974
6.520114000	0.852073610	0.350842179
6.520115000	0.856435120	0.351915300
6.520116000	0.892006516	0.348067465
6.520117000	0.856498778	0.351947457
6.520118000	0.868398070	0.349945259
6.520119000	0.866539121	0.350232581
6.520120000	0.898994267	0.352953866
6.520121000	0.910275519	0.349166684
6.520122000	0.883983195	0.347435829
6.520123000	0.913324893	0.349754544
6.520124000	0.896005332	0.348314839
6.520125000	0.879008055	0.346707888
6.520126000	0.882327497	0.346056245
6.520127000	0.868671417	0.349666427
6.520128000	0.920362413	0.346939050
6.520129000	0.872265816	0.346705790
6.520130000	0.851019323	0.347316620
6.520131000	0.891427219	0.342781489
6.520132000	0.885243654	0.342760583
6.520133000	0.867938995	0.347948688
6.520134000	0.917067170	0.341655272
6.520135000	0.870708823	0.344230981
6.520136000	0.932244718	0.339480301
6.520137000	0.870628238	0.341704973
6.520138000	0.902631044	0.342561379
6.520139000	0.895297945	0.342930593
6.520140000	0.921725452	0.340584981
6.520141000	0.902324140	0.346285843
6.520142000	0.904379606	0.338651126
6.520143000	0.916482270	0.340544301
6.520144000	0.892606676	0.344253452
6.520145000	0.909648538	0.340689110
6.520146000	0.928883672	0.342363706
6.520147000	0.897640824	0.340811482
6.520148000	0.897085786	0.341374808
6.520149000	0.899765432	0.343647050
6.520150000	0.932881415	0.340412940
6.520151000	0.908977032	0.338535279
6.520152000	0.919444203	0.339286989
6.520153000	0.913043320	0.337415419
6.520154000	0.947242320	0.336447294
6.520155000	0.947341561	0.340114966
6.520156000	0.901336372	0.339534064
6.520157000	0.904707074	0.336920571
6.520158000	0.906628668	0.335281362
6.520159000	0.904466927	0.337326570
6.520160000	0.894254565	0.341989998
6.520161000	0.892640054	0.336575592
6.520162000	0.880699754	0.333496411
6.520163000	0.897185087	0.336624361
6.520164000	0.882820845	0.333283592
6.520165000	0.924898446	0.334146622
6.520166000	0.912849009	0.333592152
6.520167000	0.933089674	0.336979826
6.520168000	0.934850454	0.338068227
6.520169000	0.897239089	0.333938063
6.520170000	0.919704795	0.331114414
6.520171000	0.879473984	0.335271974
6.520172000	0.921811938	0.334688209
6.520173000	0.905265510	0.334057440
6.520174000	0.943531454	0.328601322
6.520175000	0.900509059	0.330240431
6.520176000	0.942047238	0.328106040
6.520177000	0.903688550	0.329395809
6.520178000	0.960254371	0.330484909
6.520179000	0.956882298	0.332225085
6.520180000	0.985072196	0.328695664
6.520181000	0.896773100	0.332584146
6.520182000	0.917337298	0.334301818
6.520183000	0.932506025	0.329970952
6.520184000	0.903425395	0.329480531
6.520185000	0.927000523	0.328851293
6.520186000	0.917941570	0.325383491
6.520187000	0.936389744	0.331391149
6.520188000	0.956687748	0.329410423
6.520189000	0.901199996	0.330182207
6.520190000	0.919224560	0.328347722
6.520191000	0.929535210	0.326193990
6.520192000	0.948407054	0.329120072
6.520193000	0.923659205	0.326229144
6.520194000	0.929321051	0.326465267
6.520195000	0.937182963	0.327365948
6.520196000	0.941465557	0.326096352
6.520197000	0.923098862	0.328971068
6.520198000	0.915922463	0.322002807
6.520199000	0.978498220	0.325445642
6.520200000	0.956085384	0.322019452
6.520201000	0.927556992	0.327623276
6.520202000	0.939607859	0.326539635
6.520203000	0.921245515	0.324848195
6.520204000	0.999086261	0.322080705
6.520205000	0.933597386	0.326371357
6.520206000	0.918384373	0.324246421
6.520207000	0.943551779	0.325470676
6.520208000	0.930687308	0.323904904
6.520209000	0.934133172	0.320798160
6.520210000	0.939389646	0.325258588
6.520211000	0.920167327	0.322516897
6.520212000	0.915260792	0.319642847
6.520213000	0.964966834	0.318407806
6.520214000	0.926269352	0.320961611
6.520215000	0.957189918	0.321371006
6.520216000	0.929963171	0.317262514
6.520217000	0.946676552	0.322952591
6.520218000	0.956397474	0.320537070
6.520219000	0.947615266	0.319792617
6.520220000	0.950256884	0.319121766
6.520221000	0.958489358	0.313212145
6.520222000	0.951956451	0.314492493
6.520223000	0.912730098	0.318373784
6.520224000	0.952967167	0.319762024
6.520225000	0.933166087	0.321371871
6.520226000	0.931334853	0.321961196
6.520227000	0.919349134	0.316444357
6.520228000	0.930278420	0.318446489
6.520229000	0.988816142	0.318374617
6.520230000	0.946235001	0.323758064
6.520231000	0.940459192	0.312860109
6.520232000	0.894937515	0.319003655
6.520233000	0.956160843	0.313969682
6.520234000	0.961146474	0.317035180
6.520235000	0.952423990	0.313169934
6.520236000	0.944670856	0.315852936
6.520237000	0.953330815	0.320083667
6.520238000	0.970305085	0.315045632
6.520239000	0.951262295	0.316241258
6.520240000	0.927144885	0.316001108
6.520241000	0.957679391	0.306276675
6.520242000	0.978749812	0.316713204
6.520243000	0.944323480	0.310430807
6.520244000	0.953318894	0.312733342
6.520245000	0.975490153	0.311120133
6.520246000	0.979450881	0.311668710
6.520247000	0.995658576	0.314375348
6.520248000	0.970534384	0.309754330
6.520249000	0.961587250	0.309893747
6.520250000	0.959813714	0.309796042
6.520251000	0.963417411	0.316232004
6.520252000	0.984168768	0.310702948
6.520253000	0.993252039	0.309357786
6.520254000	0.928798616	0.312924790
6.520255000	0.986045718	0.309700734
6.520256000	0.969302714	0.309864951
6.520257000	0.969913185	0.316229374
6.520258000	0.959571779	0.311622505
6.520259000	0.966625035	0.310529443
6.520260000	0.972266257	0.307822074
6.520261000	0.965767264	0.309874406
6.520262000	1.028960705	0.311597471
6.520263000	0.990913987	0.309345535
6.520264000	0.991144776	0.305342438
6.520265000	0.992474139	0.310792464
6.520266000	0.963785589	0.305890550
6.520267000	0.960869730	0.305102454
6.520268000	0.944943547	0.306956846
6.520269000	1.002599478	0.309618975
6.520270000	1.003511429	0.304816297
6.520271000	0.946428537	0.307473799
6.520272000	1.004310369	0.303802398
6.520273000	0.937208235	0.305666345
6.520274000	0.993816495	0.308396052
6.520275000	0.938835502	0.302718758
6.520276000	0.975678921	0.304255236
6.520277000	0.994455338	0.310744660
6.520278000	0.974221706	0.309747839
6.520279000	0.929174483	0.310528045
6.520280000	0.997237027	0.304021377
6.520281000	0.956028283	0.301618207
6.520282000	0.942801356	0.301885422
6.520283000	0.962021470	0.306489861
6.520284000	0.973678529	0.305180451
6.520285000	0.997188628	0.305157148
6.520286000	0.990096092	0.304909208
6.520287000	1.009563565	0.306929748
6.520288000	1.015346289	0.303005447
6.520289000	1.028031945	0.301034775
6.520290000	1.000523448	0.300578342
6.520291000	0.997609854	0.300435663
6.520292000	0.931754470	0.307425862
6.520293000	0.984352708	0.302594056
6.520294000	1.014375329	0.299274226
6.520295000	1.009463549	0.299887385
6.520296000	1.005679131	0.299258014
6.520297000	1.002892733	0.298590259
6.520298000	0.987430334	0.300131497
6.520299000	0.979394436	0.303733056
6.520300000	0.990867615	0.308753248
6.520301000	0.962880015	0.305049390
6.520302000	0.971450150	0.302113189
6.520303000	1.011922121	0.298860071
6.520304000	0.978324831	0.298960139
6.520305000	0.997242570	0.301250158
6.520306000	0.972174227	0.295006410
6.520307000	0.988618672	0.299768042
6.520308000	0.948672533	0.305483552
6.520309000	0.974807680	0.295700496
6.520310000	0.991924107	0.295867110
6.520311000	0.995702803	0.297836352
6.520312000	0.985799789	0.301725865
6.520313000	0.989765465	0.303558686
6.520314000	1.017955899	0.302725017
6.520315000	1.004476190	0.295126152
6.520316000	1.006429672	0.297387209
6.520317000	0.988826632	0.298749716
6.520318000	0.990692973	0.296431334
6.520319000	0.976225078	0.302020078
6.520320000	0.984837711	0.299465341
6.520321000	1.023065448	0.300671852
6.520322000	1.032201409	0.300752247
6.520323000	0.988670349	0.302319817
6.520324000	0.972857714	0.300917196
6.520325000	0.994802654	0.300643789
6.520326000	1.010701776	0.299541407
6.520327000	0.999985158	0.293074620
6.520328000	1.005823135	0.298291453
6.520329000	1.007169247	0.297763714
6.520330000	0.998369753	0.295347461
6.520331000	0.983862400	0.298194813
6.520332000	0.991650760	0.301054848
6.520333000	0.974023104	0.292239086
6.520334000	1.015529871	0.293997838
6.520335000	1.024804950	0.294148672
6.520336000	0.975385845	0.294548646
6.520337000	0.985652626	0.294102300
6.520338000	1.022745252	0.291674762
6.520339000	1.012474418	0.295718406
6.520340000	1.017879605	0.292893225
6.520341000	1.002932668	0.297781324
6.520342000	0.972729325	0.295665809
6.520343000	1.010812044	0.295231014
6.520344000	1.002162933	0.294993061
6.520345000	1.027672410	0.297010638
6.520346000	1.004636049	0.296646152
6.520347000	1.020472884	0.295364272
6.520348000	1.020316124	0.289088001
6.520349000	0.986886919	0.291835983
6.520350000	0.996308327	0.294078964
6.520351000	0.984249115	0.290496014
6.520352000	0.995958984	0.288109788
6.520353000	1.013351202	0.285136202
6.520354000	1.044830203	0.290463823
6.520355000	1.035169840	0.290078996
6.520356000	0.996298611	0.289335208
6.520357000	0.976126790	0.293507650
6.520358000	0.978085220	0.286527271
6.520359000	1.024033189	0.288017809
6.520360000	1.030157208	0.290632434
6.520361000	1.002416372	0.294574445
6.520362000	1.010385156	0.285225452
6.520363000	1.029382706	0.287724329
6.520364000	1.034067750	0.289449325
6.520365000	1.004929781	0.289447527
6.520366000	1.000503659	0.287832853
6.520367000	1.051721811	0.288234724
6.520368000	0.996253312	0.288400139
6.520369000	0.972046793	0.283529750
6.520370000	1.010163665	0.286838428
6.520371000	1.019145846	0.290053197
6.520372000	1.013238549	0.289326320
6.520373000	1.036187530	0.291203982
6.520374000	1.005805373	0.284016709
6.520375000	1.005708814	0.287208441
6.520376000	0.989370823	0.290075467
6.520377000	1.004717588	0.288285424
6.520378000	1.031287789	0.286167745
6.520379000	1.027624846	0.291150586
6.520380000	1.003198028	0.281053044
6.520381000	1.055877805	0.287000914
6.520382000	1.053149462	0.289252750
6.520383000	1.069729209	0.282830904
6.520384000	0.994827211	0.285185537
6.520385000	1.024378657	0.288652274
6.520386000	0.995329559	0.284681867
6.520387000	1.046931863	0.283990311
6.520388000	1.002083063	0.284827276
6.520389000	1.050793886	0.287396860
6.520390000	1.000332832	0.286235888
6.520391000	1.027104497	0.285136569
6.520392000	0.995698035	0.286046504
6.520393000	1.023453355	0.285493565
6.520394000	1.026182413	0.283474257
6.520395000	1.007804275	0.283502120
6.520396000	1.004852772	0.286664724
6.520397000	1.031507969	0.286100500
6.520398000	1.007636905	0.283948765
6.520399000	1.018464327	0.283036400
6.520400000	1.014340401	0.290833470
6.520401000	1.035972357	0.280573275
6.520402000	1.013826132	0.285998035
6.520403000	1.045760393	0.281139463
6.520404000	1.013804078	0.286549908
6.520405000	1.031628609	0.281936547
6.520406000	1.040683746	0.281547560
6.520407000	1.009913206	0.282017308
6.520408000	0.971401215	0.284659097
6.520409000	1.020705700	0.283726092
6.520410000	1.018716812	0.284463388
6.520411000	1.039022565	0.282316581
6.520412000	0.997658610	0.280023066
6.520413000	1.040490866	0.282282093
6.520414000	1.012738466	0.277627287
6.520415000	1.025181770	0.282686827
6.520416000	0.990613639	0.282170240
6.520417000	1.056173086	0.282448041
6.520418000	1.028563857	0.283258541
6.520419000	1.030264020	0.281880488
6.520420000	1.028356791	0.286021604
6.520421000	1.033827305	0.279234621
6.520422000	0.981611013	0.281480881
6.520423000	0.999044418	0.284303332
6.520424000	1.030993104	0.286880007
6.520425000	1.057442904	0.279611408
6.520426000	1.034885406	0.279591634
6.520427000	1.026158094	0.278140578
6.520428000	1.048200488	0.281432178
6.520429000	1.080815792	0.279365765
6.520430000	1.042590976	0.279833849
6.520431000	1.039307475	0.279266629
6.520432000	1.045522809	0.280417580
6.520433000	1.055198550	0.280966658
6.520434000	1.055187106	0.281064895
6.520435000	1.077685714	0.278737941
6.520436000	1.050264478	0.281548858
6.520437000	1.052660465	0.280034018
6.520438000	1.044332266	0.276207955
6.520439000	1.065856934	0.280252897
6.520440000	1.031683326	0.280490950
6.520441000	1.037883282	0.276874244
6.520442000	1.029595137	0.278419976
6.520443000	1.073402047	0.274245854
6.520444000	1.035520077	0.279091093
6.520445000	1.029594421	0.279466066
6.520446000	1.035160065	0.280797414
6.520447000	1.058246255	0.279085251
6.520448000	1.031994343	0.283522260
6.520449000	1.015275955	0.278917904
6.520450000	1.020684123	0.277254344
6.520451000	1.042102933	0.281001079
6.520452000	1.030730486	0.273831849
6.520453000	1.011984944	0.276421074
6.520454000	1.071802616	0.273965840
6.520455000	1.048766375	0.276511339
6.520456000	1.036255836	0.278023182
6.520457000	1.000695825	0.278580965
6.520458000	1.039464951	0.277127594
6.520459000	1.041304946	0.277397872
6.520460000	1.063763618	0.272194321
6.520461000	1.025227666	0.272880535
6.520462000	1.047764421	0.272305825
6.520463000	1.049452066	0.273879703
6.520464000	1.025011539	0.276197735
6.520465000	1.055867553	0.276772029
6.520466000	1.038802981	0.281912080
6.520467000	1.026321173	0.275716602
6.520468000	1.034677386	0.276199583
6.520469000	1.046199441	0.277640769
6.520470000	1.037706256	0.275419559
6.520471000	1.036826611	0.272243473
6.520472000	1.031223536	0.270598921
6.520473000	1.037112355	0.275323070
6.520474000	1.056830406	0.271799924
6.520475000	1.055215955	0.277494877
6.520476000	1.050774693	0.273110399
6.520477000	1.030193567	0.272835594
6.520478000	1.043713331	0.276834230
6.520479000	0.993040025	0.272999312
6.520480000	1.041246891	0.279196271
6.520481000	1.023180604	0.269457041
6.520482000	1.028199434	0.269083949
6.520483000	1.065544963	0.273560257
6.520484000	1.019532204	0.272835444
6.520485000	1.034876823	0.269756880
6.520486000	1.049866199	0.270013609
6.520487000	1.061744690	0.271644628
6.520488000	1.007228613	0.272773176
6.520489000	1.035933137	0.270566314
6.520490000	1.022370934	0.272113028
6.520491000	1.041399598	0.272646826
6.520492000	1.042567372	0.268205738
6.520493000	1.028845549	0.271199348
6.520494000	1.009807825	0.268612353
6.520495000	1.049636006	0.274635608
6.520496000	1.076198339	0.273247419
6.520497000	1.079070330	0.271921930
6.520498000	1.028933644	0.272220970
6.520499000	1.093650460	0.275925843
6.520500000	1.090697765	0.269067970
6.520501000	1.024963140	0.270526683
6.520502000	1.022572279	0.271472638
6.520503000	1.052646160	0.272894000
6.520504000	1.035984397	0.268159666
6.520505000	1.053421617	0.267681362
6.520506000	1.042632341	0.271876107
6.520507000	1.051737428	0.267891835
6.520508000	1.040379763	0.266694461
6.520509000	1.051801443	0.269794564
6.520510000	1.072553515	0.268626934
6.520511000	1.059812546	0.268540647
6.520512000	1.012457252	0.271041572
6.520513000	1.039775968	0.267969583
6.520514000	1.038577318	0.267414064
6.520515000	1.059288383	0.268249597
6.520516000	1.041600466	0.264822841
6.520517000	1.024705291	0.265270419
6.520518000	1.048119903	0.268929685
6.520519000	1.045129061	0.265169385
6.520520000	1.032864213	0.262145915
6.520521000	1.047011733	0.266664118
6.520522000	1.069286942	0.267618445
6.520523000	1.057325125	0.267300547
6.520524000	1.049585700	0.271187463
6.520525000	1.061973929	0.263784109
6.520526000	1.050939679	0.268028438
6.520527000	1.026856303	0.265949159
6.520528000	1.042354226	0.266497703
6.520529000	1.028472781	0.267926489
6.520530000	1.050543785	0.264913206
6.520531000	1.054625154	0.266797991
6.520532000	1.040298939	0.266551233
6.520533000	1.015568733	0.263799455
6.520534000	1.031149745	0.260773089
6.520535000	1.056554914	0.266631843
6.520536000	1.053058863	0.268278210
6.520537000	1.070605159	0.268077890
6.520538000	1.061555266	0.270104173
6.520539000	1.048038840	0.268446455
6.520540000	1.048449993	0.264073278
6.520541000	1.057719469	0.262307286
6.520542000	1.055806518	0.262651450
6.520543000	1.046199322	0.261946061
6.520544000	1.097606063	0.266351113
6.520545000	1.032907009	0.265082716
6.520546000	1.064423919	0.271035580
6.520547000	1.015161514	0.268150128
6.520548000	1.072973847	0.264401313
6.520549000	1.047200441	0.261290907
6.520550000	1.029287815	0.265431523
6.520551000	1.052332878	0.265363430
6.520552000	1.087273121	0.260137625
6.520553000	1.040112138	0.264984429
6.520554000	1.027253032	0.259209364
6.520555000	1.063234568	0.265814669
6.520556000	1.034168720	0.260409035
6.520557000	1.077505231	0.263564681
6.520558000	1.057620287	0.262953918
6.520559000	1.058414578	0.263619159
6.520560000	1.075716615	0.265120383
6.520561000	1.056635737	0.262896244
6.520562000	1.057188511	0.261209997
6.520563000	1.066561818	0.260983978
6.520564000	1.078405142	0.266683675
6.520565000	1.078449965	0.262423067
6.520566000	1.054981589	0.259266256
6.520567000	1.048288584	0.262991635
6.520568000	1.083005309	0.261901237
6.520569000	1.075207353	0.262338794
6.520570000	1.048742294	0.263203023
6.520571000	1.065153360	0.258718144
6.520572000	1.077512026	0.263311214
6.520573000	1.088687658	0.261271183
6.520574000	1.084019661	0.266412466
6.520575000	1.026628137	0.264926288
6.520576000	1.055816054	0.257846275
6.520577000	1.077124000	0.258413411
6.520578000	1.084105253	0.264571905
6.520579000	1.075682998	0.258304954
6.520580000	1.069423079	0.264709058
6.520581000	1.055174947	0.258041950
6.520582000	1.062315583	0.253870109
6.520583000	1.048765302	0.266875040
6.520584000	0.984388411	0.261471869
6.520585000	1.073162079	0.268565481
6.520586000	1.049929500	0.258931197
6.520587000	1.037177444	0.261728980
6.520588000	1.066387773	0.264515379
6.520589000	1.047045469	0.261936008
6.520590000	1.048321128	0.258245616
6.520591000	1.029598594	0.257214340
6.520592000	1.077056766	0.259523251
6.520593000	1.039927363	0.258884308
6.520594000	1.063180923	0.258137625
6.520595000	1.055641651	0.257749768
6.520596000	1.092227221	0.259909692
6.520597000	1.051573277	0.256137491
6.520598000	1.062596679	0.260618625
6.520599000	1.101344228	0.254006396
6.520600000	1.069346189	0.263563316
6.520601000	1.064751625	0.253209944
6.520602000	1.098920345	0.258586084
6.520603000	1.044079542	0.261634355
6.520604000	1.065645099	0.256263558
6.520605000	1.045234919	0.258683622
6.520606000	1.019123912	0.258514728
6.520607000	1.076381922	0.256973956
6.520608000	1.044724107	0.257513796
6.520609000	1.083018422	0.257685753
6.520610000	1.059356451	0.256047992
6.520611000	1.067845583	0.258798488
6.520612000	1.069548845	0.259391424
6.520613000	1.070279956	0.260317572
6.520614000	1.045905471	0.256500729
6.520615000	1.046455145	0.256684870
6.520616000	1.050580740	0.260693144
6.520617000	1.111887336	0.257606390
6.520618000	1.085523486	0.256605841
6.520619000	1.091861844	0.258240889
6.520620000	1.025380492	0.253886221
6.520621000	1.086166143	0.258976071
6.520622000	1.044956326	0.258891615
6.520623000	1.078348517	0.258795625
6.520624000	1.064283848	0.255472816
6.520625000	1.102204323	0.249683386
6.520626000	1.041442871	0.253151571
6.520627000	1.045998931	0.252714813
6.520628000	1.053522944	0.257947325
6.520629000	1.117924929	0.256552245
6.520630000	1.071681380	0.252122043
6.520631000	1.074307561	0.252705874
6.520632000	1.099754691	0.251260910
6.520633000	1.046603680	0.258140837
6.520634000	1.068898797	0.257910191
6.520635000	1.041882992	0.263132999
6.520636000	1.058698058	0.254931844
6.520637000	1.095010638	0.255484916
6.520638000	1.036924601	0.256796457
6.520639000	1.068388939	0.252325275
6.520640000	1.073258400	0.258293003
6.520641000	1.060486317	0.257330753
6.520642000	1.035045505	0.254727780
6.520643000	1.025771618	0.260305404
6.520644000	1.105957508	0.255339841
6.520645000	1.044244766	0.251206165
6.520646000	1.060113430	0.253781359
6.520647000	1.054914594	0.257523683
6.520648000	1.051352859	0.253544754
6.520649000	1.069438934	0.257395418
6.520650000	1.047351718	0.252459832
6.520651000	1.130264282	0.250852414
6.520652000	1.061628580	0.257115703
6.520653000	1.086167932	0.254607122
6.520654000	1.083296299	0.254709487
6.520655000	1.072930098	0.252614145
6.520656000	1.088132858	0.252741544
6.520657000	1.044694185	0.255382035
6.520658000	1.101821899	0.256113955
6.520659000	1.079423308	0.253262409
6.520660000	1.074318647	0.251256566
6.520661000	1.079516768	0.251298643
6.520662000	1.098190427	0.255631274
6.520663000	1.053496838	0.250693257
6.520664000	1.062241673	0.258251158
6.520665000	1.064831614	0.252828546
6.520666000	1.038695455	0.254455987
6.520667000	1.067698240	0.252481287
6.520668000	1.057704687	0.251419551
6.520669000	1.090225458	0.257122544
6.520670000	1.047885180	0.257178820
6.520671000	1.066948891	0.250724083
6.520672000	1.079629898	0.255748153
6.520673000	1.092761874	0.253874669
6.520674000	1.049819589	0.253502343
6.520675000	1.073436856	0.248497431
6.520676000	1.084363937	0.251449944
6.520677000	1.083258629	0.253053284
6.520678000	1.069768906	0.251801914
6.520679000	1.084615231	0.250513444
6.520680000	1.122953415	0.251372696
6.520681000	1.073103905	0.249788764
6.520682000	1.071997762	0.253527227
6.520683000	1.074982047	0.249802346
6.520684000	1.072697163	0.255842695
6.520685000	1.064654589	0.248490573
6.520686000	1.079727769	0.246940996
6.520687000	1.044914722	0.247870273
6.520688000	1.086283565	0.250819890
6.520689000	1.065986395	0.252799335
6.520690000	1.091760516	0.253434981
6.520691000	1.067226171	0.248507967
6.520692000	1.083640814	0.253926401
6.520693000	1.088333726	0.249894392
6.520694000	1.071592331	0.248956859
6.520695000	1.077917337	0.251736550
6.520696000	1.075157404	0.250647035
6.520697000	1.064077139	0.253913818
6.520698000	1.070647836	0.249308180
6.520699000	1.087259650	0.249831808
6.520700000	1.073843837	0.245168063
6.520701000	1.086796641	0.252389141
6.520702000	1.071977735	0.250527092
6.520703000	1.074086785	0.250431335
6.520704000	1.101798534	0.247801031
6.520705000	1.075219631	0.250395865
6.520706000	1.078067303	0.253357150
6.520707000	1.096253753	0.251551844
6.520708000	1.089644194	0.250784587
6.520709000	1.099560738	0.249286409
6.520710000	1.048483610	0.246823917
6.520711000	1.119583249	0.250757306
6.520712000	1.070291400	0.248963501
6.520713000	1.094412684	0.251138338
6.520714000	1.073990583	0.247783487
6.520715000	1.092393041	0.247933540
6.520716000	1.086940050	0.250072507
6.520717000	1.102536559	0.247207645
6.520718000	1.115035772	0.248597233
6.520719000	1.092138410	0.252427491
6.520720000	1.096351504	0.247776663
6.520721000	1.162171721	0.249871688
6.520722000	1.085902929	0.250211574
6.520723000	1.050520420	0.249652976
6.520724000	1.085575700	0.247466571
6.520725000	1.100843430	0.250571484
6.520726000	1.108317852	0.249761300
6.520727000	1.101574063	0.251578275
6.520728000	1.102660179	0.247262323
6.520729000	1.095444202	0.247996057
6.520730000	1.082517505	0.246639410
6.520731000	1.116641879	0.249339855
6.520732000	1.116026044	0.248953630
6.520733000	1.095086694	0.250995010
6.520734000	1.066452384	0.246789196
6.520735000	1.085440516	0.246113286
6.520736000	1.066634774	0.249576577
6.520737000	1.061698794	0.247003730
6.520738000	1.080320120	0.247489141
6.520739000	1.104948521	0.243651526
6.520740000	1.099265814	0.245882207
6.520741000	1.103782177	0.244468984
6.520742000	1.115641356	0.245411543
