D:\KID metingen\Entropy ADR\LT343chip5_BF_20240530_mapping\S21\Power\KID106_96dBm_.dat
Power at KID:96dBm
resonance Frequency in GHz :6.168025
Q=23101.217230, Qc=29908.082596, Qi=101502.391457  S21min=-12.856828


Temperature in K:0.100053
GHz	dB	Rad
6.167234000	-1.027092099	-0.238950398
6.167235000	-1.028656006	-0.240572979
6.167236000	-1.029663920	-0.238666821
6.167237000	-1.029161096	-0.238330897
6.167238000	-1.030786633	-0.240033838
6.167239000	-1.033522844	-0.239427486
6.167240000	-1.047376633	-0.239807370
6.167241000	-1.036661148	-0.239628655
6.167242000	-1.030511737	-0.241051366
6.167243000	-1.033140421	-0.241052697
6.167244000	-1.023740411	-0.240354150
6.167245000	-1.034379721	-0.241265600
6.167246000	-1.041086555	-0.240377020
6.167247000	-1.023293734	-0.240818705
6.167248000	-1.035951138	-0.240745568
6.167249000	-1.033208013	-0.241222607
6.167250000	-1.040774822	-0.241949383
6.167251000	-1.032100677	-0.241940096
6.167252000	-1.027056456	-0.241058140
6.167253000	-1.024122715	-0.241553205
6.167254000	-1.035802245	-0.241905741
6.167255000	-1.030298591	-0.242245510
6.167256000	-1.026082397	-0.242312738
6.167257000	-1.025653958	-0.241707618
6.167258000	-1.023043513	-0.242485178
6.167259000	-1.026370406	-0.243048071
6.167260000	-1.030835986	-0.243574877
6.167261000	-1.031458616	-0.243249738
6.167262000	-1.027871966	-0.244011269
6.167263000	-1.033930182	-0.242828177
6.167264000	-1.031479120	-0.242938215
6.167265000	-1.032264590	-0.243799315
6.167266000	-1.036584258	-0.244144427
6.167267000	-1.024444342	-0.243433696
6.167268000	-1.025264502	-0.244091381
6.167269000	-1.025196433	-0.244618470
6.167270000	-1.022176266	-0.244039133
6.167271000	-1.031219721	-0.244155047
6.167272000	-1.031451702	-0.244425308
6.167273000	-1.039143682	-0.244235890
6.167274000	-1.025022507	-0.244881074
6.167275000	-1.032397389	-0.243711730
6.167276000	-1.045001507	-0.243729257
6.167277000	-1.036724687	-0.245747218
6.167278000	-1.041223526	-0.245214036
6.167279000	-1.032639027	-0.244054446
6.167280000	-1.035990953	-0.245277003
6.167281000	-1.036003709	-0.245202801
6.167282000	-1.036917925	-0.245564025
6.167283000	-1.037357330	-0.244775247
6.167284000	-1.034772873	-0.246935021
6.167285000	-1.034923315	-0.245534764
6.167286000	-1.032506227	-0.246077250
6.167287000	-1.031210661	-0.247405152
6.167288000	-1.023963213	-0.247109558
6.167289000	-1.036996126	-0.247245895
6.167290000	-1.028753042	-0.246788380
6.167291000	-1.034649372	-0.247951333
6.167292000	-1.031097174	-0.247156080
6.167293000	-1.030429482	-0.247587096
6.167294000	-1.037124515	-0.247641191
6.167295000	-1.035243273	-0.247194479
6.167296000	-1.033075690	-0.246782538
6.167297000	-1.031392097	-0.247227802
6.167298000	-1.033953786	-0.248750381
6.167299000	-1.035341859	-0.248527192
6.167300000	-1.040724993	-0.247982459
6.167301000	-1.036486506	-0.248633335
6.167302000	-1.037963271	-0.248695187
6.167303000	-1.033700109	-0.249085473
6.167304000	-1.037679315	-0.248238172
6.167305000	-1.038135409	-0.249448079
6.167306000	-1.029534221	-0.248536063
6.167307000	-1.036617637	-0.248912152
6.167308000	-1.039668560	-0.249724399
6.167309000	-1.035384178	-0.249311559
6.167310000	-1.033954024	-0.250099539
6.167311000	-1.035173774	-0.250663962
6.167312000	-1.048660874	-0.250266735
6.167313000	-1.038385391	-0.250374760
6.167314000	-1.028697848	-0.250255533
6.167315000	-1.034246683	-0.250350891
6.167316000	-1.029379845	-0.251894809
6.167317000	-1.035710573	-0.251457967
6.167318000	-1.043590426	-0.251096643
6.167319000	-1.034846067	-0.251873670
6.167320000	-1.030466557	-0.250620336
6.167321000	-1.032584667	-0.250926617
6.167322000	-1.036639214	-0.251978166
6.167323000	-1.037379503	-0.252320082
6.167324000	-1.036881924	-0.252559101
6.167325000	-1.034848571	-0.251742126
6.167326000	-1.035651922	-0.252994278
6.167327000	-1.029985070	-0.251982160
6.167328000	-1.041715145	-0.251386078
6.167329000	-1.033841968	-0.253673767
6.167330000	-1.032169461	-0.252278204
6.167331000	-1.022536159	-0.252442088
6.167332000	-1.034962654	-0.252733971
6.167333000	-1.029956579	-0.252279219
6.167334000	-1.030360579	-0.254047908
6.167335000	-1.043805957	-0.254222778
6.167336000	-1.045301914	-0.253727596
6.167337000	-1.034285784	-0.254505938
6.167338000	-1.036448956	-0.253826866
6.167339000	-1.034647822	-0.253355320
6.167340000	-1.040988803	-0.254173942
6.167341000	-1.033061743	-0.254276640
6.167342000	-1.036275983	-0.255402691
6.167343000	-1.036485076	-0.254703428
6.167344000	-1.036527157	-0.254532853
6.167345000	-1.034500599	-0.254678544
6.167346000	-1.047340870	-0.254112939
6.167347000	-1.038205385	-0.255066933
6.167348000	-1.040552855	-0.255431037
6.167349000	-1.037460566	-0.256085160
6.167350000	-1.033060551	-0.256090919
6.167351000	-1.040667176	-0.255461481
6.167352000	-1.034844518	-0.255749202
6.167353000	-1.031170130	-0.257070463
6.167354000	-1.040974617	-0.256637965
6.167355000	-1.036707401	-0.256474347
6.167356000	-1.035055995	-0.257765148
6.167357000	-1.034755111	-0.257041900
6.167358000	-1.039058805	-0.257146030
6.167359000	-1.038961649	-0.257379439
6.167360000	-1.034572601	-0.258246864
6.167361000	-1.039288402	-0.258003235
6.167362000	-1.034605384	-0.257719908
6.167363000	-1.039382815	-0.258532372
6.167364000	-1.029546976	-0.257872141
6.167365000	-1.041859746	-0.258044281
6.167366000	-1.037687659	-0.258595821
6.167367000	-1.034283400	-0.257619706
6.167368000	-1.037640452	-0.258575715
6.167369000	-1.030996561	-0.258722788
6.167370000	-1.034803987	-0.259751317
6.167371000	-1.045936465	-0.258796307
6.167372000	-1.046283007	-0.259932878
6.167373000	-1.030249357	-0.260902019
6.167374000	-1.038707018	-0.260063356
6.167375000	-1.038381457	-0.259583871
6.167376000	-1.046031237	-0.259936423
6.167377000	-1.041344643	-0.261305721
6.167378000	-1.035559058	-0.260698920
6.167379000	-1.043222666	-0.261121164
6.167380000	-1.038929582	-0.260514529
6.167381000	-1.034676194	-0.260138424
6.167382000	-1.040452480	-0.261569241
6.167383000	-1.036227345	-0.261547486
6.167384000	-1.037076950	-0.262384118
6.167385000	-1.034365296	-0.261379391
6.167386000	-1.032794356	-0.260730595
6.167387000	-1.037817955	-0.261242371
6.167388000	-1.040758729	-0.261499383
6.167389000	-1.037611365	-0.262523202
6.167390000	-1.045356870	-0.263202724
6.167391000	-1.036332130	-0.262439545
6.167392000	-1.031145096	-0.263594358
6.167393000	-1.044209719	-0.263169418
6.167394000	-1.042346835	-0.263136361
6.167395000	-1.038411856	-0.262417341
6.167396000	-1.041578650	-0.264091021
6.167397000	-1.038958192	-0.263914820
6.167398000	-1.037724733	-0.263760723
6.167399000	-1.046930432	-0.264295619
6.167400000	-1.043648005	-0.264582907
6.167401000	-1.039983869	-0.265144684
6.167402000	-1.046754479	-0.265373150
6.167403000	-1.035206676	-0.264280588
6.167404000	-1.039729595	-0.265960194
6.167405000	-1.038577437	-0.266039939
6.167406000	-1.042841792	-0.265717980
6.167407000	-1.047751904	-0.265738553
6.167408000	-1.033374190	-0.266038042
6.167409000	-1.050352573	-0.267091821
6.167410000	-1.036786795	-0.266421620
6.167411000	-1.050847530	-0.267925258
6.167412000	-1.042991519	-0.266625951
6.167413000	-1.043225050	-0.267198830
6.167414000	-1.054396152	-0.267056135
6.167415000	-1.055392385	-0.267112561
6.167416000	-1.039315820	-0.267829933
6.167417000	-1.036280274	-0.268699322
6.167418000	-1.045782924	-0.268938457
6.167419000	-1.041755080	-0.268204806
6.167420000	-1.049505115	-0.268646508
6.167421000	-1.047963500	-0.269205689
6.167422000	-1.041010737	-0.269879468
6.167423000	-1.043674469	-0.268874225
6.167424000	-1.051097751	-0.268161963
6.167425000	-1.044203043	-0.268467094
6.167426000	-1.035873652	-0.268910977
6.167427000	-1.048114657	-0.269913673
6.167428000	-1.042706490	-0.269930401
6.167429000	-1.051249743	-0.270554780
6.167430000	-1.042679787	-0.269613152
6.167431000	-1.050846338	-0.270415912
6.167432000	-1.049798369	-0.270521473
6.167433000	-1.045843840	-0.271436719
6.167434000	-1.048373461	-0.271001841
6.167435000	-1.038836241	-0.271607910
6.167436000	-1.048010588	-0.271627284
6.167437000	-1.044302225	-0.272355742
6.167438000	-1.037441134	-0.271437201
6.167439000	-1.044231057	-0.272785044
6.167440000	-1.049422860	-0.271339596
6.167441000	-1.057179689	-0.273077759
6.167442000	-1.054733753	-0.272638387
6.167443000	-1.039706945	-0.273254992
6.167444000	-1.051653504	-0.273481727
6.167445000	-1.051223636	-0.272067705
6.167446000	-1.060649037	-0.274381908
6.167447000	-1.045683503	-0.273774358
6.167448000	-1.057235241	-0.274206140
6.167449000	-1.053724766	-0.274556395
6.167450000	-1.050199986	-0.275474337
6.167451000	-1.052665591	-0.275465615
6.167452000	-1.054427385	-0.275364964
6.167453000	-1.058007717	-0.274577168
6.167454000	-1.059614658	-0.275030621
6.167455000	-1.051631451	-0.275730816
6.167456000	-1.050367117	-0.275579599
6.167457000	-1.056335568	-0.276075313
6.167458000	-1.055800080	-0.275395724
6.167459000	-1.050920129	-0.276484790
6.167460000	-1.049466491	-0.276277879
6.167461000	-1.049052835	-0.278240180
6.167462000	-1.060120702	-0.278198568
6.167463000	-1.051849723	-0.277951243
6.167464000	-1.055901051	-0.278287318
6.167465000	-1.051528096	-0.278320857
6.167466000	-1.058528423	-0.277622493
6.167467000	-1.060206771	-0.278209487
6.167468000	-1.059440970	-0.278026727
6.167469000	-1.047680736	-0.279280410
6.167470000	-1.046928883	-0.278638272
6.167471000	-1.057626367	-0.279727355
6.167472000	-1.049468875	-0.279178744
6.167473000	-1.056987882	-0.279511107
6.167474000	-1.049435973	-0.279577120
6.167475000	-1.060444593	-0.279436339
6.167476000	-1.062650084	-0.279993239
6.167477000	-1.063999534	-0.280249735
6.167478000	-1.056532025	-0.280738791
6.167479000	-1.062707543	-0.280430829
6.167480000	-1.060161233	-0.281548525
6.167481000	-1.060950398	-0.280497808
6.167482000	-1.067820668	-0.282242844
6.167483000	-1.047871828	-0.281559244
6.167484000	-1.061691642	-0.281388702
6.167485000	-1.064600348	-0.281612174
6.167486000	-1.054733038	-0.281399155
6.167487000	-1.060151696	-0.282131225
6.167488000	-1.057066321	-0.282606998
6.167489000	-1.061314583	-0.283413903
6.167490000	-1.055261970	-0.282798513
6.167491000	-1.060282230	-0.282324637
6.167492000	-1.071813703	-0.284134587
6.167493000	-1.063100100	-0.283031306
6.167494000	-1.067985892	-0.283740639
6.167495000	-1.061633706	-0.283541801
6.167496000	-1.057649493	-0.285632516
6.167497000	-1.063612342	-0.285687077
6.167498000	-1.056892753	-0.285440502
6.167499000	-1.061017752	-0.285701658
6.167500000	-1.062070847	-0.285795534
6.167501000	-1.058645010	-0.284953676
6.167502000	-1.061699867	-0.287512474
6.167503000	-1.065665960	-0.284248737
6.167504000	-1.064801931	-0.286297008
6.167505000	-1.066230655	-0.286909468
6.167506000	-1.061259508	-0.287191131
6.167507000	-1.067050099	-0.286964562
6.167508000	-1.058733821	-0.288109389
6.167509000	-1.060881138	-0.287920670
6.167510000	-1.066530943	-0.288117278
6.167511000	-1.066655517	-0.288250237
6.167512000	-1.065444231	-0.288351437
6.167513000	-1.064074755	-0.289726959
6.167514000	-1.064895630	-0.288742056
6.167515000	-1.066544890	-0.288019041
6.167516000	-1.070296764	-0.289413505
6.167517000	-1.071099997	-0.289662078
6.167518000	-1.071093798	-0.290628639
6.167519000	-1.077606559	-0.289974767
6.167520000	-1.063816547	-0.290483697
6.167521000	-1.065263629	-0.291125019
6.167522000	-1.074350238	-0.291582550
6.167523000	-1.068958521	-0.293558050
6.167524000	-1.076456070	-0.292576242
6.167525000	-1.068610191	-0.290978113
6.167526000	-1.066416025	-0.290949317
6.167527000	-1.069231987	-0.292034489
6.167528000	-1.073671579	-0.291201851
6.167529000	-1.069211125	-0.292980643
6.167530000	-1.081207395	-0.294080695
6.167531000	-1.074862123	-0.292692123
6.167532000	-1.082091212	-0.293957824
6.167533000	-1.072051406	-0.294036453
6.167534000	-1.074773550	-0.293895306
6.167535000	-1.070202589	-0.295426823
6.167536000	-1.069913864	-0.295585082
6.167537000	-1.076487780	-0.295940314
6.167538000	-1.074388504	-0.295389073
6.167539000	-1.072298527	-0.295031943
6.167540000	-1.075890899	-0.295176752
6.167541000	-1.076910377	-0.295737614
6.167542000	-1.077086568	-0.295030079
6.167543000	-1.083541870	-0.295865512
6.167544000	-1.084219933	-0.297034307
6.167545000	-1.078081489	-0.297087437
6.167546000	-1.084590077	-0.296855077
6.167547000	-1.087319613	-0.297383448
6.167548000	-1.080844998	-0.297659118
6.167549000	-1.078925371	-0.298026701
6.167550000	-1.085130811	-0.298386294
6.167551000	-1.086391449	-0.300272878
6.167552000	-1.067979336	-0.299669372
6.167553000	-1.081596136	-0.299320531
6.167554000	-1.084484100	-0.298952449
6.167555000	-1.083562493	-0.299177353
6.167556000	-1.081067920	-0.300269748
6.167557000	-1.082075000	-0.299971375
6.167558000	-1.087506890	-0.299777297
6.167559000	-1.080934048	-0.301149923
6.167560000	-1.080628395	-0.300573149
6.167561000	-1.079650044	-0.301990117
6.167562000	-1.076870918	-0.301102253
6.167563000	-1.079138994	-0.303000820
6.167564000	-1.084072232	-0.301766412
6.167565000	-1.091583610	-0.302721787
6.167566000	-1.086354613	-0.303606390
6.167567000	-1.077628732	-0.303100789
6.167568000	-1.085565090	-0.304177704
6.167569000	-1.082396626	-0.303807558
6.167570000	-1.090918183	-0.304577212
6.167571000	-1.092215300	-0.304640295
6.167572000	-1.083533645	-0.304651281
6.167573000	-1.094294071	-0.304779745
6.167574000	-1.091763854	-0.305033877
6.167575000	-1.090032578	-0.306722754
6.167576000	-1.093596339	-0.306594390
6.167577000	-1.089647174	-0.307667810
6.167578000	-1.093118429	-0.307086309
6.167579000	-1.093266964	-0.306466658
6.167580000	-1.100341082	-0.307237377
6.167581000	-1.084464550	-0.307596671
6.167582000	-1.086610436	-0.307851735
6.167583000	-1.084418893	-0.307782859
6.167584000	-1.084738374	-0.308714000
6.167585000	-1.092900634	-0.309885458
6.167586000	-1.087530613	-0.309836955
6.167587000	-1.096784830	-0.309800736
6.167588000	-1.095032215	-0.310095082
6.167589000	-1.100369811	-0.310493125
6.167590000	-1.083691239	-0.310127373
6.167591000	-1.087012291	-0.311104220
6.167592000	-1.099533081	-0.310562866
6.167593000	-1.093581200	-0.312419489
6.167594000	-1.097450972	-0.311791316
6.167595000	-1.098383188	-0.311288111
6.167596000	-1.097136855	-0.312586835
6.167597000	-1.092052221	-0.312797491
6.167598000	-1.095419765	-0.312345286
6.167599000	-1.099058509	-0.314719528
6.167600000	-1.097144008	-0.314512068
6.167601000	-1.099359035	-0.313966852
6.167602000	-1.096036196	-0.315636621
6.167603000	-1.092228174	-0.315041571
6.167604000	-1.098304987	-0.315266541
6.167605000	-1.098712325	-0.315678565
6.167606000	-1.090151429	-0.314820062
6.167607000	-1.096784472	-0.314895097
6.167608000	-1.106742740	-0.315521139
6.167609000	-1.096319795	-0.316682777
6.167610000	-1.098236918	-0.316883613
6.167611000	-1.107599974	-0.318094419
6.167612000	-1.097781420	-0.317983864
6.167613000	-1.096912384	-0.317772276
6.167614000	-1.109685779	-0.318705548
6.167615000	-1.103169441	-0.318426615
6.167616000	-1.108893394	-0.319703434
6.167617000	-1.106850266	-0.319531261
6.167618000	-1.098220825	-0.319511254
6.167619000	-1.103020310	-0.319642082
6.167620000	-1.103998423	-0.321212747
6.167621000	-1.113985658	-0.320996898
6.167622000	-1.111508369	-0.322535273
6.167623000	-1.101662755	-0.321554231
6.167624000	-1.106436491	-0.322652253
6.167625000	-1.111018181	-0.322618430
6.167626000	-1.105373025	-0.323220138
6.167627000	-1.119371653	-0.322935679
6.167628000	-1.118183017	-0.323369708
6.167629000	-1.114561081	-0.324395025
6.167630000	-1.120454669	-0.325572409
6.167631000	-1.114158869	-0.325140777
6.167632000	-1.105783582	-0.325458891
6.167633000	-1.109851837	-0.324151313
6.167634000	-1.117716074	-0.325871115
6.167635000	-1.112616181	-0.325284554
6.167636000	-1.115091324	-0.326251215
6.167637000	-1.110619187	-0.326265696
6.167638000	-1.114698648	-0.328762509
6.167639000	-1.116816521	-0.327912495
6.167640000	-1.118344784	-0.326627853
6.167641000	-1.116565466	-0.327990259
6.167642000	-1.119178653	-0.327813359
6.167643000	-1.121383309	-0.328965942
6.167644000	-1.121123195	-0.330371358
6.167645000	-1.119871855	-0.330241662
6.167646000	-1.120563149	-0.330072152
6.167647000	-1.127060890	-0.330697396
6.167648000	-1.113322258	-0.331356761
6.167649000	-1.122037053	-0.332527620
6.167650000	-1.122986555	-0.331906271
6.167651000	-1.117883325	-0.333409526
6.167652000	-1.130006313	-0.333235055
6.167653000	-1.125592589	-0.335353800
6.167654000	-1.126334548	-0.335800345
6.167655000	-1.116915822	-0.333848714
6.167656000	-1.123888016	-0.333234789
6.167657000	-1.124803543	-0.336116995
6.167658000	-1.124993443	-0.334343796
6.167659000	-1.135531783	-0.336601125
6.167660000	-1.127909422	-0.337261589
6.167661000	-1.121327162	-0.339372077
6.167662000	-1.127731085	-0.338284043
6.167663000	-1.137342215	-0.338756554
6.167664000	-1.131614089	-0.338630620
6.167665000	-1.130388498	-0.339814395
6.167666000	-1.127401471	-0.338504519
6.167667000	-1.141390324	-0.339183991
6.167668000	-1.133321643	-0.338208675
6.167669000	-1.132118940	-0.339682036
6.167670000	-1.124693513	-0.341192681
6.167671000	-1.135158181	-0.341400208
6.167672000	-1.135993481	-0.341566322
6.167673000	-1.136957049	-0.342239370
6.167674000	-1.131183147	-0.341997721
6.167675000	-1.138429284	-0.342740011
6.167676000	-1.132246494	-0.343236624
6.167677000	-1.140400410	-0.342686015
6.167678000	-1.148247123	-0.343793291
6.167679000	-1.139952779	-0.344270063
6.167680000	-1.141117215	-0.346166866
6.167681000	-1.146691680	-0.345205831
6.167682000	-1.146179199	-0.344894807
6.167683000	-1.146161199	-0.347305834
6.167684000	-1.147011042	-0.345986937
6.167685000	-1.148474574	-0.347717792
6.167686000	-1.156508803	-0.348574331
6.167687000	-1.148006678	-0.348792144
6.167688000	-1.151427627	-0.349883141
6.167689000	-1.155823708	-0.349715296
6.167690000	-1.155189872	-0.349150905
6.167691000	-1.152553797	-0.349967364
6.167692000	-1.158725858	-0.350221562
6.167693000	-1.154475689	-0.349562164
6.167694000	-1.153924704	-0.352416074
6.167695000	-1.154886603	-0.351697653
6.167696000	-1.161853671	-0.353441291
6.167697000	-1.145089507	-0.351906112
6.167698000	-1.158800244	-0.352733256
6.167699000	-1.176640630	-0.354584120
6.167700000	-1.160941839	-0.355043482
6.167701000	-1.155798674	-0.355638366
6.167702000	-1.172917485	-0.357348648
6.167703000	-1.159597158	-0.356847274
6.167704000	-1.157435536	-0.356043932
6.167705000	-1.156563878	-0.357082564
6.167706000	-1.166439533	-0.358827534
6.167707000	-1.173316002	-0.358296333
6.167708000	-1.162455320	-0.359503411
6.167709000	-1.166565180	-0.358628530
6.167710000	-1.171813726	-0.361700386
6.167711000	-1.169341922	-0.359932813
6.167712000	-1.180411458	-0.361935843
6.167713000	-1.176815391	-0.361686837
6.167714000	-1.176484466	-0.362875040
6.167715000	-1.180110097	-0.362185314
6.167716000	-1.181874275	-0.363436368
6.167717000	-1.181440115	-0.365055403
6.167718000	-1.184072614	-0.363418391
6.167719000	-1.193455458	-0.364903337
6.167720000	-1.184633732	-0.364723373
6.167721000	-1.188310862	-0.365543694
6.167722000	-1.182873368	-0.365399084
6.167723000	-1.187857628	-0.366792383
6.167724000	-1.189028621	-0.368912626
6.167725000	-1.190998197	-0.370337617
6.167726000	-1.184251904	-0.367570193
6.167727000	-1.187607527	-0.368934031
6.167728000	-1.192148685	-0.369977357
6.167729000	-1.207968593	-0.371407608
6.167730000	-1.199333429	-0.369645361
6.167731000	-1.198864102	-0.371946366
6.167732000	-1.194390893	-0.370996682
6.167733000	-1.198337674	-0.371831750
6.167734000	-1.200650811	-0.373588371
6.167735000	-1.198641300	-0.373423654
6.167736000	-1.203293800	-0.373470826
6.167737000	-1.203913450	-0.375004507
6.167738000	-1.205542326	-0.375264731
6.167739000	-1.203696966	-0.376305694
6.167740000	-1.213328004	-0.378328997
6.167741000	-1.211985111	-0.379324487
6.167742000	-1.218804359	-0.378239748
6.167743000	-1.216562390	-0.379439069
6.167744000	-1.209451437	-0.380029060
6.167745000	-1.222903609	-0.380227165
6.167746000	-1.218358397	-0.381790974
6.167747000	-1.220024347	-0.381906189
6.167748000	-1.217229128	-0.384428369
6.167749000	-1.226519585	-0.383525890
6.167750000	-1.229152441	-0.383313436
6.167751000	-1.229454756	-0.383906922
6.167752000	-1.231345892	-0.384938830
6.167753000	-1.237689018	-0.385341700
6.167754000	-1.228050351	-0.386184058
6.167755000	-1.237307429	-0.388225903
6.167756000	-1.233057141	-0.389752760
6.167757000	-1.247097731	-0.390253235
6.167758000	-1.244697690	-0.388813097
6.167759000	-1.230858445	-0.390421679
6.167760000	-1.242848754	-0.390011719
6.167761000	-1.246269584	-0.391613278
6.167762000	-1.251027703	-0.390870023
6.167763000	-1.258864403	-0.392864397
6.167764000	-1.249678850	-0.393378021
6.167765000	-1.246264696	-0.394706406
6.167766000	-1.259988070	-0.396241685
6.167767000	-1.259885669	-0.396574148
6.167768000	-1.246618629	-0.397230783
6.167769000	-1.255602360	-0.397892579
6.167770000	-1.249296784	-0.397577726
6.167771000	-1.254041195	-0.399319168
6.167772000	-1.261668205	-0.400208697
6.167773000	-1.265358686	-0.401334681
6.167774000	-1.269474268	-0.402844627
6.167775000	-1.272680879	-0.403547602
6.167776000	-1.277705312	-0.403092334
6.167777000	-1.273219585	-0.402782109
6.167778000	-1.275937319	-0.401960923
6.167779000	-1.275552511	-0.403553028
6.167780000	-1.278564811	-0.404366191
6.167781000	-1.276473999	-0.406341091
6.167782000	-1.281047702	-0.405971278
6.167783000	-1.273160934	-0.406700085
6.167784000	-1.284282923	-0.409235947
6.167785000	-1.292290926	-0.409884826
6.167786000	-1.297257662	-0.410836607
6.167787000	-1.288852572	-0.410948593
6.167788000	-1.295801282	-0.410315227
6.167789000	-1.295924067	-0.412473253
6.167790000	-1.300906301	-0.413760591
6.167791000	-1.304313183	-0.412245619
6.167792000	-1.306505561	-0.415560788
6.167793000	-1.310269475	-0.416958615
6.167794000	-1.314699411	-0.417939823
6.167795000	-1.311285257	-0.416900658
6.167796000	-1.317127824	-0.418439732
6.167797000	-1.318599820	-0.419977441
6.167798000	-1.318006635	-0.419150463
6.167799000	-1.325783849	-0.420751323
6.167800000	-1.331494331	-0.423011947
6.167801000	-1.328272223	-0.423923713
6.167802000	-1.329019666	-0.425488653
6.167803000	-1.340816855	-0.425086216
6.167804000	-1.338127375	-0.425795316
6.167805000	-1.333981395	-0.427625075
6.167806000	-1.337638140	-0.427422142
6.167807000	-1.348420620	-0.427875711
6.167808000	-1.348743081	-0.429995621
6.167809000	-1.356371164	-0.431207958
6.167810000	-1.358808279	-0.432376154
6.167811000	-1.366070151	-0.435010686
6.167812000	-1.359021544	-0.433883703
6.167813000	-1.362574458	-0.434070757
6.167814000	-1.360571742	-0.436356814
6.167815000	-1.364371181	-0.437532500
6.167816000	-1.374561191	-0.437701045
6.167817000	-1.375323534	-0.440083941
6.167818000	-1.383519053	-0.440180314
6.167819000	-1.380323172	-0.440862450
6.167820000	-1.382695794	-0.440838848
6.167821000	-1.391702533	-0.441752645
6.167822000	-1.396358371	-0.445363392
6.167823000	-1.398421645	-0.445253836
6.167824000	-1.397931099	-0.445098074
6.167825000	-1.393288493	-0.446230584
6.167826000	-1.401406407	-0.445717659
6.167827000	-1.398844361	-0.448117933
6.167828000	-1.418800473	-0.450960424
6.167829000	-1.424231291	-0.452777799
6.167830000	-1.429224730	-0.453402943
6.167831000	-1.428060532	-0.454240939
6.167832000	-1.428522110	-0.455971395
6.167833000	-1.439340711	-0.457428211
6.167834000	-1.431674838	-0.457584006
6.167835000	-1.438871861	-0.458011077
6.167836000	-1.447504878	-0.460745877
6.167837000	-1.451302052	-0.463614068
6.167838000	-1.445343971	-0.461167855
6.167839000	-1.457454324	-0.465329843
6.167840000	-1.467657328	-0.464524536
6.167841000	-1.463522196	-0.467512004
6.167842000	-1.482420564	-0.469018554
6.167843000	-1.492503524	-0.470497807
6.167844000	-1.485018373	-0.469278345
6.167845000	-1.483180165	-0.469932851
6.167846000	-1.490611792	-0.470665286
6.167847000	-1.494361401	-0.471789939
6.167848000	-1.499959469	-0.475218060
6.167849000	-1.506851554	-0.474673877
6.167850000	-1.506485343	-0.476956405
6.167851000	-1.516244531	-0.478077396
6.167852000	-1.509260178	-0.478613923
6.167853000	-1.518060327	-0.480895387
6.167854000	-1.534011245	-0.483816608
6.167855000	-1.543995380	-0.484737596
6.167856000	-1.526661158	-0.483964214
6.167857000	-1.547941685	-0.486609266
6.167858000	-1.550043106	-0.487526924
6.167859000	-1.553014755	-0.489356350
6.167860000	-1.573784828	-0.492415489
6.167861000	-1.575753331	-0.492190852
6.167862000	-1.567084074	-0.492157629
6.167863000	-1.583580971	-0.494749184
6.167864000	-1.593100429	-0.497045095
6.167865000	-1.591169715	-0.499081581
6.167866000	-1.603910327	-0.501851802
6.167867000	-1.611167550	-0.502582373
6.167868000	-1.622397304	-0.504934078
6.167869000	-1.620872140	-0.503185646
6.167870000	-1.629072070	-0.506810974
6.167871000	-1.619504452	-0.506181968
6.167872000	-1.631128788	-0.507847609
6.167873000	-1.663608313	-0.511850307
6.167874000	-1.655438185	-0.511708693
6.167875000	-1.671703100	-0.516681148
6.167876000	-1.669901013	-0.516034266
6.167877000	-1.658061266	-0.513800041
6.167878000	-1.682342768	-0.519391946
6.167879000	-1.686110616	-0.521915158
6.167880000	-1.689578533	-0.522096054
6.167881000	-1.709404826	-0.525887962
6.167882000	-1.709655285	-0.526158939
6.167883000	-1.732979178	-0.529738960
6.167884000	-1.721846938	-0.528806687
6.167885000	-1.747926593	-0.533936967
6.167886000	-1.745178461	-0.532586711
6.167887000	-1.765203714	-0.537358364
6.167888000	-1.763198376	-0.536654590
6.167889000	-1.765717387	-0.538814081
6.167890000	-1.798352957	-0.543287459
6.167891000	-1.798044682	-0.543441356
6.167892000	-1.796546102	-0.544020660
6.167893000	-1.794577718	-0.545747654
6.167894000	-1.822039008	-0.550414045
6.167895000	-1.831437826	-0.551713068
6.167896000	-1.852929235	-0.554928536
6.167897000	-1.861436844	-0.556795312
6.167898000	-1.873993039	-0.557291292
6.167899000	-1.879090667	-0.559600120
6.167900000	-1.879390240	-0.560267508
6.167901000	-1.912568331	-0.565197685
6.167902000	-1.917735577	-0.568044138
6.167903000	-1.894554257	-0.564635025
6.167904000	-1.920992613	-0.568518647
6.167905000	-1.962436557	-0.573388237
6.167906000	-1.963904977	-0.574707300
6.167907000	-1.992979646	-0.578439987
6.167908000	-1.987850547	-0.580167446
6.167909000	-1.963574290	-0.579044125
6.167910000	-2.008737564	-0.584808604
6.167911000	-2.031583548	-0.588629907
6.167912000	-2.058438301	-0.592465325
6.167913000	-2.068585396	-0.595211843
6.167914000	-2.094098806	-0.597603894
6.167915000	-2.088086843	-0.597598635
6.167916000	-2.112396002	-0.602050774
6.167917000	-2.126519203	-0.602506774
6.167918000	-2.163860083	-0.608257737
6.167919000	-2.181522369	-0.610756914
6.167920000	-2.181328058	-0.611915389
6.167921000	-2.218746185	-0.617312551
6.167922000	-2.220901251	-0.616011797
6.167923000	-2.257441759	-0.624230712
6.167924000	-2.285994053	-0.626563641
6.167925000	-2.303143024	-0.628850164
6.167926000	-2.321498156	-0.631847752
6.167927000	-2.349130869	-0.636946507
6.167928000	-2.321958065	-0.634402789
6.167929000	-2.397076607	-0.643383900
6.167930000	-2.387459517	-0.642859723
6.167931000	-2.445830107	-0.648546438
6.167932000	-2.475171089	-0.652753300
6.167933000	-2.479671955	-0.654479494
6.167934000	-2.541972160	-0.660887659
6.167935000	-2.535519600	-0.663304545
6.167936000	-2.589243650	-0.668000363
6.167937000	-2.628115416	-0.672543383
6.167938000	-2.654919386	-0.674771517
6.167939000	-2.695237398	-0.681589476
6.167940000	-2.735177279	-0.685672634
6.167941000	-2.777714491	-0.687965150
6.167942000	-2.822209120	-0.694410333
6.167943000	-2.862638712	-0.699974275
6.167944000	-2.891746998	-0.703019600
6.167945000	-2.952762842	-0.707451500
6.167946000	-3.040305853	-0.717747813
6.167947000	-3.083389282	-0.722461142
6.167948000	-3.069308758	-0.721560261
6.167949000	-3.113701344	-0.726341301
6.167950000	-3.169685125	-0.731148706
6.167951000	-3.262031078	-0.739194516
6.167952000	-3.289552212	-0.743408236
6.167953000	-3.376963854	-0.749714668
6.167954000	-3.386042356	-0.749955484
6.167955000	-3.404938698	-0.752688487
6.167956000	-3.575779915	-0.765775926
6.167957000	-3.688531876	-0.774877612
6.167958000	-3.831824303	-0.784437694
6.167959000	-3.915895939	-0.789652497
6.167960000	-4.041355133	-0.798828751
6.167961000	-4.163202763	-0.808339698
6.167962000	-4.263770103	-0.812158072
6.167963000	-4.375168324	-0.818905124
6.167964000	-4.384702206	-0.820199886
6.167965000	-4.516129971	-0.827502674
6.167966000	-4.579855442	-0.831366920
6.167967000	-4.846818447	-0.846167904
6.167968000	-4.898899078	-0.845490929
6.167969000	-5.054359436	-0.854594212
6.167970000	-5.167037010	-0.858096003
6.167971000	-5.380707741	-0.865077946
6.167972000	-5.602278233	-0.871488374
6.167973000	-5.792333126	-0.878117981
6.167974000	-5.881433964	-0.880739930
6.167975000	-6.117486477	-0.888457504
6.167976000	-6.324341297	-0.888942666
6.167977000	-6.644590378	-0.889838753
6.167978000	-6.880011559	-0.896659042
6.167979000	-6.960774899	-0.897134216
6.167980000	-7.279166222	-0.899294373
6.167981000	-7.409356117	-0.899347702
6.167982000	-7.577013016	-0.897124895
6.167983000	-7.819633484	-0.895927871
6.167984000	-7.962713718	-0.896296719
6.167985000	-8.267634392	-0.891868281
6.167986000	-8.345522881	-0.890841166
6.167987000	-8.497624397	-0.883870875
6.167988000	-8.527119637	-0.886171979
6.167989000	-8.942484856	-0.879186974
6.167990000	-9.274600029	-0.864734997
6.167991000	-9.367617607	-0.862517516
6.167992000	-9.605657578	-0.854101794
6.167993000	-9.862471581	-0.846937558
6.167994000	-10.195366859	-0.829488526
6.167995000	-10.254393578	-0.827146875
6.167996000	-10.446152687	-0.810520428
6.167997000	-10.480069160	-0.810920634
6.167998000	-10.929795265	-0.781448096
6.167999000	-10.960217476	-0.785661017
6.168000000	-11.225600243	-0.763602786
6.168001000	-11.435799599	-0.742519472
6.168002000	-11.669497490	-0.725831439
6.168003000	-11.763183594	-0.715421409
6.168004000	-11.980025291	-0.694813136
6.168005000	-12.142896652	-0.667252614
6.168006000	-12.249975204	-0.662527834
6.168007000	-12.403563499	-0.641116684
6.168008000	-12.606142044	-0.616516466
6.168009000	-12.755563736	-0.604054204
6.168010000	-12.812702179	-0.587834354
6.168011000	-13.023344994	-0.546267470
6.168012000	-13.077066422	-0.540184377
6.168013000	-13.153710365	-0.523968389
6.168014000	-13.291622162	-0.500635503
6.168015000	-13.369265556	-0.466904503
6.168016000	-13.478613853	-0.448444170
6.168017000	-13.526820183	-0.434406282
6.168018000	-13.600294113	-0.410459803
6.168019000	-13.675180435	-0.387155013
6.168020000	-13.750479698	-0.345117348
6.168021000	-13.728226662	-0.342842509
6.168022000	-13.785149574	-0.308602680
6.168023000	-13.837892532	-0.286737761
6.168024000	-13.847420692	-0.238568118
6.168025000	-13.879004478	-0.201165468
6.168026000	-13.800672531	-0.179472007
6.168027000	-13.815114021	-0.157204235
6.168028000	-13.819229126	-0.139155751
6.168029000	-13.812155724	-0.138002411
6.168030000	-13.767527580	-0.105022790
6.168031000	-13.768538475	-0.085785920
6.168032000	-13.655582428	-0.060623234
6.168033000	-13.644394875	-0.045542264
6.168034000	-13.554277420	-0.008025878
6.168035000	-13.433028221	0.032059693
6.168036000	-13.447605133	0.028084580
6.168037000	-13.372913361	0.048359606
6.168038000	-13.356205940	0.054259115
6.168039000	-13.263580322	0.069711708
6.168040000	-13.206153870	0.099057617
6.168041000	-13.153757095	0.103732546
6.168042000	-13.053297043	0.113887388
6.168043000	-12.964507103	0.131978749
6.168044000	-12.870493889	0.149888016
6.168045000	-12.750226021	0.165498351
6.168046000	-12.546751022	0.202818625
6.168047000	-12.433122635	0.215945413
6.168048000	-12.462040901	0.211702997
6.168049000	-12.390717506	0.228009599
6.168050000	-12.266264915	0.237004509
6.168051000	-12.173586845	0.255974006
6.168052000	-12.109322548	0.264542976
6.168053000	-12.070246696	0.264975790
6.168054000	-11.939032555	0.275376316
6.168055000	-11.781497955	0.292718721
6.168056000	-11.686715126	0.305253488
6.168057000	-11.636197090	0.305341705
6.168058000	-11.537796021	0.318821895
6.168059000	-11.392964363	0.327137948
6.168060000	-11.299365997	0.331839692
6.168061000	-11.202180862	0.341551875
6.168062000	-11.172289848	0.340569368
6.168063000	-11.106141090	0.342235674
6.168064000	-10.942755699	0.361184765
6.168065000	-10.935889244	0.362600002
6.168066000	-10.902036667	0.365618329
6.168067000	-10.745549202	0.375459308
6.168068000	-10.642512321	0.383693569
6.168069000	-10.575179100	0.386940995
6.168070000	-10.490506172	0.395627127
6.168071000	-10.398676872	0.401034044
6.168072000	-10.284763336	0.402703013
6.168073000	-10.222754478	0.409112576
6.168074000	-10.117532730	0.412572855
6.168075000	-10.037074089	0.414265893
6.168076000	-9.948678970	0.419065508
6.168077000	-9.889578819	0.421173467
6.168078000	-9.809124947	0.424768202
6.168079000	-9.729785919	0.426984484
6.168080000	-9.603638649	0.433518151
6.168081000	-9.569384575	0.436244429
6.168082000	-9.440604210	0.433843789
6.168083000	-9.461217880	0.440378221
6.168084000	-9.370688438	0.443076269
6.168085000	-9.271558762	0.443369217
6.168086000	-9.178917885	0.443900984
6.168087000	-9.083189964	0.449988737
6.168088000	-9.038311958	0.451398614
6.168089000	-8.953188896	0.457961076
6.168090000	-8.879673958	0.455211529
6.168091000	-8.790100098	0.456498534
6.168092000	-8.787102699	0.458078188
6.168093000	-8.628627777	0.462390878
6.168094000	-8.574755669	0.462343840
6.168095000	-8.556846619	0.466112213
6.168096000	-8.462454796	0.466378463
6.168097000	-8.464324951	0.466844083
6.168098000	-8.340147018	0.465807015
6.168099000	-8.270421028	0.467950626
6.168100000	-8.253177643	0.470945684
6.168101000	-8.212684631	0.470508326
6.168102000	-8.135869026	0.468376865
6.168103000	-8.084535599	0.468474870
6.168104000	-7.980238438	0.471324619
6.168105000	-7.928123951	0.470256125
6.168106000	-7.853543758	0.472199400
6.168107000	-7.772945404	0.473933351
6.168108000	-7.721040249	0.476079460
6.168109000	-7.735156059	0.472203628
6.168110000	-7.656886101	0.474004724
6.168111000	-7.562961578	0.472710428
6.168112000	-7.515256882	0.475262968
6.168113000	-7.466087341	0.474937829
6.168114000	-7.448134422	0.476276600
6.168115000	-7.395946026	0.472221571
6.168116000	-7.353737354	0.475576622
6.168117000	-7.281462669	0.473843669
6.168118000	-7.260638714	0.473765872
6.168119000	-7.189690590	0.474220773
6.168120000	-7.143043041	0.474100032
6.168121000	-7.094771385	0.471521925
6.168122000	-7.011975765	0.471101179
6.168123000	-6.970466137	0.470948247
6.168124000	-6.916798115	0.473522326
6.168125000	-6.850193024	0.470523140
6.168126000	-6.783638477	0.473292728
6.168127000	-6.723506451	0.470609094
6.168128000	-6.691105366	0.470931403
6.168129000	-6.653895855	0.471422523
6.168130000	-6.595221519	0.469300050
6.168131000	-6.568412304	0.467342127
6.168132000	-6.540032387	0.469270289
6.168133000	-6.468252182	0.467812941
6.168134000	-6.485832214	0.467921997
6.168135000	-6.415199280	0.467952058
6.168136000	-6.304777145	0.464628366
6.168137000	-6.307941437	0.464421272
6.168138000	-6.298894405	0.464526267
6.168139000	-6.250391006	0.464007783
6.168140000	-6.182396412	0.461977689
6.168141000	-6.150337696	0.461144752
6.168142000	-6.088709354	0.459828917
6.168143000	-6.057644367	0.460348234
6.168144000	-6.052142143	0.459890170
6.168145000	-5.999166012	0.458283685
6.168146000	-5.954100609	0.456942017
6.168147000	-5.919551373	0.453996661
6.168148000	-5.874760151	0.453767862
6.168149000	-5.810842514	0.455032364
6.168150000	-5.807578087	0.450944013
6.168151000	-5.736070633	0.450570205
6.168152000	-5.725262642	0.452274029
6.168153000	-5.711948872	0.452127388
6.168154000	-5.685196400	0.450332052
6.168155000	-5.586830616	0.446748136
6.168156000	-5.581011772	0.445697019
6.168157000	-5.553487301	0.445511896
6.168158000	-5.510338306	0.443984374
6.168159000	-5.495349884	0.443028998
6.168160000	-5.474262238	0.445374710
6.168161000	-5.407349110	0.440247659
6.168162000	-5.383437634	0.439577475
6.168163000	-5.371757984	0.438739045
6.168164000	-5.324337959	0.436390736
6.168165000	-5.310663223	0.437449176
6.168166000	-5.209058285	0.435401272
6.168167000	-5.172507763	0.431080493
6.168168000	-5.164387703	0.430946103
6.168169000	-5.140469074	0.432269494
6.168170000	-5.121325970	0.430936283
6.168171000	-5.091105461	0.427651273
6.168172000	-5.062021255	0.428331411
6.168173000	-5.061058521	0.426514436
6.168174000	-5.012059689	0.425506363
6.168175000	-4.944547653	0.421854104
6.168176000	-4.922152996	0.420889241
6.168177000	-4.910089970	0.422901858
6.168178000	-4.866378784	0.419340846
6.168179000	-4.867910862	0.419436453
6.168180000	-4.844226360	0.415972446
6.168181000	-4.820916176	0.416756947
6.168182000	-4.781383038	0.412803085
6.168183000	-4.770164490	0.414044151
6.168184000	-4.750038624	0.413204623
6.168185000	-4.709401131	0.411885360
6.168186000	-4.694834232	0.410059064
6.168187000	-4.646539211	0.407889120
6.168188000	-4.610146523	0.405989987
6.168189000	-4.571826935	0.403246265
6.168190000	-4.573594093	0.404430306
6.168191000	-4.551303387	0.401829963
6.168192000	-4.535750866	0.404029201
6.168193000	-4.498109341	0.400016716
6.168194000	-4.448385239	0.398973656
6.168195000	-4.432394028	0.396004331
6.168196000	-4.400061131	0.394106462
6.168197000	-4.369334698	0.392435196
6.168198000	-4.342349052	0.390068012
6.168199000	-4.347199917	0.390354901
6.168200000	-4.314890385	0.388584398
6.168201000	-4.295032978	0.386578339
6.168202000	-4.264852047	0.386504369
6.168203000	-4.246533871	0.385657018
6.168204000	-4.209980011	0.383485343
6.168205000	-4.196007729	0.380953809
6.168206000	-4.164732933	0.381791007
6.168207000	-4.152265072	0.380132057
6.168208000	-4.136087894	0.378780803
6.168209000	-4.100755215	0.376912895
6.168210000	-4.078210831	0.375255210
6.168211000	-4.070513725	0.374589320
6.168212000	-4.038481236	0.373433275
6.168213000	-4.022408962	0.370351931
6.168214000	-3.993532181	0.369104739
6.168215000	-3.988322735	0.369960047
6.168216000	-3.951970100	0.365834111
6.168217000	-3.910664320	0.363208634
6.168218000	-3.925206900	0.366258686
6.168219000	-3.917188883	0.364617479
6.168220000	-3.901455164	0.362795977
6.168221000	-3.885815620	0.362413847
6.168222000	-3.837975502	0.357127971
6.168223000	-3.839335442	0.358265541
6.168224000	-3.804057121	0.357487665
6.168225000	-3.747915268	0.352890949
6.168226000	-3.774719000	0.354634454
6.168227000	-3.750531197	0.352382951
6.168228000	-3.735216618	0.351505206
6.168229000	-3.716527462	0.348611149
6.168230000	-3.693018675	0.345991630
6.168231000	-3.679542303	0.345913200
6.168232000	-3.653266668	0.344060839
6.168233000	-3.620138884	0.340832555
6.168234000	-3.628744602	0.341505536
6.168235000	-3.604578257	0.340529420
6.168236000	-3.567419291	0.338670434
6.168237000	-3.539669752	0.334903160
6.168238000	-3.566031933	0.337581800
6.168239000	-3.556193590	0.334382678
6.168240000	-3.518954277	0.333004392
6.168241000	-3.519962788	0.332789242
6.168242000	-3.479239225	0.327714323
6.168243000	-3.476709127	0.328574324
6.168244000	-3.447936296	0.326943437
6.168245000	-3.440894604	0.325133453
6.168246000	-3.422388792	0.325583128
6.168247000	-3.403602123	0.323864057
6.168248000	-3.398002148	0.321605830
6.168249000	-3.350208759	0.319740286
6.168250000	-3.357923985	0.321217641
6.168251000	-3.347215414	0.317682794
6.168252000	-3.336374760	0.318301613
6.168253000	-3.317945480	0.316742532
6.168254000	-3.298420906	0.314788737
6.168255000	-3.279769182	0.313535187
6.168256000	-3.287734032	0.313104421
6.168257000	-3.272877932	0.311772674
6.168258000	-3.234338045	0.308332968
6.168259000	-3.233436346	0.307655859
6.168260000	-3.230825901	0.307237643
6.168261000	-3.198716879	0.303808990
6.168262000	-3.188866854	0.303383816
6.168263000	-3.166660547	0.300168116
6.168264000	-3.170322180	0.301061373
6.168265000	-3.156108379	0.301340772
6.168266000	-3.131327868	0.298325408
6.168267000	-3.108528852	0.295221993
6.168268000	-3.109054565	0.296339256
6.168269000	-3.084874630	0.293858588
6.168270000	-3.087673187	0.294224273
6.168271000	-3.070459127	0.291319030
6.168272000	-3.071767330	0.290340985
6.168273000	-3.042104006	0.288809733
6.168274000	-3.042724609	0.288616088
6.168275000	-3.000347853	0.286164649
6.168276000	-2.994653463	0.284462456
6.168277000	-2.993507385	0.283596096
6.168278000	-2.988154173	0.282667718
6.168279000	-2.981554508	0.282701274
6.168280000	-2.957663774	0.282004858
6.168281000	-2.944447756	0.278595662
6.168282000	-2.939194202	0.278598558
6.168283000	-2.923980236	0.276747312
6.168284000	-2.932578802	0.278330095
6.168285000	-2.909298420	0.275711325
6.168286000	-2.898736477	0.275254194
6.168287000	-2.887357473	0.272294556
6.168288000	-2.860759735	0.269392193
6.168289000	-2.862162590	0.268551833
6.168290000	-2.852004290	0.268993535
6.168291000	-2.851194382	0.268152359
6.168292000	-2.818350554	0.266220934
6.168293000	-2.814297915	0.265646074
6.168294000	-2.804029942	0.262976089
6.168295000	-2.781101942	0.262829848
6.168296000	-2.775645494	0.259206235
6.168297000	-2.770964861	0.260005532
6.168298000	-2.753381014	0.259045746
6.168299000	-2.746836662	0.256792312
6.168300000	-2.729315281	0.256018963
6.168301000	-2.736662865	0.255104517
6.168302000	-2.696028948	0.251333597
6.168303000	-2.691587210	0.250688796
6.168304000	-2.685906887	0.249883556
6.168305000	-2.680096626	0.249384114
6.168306000	-2.657086134	0.246995741
6.168307000	-2.655332565	0.245745886
6.168308000	-2.665479660	0.247855243
6.168309000	-2.648715258	0.246193414
6.168310000	-2.626264095	0.243193845
6.168311000	-2.616611719	0.241238902
6.168312000	-2.609757662	0.239609347
6.168313000	-2.588526249	0.239644617
6.168314000	-2.612180471	0.241514056
6.168315000	-2.600303411	0.239118876
6.168316000	-2.569208622	0.236359924
6.168317000	-2.566514730	0.235341482
6.168318000	-2.570872545	0.236767405
6.168319000	-2.553559065	0.233084236
6.168320000	-2.553844929	0.233225018
6.168321000	-2.537087202	0.229960498
6.168322000	-2.517578602	0.228683080
6.168323000	-2.523447037	0.230528484
6.168324000	-2.518622160	0.229614137
6.168325000	-2.515654325	0.226776589
6.168326000	-2.494230747	0.225613270
6.168327000	-2.505833864	0.225764854
6.168328000	-2.493528605	0.225647742
6.168329000	-2.468050003	0.223531511
6.168330000	-2.482139826	0.223873427
6.168331000	-2.460667610	0.222511237
6.168332000	-2.445018768	0.219784077
6.168333000	-2.445299387	0.219347701
6.168334000	-2.451135397	0.219372435
6.168335000	-2.436136484	0.217627249
6.168336000	-2.418076277	0.215820444
6.168337000	-2.402793884	0.215377278
6.168338000	-2.408449888	0.214626799
6.168339000	-2.400158167	0.211832111
6.168340000	-2.390566826	0.211987356
6.168341000	-2.384855509	0.211581874
6.168342000	-2.368203402	0.209355920
6.168343000	-2.362007618	0.207911838
6.168344000	-2.358565092	0.207036091
6.168345000	-2.349040747	0.207029699
6.168346000	-2.350014925	0.206467922
6.168347000	-2.342412949	0.205485948
6.168348000	-2.328360796	0.202449944
6.168349000	-2.318020821	0.201556104
6.168350000	-2.323555708	0.201041731
6.168351000	-2.308483601	0.202778861
6.168352000	-2.300260782	0.200246894
6.168353000	-2.288950920	0.198431384
6.168354000	-2.306661844	0.198669654
6.168355000	-2.282399893	0.195334943
6.168356000	-2.281121492	0.195429053
6.168357000	-2.258993864	0.193190582
6.168358000	-2.265805960	0.194170975
6.168359000	-2.260487080	0.191781887
6.168360000	-2.239977121	0.192615040
6.168361000	-2.242762804	0.189343397
6.168362000	-2.229886532	0.189126648
6.168363000	-2.228446007	0.188642236
6.168364000	-2.225438118	0.185670981
6.168365000	-2.205020189	0.187019622
6.168366000	-2.213992119	0.185853207
6.168367000	-2.204691887	0.185035484
6.168368000	-2.205259085	0.183385955
6.168369000	-2.177679062	0.180873396
6.168370000	-2.185501814	0.179906385
6.168371000	-2.183832169	0.181504781
6.168372000	-2.183586836	0.180614154
6.168373000	-2.170590162	0.178893252
6.168374000	-2.170667410	0.178513402
6.168375000	-2.160770178	0.177851940
6.168376000	-2.149821281	0.176618613
6.168377000	-2.151485920	0.175873993
6.168378000	-2.141282797	0.174109100
6.168379000	-2.151058912	0.174974910
6.168380000	-2.126798391	0.171938474
6.168381000	-2.117102861	0.171104854
6.168382000	-2.120886326	0.170308286
6.168383000	-2.112416983	0.170168920
6.168384000	-2.100419044	0.166662052
6.168385000	-2.095448256	0.168372285
6.168386000	-2.095611572	0.167843930
6.168387000	-2.089433908	0.165838919
6.168388000	-2.086925507	0.165249096
6.168389000	-2.088679552	0.164976505
6.168390000	-2.077891350	0.164431489
6.168391000	-2.067149639	0.163301060
6.168392000	-2.068009853	0.162942316
6.168393000	-2.062209845	0.162006714
6.168394000	-2.064292192	0.159749818
6.168395000	-2.043437004	0.158885173
6.168396000	-2.039460897	0.158293402
6.168397000	-2.035346031	0.158524814
6.168398000	-2.050637722	0.158770224
6.168399000	-2.037311077	0.158397847
6.168400000	-2.023639202	0.155682189
6.168401000	-2.033399820	0.155353105
6.168402000	-2.015103340	0.154890664
6.168403000	-2.025289297	0.153292618
6.168404000	-2.026861668	0.152653925
6.168405000	-2.021244287	0.154564726
6.168406000	-2.007915974	0.152710883
6.168407000	-1.995842457	0.150081095
6.168408000	-1.976928949	0.148294846
6.168409000	-1.982223749	0.147616023
6.168410000	-1.994612813	0.148125136
6.168411000	-1.970468640	0.145211472
6.168412000	-1.967576146	0.146528055
6.168413000	-1.976324677	0.145172939
6.168414000	-1.965831041	0.144514705
6.168415000	-1.948760390	0.141591936
6.168416000	-1.959765792	0.143207276
6.168417000	-1.949027896	0.142236005
6.168418000	-1.957040071	0.143382446
6.168419000	-1.943646669	0.139655002
6.168420000	-1.937139153	0.140128529
6.168421000	-1.944824815	0.140695416
6.168422000	-1.932734609	0.139442282
6.168423000	-1.952994227	0.139005890
6.168424000	-1.923480034	0.139538706
6.168425000	-1.913537025	0.138683839
6.168426000	-1.912395477	0.137763559
6.168427000	-1.903331876	0.136041684
6.168428000	-1.911108732	0.135641544
6.168429000	-1.910571337	0.133711859
6.168430000	-1.908870816	0.132843394
6.168431000	-1.899641871	0.133295449
6.168432000	-1.895304799	0.131491323
6.168433000	-1.899003386	0.130946116
6.168434000	-1.877318621	0.130068421
6.168435000	-1.888307095	0.131006304
6.168436000	-1.876010656	0.129616691
6.168437000	-1.883349180	0.128388791
6.168438000	-1.878284812	0.127641533
6.168439000	-1.870043159	0.127432957
6.168440000	-1.862022877	0.125253934
6.168441000	-1.855612159	0.124573779
6.168442000	-1.866492510	0.123694487
6.168443000	-1.849810362	0.122447120
6.168444000	-1.855826497	0.122780864
6.168445000	-1.841803432	0.123177575
6.168446000	-1.842781186	0.123385452
6.168447000	-1.837546110	0.121334610
6.168448000	-1.837948442	0.119123770
6.168449000	-1.832283735	0.118114956
6.168450000	-1.835096478	0.118044108
6.168451000	-1.831491947	0.118691788
6.168452000	-1.822688818	0.117961957
6.168453000	-1.830967307	0.117523901
6.168454000	-1.831896305	0.117509312
6.168455000	-1.814306259	0.116904075
6.168456000	-1.813524127	0.115611651
6.168457000	-1.810133696	0.115584504
6.168458000	-1.817341089	0.115803723
6.168459000	-1.800349593	0.114291847
6.168460000	-1.806258917	0.115331087
6.168461000	-1.801594615	0.111765747
6.168462000	-1.794363022	0.111949946
6.168463000	-1.780145526	0.111000662
6.168464000	-1.785074592	0.111026687
6.168465000	-1.777070999	0.109993313
6.168466000	-1.796085358	0.110668025
6.168467000	-1.783068895	0.110048998
6.168468000	-1.773757696	0.108708588
6.168469000	-1.784019470	0.108986131
6.168470000	-1.765314102	0.107142075
6.168471000	-1.778461099	0.106670937
6.168472000	-1.781920075	0.106312808
6.168473000	-1.767782688	0.106132013
6.168474000	-1.767965078	0.106117773
6.168475000	-1.772006869	0.105690444
6.168476000	-1.758756161	0.103333155
6.168477000	-1.750763535	0.104076169
6.168478000	-1.747865796	0.101946273
6.168479000	-1.740770459	0.100995308
6.168480000	-1.741950274	0.100836625
6.168481000	-1.737879992	0.101567430
6.168482000	-1.727182150	0.099094485
6.168483000	-1.741862178	0.099744271
6.168484000	-1.731009007	0.098948860
6.168485000	-1.731885552	0.099411634
6.168486000	-1.731387854	0.098562510
6.168487000	-1.721190691	0.096609839
6.168488000	-1.716615200	0.097176867
6.168489000	-1.712131143	0.095529103
6.168490000	-1.714266419	0.095013257
6.168491000	-1.711111426	0.095144684
6.168492000	-1.710278869	0.094363645
6.168493000	-1.697846770	0.093340159
6.168494000	-1.713469505	0.093551889
6.168495000	-1.699291706	0.091224902
6.168496000	-1.700300455	0.091924481
6.168497000	-1.701510549	0.092137085
6.168498000	-1.690323591	0.091632840
6.168499000	-1.698867917	0.090262103
6.168500000	-1.694368005	0.090180452
6.168501000	-1.693998575	0.089815940
6.168502000	-1.703208923	0.089119440
6.168503000	-1.679357648	0.088336030
6.168504000	-1.693007350	0.087088888
6.168505000	-1.690558672	0.087548833
6.168506000	-1.684746385	0.087034901
6.168507000	-1.669973612	0.086054017
6.168508000	-1.674813867	0.084881011
6.168509000	-1.674461365	0.086440908
6.168510000	-1.680477500	0.085447549
6.168511000	-1.677925348	0.085343602
6.168512000	-1.664128184	0.084393752
6.168513000	-1.659568429	0.082820348
6.168514000	-1.664596915	0.082891180
6.168515000	-1.656069636	0.082376766
6.168516000	-1.656298757	0.081002799
6.168517000	-1.652793169	0.079537528
6.168518000	-1.651061773	0.079177735
6.168519000	-1.640760422	0.079438825
6.168520000	-1.639227390	0.079075877
6.168521000	-1.653693795	0.078917519
6.168522000	-1.645133734	0.078541073
6.168523000	-1.635835886	0.079751055
6.168524000	-1.632310033	0.078840729
6.168525000	-1.641386867	0.077974011
6.168526000	-1.637003779	0.077972888
6.168527000	-1.631140351	0.075456825
6.168528000	-1.625045061	0.075966370
6.168529000	-1.627314448	0.075367659
6.168530000	-1.619254589	0.073471155
6.168531000	-1.617830515	0.074502739
6.168532000	-1.631615281	0.074181811
6.168533000	-1.621010780	0.072473776
6.168534000	-1.609228373	0.071667746
6.168535000	-1.605561376	0.071405199
6.168536000	-1.611959815	0.071453170
6.168537000	-1.615503073	0.069957314
6.168538000	-1.609061718	0.072681261
6.168539000	-1.611110210	0.069971170
6.168540000	-1.612103581	0.070604770
6.168541000	-1.597901821	0.069595823
6.168542000	-1.598894358	0.069504984
6.168543000	-1.608949304	0.069516511
6.168544000	-1.594438076	0.069671661
6.168545000	-1.593589067	0.068967263
6.168546000	-1.599022627	0.067257018
6.168547000	-1.592330217	0.068081895
6.168548000	-1.589182496	0.067143143
6.168549000	-1.585237265	0.065346271
6.168550000	-1.585570574	0.064717473
6.168551000	-1.583051085	0.064363302
6.168552000	-1.578591585	0.064456093
6.168553000	-1.581734419	0.063224988
6.168554000	-1.580958128	0.062879385
6.168555000	-1.565843701	0.062706600
6.168556000	-1.585436344	0.063367808
6.168557000	-1.565255404	0.063235104
6.168558000	-1.566157937	0.060774776
6.168559000	-1.573949933	0.062502140
6.168560000	-1.578977466	0.060607575
6.168561000	-1.558357120	0.062001170
6.168562000	-1.570182204	0.061190450
6.168563000	-1.550488114	0.060128801
6.168564000	-1.564993501	0.059337971
6.168565000	-1.566064239	0.059990321
6.168566000	-1.569469571	0.058984383
6.168567000	-1.567273378	0.057749562
6.168568000	-1.558655620	0.059690782
6.168569000	-1.560606122	0.058270456
6.168570000	-1.551053166	0.057235447
6.168571000	-1.563314080	0.056231148
6.168572000	-1.540994525	0.055787853
6.168573000	-1.557805538	0.054928259
6.168574000	-1.566869736	0.055885279
6.168575000	-1.555729508	0.055653272
6.168576000	-1.547128797	0.055187643
6.168577000	-1.540400863	0.054488625
6.168578000	-1.533722520	0.053977323
6.168579000	-1.534269810	0.052772609
6.168580000	-1.540422440	0.053972692
6.168581000	-1.539767742	0.052836230
6.168582000	-1.530799985	0.053453280
6.168583000	-1.537527680	0.051856382
6.168584000	-1.534160972	0.051722571
6.168585000	-1.521977782	0.050564969
6.168586000	-1.530029178	0.051559169
6.168587000	-1.530541658	0.050340748
6.168588000	-1.525041938	0.049521214
6.168589000	-1.537417412	0.049476685
6.168590000	-1.522199154	0.050862944
6.168591000	-1.528584599	0.047822638
6.168592000	-1.522768021	0.048319925
6.168593000	-1.518694758	0.048290884
6.168594000	-1.522635818	0.047412839
6.168595000	-1.520663500	0.046454688
6.168596000	-1.512671351	0.045648578
6.168597000	-1.510242820	0.046120948
6.168598000	-1.519642472	0.045850854
6.168599000	-1.509957194	0.045451792
6.168600000	-1.508376718	0.046053749
6.168601000	-1.503466368	0.045017505
6.168602000	-1.502210379	0.045738356
6.168603000	-1.509203196	0.045376316
6.168604000	-1.507394552	0.046182963
6.168605000	-1.506355762	0.045228760
6.168606000	-1.510264039	0.045038278
6.168607000	-1.505337954	0.042942282
6.168608000	-1.501662016	0.043323884
6.168609000	-1.497656822	0.043362080
6.168610000	-1.499686360	0.042206255
6.168611000	-1.493361592	0.042381995
6.168612000	-1.496757150	0.042359371
6.168613000	-1.500262856	0.042678567
6.168614000	-1.494742990	0.041244596
6.168615000	-1.496662259	0.041182761
6.168616000	-1.490525246	0.040267936
6.168617000	-1.489161968	0.040287877
6.168618000	-1.487835526	0.040965335
6.168619000	-1.491903543	0.040523158
6.168620000	-1.493136883	0.038923319
6.168621000	-1.483039021	0.037898006
6.168622000	-1.484927893	0.038263312
6.168623000	-1.488865137	0.039343503
6.168624000	-1.484580517	0.038283877
6.168625000	-1.475782752	0.036879983
6.168626000	-1.486273289	0.037874129
6.168627000	-1.480231285	0.036843257
6.168628000	-1.477750182	0.036703466
6.168629000	-1.462015867	0.035182189
6.168630000	-1.471229792	0.035080098
6.168631000	-1.460096478	0.034527544
6.168632000	-1.466233015	0.034442392
6.168633000	-1.471637487	0.034291316
6.168634000	-1.466040969	0.033368938
6.168635000	-1.470358133	0.033841364
6.168636000	-1.466251850	0.034053695
6.168637000	-1.471143842	0.033846807
6.168638000	-1.461249948	0.032221675
6.168639000	-1.453264356	0.030462088
6.168640000	-1.467291117	0.032016300
6.168641000	-1.455056190	0.031859421
6.168642000	-1.456604362	0.030937859
6.168643000	-1.456430197	0.030481558
6.168644000	-1.461804271	0.029601017
6.168645000	-1.461968184	0.030371467
6.168646000	-1.447836995	0.029710231
6.168647000	-1.458725095	0.031698934
6.168648000	-1.452407360	0.029910283
6.168649000	-1.450601578	0.029416183
6.168650000	-1.454314709	0.028871820
6.168651000	-1.451562762	0.028062421
6.168652000	-1.454010963	0.029047358
6.168653000	-1.441368222	0.028057155
6.168654000	-1.445923209	0.028465553
6.168655000	-1.443004251	0.026698521
6.168656000	-1.438973069	0.026850017
6.168657000	-1.444099069	0.026538989
6.168658000	-1.432783127	0.025649774
6.168659000	-1.433744431	0.025611795
6.168660000	-1.439346552	0.025940853
6.168661000	-1.441518903	0.027236257
6.168662000	-1.434647679	0.025278315
6.168663000	-1.444397330	0.024855193
6.168664000	-1.429065704	0.024599846
6.168665000	-1.439651608	0.024122453
6.168666000	-1.432380676	0.023721537
6.168667000	-1.438298583	0.024399842
6.168668000	-1.431997895	0.023407372
6.168669000	-1.429423451	0.023769016
6.168670000	-1.429368019	0.024335433
6.168671000	-1.421734095	0.021481066
6.168672000	-1.433397532	0.022126984
6.168673000	-1.428593159	0.022090255
6.168674000	-1.419483900	0.020217591
6.168675000	-1.430820704	0.021254006
6.168676000	-1.421911955	0.020855235
6.168677000	-1.421494365	0.021068494
6.168678000	-1.418568134	0.019821569
6.168679000	-1.414356112	0.020534268
6.168680000	-1.415810704	0.018921023
6.168681000	-1.419455409	0.019760260
6.168682000	-1.416902423	0.021391866
6.168683000	-1.414806485	0.019601130
6.168684000	-1.417753220	0.018238195
6.168685000	-1.407571435	0.018648093
6.168686000	-1.412001967	0.019653193
6.168687000	-1.415821671	0.016998509
6.168688000	-1.406623602	0.017183486
6.168689000	-1.411959171	0.016462229
6.168690000	-1.410436153	0.015789762
6.168691000	-1.407111645	0.017311419
6.168692000	-1.405664086	0.015215930
6.168693000	-1.409194350	0.017809526
6.168694000	-1.408898711	0.016220959
6.168695000	-1.406861782	0.014958174
6.168696000	-1.410054088	0.016864385
6.168697000	-1.406568050	0.016124120
6.168698000	-1.409910083	0.015069937
6.168699000	-1.410384774	0.016396925
6.168700000	-1.407630205	0.014797395
6.168701000	-1.403540134	0.014684006
6.168702000	-1.396655917	0.013902851
6.168703000	-1.401234388	0.013996751
6.168704000	-1.401164412	0.014046233
6.168705000	-1.408107162	0.012761362
6.168706000	-1.398118138	0.012516483
6.168707000	-1.393846154	0.010876832
6.168708000	-1.395002484	0.012025546
6.168709000	-1.402475357	0.011208646
6.168710000	-1.396729708	0.012078756
6.168711000	-1.389150977	0.011623338
6.168712000	-1.390647888	0.011715339
6.168713000	-1.395010233	0.010722252
6.168714000	-1.388930440	0.011616877
6.168715000	-1.391251564	0.010609572
6.168716000	-1.381990314	0.009895412
6.168717000	-1.386689544	0.009964688
6.168718000	-1.398812771	0.009989674
6.168719000	-1.382019758	0.009961972
6.168720000	-1.387027144	0.009717581
6.168721000	-1.383383512	0.008473524
6.168722000	-1.386309981	0.010130977
6.168723000	-1.380221963	0.008583417
6.168724000	-1.380720019	0.008626772
6.168725000	-1.392816901	0.009259651
6.168726000	-1.380604386	0.008122266
6.168727000	-1.372269988	0.007945475
6.168728000	-1.381412864	0.006779396
6.168729000	-1.374367952	0.007015366
6.168730000	-1.375607848	0.007151248
6.168731000	-1.381922126	0.007560337
6.168732000	-1.391479969	0.006771168
6.168733000	-1.379539251	0.007363536
6.168734000	-1.381256461	0.006481809
6.168735000	-1.381394029	0.006431375
6.168736000	-1.383176088	0.005722376
6.168737000	-1.370478868	0.005610502
6.168738000	-1.383424163	0.005010132
6.168739000	-1.380598307	0.005261407
6.168740000	-1.373724341	0.005119610
6.168741000	-1.374863625	0.004393389
6.168742000	-1.368780971	0.004349100
6.168743000	-1.368152142	0.003774227
6.168744000	-1.373221517	0.003639005
6.168745000	-1.375383973	0.003683692
6.168746000	-1.362085581	0.002737144
6.168747000	-1.355005980	0.002516001
6.168748000	-1.364966989	0.003165067
6.168749000	-1.366538167	0.003023158
6.168750000	-1.377365351	0.002418722
6.168751000	-1.367098808	0.002647533
6.168752000	-1.361684799	0.002225376
6.168753000	-1.363061309	0.001336206
6.168754000	-1.361443996	0.000773413
6.168755000	-1.365100265	0.001743170
6.168756000	-1.358188629	0.000366947
6.168757000	-1.361488819	0.000184380
6.168758000	-1.362305284	0.000373635
6.168759000	-1.361612320	0.000181245
6.168760000	-1.360396385	0.000160704
6.168761000	-1.359551072	-0.000686127
6.168762000	-1.357521176	0.000295139
6.168763000	-1.358313560	-0.001425767
6.168764000	-1.357512712	-0.001022858
6.168765000	-1.357939124	-0.000047243
6.168766000	-1.349691868	-0.001241762
6.168767000	-1.356684923	-0.002180674
6.168768000	-1.353103280	-0.002919528
6.168769000	-1.365514755	-0.001426977
6.168770000	-1.350384355	-0.001231727
6.168771000	-1.342727184	-0.002452668
6.168772000	-1.358704448	-0.001436651
6.168773000	-1.356105208	-0.001830895
6.168774000	-1.354605079	-0.002272338
6.168775000	-1.347534418	-0.003005581
6.168776000	-1.355799198	-0.003025328
6.168777000	-1.347853303	-0.003589328
6.168778000	-1.362961292	-0.004288869
6.168779000	-1.353041291	-0.004860402
6.168780000	-1.346823573	-0.003961388
6.168781000	-1.340808630	-0.004058640
6.168782000	-1.339667439	-0.004111414
6.168783000	-1.344023228	-0.004145385
6.168784000	-1.341408491	-0.006282187
6.168785000	-1.352828026	-0.005293320
6.168786000	-1.340166450	-0.006031642
6.168787000	-1.341355920	-0.006884642
6.168788000	-1.337261558	-0.006680491
6.168789000	-1.348199725	-0.006926714
6.168790000	-1.338157535	-0.006277263
6.168791000	-1.351549387	-0.006096676
6.168792000	-1.331482172	-0.006693188
6.168793000	-1.337270379	-0.006663772
6.168794000	-1.340661883	-0.006234582
6.168795000	-1.322864056	-0.006961830
6.168796000	-1.352431893	-0.008767224
6.168797000	-1.332346082	-0.007474902
6.168798000	-1.341695786	-0.007262638
6.168799000	-1.340109110	-0.007692621
6.168800000	-1.335732698	-0.008823525
6.168801000	-1.341440201	-0.007727392
6.168802000	-1.344122648	-0.007681885
6.168803000	-1.328356266	-0.009459185
6.168804000	-1.327459812	-0.008709792
6.168805000	-1.333367705	-0.009195157
6.168806000	-1.332776785	-0.009623327
6.168807000	-1.338531494	-0.010186732
6.168808000	-1.331125855	-0.009840385
6.168809000	-1.326982737	-0.010808149
6.168810000	-1.325914979	-0.011397106
6.168811000	-1.333792686	-0.010402035
6.168812000	-1.334793568	-0.010509314
6.168813000	-1.323794603	-0.010707144
6.168814000	-1.329384923	-0.011336309
6.168815000	-1.323654890	-0.011684408
6.168816000	-1.317671180	-0.011935952
6.168817000	-1.326287150	-0.013277499
6.168818000	-1.320551515	-0.012250600
6.168819000	-1.322822452	-0.011799767
6.168820000	-1.323220134	-0.012410935
6.168821000	-1.318699956	-0.012278630
6.168822000	-1.318393707	-0.012875662
6.168823000	-1.318986893	-0.013319158
6.168824000	-1.328128695	-0.013083261
6.168825000	-1.324719429	-0.014154630
6.168826000	-1.322225928	-0.014350491
6.168827000	-1.318969965	-0.013438944
6.168828000	-1.316461682	-0.013197179
6.168829000	-1.317772269	-0.013445918
6.168830000	-1.317456961	-0.014053599
6.168831000	-1.323415637	-0.012712817
6.168832000	-1.317867875	-0.013499430
6.168833000	-1.313079119	-0.015145995
6.168834000	-1.308391333	-0.014963564
6.168835000	-1.306664705	-0.015786848
6.168836000	-1.315187335	-0.014490832
6.168837000	-1.314512134	-0.015698090
6.168838000	-1.308972836	-0.015244107
6.168839000	-1.316797137	-0.014975737
6.168840000	-1.308729529	-0.016648340
6.168841000	-1.310745120	-0.016946630
6.168842000	-1.311012864	-0.015350960
6.168843000	-1.316257238	-0.015686661
6.168844000	-1.314435005	-0.015939815
6.168845000	-1.316051841	-0.016542785
6.168846000	-1.309159636	-0.015756909
6.168847000	-1.310250998	-0.017099286
6.168848000	-1.308114529	-0.017852038
6.168849000	-1.306440353	-0.017670650
6.168850000	-1.314132214	-0.017674990
6.168851000	-1.302147985	-0.018141774
6.168852000	-1.305758119	-0.017527534
6.168853000	-1.299496770	-0.018518765
6.168854000	-1.303434849	-0.018693907
6.168855000	-1.292923331	-0.020594764
6.168856000	-1.302138686	-0.018389985
6.168857000	-1.302379847	-0.019294294
6.168858000	-1.300672054	-0.019738310
6.168859000	-1.295051575	-0.018569968
6.168860000	-1.296566486	-0.019011240
6.168861000	-1.300370216	-0.020325123
6.168862000	-1.311330438	-0.019373883
6.168863000	-1.302524924	-0.019465394
6.168864000	-1.300279379	-0.020297775
6.168865000	-1.292214751	-0.019660926
6.168866000	-1.295066833	-0.020393922
6.168867000	-1.301626325	-0.021024346
6.168868000	-1.300410867	-0.022170895
6.168869000	-1.303846240	-0.019697815
6.168870000	-1.301166058	-0.021422778
6.168871000	-1.298518062	-0.021272850
6.168872000	-1.292516828	-0.021807035
6.168873000	-1.306014180	-0.022064712
6.168874000	-1.296569467	-0.022523579
6.168875000	-1.306926489	-0.022876649
6.168876000	-1.302760720	-0.021893177
6.168877000	-1.306600571	-0.024165058
6.168878000	-1.292331338	-0.022304582
6.168879000	-1.295811772	-0.023125256
6.168880000	-1.302377224	-0.022114848
6.168881000	-1.293431163	-0.022593616
6.168882000	-1.303784490	-0.023599743
6.168883000	-1.289287210	-0.024529800
6.168884000	-1.296897769	-0.023359119
6.168885000	-1.297694325	-0.022777904
6.168886000	-1.290900707	-0.023888187
6.168887000	-1.292688727	-0.023300529
6.168888000	-1.288585663	-0.024157620
6.168889000	-1.288847566	-0.025440171
6.168890000	-1.291171789	-0.025112752
6.168891000	-1.286485314	-0.024865284
6.168892000	-1.282774091	-0.026667145
6.168893000	-1.288212299	-0.024783213
6.168894000	-1.283488750	-0.024971792
6.168895000	-1.300054789	-0.025542852
6.168896000	-1.282826543	-0.025914459
6.168897000	-1.294282079	-0.025156315
6.168898000	-1.295265317	-0.026515310
6.168899000	-1.294615984	-0.025996551
6.168900000	-1.289131880	-0.025507280
6.168901000	-1.278953433	-0.026792957
6.168902000	-1.284841776	-0.027140300
6.168903000	-1.279523253	-0.026017419
6.168904000	-1.276375890	-0.026016616
6.168905000	-1.283856034	-0.028100492
6.168906000	-1.278606296	-0.028102835
6.168907000	-1.274893403	-0.028712443
6.168908000	-1.273974299	-0.028343335
6.168909000	-1.282219768	-0.027446975
6.168910000	-1.277683377	-0.027099603
6.168911000	-1.277418375	-0.028846826
6.168912000	-1.279744148	-0.028502891
6.168913000	-1.278823137	-0.028173032
6.168914000	-1.278187871	-0.028692390
6.168915000	-1.285450459	-0.029559817
6.168916000	-1.271699667	-0.029768600
6.168917000	-1.266099215	-0.028960947
6.168918000	-1.275220513	-0.029808712
6.168919000	-1.276147723	-0.029744917
6.168920000	-1.275841117	-0.029430044
6.168921000	-1.279287577	-0.030162278
6.168922000	-1.276244283	-0.029054297
6.168923000	-1.275888801	-0.028435732
6.168924000	-1.290223122	-0.030538233
6.168925000	-1.271992922	-0.028655744
6.168926000	-1.275944114	-0.029353274
6.168927000	-1.275357604	-0.030310560
6.168928000	-1.272928357	-0.030852559
6.168929000	-1.272164345	-0.029691935
6.168930000	-1.274307251	-0.030045459
6.168931000	-1.273407936	-0.030261327
6.168932000	-1.271776795	-0.030128970
6.168933000	-1.266829252	-0.030077352
6.168934000	-1.284427762	-0.031998515
6.168935000	-1.280137420	-0.031644635
6.168936000	-1.271834970	-0.030763759
6.168937000	-1.271403790	-0.032547039
6.168938000	-1.272770643	-0.032614544
6.168939000	-1.274386764	-0.031607270
6.168940000	-1.265200377	-0.032427802
6.168941000	-1.281945348	-0.032899935
6.168942000	-1.275146723	-0.032144606
6.168943000	-1.272009492	-0.034285904
6.168944000	-1.270077348	-0.031885826
6.168945000	-1.272024393	-0.032066711
6.168946000	-1.271473527	-0.033676013
6.168947000	-1.268721819	-0.033570375
6.168948000	-1.267065167	-0.033964180
6.168949000	-1.269135356	-0.033509016
6.168950000	-1.277117610	-0.033658114
6.168951000	-1.279387951	-0.032573317
6.168952000	-1.261211753	-0.033629932
6.168953000	-1.261265039	-0.033615649
6.168954000	-1.266047239	-0.033229826
6.168955000	-1.264055848	-0.035189800
6.168956000	-1.269552946	-0.034564180
6.168957000	-1.273738146	-0.033655603
6.168958000	-1.270824909	-0.033445071
6.168959000	-1.263779283	-0.034566325
6.168960000	-1.263547540	-0.034987970
6.168961000	-1.260659456	-0.034948850
6.168962000	-1.263233900	-0.036346203
6.168963000	-1.271980286	-0.035098982
6.168964000	-1.261733890	-0.035481832
6.168965000	-1.271022797	-0.035597933
6.168966000	-1.267007947	-0.035597101
6.168967000	-1.265840054	-0.035926076
6.168968000	-1.260920167	-0.036575226
6.168969000	-1.264046311	-0.036450519
6.168970000	-1.266514063	-0.034983317
6.168971000	-1.268836975	-0.035265879
6.168972000	-1.261390090	-0.035696753
6.168973000	-1.261786461	-0.035772620
6.168974000	-1.252189875	-0.036571106
6.168975000	-1.260675311	-0.036245086
6.168976000	-1.252907634	-0.037461763
6.168977000	-1.249403477	-0.037005676
6.168978000	-1.255274177	-0.036980813
6.168979000	-1.270470381	-0.037254120
6.168980000	-1.262113333	-0.036763474
6.168981000	-1.260992527	-0.038717985
6.168982000	-1.250977635	-0.037428977
6.168983000	-1.249957442	-0.038065801
6.168984000	-1.247130156	-0.038255951
6.168985000	-1.260328770	-0.038304350
6.168986000	-1.257305384	-0.038326396
6.168987000	-1.253701925	-0.038659545
6.168988000	-1.259173036	-0.038556456
6.168989000	-1.249035239	-0.038623284
6.168990000	-1.257825971	-0.039080774
6.168991000	-1.249770880	-0.039400457
6.168992000	-1.258760691	-0.039346574
6.168993000	-1.261683464	-0.037760004
6.168994000	-1.251116633	-0.039449139
6.168995000	-1.255606174	-0.040507720
6.168996000	-1.261217117	-0.039528430
6.168997000	-1.255185962	-0.038934529
6.168998000	-1.259139299	-0.040083758
6.168999000	-1.253747344	-0.040689169
6.169000000	-1.263957262	-0.040137849
6.169001000	-1.254227877	-0.040623414
6.169002000	-1.259560704	-0.040862774
6.169003000	-1.251828074	-0.040409991
6.169004000	-1.247824311	-0.039815336
6.169005000	-1.249806643	-0.040524141
6.169006000	-1.258580208	-0.041398889
6.169007000	-1.249647737	-0.040890388
6.169008000	-1.249401689	-0.041080650
6.169009000	-1.245338798	-0.040189930
6.169010000	-1.259454608	-0.041222546
6.169011000	-1.246961474	-0.041518923
6.169012000	-1.252663612	-0.041274931
6.169013000	-1.241947651	-0.041673428
6.169014000	-1.246770740	-0.040649126
6.169015000	-1.248077631	-0.042398519
6.169016000	-1.252406359	-0.041207745
6.169017000	-1.260563612	-0.042582319
6.169018000	-1.236533046	-0.043639910
6.169019000	-1.242466688	-0.040792300
6.169020000	-1.251366019	-0.041800390
6.169021000	-1.251209021	-0.041528173
6.169022000	-1.239668131	-0.041606607
6.169023000	-1.239876628	-0.041378154
6.169024000	-1.247190475	-0.041908522
6.169025000	-1.244317293	-0.043155864
6.169026000	-1.243433356	-0.043525756
6.169027000	-1.247972608	-0.043408348
6.169028000	-1.249298573	-0.043602817
6.169029000	-1.241350651	-0.043011504
6.169030000	-1.246349335	-0.043545351
6.169031000	-1.239960551	-0.043173441
6.169032000	-1.234656811	-0.043722555
6.169033000	-1.245963812	-0.042983191
6.169034000	-1.242338538	-0.044933549
6.169035000	-1.242159605	-0.044407163
6.169036000	-1.249665380	-0.044404092
6.169037000	-1.249594212	-0.044493890
6.169038000	-1.247790933	-0.044609238
6.169039000	-1.240184426	-0.044147629
6.169040000	-1.243779421	-0.044555867
6.169041000	-1.240197420	-0.044990724
6.169042000	-1.242702961	-0.045018479
6.169043000	-1.235467911	-0.044829694
6.169044000	-1.234944463	-0.045217808
6.169045000	-1.243028283	-0.044846913
6.169046000	-1.238578200	-0.045817402
6.169047000	-1.240309954	-0.046295252
6.169048000	-1.234755754	-0.045986309
6.169049000	-1.233721614	-0.045377073
6.169050000	-1.245201588	-0.045710093
6.169051000	-1.241533637	-0.045223879
6.169052000	-1.235673189	-0.046721079
6.169053000	-1.232164264	-0.047040168
6.169054000	-1.236439347	-0.047398666
6.169055000	-1.231146574	-0.046320224
6.169056000	-1.251054764	-0.047198264
6.169057000	-1.238829851	-0.047403402
6.169058000	-1.227701068	-0.047966036
6.169059000	-1.234523773	-0.045686891
6.169060000	-1.229805827	-0.046076856
6.169061000	-1.235130668	-0.046983738
6.169062000	-1.235673904	-0.048166693
6.169063000	-1.231032968	-0.048497295
6.169064000	-1.234810948	-0.046793197
6.169065000	-1.236144423	-0.048842420
6.169066000	-1.229809523	-0.048048519
6.169067000	-1.233354449	-0.048203794
6.169068000	-1.229747415	-0.047516578
6.169069000	-1.223770857	-0.048375980
6.169070000	-1.231963634	-0.048519820
6.169071000	-1.240518332	-0.048088612
6.169072000	-1.234015703	-0.048447386
6.169073000	-1.229632378	-0.048605112
6.169074000	-1.244410038	-0.048989398
6.169075000	-1.227968574	-0.049562872
6.169076000	-1.232629418	-0.048510303
6.169077000	-1.231703877	-0.048272587
6.169078000	-1.227695227	-0.048540642
6.169079000	-1.231108546	-0.049822971
6.169080000	-1.229357839	-0.048896599
6.169081000	-1.221979022	-0.048648958
6.169082000	-1.238294601	-0.049766346
6.169083000	-1.228452086	-0.049642201
6.169084000	-1.220420361	-0.049230239
6.169085000	-1.224336147	-0.048840119
6.169086000	-1.235263228	-0.049737188
6.169087000	-1.219192505	-0.050050609
6.169088000	-1.229162574	-0.049906124
6.169089000	-1.221938848	-0.050455480
6.169090000	-1.231475949	-0.050571602
6.169091000	-1.236537099	-0.051241013
6.169092000	-1.222485065	-0.050214918
6.169093000	-1.236864448	-0.050933218
6.169094000	-1.232166409	-0.051448877
6.169095000	-1.224997282	-0.050738100
6.169096000	-1.229561567	-0.050144731
6.169097000	-1.222206473	-0.050993331
6.169098000	-1.223839164	-0.050590902
6.169099000	-1.233713508	-0.050913731
6.169100000	-1.222635865	-0.051693238
6.169101000	-1.220754266	-0.051676485
6.169102000	-1.218575954	-0.051962967
6.169103000	-1.227245450	-0.051735495
6.169104000	-1.221962333	-0.050603240
6.169105000	-1.238699794	-0.052347203
6.169106000	-1.220795274	-0.051180397
6.169107000	-1.225384593	-0.052538859
6.169108000	-1.218356252	-0.052172870
6.169109000	-1.225072384	-0.052322764
6.169110000	-1.224532127	-0.051367863
6.169111000	-1.223501921	-0.052641890
6.169112000	-1.223868370	-0.053625208
6.169113000	-1.224711061	-0.052900004
6.169114000	-1.221304536	-0.053339958
6.169115000	-1.227476239	-0.051791950
6.169116000	-1.221104264	-0.053715185
6.169117000	-1.226813674	-0.053793574
6.169118000	-1.232722402	-0.053092626
6.169119000	-1.223585486	-0.053031697
6.169120000	-1.226293445	-0.052610273
6.169121000	-1.225001812	-0.052315145
6.169122000	-1.218356967	-0.053449722
6.169123000	-1.226271033	-0.053858363
6.169124000	-1.224082947	-0.053628533
6.169125000	-1.224526644	-0.053874721
6.169126000	-1.219707131	-0.053757929
6.169127000	-1.218826890	-0.054667361
6.169128000	-1.221822739	-0.053516917
6.169129000	-1.214531541	-0.054531049
6.169130000	-1.221726656	-0.053988018
6.169131000	-1.210471511	-0.054677082
6.169132000	-1.229169846	-0.053772568
6.169133000	-1.232291222	-0.055034661
6.169134000	-1.223455787	-0.055234910
6.169135000	-1.220252872	-0.054917902
6.169136000	-1.212746859	-0.055049462
6.169137000	-1.213840485	-0.054761912
6.169138000	-1.220105290	-0.055373831
6.169139000	-1.214202166	-0.055995995
6.169140000	-1.223072171	-0.055032792
6.169141000	-1.221719623	-0.054422159
6.169142000	-1.211118340	-0.055954604
6.169143000	-1.213266373	-0.055505445
6.169144000	-1.215359449	-0.056388333
6.169145000	-1.217586994	-0.055553124
6.169146000	-1.210973620	-0.054766605
6.169147000	-1.221791267	-0.055923766
6.169148000	-1.214590192	-0.056282140
6.169149000	-1.210175157	-0.056439320
6.169150000	-1.221544027	-0.056747777
6.169151000	-1.207300305	-0.056297985
6.169152000	-1.222849369	-0.057053208
6.169153000	-1.221656322	-0.056285968
6.169154000	-1.220767736	-0.056553532
6.169155000	-1.209811807	-0.056449669
6.169156000	-1.211372972	-0.056557768
6.169157000	-1.211870909	-0.056102176
6.169158000	-1.217834711	-0.056532077
6.169159000	-1.205483794	-0.057741019
6.169160000	-1.218134880	-0.057798369
6.169161000	-1.213627458	-0.056956169
6.169162000	-1.220908403	-0.057386457
6.169163000	-1.215288281	-0.057319940
6.169164000	-1.220478058	-0.057602535
6.169165000	-1.229995370	-0.058055043
6.169166000	-1.215211749	-0.057495988
6.169167000	-1.218235731	-0.057148878
6.169168000	-1.207521439	-0.057691493
6.169169000	-1.211325765	-0.057307036
6.169170000	-1.209874153	-0.059349689
6.169171000	-1.209141612	-0.057641001
6.169172000	-1.208875656	-0.058244556
6.169173000	-1.215822101	-0.058229530
6.169174000	-1.210712671	-0.059082820
6.169175000	-1.216285110	-0.058195263
6.169176000	-1.209132075	-0.058562401
6.169177000	-1.208899021	-0.058783098
6.169178000	-1.213082194	-0.060167496
6.169179000	-1.219442964	-0.059543222
6.169180000	-1.204848886	-0.059547945
6.169181000	-1.202498198	-0.059647818
6.169182000	-1.209767818	-0.059492010
6.169183000	-1.208973169	-0.059251851
6.169184000	-1.201704264	-0.058899078
6.169185000	-1.219945073	-0.059432127
6.169186000	-1.215593815	-0.059484458
6.169187000	-1.203422546	-0.059977808
6.169188000	-1.204494119	-0.060577369
6.169189000	-1.200310230	-0.060028433
6.169190000	-1.203208566	-0.059461966
6.169191000	-1.214367628	-0.059254152
6.169192000	-1.207195163	-0.060982486
6.169193000	-1.212807417	-0.060544596
6.169194000	-1.210278869	-0.061295515
6.169195000	-1.201622009	-0.059926139
6.169196000	-1.210969806	-0.061314748
6.169197000	-1.217241526	-0.059418956
6.169198000	-1.205120564	-0.060837568
6.169199000	-1.202205539	-0.061283972
6.169200000	-1.210721374	-0.060446075
6.169201000	-1.207780719	-0.061560354
6.169202000	-1.205179930	-0.061046081
6.169203000	-1.207397103	-0.059778446
6.169204000	-1.205987573	-0.062205505
6.169205000	-1.206338525	-0.060520486
6.169206000	-1.199335814	-0.060590939
6.169207000	-1.207534313	-0.061285208
6.169208000	-1.201571941	-0.061866381
6.169209000	-1.208376288	-0.060949225
6.169210000	-1.205115676	-0.062370430
6.169211000	-1.213950753	-0.062341859
6.169212000	-1.203401804	-0.062637070
6.169213000	-1.201757908	-0.062326084
6.169214000	-1.199495912	-0.062145388
6.169215000	-1.201266646	-0.062760466
6.169216000	-1.206876397	-0.061172003
6.169217000	-1.204717159	-0.062178782
6.169218000	-1.204953671	-0.062258273
6.169219000	-1.212128043	-0.064220586
6.169220000	-1.210127473	-0.062344530
6.169221000	-1.198866367	-0.062448864
6.169222000	-1.202004313	-0.062393470
6.169223000	-1.201984644	-0.063175707
6.169224000	-1.205434561	-0.062964098
6.169225000	-1.208184242	-0.062933597
6.169226000	-1.202787876	-0.063300081
6.169227000	-1.194916844	-0.063634187
6.169228000	-1.204285026	-0.062063117
6.169229000	-1.204775453	-0.063386055
6.169230000	-1.203139305	-0.063296049
6.169231000	-1.201286435	-0.062527410
6.169232000	-1.193589091	-0.063393383
6.169233000	-1.211540937	-0.063436805
6.169234000	-1.198494792	-0.064139651
