D:\KID metingen\Entropy ADR\LT343chip5_BF_20240530_mapping\S21\Power\KID190_90dBm_.dat
Power at KID:90dBm
resonance Frequency in GHz :6.562036
Q=17639.881721, Qc=77174.627412, Qi=22866.500623  S21min=-2.254081


Temperature in K:0.099983
GHz	dB	Rad
6.561500000	-6.932972908	-0.454216771
6.561501000	-6.937662601	-0.454131916
6.561502000	-6.929588318	-0.454514746
6.561503000	-6.930962086	-0.454773672
6.561504000	-6.933095932	-0.454834924
6.561505000	-6.935323715	-0.454654029
6.561506000	-6.934340954	-0.454568775
6.561507000	-6.934214115	-0.454295301
6.561508000	-6.935323238	-0.454721374
6.561509000	-6.934788227	-0.454967716
6.561510000	-6.936028004	-0.455351877
6.561511000	-6.935483932	-0.454900438
6.561512000	-6.938250065	-0.455405673
6.561513000	-6.940128803	-0.455854216
6.561514000	-6.939665794	-0.455443956
6.561515000	-6.938017368	-0.455731977
6.561516000	-6.942154884	-0.455013656
6.561517000	-6.933884144	-0.455527979
6.561518000	-6.943034649	-0.455754048
6.561519000	-6.938550472	-0.456804565
6.561520000	-6.945356846	-0.456241839
6.561521000	-6.936819553	-0.455729347
6.561522000	-6.941141605	-0.455971961
6.561523000	-6.944285393	-0.456527530
6.561524000	-6.941138268	-0.456143069
6.561525000	-6.943264008	-0.456243337
6.561526000	-6.942220211	-0.456358918
6.561527000	-6.945555210	-0.456144767
6.561528000	-6.945388317	-0.456425397
6.561529000	-6.945697308	-0.457048943
6.561530000	-6.945417881	-0.457101740
6.561531000	-6.946409702	-0.457769195
6.561532000	-6.947420120	-0.457279473
6.561533000	-6.947059155	-0.457045082
6.561534000	-6.948887825	-0.457065688
6.561535000	-6.944045544	-0.457833178
6.561536000	-6.949131966	-0.457226243
6.561537000	-6.947289944	-0.457403110
6.561538000	-6.950061321	-0.456627565
6.561539000	-6.952141285	-0.457933612
6.561540000	-6.949557304	-0.457969199
6.561541000	-6.943212032	-0.458003154
6.561542000	-6.953233242	-0.457765766
6.561543000	-6.949078083	-0.457571755
6.561544000	-6.949813843	-0.457796692
6.561545000	-6.951444149	-0.458228790
6.561546000	-6.952585220	-0.458223630
6.561547000	-6.956045628	-0.458082250
6.561548000	-6.954525471	-0.458351329
6.561549000	-6.949746132	-0.458800637
6.561550000	-6.952489376	-0.458546971
6.561551000	-6.950827599	-0.458947045
6.561552000	-6.952397823	-0.458926838
6.561553000	-6.956073761	-0.458204988
6.561554000	-6.953395367	-0.458829067
6.561555000	-6.954246521	-0.458748539
6.561556000	-6.958664417	-0.458740750
6.561557000	-6.953462601	-0.459416593
6.561558000	-6.953222275	-0.459456874
6.561559000	-6.958069801	-0.459560304
6.561560000	-6.956671238	-0.459683575
6.561561000	-6.955777168	-0.459219819
6.561562000	-6.956929207	-0.458946812
6.561563000	-6.962578297	-0.459454377
6.561564000	-6.956045151	-0.459683109
6.561565000	-6.960078239	-0.460408022
6.561566000	-6.962065220	-0.460100094
6.561567000	-6.962750912	-0.460348300
6.561568000	-6.962908745	-0.460073162
6.561569000	-6.962769508	-0.459837573
6.561570000	-6.962591648	-0.460516545
6.561571000	-6.963567257	-0.460553197
6.561572000	-6.962241650	-0.460084847
6.561573000	-6.962119102	-0.460028787
6.561574000	-6.963757038	-0.460779033
6.561575000	-6.962916374	-0.460773574
6.561576000	-6.960286617	-0.461055270
6.561577000	-6.966482639	-0.460376330
6.561578000	-6.966710091	-0.461373351
6.561579000	-6.969586849	-0.460900640
6.561580000	-6.970187187	-0.462071365
6.561581000	-6.962925434	-0.462152492
6.561582000	-6.966423988	-0.461580745
6.561583000	-6.964993477	-0.462084981
6.561584000	-6.965936661	-0.462369540
6.561585000	-6.969894409	-0.462518211
6.561586000	-6.964353085	-0.461796061
6.561587000	-6.967697144	-0.461817733
6.561588000	-6.965092182	-0.462479595
6.561589000	-6.967918873	-0.462394107
6.561590000	-6.967772484	-0.462657893
6.561591000	-6.968136787	-0.462593878
6.561592000	-6.972488880	-0.462298899
6.561593000	-6.972879410	-0.462856399
6.561594000	-6.973725319	-0.462646841
6.561595000	-6.970827103	-0.462551900
6.561596000	-6.974791050	-0.462899475
6.561597000	-6.974439144	-0.462543910
6.561598000	-6.976391792	-0.463376747
6.561599000	-6.972399235	-0.463379011
6.561600000	-6.973487377	-0.463299682
6.561601000	-6.976361275	-0.463555712
6.561602000	-6.976113796	-0.464171201
6.561603000	-6.976515293	-0.463804251
6.561604000	-6.974205017	-0.464331158
6.561605000	-6.976163864	-0.464034981
6.561606000	-6.977226257	-0.463860244
6.561607000	-6.977629662	-0.464631029
6.561608000	-6.979078293	-0.464059082
6.561609000	-6.976586342	-0.464105821
6.561610000	-6.982680321	-0.464301430
6.561611000	-6.981330395	-0.464502599
6.561612000	-6.980281353	-0.464205623
6.561613000	-6.982099533	-0.464560089
6.561614000	-6.977541924	-0.464882565
6.561615000	-6.979987621	-0.464881799
6.561616000	-6.982266903	-0.465257505
6.561617000	-6.980265141	-0.464444508
6.561618000	-6.976973057	-0.465329344
6.561619000	-6.984088898	-0.465259269
6.561620000	-6.985317230	-0.465555679
6.561621000	-6.983007431	-0.465284636
6.561622000	-6.989763260	-0.465305708
6.561623000	-6.983948708	-0.465624954
6.561624000	-6.987521172	-0.466540982
6.561625000	-6.988863468	-0.466077625
6.561626000	-6.985900402	-0.465842335
6.561627000	-6.988139153	-0.465988010
6.561628000	-6.989058018	-0.466148765
6.561629000	-6.985930920	-0.466834030
6.561630000	-6.986857414	-0.466461320
6.561631000	-6.990280151	-0.466901308
6.561632000	-6.990274429	-0.466636456
6.561633000	-6.987728596	-0.466809828
6.561634000	-6.993746758	-0.467051344
6.561635000	-6.991027832	-0.467462336
6.561636000	-6.987810612	-0.467829486
6.561637000	-6.988786697	-0.467259636
6.561638000	-6.996638775	-0.467481844
6.561639000	-6.995103359	-0.467562537
6.561640000	-6.994919777	-0.467964841
6.561641000	-6.991673470	-0.467957784
6.561642000	-6.989587784	-0.468151495
6.561643000	-6.995198727	-0.468332757
6.561644000	-6.992321968	-0.468461754
6.561645000	-6.989799976	-0.468783730
6.561646000	-6.997616291	-0.468473838
6.561647000	-6.991550922	-0.468221170
6.561648000	-6.994397640	-0.468582195
6.561649000	-6.997394085	-0.468161782
6.561650000	-6.997879982	-0.469142358
6.561651000	-6.997071266	-0.468663089
6.561652000	-6.994543076	-0.469189795
6.561653000	-6.993472099	-0.469524188
6.561654000	-6.997535229	-0.469143756
6.561655000	-6.997822285	-0.469551952
6.561656000	-7.001158714	-0.469068222
6.561657000	-7.003079891	-0.469769066
6.561658000	-7.000741482	-0.469701355
6.561659000	-7.002382755	-0.469894801
6.561660000	-7.000721931	-0.470709528
6.561661000	-7.000193119	-0.470541350
6.561662000	-6.996481419	-0.470362385
6.561663000	-7.004238129	-0.470511755
6.561664000	-7.010019302	-0.469970801
6.561665000	-7.007956982	-0.470565817
6.561666000	-7.009785175	-0.470339049
6.561667000	-7.005484581	-0.471182805
6.561668000	-7.006276608	-0.470953773
6.561669000	-7.000255585	-0.470215312
6.561670000	-7.007321835	-0.471156640
6.561671000	-7.009276390	-0.471258439
6.561672000	-7.007797241	-0.471350651
6.561673000	-7.009259224	-0.471531446
6.561674000	-7.010049343	-0.471745498
6.561675000	-7.008840084	-0.472051329
6.561676000	-7.012045383	-0.472575905
6.561677000	-7.011082172	-0.472702938
6.561678000	-7.013124466	-0.471825226
6.561679000	-7.010263920	-0.472900910
6.561680000	-7.017365456	-0.472881636
6.561681000	-7.011291981	-0.472286053
6.561682000	-7.014022350	-0.472280094
6.561683000	-7.019690990	-0.472517282
6.561684000	-7.020797253	-0.472732066
6.561685000	-7.018528938	-0.472840024
6.561686000	-7.018441677	-0.473284472
6.561687000	-7.019309998	-0.473095454
6.561688000	-7.018821239	-0.473717835
6.561689000	-7.022248745	-0.473959384
6.561690000	-7.021785259	-0.474066509
6.561691000	-7.020554543	-0.474466882
6.561692000	-7.020968914	-0.474384657
6.561693000	-7.022562981	-0.474022467
6.561694000	-7.024792194	-0.474251299
6.561695000	-7.025164604	-0.474117043
6.561696000	-7.024380684	-0.474343245
6.561697000	-7.029377937	-0.474320941
6.561698000	-7.031634808	-0.474853973
6.561699000	-7.029278278	-0.474658197
6.561700000	-7.033563614	-0.475098051
6.561701000	-7.029979706	-0.475176215
6.561702000	-7.029755116	-0.475280178
6.561703000	-7.028154373	-0.476075398
6.561704000	-7.028315544	-0.475304313
6.561705000	-7.034274101	-0.476461756
6.561706000	-7.032394886	-0.475893871
6.561707000	-7.037232876	-0.475744534
6.561708000	-7.034689426	-0.475830288
6.561709000	-7.034556866	-0.476087948
6.561710000	-7.035707474	-0.476142676
6.561711000	-7.031894684	-0.476303598
6.561712000	-7.035237312	-0.476550107
6.561713000	-7.037886143	-0.476656300
6.561714000	-7.040705681	-0.476832801
6.561715000	-7.042339325	-0.476487789
6.561716000	-7.040633202	-0.477369728
6.561717000	-7.038084984	-0.476790224
6.561718000	-7.034852028	-0.477262536
6.561719000	-7.040048599	-0.476958969
6.561720000	-7.040069103	-0.477573892
6.561721000	-7.040307522	-0.477879457
6.561722000	-7.043536663	-0.477685146
6.561723000	-7.040969849	-0.478103063
6.561724000	-7.044404984	-0.478096937
6.561725000	-7.044857502	-0.477930656
6.561726000	-7.044233322	-0.478887197
6.561727000	-7.046121597	-0.478776177
6.561728000	-7.041073799	-0.478870885
6.561729000	-7.049082279	-0.478891192
6.561730000	-7.050673962	-0.479672796
6.561731000	-7.046539307	-0.479737078
6.561732000	-7.050748825	-0.479569399
6.561733000	-7.052875519	-0.479088565
6.561734000	-7.052053452	-0.479448725
6.561735000	-7.047425747	-0.480091212
6.561736000	-7.049045086	-0.480239484
6.561737000	-7.047882557	-0.480938697
6.561738000	-7.050726891	-0.480490487
6.561739000	-7.050576687	-0.481114166
6.561740000	-7.054934502	-0.480621448
6.561741000	-7.056671619	-0.481346060
6.561742000	-7.055569649	-0.481695567
6.561743000	-7.055251598	-0.481402553
6.561744000	-7.054584026	-0.481666505
6.561745000	-7.058474541	-0.480976813
6.561746000	-7.059700966	-0.481472095
6.561747000	-7.057776928	-0.481849032
6.561748000	-7.060314178	-0.482339153
6.561749000	-7.060160637	-0.481707318
6.561750000	-7.059229851	-0.482499376
6.561751000	-7.062886238	-0.481966577
6.561752000	-7.062638283	-0.482557166
6.561753000	-7.064578056	-0.482711630
6.561754000	-7.063998699	-0.482333494
6.561755000	-7.065928459	-0.482652774
6.561756000	-7.068984509	-0.482325371
6.561757000	-7.065402031	-0.483015097
6.561758000	-7.070257664	-0.483120758
6.561759000	-7.073127747	-0.483190266
6.561760000	-7.073019028	-0.483672432
6.561761000	-7.067270756	-0.483131011
6.561762000	-7.070714474	-0.483337073
6.561763000	-7.068180561	-0.484030860
6.561764000	-7.069369793	-0.483910485
6.561765000	-7.074875355	-0.484445913
6.561766000	-7.069503784	-0.485307313
6.561767000	-7.072957516	-0.484778243
6.561768000	-7.071334362	-0.485235640
6.561769000	-7.078048229	-0.485258910
6.561770000	-7.074964523	-0.485204348
6.561771000	-7.081811428	-0.485052615
6.561772000	-7.074354649	-0.485493335
6.561773000	-7.079099655	-0.485562177
6.561774000	-7.079407215	-0.485458414
6.561775000	-7.082677841	-0.486375973
6.561776000	-7.080213070	-0.485847701
6.561777000	-7.078783989	-0.486880043
6.561778000	-7.086121559	-0.486199039
6.561779000	-7.081084728	-0.486473877
6.561780000	-7.080224037	-0.486676477
6.561781000	-7.084554195	-0.487231180
6.561782000	-7.094951630	-0.486870156
6.561783000	-7.087229729	-0.487502856
6.561784000	-7.092003345	-0.487447462
6.561785000	-7.084724426	-0.487593104
6.561786000	-7.089880466	-0.488383097
6.561787000	-7.098929405	-0.487916878
6.561788000	-7.093038082	-0.488728876
6.561789000	-7.091340065	-0.488523879
6.561790000	-7.098848820	-0.489068529
6.561791000	-7.094508648	-0.488653675
6.561792000	-7.098643303	-0.489262407
6.561793000	-7.090677261	-0.489172292
6.561794000	-7.092464924	-0.489498762
6.561795000	-7.097405910	-0.489403188
6.561796000	-7.098435879	-0.489512944
6.561797000	-7.091534138	-0.489212972
6.561798000	-7.102319717	-0.490315354
6.561799000	-7.105423927	-0.490334529
6.561800000	-7.106593132	-0.489690277
6.561801000	-7.111313820	-0.490122608
6.561802000	-7.106920719	-0.490121775
6.561803000	-7.108736992	-0.491003648
6.561804000	-7.108021259	-0.491193365
6.561805000	-7.106482029	-0.490817360
6.561806000	-7.110187054	-0.491790912
6.561807000	-7.113891602	-0.491954563
6.561808000	-7.110237598	-0.491541107
6.561809000	-7.109240532	-0.492076968
6.561810000	-7.113817692	-0.492131963
6.561811000	-7.112658024	-0.493043996
6.561812000	-7.113068104	-0.492561897
6.561813000	-7.118708134	-0.492403871
6.561814000	-7.108111858	-0.492913933
6.561815000	-7.110664845	-0.493370266
6.561816000	-7.120118141	-0.493514909
6.561817000	-7.118862152	-0.493802431
6.561818000	-7.121172428	-0.493017131
6.561819000	-7.121581554	-0.494258763
6.561820000	-7.116692543	-0.494027135
6.561821000	-7.119613171	-0.494429205
6.561822000	-7.122432709	-0.494149906
6.561823000	-7.119571209	-0.494301340
6.561824000	-7.127602577	-0.494749051
6.561825000	-7.130308151	-0.494647818
6.561826000	-7.119693756	-0.495095295
6.561827000	-7.126227379	-0.495607188
6.561828000	-7.130584240	-0.496063188
6.561829000	-7.134253502	-0.495843311
6.561830000	-7.130699635	-0.496385331
6.561831000	-7.130997181	-0.496473115
6.561832000	-7.130608559	-0.496291854
6.561833000	-7.137415886	-0.496622552
6.561834000	-7.139842987	-0.496822355
6.561835000	-7.139302731	-0.496915100
6.561836000	-7.141889095	-0.497633854
6.561837000	-7.141169071	-0.496950853
6.561838000	-7.142148018	-0.497567075
6.561839000	-7.145084858	-0.497851401
6.561840000	-7.142158985	-0.497723702
6.561841000	-7.141568661	-0.498315923
6.561842000	-7.143939495	-0.498329838
6.561843000	-7.146474838	-0.499042766
6.561844000	-7.142889500	-0.498748320
6.561845000	-7.147745609	-0.499201091
6.561846000	-7.146871567	-0.499460050
6.561847000	-7.150465012	-0.499405921
6.561848000	-7.145101547	-0.500402643
6.561849000	-7.152783871	-0.500206967
6.561850000	-7.153060913	-0.500273246
6.561851000	-7.159713268	-0.500600449
6.561852000	-7.155135155	-0.500400312
6.561853000	-7.163980007	-0.500860773
6.561854000	-7.161096096	-0.500913870
6.561855000	-7.161184788	-0.501353225
6.561856000	-7.159998417	-0.500988838
6.561857000	-7.163575649	-0.501802700
6.561858000	-7.167118549	-0.501650567
6.561859000	-7.164622784	-0.501669708
6.561860000	-7.166276932	-0.501972276
6.561861000	-7.167711735	-0.502354740
6.561862000	-7.168082237	-0.503143601
6.561863000	-7.169379234	-0.503267471
6.561864000	-7.167825699	-0.503216439
6.561865000	-7.169395447	-0.503396635
6.561866000	-7.171586514	-0.503784258
6.561867000	-7.175474167	-0.504187361
6.561868000	-7.172226906	-0.504256137
6.561869000	-7.176602364	-0.504250244
6.561870000	-7.176928520	-0.503830364
6.561871000	-7.178758621	-0.505221133
6.561872000	-7.180776119	-0.505335050
6.561873000	-7.177451134	-0.505680928
6.561874000	-7.182831287	-0.505971812
6.561875000	-7.184556007	-0.505581925
6.561876000	-7.190890312	-0.505776402
6.561877000	-7.186214924	-0.505990221
6.561878000	-7.187405586	-0.506233634
6.561879000	-7.189141273	-0.506915503
6.561880000	-7.196882725	-0.506808777
6.561881000	-7.188025951	-0.507336316
6.561882000	-7.196464062	-0.507380557
6.561883000	-7.193619728	-0.508072613
6.561884000	-7.198914528	-0.508025109
6.561885000	-7.195167542	-0.507760124
6.561886000	-7.200870037	-0.508890869
6.561887000	-7.197922707	-0.508467260
6.561888000	-7.199364185	-0.508972994
6.561889000	-7.208536625	-0.509045732
6.561890000	-7.203283787	-0.510229607
6.561891000	-7.206427574	-0.509389113
6.561892000	-7.204695225	-0.509827370
6.561893000	-7.206920147	-0.511054288
6.561894000	-7.203987598	-0.511200063
6.561895000	-7.208776951	-0.511537918
6.561896000	-7.211418629	-0.510942336
6.561897000	-7.214970589	-0.511338547
6.561898000	-7.212403774	-0.512227710
6.561899000	-7.218682289	-0.512057900
6.561900000	-7.224739075	-0.512982683
6.561901000	-7.217432499	-0.512375549
6.561902000	-7.224272251	-0.513064875
6.561903000	-7.225712776	-0.512717898
6.561904000	-7.227367878	-0.513642614
6.561905000	-7.226803780	-0.513601202
6.561906000	-7.225589275	-0.514202178
6.561907000	-7.232531071	-0.514100379
6.561908000	-7.232000351	-0.514424752
6.561909000	-7.230931282	-0.514692566
6.561910000	-7.234116554	-0.515287582
6.561911000	-7.232514858	-0.514840604
6.561912000	-7.238980770	-0.514803187
6.561913000	-7.241454601	-0.515556329
6.561914000	-7.237998962	-0.515630664
6.561915000	-7.245297432	-0.516487237
6.561916000	-7.244790554	-0.516462702
6.561917000	-7.245170593	-0.516312433
6.561918000	-7.245992184	-0.517490283
6.561919000	-7.246436596	-0.517422040
6.561920000	-7.244799137	-0.517976543
6.561921000	-7.252115726	-0.518290297
6.561922000	-7.251423836	-0.518858016
6.561923000	-7.260038376	-0.518593731
6.561924000	-7.261216640	-0.518724991
6.561925000	-7.253026962	-0.519616717
6.561926000	-7.258312225	-0.519748277
6.561927000	-7.258725166	-0.520018122
6.561928000	-7.259697437	-0.520166227
6.561929000	-7.256881714	-0.520259271
6.561930000	-7.262507439	-0.520836611
6.561931000	-7.265817165	-0.522200183
6.561932000	-7.262942791	-0.521731966
6.561933000	-7.274949551	-0.521790855
6.561934000	-7.267948151	-0.522182773
6.561935000	-7.272800922	-0.521757832
6.561936000	-7.279446125	-0.522866306
6.561937000	-7.279620171	-0.522826426
6.561938000	-7.276678085	-0.523503667
6.561939000	-7.281442165	-0.523286720
6.561940000	-7.283434868	-0.524231842
6.561941000	-7.288391113	-0.523973782
6.561942000	-7.289175510	-0.524335506
6.561943000	-7.282020569	-0.524479217
6.561944000	-7.291796207	-0.525081923
6.561945000	-7.292644024	-0.525279996
6.561946000	-7.295253754	-0.525767920
6.561947000	-7.291722298	-0.525738359
6.561948000	-7.297583580	-0.526517267
6.561949000	-7.295936584	-0.526723163
6.561950000	-7.303886414	-0.526948400
6.561951000	-7.303578854	-0.527604403
6.561952000	-7.305263519	-0.527867090
6.561953000	-7.305415630	-0.527934968
6.561954000	-7.307877541	-0.529036351
6.561955000	-7.308682442	-0.528591936
6.561956000	-7.313990593	-0.529274305
6.561957000	-7.319864273	-0.529970056
6.561958000	-7.312685013	-0.529748281
6.561959000	-7.322210312	-0.530354383
6.561960000	-7.324008942	-0.530537975
6.561961000	-7.328153610	-0.530772632
6.561962000	-7.327518463	-0.531515854
6.561963000	-7.334638119	-0.531167646
6.561964000	-7.336426258	-0.531552972
6.561965000	-7.334267139	-0.531405799
6.561966000	-7.330025196	-0.532277818
6.561967000	-7.340164661	-0.531994291
6.561968000	-7.343359947	-0.533124337
6.561969000	-7.345706463	-0.533576508
6.561970000	-7.344769478	-0.533258028
6.561971000	-7.351294041	-0.534555320
6.561972000	-7.349253654	-0.534292466
6.561973000	-7.352499008	-0.535811067
6.561974000	-7.357996464	-0.535048304
6.561975000	-7.356875896	-0.536447130
6.561976000	-7.361646652	-0.536306581
6.561977000	-7.361660004	-0.536639210
6.561978000	-7.363924503	-0.537692857
6.561979000	-7.363569260	-0.537860170
6.561980000	-7.368185997	-0.538086372
6.561981000	-7.369732380	-0.538380218
6.561982000	-7.373923302	-0.539021275
6.561983000	-7.373528481	-0.539034424
6.561984000	-7.379546165	-0.539764829
6.561985000	-7.375794411	-0.540168897
6.561986000	-7.387550831	-0.540585815
6.561987000	-7.383001328	-0.539825516
6.561988000	-7.386233807	-0.540953764
6.561989000	-7.390648842	-0.542115269
6.561990000	-7.391909122	-0.542606888
6.561991000	-7.392288685	-0.542764181
6.561992000	-7.395891666	-0.542320199
6.561993000	-7.396381378	-0.543854313
6.561994000	-7.403700829	-0.544127420
6.561995000	-7.404486656	-0.544244466
6.561996000	-7.411647320	-0.544788117
6.561997000	-7.414494038	-0.545692027
6.561998000	-7.418549538	-0.546156815
6.561999000	-7.413958549	-0.545931412
6.562000000	-7.419108391	-0.546399230
6.562001000	-7.419709206	-0.546587715
6.562002000	-7.428328514	-0.547947458
6.562003000	-7.422657490	-0.548404590
6.562004000	-7.424560547	-0.548078652
6.562005000	-7.429850578	-0.548791780
6.562006000	-7.433707714	-0.549432870
6.562007000	-7.436378479	-0.550088939
6.562008000	-7.437163353	-0.549724153
6.562009000	-7.437667370	-0.550151224
6.562010000	-7.440467358	-0.550944347
6.562011000	-7.446600914	-0.551603313
6.562012000	-7.452416420	-0.552556891
6.562013000	-7.451940536	-0.553066553
6.562014000	-7.457180023	-0.553038057
6.562015000	-7.457889080	-0.553591129
6.562016000	-7.464015484	-0.554397168
6.562017000	-7.469337940	-0.554986959
6.562018000	-7.469555855	-0.555486801
6.562019000	-7.474034309	-0.556252060
6.562020000	-7.477716923	-0.556496738
6.562021000	-7.483649731	-0.557647756
6.562022000	-7.484477520	-0.557816101
6.562023000	-7.484880447	-0.557762039
6.562024000	-7.491313934	-0.558772942
6.562025000	-7.497032166	-0.559514499
6.562026000	-7.497997761	-0.559549187
6.562027000	-7.501660824	-0.560303128
6.562028000	-7.503698349	-0.561555146
6.562029000	-7.501837254	-0.561941504
6.562030000	-7.509112835	-0.562114010
6.562031000	-7.514254570	-0.562354161
6.562032000	-7.525294304	-0.563270222
6.562033000	-7.521296501	-0.563942004
6.562034000	-7.526721001	-0.564610924
6.562035000	-7.532845020	-0.565353014
6.562036000	-8.375020981	0.254959608
6.562037000	-8.349640846	0.247560331
6.562038000	-8.345575333	0.246076118
6.562039000	-8.312772751	0.245516821
6.562040000	-8.298998833	0.243915995
6.562041000	-8.291567802	0.243594585
6.562042000	-8.276885033	0.244526008
6.562043000	-8.264596939	0.242396528
6.562044000	-8.256991386	0.242204131
6.562045000	-8.241410255	0.241627857
6.562046000	-8.233420372	0.240876379
6.562047000	-8.215543747	0.239637743
6.562048000	-8.200181961	0.240355548
6.562049000	-8.182552338	0.239998218
6.562050000	-8.177599907	0.239225352
6.562051000	-8.157658577	0.239129911
6.562052000	-8.154582977	0.238415052
6.562053000	-8.144553185	0.238122987
6.562054000	-8.132426262	0.238573677
6.562055000	-8.115582466	0.237343047
6.562056000	-8.099776268	0.236670982
6.562057000	-8.097596169	0.236788993
6.562058000	-8.084095955	0.236930690
6.562059000	-8.075956345	0.236011017
6.562060000	-8.069076538	0.235305462
6.562061000	-8.055514336	0.234874030
6.562062000	-8.039094925	0.233914810
6.562063000	-8.023786545	0.234756252
6.562064000	-8.018422127	0.233524390
6.562065000	-8.005224228	0.232796765
6.562066000	-8.003293037	0.233207790
6.562067000	-7.983028412	0.231866522
6.562068000	-7.970122814	0.232189747
6.562069000	-7.960466385	0.231812294
6.562070000	-7.949004650	0.231418695
6.562071000	-7.945814133	0.231140228
6.562072000	-7.937781811	0.230546227
6.562073000	-7.917998791	0.229938144
6.562074000	-7.908449173	0.229500653
6.562075000	-7.898541451	0.229540418
6.562076000	-7.889277935	0.226781366
6.562077000	-7.871425152	0.227968986
6.562078000	-7.869096279	0.227191876
6.562079000	-7.858779907	0.227071268
6.562080000	-7.845715523	0.227297503
6.562081000	-7.833742142	0.226621743
6.562082000	-7.825929642	0.226064443
6.562083000	-7.816263676	0.225926342
6.562084000	-7.802434921	0.225086880
6.562085000	-7.800978184	0.224429229
6.562086000	-7.784204483	0.224672159
6.562087000	-7.772951603	0.223888840
6.562088000	-7.758430958	0.222259468
6.562089000	-7.757280827	0.222312315
6.562090000	-7.745810032	0.222549770
6.562091000	-7.740305424	0.221492911
6.562092000	-7.724094868	0.221282754
6.562093000	-7.713160038	0.220620676
6.562094000	-7.694747448	0.220844265
6.562095000	-7.696342945	0.219683875
6.562096000	-7.688313484	0.218842633
6.562097000	-7.672111511	0.218161762
6.562098000	-7.671993256	0.218422719
6.562099000	-7.657065868	0.217020864
6.562100000	-7.645181656	0.216463831
6.562101000	-7.639297009	0.216763320
6.562102000	-7.627121449	0.215170050
6.562103000	-7.622728348	0.216038990
6.562104000	-7.617619514	0.215264959
6.562105000	-7.593422413	0.214601915
6.562106000	-7.596938133	0.214377910
6.562107000	-7.578774929	0.213341774
6.562108000	-7.576823711	0.213128488
6.562109000	-7.572438717	0.213011575
6.562110000	-7.552938938	0.211401278
6.562111000	-7.549607277	0.210985059
6.562112000	-7.544742584	0.210549949
6.562113000	-7.528271198	0.211014387
6.562114000	-7.522249699	0.210034244
6.562115000	-7.512025356	0.210104585
6.562116000	-7.503539562	0.208155384
6.562117000	-7.495079517	0.208074507
6.562118000	-7.490274429	0.207741429
6.562119000	-7.476551533	0.206835721
6.562120000	-7.475625038	0.207273045
6.562121000	-7.462148666	0.205614312
6.562122000	-7.457946777	0.205574931
6.562123000	-7.442816734	0.205530922
6.562124000	-7.435279369	0.204189554
6.562125000	-7.431143761	0.204027218
6.562126000	-7.415667534	0.203326008
6.562127000	-7.415549755	0.202382733
6.562128000	-7.402123928	0.203153435
6.562129000	-7.401448727	0.201646302
6.562130000	-7.387791157	0.200891446
6.562131000	-7.384223938	0.200362658
6.562132000	-7.369057178	0.199986936
6.562133000	-7.362721920	0.199104448
6.562134000	-7.360508442	0.198832905
6.562135000	-7.347201347	0.198269747
6.562136000	-7.335505486	0.197120360
6.562137000	-7.334563732	0.197729025
6.562138000	-7.327615738	0.196965180
6.562139000	-7.323679924	0.196454869
6.562140000	-7.317706585	0.195244579
6.562141000	-7.305634022	0.194840843
6.562142000	-7.306368828	0.193955759
6.562143000	-7.290841103	0.193579504
6.562144000	-7.282349110	0.193799414
6.562145000	-7.283257008	0.193644701
6.562146000	-7.266733646	0.192213951
6.562147000	-7.264995098	0.191219793
6.562148000	-7.243071556	0.190494165
6.562149000	-7.243898392	0.189985385
6.562150000	-7.239614487	0.189628854
6.562151000	-7.228474617	0.189155827
6.562152000	-7.224108219	0.188142228
6.562153000	-7.217392921	0.187750393
6.562154000	-7.211437225	0.187115413
6.562155000	-7.202416420	0.186674976
6.562156000	-7.197408199	0.185999115
6.562157000	-7.195780754	0.185927510
6.562158000	-7.183960915	0.184930489
6.562159000	-7.174757004	0.183603319
6.562160000	-7.164344311	0.183369094
6.562161000	-7.161723614	0.183436772
6.562162000	-7.160132885	0.182685161
6.562163000	-7.151039600	0.181784913
6.562164000	-7.146838188	0.181044104
6.562165000	-7.132065773	0.181040309
6.562166000	-7.124942303	0.179405744
6.562167000	-7.120266438	0.178499754
6.562168000	-7.109189510	0.177987212
6.562169000	-7.106788158	0.178579399
6.562170000	-7.099321365	0.178135849
6.562171000	-7.092662334	0.176972497
6.562172000	-7.083145142	0.176909014
6.562173000	-7.074314594	0.175826522
6.562174000	-7.068873405	0.174665434
6.562175000	-7.060986042	0.174499952
6.562176000	-7.056227207	0.174040573
6.562177000	-7.052958965	0.173616515
6.562178000	-7.054191113	0.173342309
6.562179000	-7.040984154	0.172713304
6.562180000	-7.033132076	0.171449800
6.562181000	-7.031806946	0.170221301
6.562182000	-7.023072243	0.169824473
6.562183000	-7.022987843	0.169061228
6.562184000	-7.012283802	0.170085879
6.562185000	-7.011960983	0.167797025
6.562186000	-7.003482819	0.168314594
6.562187000	-6.997963428	0.166563815
6.562188000	-6.988556862	0.166894030
6.562189000	-6.978308201	0.165325712
6.562190000	-6.977282047	0.165063540
6.562191000	-6.966165543	0.164509902
6.562192000	-6.965206146	0.163356038
6.562193000	-6.961895943	0.163472118
6.562194000	-6.955163956	0.161853116
6.562195000	-6.949519634	0.161316439
6.562196000	-6.943104267	0.161032346
6.562197000	-6.934304237	0.160774286
6.562198000	-6.932168961	0.160464860
6.562199000	-6.924157619	0.159426360
6.562200000	-6.922935486	0.159146029
6.562201000	-6.915477276	0.158119447
6.562202000	-6.908538818	0.157211076
6.562203000	-6.907979488	0.155307332
6.562204000	-6.896084309	0.156200823
6.562205000	-6.892792702	0.155724550
6.562206000	-6.888113499	0.155020926
6.562207000	-6.877086639	0.154668656
6.562208000	-6.869398117	0.153464075
6.562209000	-6.875019073	0.153180965
6.562210000	-6.863620281	0.151474461
6.562211000	-6.861323357	0.151137438
6.562212000	-6.859932423	0.151080929
6.562213000	-6.852571487	0.150138969
6.562214000	-6.850164413	0.149323908
6.562215000	-6.842048645	0.148544501
6.562216000	-6.835486889	0.147996073
6.562217000	-6.830460548	0.147803909
6.562218000	-6.830115795	0.147029212
6.562219000	-6.820487976	0.146773033
6.562220000	-6.822608471	0.146471829
6.562221000	-6.819038868	0.144139699
6.562222000	-6.807167053	0.144098354
6.562223000	-6.802662849	0.143447577
6.562224000	-6.797657490	0.142892957
6.562225000	-6.791537762	0.142979360
6.562226000	-6.788120747	0.141857070
6.562227000	-6.783304691	0.141466535
6.562228000	-6.770780563	0.140229047
6.562229000	-6.769283772	0.139299770
6.562230000	-6.767205715	0.138136460
6.562231000	-6.763741493	0.138702914
6.562232000	-6.762961388	0.137428184
6.562233000	-6.757924557	0.136872532
6.562234000	-6.755384445	0.136161060
6.562235000	-6.748289585	0.134942356
6.562236000	-6.743318558	0.135296123
6.562237000	-6.737053394	0.134794908
6.562238000	-6.737858295	0.133370475
6.562239000	-6.731588364	0.133035840
6.562240000	-6.724632740	0.132283822
6.562241000	-6.717414856	0.131432576
6.562242000	-6.715205669	0.131151529
6.562243000	-6.706701756	0.129923121
6.562244000	-6.705264568	0.129798144
6.562245000	-6.700141430	0.128695545
6.562246000	-6.693226337	0.128030945
6.562247000	-6.681104660	0.126789404
6.562248000	-6.684080601	0.126204682
6.562249000	-6.680994987	0.125895398
6.562250000	-6.671362877	0.124676078
6.562251000	-6.676637650	0.124241533
6.562252000	-6.670044899	0.124086945
6.562253000	-6.660627365	0.123020765
6.562254000	-6.664006710	0.122256147
6.562255000	-6.651313305	0.121525966
6.562256000	-6.650389671	0.121252476
6.562257000	-6.648381710	0.119862847
6.562258000	-6.646742344	0.119174178
6.562259000	-6.640543938	0.118537733
6.562260000	-6.633154869	0.118472361
6.562261000	-6.630229473	0.117363379
6.562262000	-6.622516155	0.116858044
6.562263000	-6.626968384	0.115958253
6.562264000	-6.622661114	0.115426695
6.562265000	-6.620150089	0.114728048
6.562266000	-6.613896370	0.114212576
6.562267000	-6.606895447	0.114164947
6.562268000	-6.600232124	0.111934358
6.562269000	-6.598708630	0.112308649
6.562270000	-6.596797466	0.109930230
6.562271000	-6.593220234	0.110275475
6.562272000	-6.593711376	0.109605532
6.562273000	-6.589371681	0.108793077
6.562274000	-6.584471703	0.108420176
6.562275000	-6.577184200	0.107091849
6.562276000	-6.572937489	0.106954630
6.562277000	-6.572076321	0.106215445
6.562278000	-6.569878101	0.105752005
6.562279000	-6.564898014	0.104894176
6.562280000	-6.558453560	0.103658935
6.562281000	-6.553871632	0.102585548
6.562282000	-6.553630829	0.102583401
6.562283000	-6.545914173	0.101319090
6.562284000	-6.540787220	0.101033224
6.562285000	-6.535665035	0.100086695
6.562286000	-6.538523197	0.098899159
6.562287000	-6.535859108	0.098067620
6.562288000	-6.527771950	0.097809709
6.562289000	-6.525011063	0.097156877
6.562290000	-6.518304825	0.096681794
6.562291000	-6.520216465	0.095827402
6.562292000	-6.516807556	0.094680295
6.562293000	-6.511172771	0.093352576
6.562294000	-6.508955479	0.093737020
6.562295000	-6.502551556	0.092661095
6.562296000	-6.504236221	0.091626299
6.562297000	-6.498920918	0.091012681
6.562298000	-6.494674206	0.090991226
6.562299000	-6.492045879	0.089853973
6.562300000	-6.489191532	0.089156416
6.562301000	-6.482008934	0.088188266
6.562302000	-6.475584984	0.087351442
6.562303000	-6.475180626	0.085973814
6.562304000	-6.473941326	0.086094572
6.562305000	-6.470479012	0.085851034
6.562306000	-6.468427658	0.085018480
6.562307000	-6.467697620	0.084197036
6.562308000	-6.462849617	0.083429214
6.562309000	-6.458301544	0.081853671
6.562310000	-6.449754238	0.081741693
6.562311000	-6.454903126	0.081313365
6.562312000	-6.450283527	0.080127851
6.562313000	-6.445832729	0.079359862
6.562314000	-6.442576408	0.078720112
6.562315000	-6.442667484	0.077730573
6.562316000	-6.440234661	0.078030220
6.562317000	-6.430400372	0.076284086
6.562318000	-6.430175304	0.075975508
6.562319000	-6.427031994	0.074731837
6.562320000	-6.425805569	0.074329775
6.562321000	-6.420562267	0.074020981
6.562322000	-6.427085400	0.073557866
6.562323000	-6.422133446	0.072306854
6.562324000	-6.418772221	0.071392774
6.562325000	-6.412518501	0.070302426
6.562326000	-6.409330368	0.069651271
6.562327000	-6.406952381	0.069012337
6.562328000	-6.405138493	0.068726788
6.562329000	-6.403059006	0.067601810
6.562330000	-6.399662018	0.067364514
6.562331000	-6.397221088	0.065345593
6.562332000	-6.390505791	0.064670802
6.562333000	-6.391081333	0.064526899
6.562334000	-6.383373260	0.064145393
6.562335000	-6.380517960	0.063351201
6.562336000	-6.380554199	0.062893787
6.562337000	-6.380521774	0.061855636
6.562338000	-6.378699303	0.061570391
6.562339000	-6.374723434	0.061399982
6.562340000	-6.368816376	0.059427562
6.562341000	-6.365246296	0.058798057
6.562342000	-6.367124557	0.058005138
6.562343000	-6.365139008	0.057296209
6.562344000	-6.359977722	0.056393464
6.562345000	-6.359886646	0.055669459
6.562346000	-6.355905533	0.054877339
6.562347000	-6.357861042	0.054099076
6.562348000	-6.350652218	0.053203388
6.562349000	-6.349647045	0.052553186
6.562350000	-6.341454506	0.051284967
6.562351000	-6.340781689	0.050564890
6.562352000	-6.338968754	0.049713665
6.562353000	-6.335471630	0.049198801
6.562354000	-6.336509705	0.049255814
6.562355000	-6.335325241	0.048091850
6.562356000	-6.333213329	0.047276610
6.562357000	-6.333342552	0.046787379
6.562358000	-6.331588268	0.046466057
6.562359000	-6.326848984	0.045268009
6.562360000	-6.321671009	0.044815737
6.562361000	-6.325034618	0.043819203
6.562362000	-6.317669868	0.042736266
6.562363000	-6.316382885	0.042271557
6.562364000	-6.317841053	0.041546224
6.562365000	-6.312551975	0.040245578
6.562366000	-6.311141014	0.039634878
6.562367000	-6.310255527	0.038823284
6.562368000	-6.309692860	0.037734617
6.562369000	-6.307027340	0.036618602
6.562370000	-6.299540520	0.036692984
6.562371000	-6.298035145	0.035797895
6.562372000	-6.306051731	0.035755576
6.562373000	-6.305114269	0.034651005
6.562374000	-6.299689770	0.033528890
6.562375000	-6.291192055	0.032811847
6.562376000	-6.293549538	0.032571055
6.562377000	-6.288011074	0.031294096
6.562378000	-6.285297394	0.030195409
6.562379000	-6.281307697	0.030733655
6.562380000	-6.280718327	0.029135683
6.562381000	-6.279031277	0.028091279
6.562382000	-6.272334576	0.026673325
6.562383000	-6.275910854	0.026795506
6.562384000	-6.266913891	0.025715440
6.562385000	-6.268413544	0.024769558
6.562386000	-6.269044876	0.024236751
6.562387000	-6.271867752	0.023391006
6.562388000	-6.263292789	0.022359909
6.562389000	-6.267615795	0.022350448
6.562390000	-6.262184143	0.021375453
6.562391000	-6.259286404	0.020165065
6.562392000	-6.261626244	0.019844187
6.562393000	-6.256770134	0.018969603
6.562394000	-6.258759022	0.018351964
6.562395000	-6.251289368	0.018167852
6.562396000	-6.249878407	0.016714998
6.562397000	-6.253948689	0.016734171
6.562398000	-6.247478485	0.014845182
6.562399000	-6.251381874	0.014923424
6.562400000	-6.247344494	0.013543125
6.562401000	-6.244205475	0.012956152
6.562402000	-6.240320206	0.012725214
6.562403000	-6.243370056	0.010776696
6.562404000	-6.238527775	0.010718041
6.562405000	-6.239086151	0.009825455
6.562406000	-6.235736370	0.009494234
6.562407000	-6.236809731	0.008647241
6.562408000	-6.235758781	0.007478264
6.562409000	-6.231173515	0.006557826
6.562410000	-6.235918045	0.005967249
6.562411000	-6.230720997	0.005904573
6.562412000	-6.223556995	0.004639095
6.562413000	-6.225123882	0.003882298
6.562414000	-6.227815628	0.003071312
6.562415000	-6.224417210	0.002161094
6.562416000	-6.219661713	0.001787408
6.562417000	-6.215438843	0.001093741
6.562418000	-6.220174789	0.000140242
6.562419000	-6.216427803	-0.000854629
6.562420000	-6.217417240	-0.002130184
6.562421000	-6.212351799	-0.002623353
6.562422000	-6.210998535	-0.003358853
6.562423000	-6.215564251	-0.003934647
6.562424000	-6.209256649	-0.004783397
6.562425000	-6.208648205	-0.004797316
6.562426000	-6.207545757	-0.006212684
6.562427000	-6.204586506	-0.006865817
6.562428000	-6.202813148	-0.007157949
6.562429000	-6.203249931	-0.008068873
6.562430000	-6.205888271	-0.008935980
6.562431000	-6.209564209	-0.009724976
6.562432000	-6.200727463	-0.010617794
6.562433000	-6.197194099	-0.011730545
6.562434000	-6.199875355	-0.012159573
6.562435000	-6.200499535	-0.012957455
6.562436000	-6.195847034	-0.014331151
6.562437000	-6.193129063	-0.014442358
6.562438000	-6.195507526	-0.015550139
6.562439000	-6.194152355	-0.016308160
6.562440000	-6.194030762	-0.016648479
6.562441000	-6.192083836	-0.017686278
6.562442000	-6.189197063	-0.018513116
6.562443000	-6.189124584	-0.018934543
6.562444000	-6.185734749	-0.019658972
6.562445000	-6.183748722	-0.020442250
6.562446000	-6.186790943	-0.021325616
6.562447000	-6.178341389	-0.022388683
6.562448000	-6.184200287	-0.022893442
6.562449000	-6.182880878	-0.024093435
6.562450000	-6.181061745	-0.023884581
6.562451000	-6.182038307	-0.025717217
6.562452000	-6.178938866	-0.026558297
6.562453000	-6.178717136	-0.027124460
6.562454000	-6.176615238	-0.027058668
6.562455000	-6.174460888	-0.027986910
6.562456000	-6.175178051	-0.029412750
6.562457000	-6.172193050	-0.029398379
6.562458000	-6.179289341	-0.030206684
6.562459000	-6.175240993	-0.031451229
6.562460000	-6.168547153	-0.031814129
6.562461000	-6.177533627	-0.032941287
6.562462000	-6.169369221	-0.033391215
6.562463000	-6.169557571	-0.034435041
6.562464000	-6.168489456	-0.035357146
6.562465000	-6.171998978	-0.035175756
6.562466000	-6.166669369	-0.036728807
6.562467000	-6.161764145	-0.037275588
6.562468000	-6.165466309	-0.038403765
6.562469000	-6.163022995	-0.038253113
6.562470000	-6.167321205	-0.039552661
6.562471000	-6.169491291	-0.040475434
6.562472000	-6.161989689	-0.041691092
6.562473000	-6.161199093	-0.041517862
6.562474000	-6.160167217	-0.043223870
6.562475000	-6.161416054	-0.043240153
6.562476000	-6.157710075	-0.043139007
6.562477000	-6.159894466	-0.044384155
6.562478000	-6.157660484	-0.045427952
6.562479000	-6.157663822	-0.046455691
6.562480000	-6.152227402	-0.047340697
6.562481000	-6.158032417	-0.048122630
6.562482000	-6.151743889	-0.048361120
6.562483000	-6.149200439	-0.049413639
6.562484000	-6.156989574	-0.050184553
6.562485000	-6.148529053	-0.050644444
6.562486000	-6.148341179	-0.050977851
6.562487000	-6.146711826	-0.052714128
6.562488000	-6.152243137	-0.053398103
6.562489000	-6.149698257	-0.053412172
6.562490000	-6.151834488	-0.053924947
6.562491000	-6.155360699	-0.055001434
6.562492000	-6.145329952	-0.056095003
6.562493000	-6.145971298	-0.057079577
6.562494000	-6.147243500	-0.057978303
6.562495000	-6.148953915	-0.058187652
6.562496000	-6.149150372	-0.058997316
6.562497000	-6.144167900	-0.059654783
6.562498000	-6.144910812	-0.060255197
6.562499000	-6.143303871	-0.061055569
6.562500000	-6.143937588	-0.061553060
6.562501000	-6.142004967	-0.062369976
6.562502000	-6.144510269	-0.063715338
6.562503000	-6.139668941	-0.063776225
6.562504000	-6.138610840	-0.065146371
6.562505000	-6.139749050	-0.065455082
6.562506000	-6.139276981	-0.066898399
6.562507000	-6.145001411	-0.066757784
6.562508000	-6.139146805	-0.067523792
6.562509000	-6.137874603	-0.068092339
6.562510000	-6.138236523	-0.068780334
6.562511000	-6.140720844	-0.070451164
6.562512000	-6.134880066	-0.070500640
6.562513000	-6.136267662	-0.071572429
6.562514000	-6.132388115	-0.071871211
6.562515000	-6.133677959	-0.073160830
6.562516000	-6.135641098	-0.073509596
6.562517000	-6.132544994	-0.074398543
6.562518000	-6.131600857	-0.075464881
6.562519000	-6.136140823	-0.075719079
6.562520000	-6.134550095	-0.076714086
6.562521000	-6.131216526	-0.078221402
6.562522000	-6.133679867	-0.078038526
6.562523000	-6.131601810	-0.078777753
6.562524000	-6.132622242	-0.079431176
6.562525000	-6.129264832	-0.080315362
6.562526000	-6.129397392	-0.080860370
6.562527000	-6.131089687	-0.082097866
6.562528000	-6.129473686	-0.082869850
6.562529000	-6.130500317	-0.082839831
6.562530000	-6.131928444	-0.084006279
6.562531000	-6.130211353	-0.084432302
6.562532000	-6.132248878	-0.085329229
6.562533000	-6.126958370	-0.086576562
6.562534000	-6.125319004	-0.086976802
6.562535000	-6.126934052	-0.087970045
6.562536000	-6.127295494	-0.089019771
6.562537000	-6.132214069	-0.089475388
6.562538000	-6.131300449	-0.089501987
6.562539000	-6.127868652	-0.090445936
6.562540000	-6.128969193	-0.091200068
6.562541000	-6.128377914	-0.091798430
6.562542000	-6.129711151	-0.092443631
6.562543000	-6.129133224	-0.093012882
6.562544000	-6.120940208	-0.094676059
6.562545000	-6.130623817	-0.094737495
6.562546000	-6.125650883	-0.094861906
6.562547000	-6.127407074	-0.096458679
6.562548000	-6.123885632	-0.097212595
6.562549000	-6.121629715	-0.097740525
6.562550000	-6.125956535	-0.099058499
6.562551000	-6.124918461	-0.099189385
6.562552000	-6.125312805	-0.099346878
6.562553000	-6.120942116	-0.100805632
6.562554000	-6.127344131	-0.100752419
6.562555000	-6.132447720	-0.101910986
6.562556000	-6.124446869	-0.103025777
6.562557000	-6.124403477	-0.103260651
6.562558000	-6.126559734	-0.103304651
6.562559000	-6.125664234	-0.105298144
6.562560000	-6.126152039	-0.105068047
6.562561000	-6.124967098	-0.105854661
6.562562000	-6.126934052	-0.107198334
6.562563000	-6.125730991	-0.107442854
6.562564000	-6.126111507	-0.107607104
6.562565000	-6.130970001	-0.109760969
6.562566000	-6.126389503	-0.109362244
6.562567000	-6.127447605	-0.110252414
6.562568000	-6.127786160	-0.110290123
6.562569000	-6.125404358	-0.111303297
6.562570000	-6.129957676	-0.111461081
6.562571000	-6.127541065	-0.112699693
6.562572000	-6.128243923	-0.114657041
6.562573000	-6.123451710	-0.114999540
6.562574000	-6.128984928	-0.115484960
6.562575000	-6.125875950	-0.115876261
6.562576000	-6.124381065	-0.116684855
6.562577000	-6.127868652	-0.117453751
6.562578000	-6.126202583	-0.117750045
6.562579000	-6.125722408	-0.117826103
6.562580000	-6.123581886	-0.119528129
6.562581000	-6.125649452	-0.119640889
6.562582000	-6.123890400	-0.120708858
6.562583000	-6.127812862	-0.121232086
6.562584000	-6.127894878	-0.122190625
6.562585000	-6.126842499	-0.121847476
6.562586000	-6.124627590	-0.122520915
6.562587000	-6.121779919	-0.123289170
6.562588000	-6.126923084	-0.123644802
6.562589000	-6.124703884	-0.124518327
6.562590000	-6.124856472	-0.125073496
6.562591000	-6.125992298	-0.125727386
6.562592000	-6.130309582	-0.126464083
6.562593000	-6.128080845	-0.128156779
6.562594000	-6.123710632	-0.127580538
6.562595000	-6.126729488	-0.128726987
6.562596000	-6.127379417	-0.128568504
6.562597000	-6.124284267	-0.129932941
6.562598000	-6.127233505	-0.130953698
6.562599000	-6.125994205	-0.131185368
6.562600000	-6.130239487	-0.131306875
6.562601000	-6.131442547	-0.132462129
6.562602000	-6.130709171	-0.132892371
6.562603000	-6.129562378	-0.133580299
6.562604000	-6.128322124	-0.134296897
6.562605000	-6.127926826	-0.134589079
6.562606000	-6.130558968	-0.134978325
6.562607000	-6.133934021	-0.135724260
6.562608000	-6.127872944	-0.136643899
6.562609000	-6.130397320	-0.137366756
6.562610000	-6.133950710	-0.138248329
6.562611000	-6.134789944	-0.138724644
6.562612000	-6.133641720	-0.139862629
6.562613000	-6.135561943	-0.139603470
6.562614000	-6.134697437	-0.140269028
6.562615000	-6.134346962	-0.140785897
6.562616000	-6.132348061	-0.141621198
6.562617000	-6.133017063	-0.142564073
6.562618000	-6.132459164	-0.143019390
6.562619000	-6.132907391	-0.143801128
6.562620000	-6.130908012	-0.144353984
6.562621000	-6.134328842	-0.144920372
6.562622000	-6.135371685	-0.145849998
6.562623000	-6.138134480	-0.146045840
6.562624000	-6.129806042	-0.146233743
6.562625000	-6.136281490	-0.147281513
6.562626000	-6.133903027	-0.147658251
6.562627000	-6.139620781	-0.148334378
6.562628000	-6.134358883	-0.149858505
6.562629000	-6.132334232	-0.149263604
6.562630000	-6.133929729	-0.150756223
6.562631000	-6.137397766	-0.150479737
6.562632000	-6.137197495	-0.151111239
6.562633000	-6.139092922	-0.152037670
6.562634000	-6.140813351	-0.152343833
6.562635000	-6.140748024	-0.153397463
6.562636000	-6.136838913	-0.153247877
6.562637000	-6.142204285	-0.153859105
6.562638000	-6.140957355	-0.155201355
6.562639000	-6.140595436	-0.155125205
6.562640000	-6.137399673	-0.155740445
6.562641000	-6.135881901	-0.156376924
6.562642000	-6.138948917	-0.156846390
6.562643000	-6.141902924	-0.157536997
6.562644000	-6.140227318	-0.158246780
6.562645000	-6.147519588	-0.158578260
6.562646000	-6.141102314	-0.159606174
6.562647000	-6.147099018	-0.159834590
6.562648000	-6.147117615	-0.160224643
6.562649000	-6.146647453	-0.161240655
6.562650000	-6.146613121	-0.161381121
6.562651000	-6.145322323	-0.161957395
6.562652000	-6.148237228	-0.162543174
6.562653000	-6.146232128	-0.163305021
6.562654000	-6.147416115	-0.163546420
6.562655000	-6.147834778	-0.164776418
6.562656000	-6.147833824	-0.164678114
6.562657000	-6.151024342	-0.165240873
6.562658000	-6.146477222	-0.166074226
6.562659000	-6.148224354	-0.166331870
6.562660000	-6.149591923	-0.166911274
6.562661000	-6.148622990	-0.168043351
6.562662000	-6.144618034	-0.167652499
6.562663000	-6.155522823	-0.168004519
6.562664000	-6.149469376	-0.168581659
6.562665000	-6.156843185	-0.169810242
6.562666000	-6.150292397	-0.170371087
6.562667000	-6.152354717	-0.171063292
6.562668000	-6.148657799	-0.171490097
6.562669000	-6.152366161	-0.172209700
6.562670000	-6.158904552	-0.172073379
6.562671000	-6.153286457	-0.173015439
6.562672000	-6.153061390	-0.174008449
6.562673000	-6.149915218	-0.174698091
6.562674000	-6.152792931	-0.174833796
6.562675000	-6.152185440	-0.174896230
6.562676000	-6.149279118	-0.175139194
6.562677000	-6.155108929	-0.176098897
6.562678000	-6.152760506	-0.176655564
6.562679000	-6.152276039	-0.177250198
6.562680000	-6.153944492	-0.177334787
6.562681000	-6.157046318	-0.178338965
6.562682000	-6.162080288	-0.179009632
6.562683000	-6.154416561	-0.179385870
6.562684000	-6.156358719	-0.180284421
6.562685000	-6.161991596	-0.180743200
6.562686000	-6.157101154	-0.180312967
6.562687000	-6.160035610	-0.181385938
6.562688000	-6.160904408	-0.182192992
6.562689000	-6.158086300	-0.182705101
6.562690000	-6.160342693	-0.183011015
6.562691000	-6.164803505	-0.183925212
6.562692000	-6.160616875	-0.183957370
6.562693000	-6.162603378	-0.184744067
6.562694000	-6.160833359	-0.184777274
6.562695000	-6.166793823	-0.185536391
6.562696000	-6.165037632	-0.185687642
6.562697000	-6.164207935	-0.186550523
6.562698000	-6.167785168	-0.186989944
6.562699000	-6.166110039	-0.187029276
6.562700000	-6.168658733	-0.187711128
6.562701000	-6.165712833	-0.188396826
6.562702000	-6.164762497	-0.188776077
6.562703000	-6.166915894	-0.188755138
6.562704000	-6.167497635	-0.189393930
6.562705000	-6.166791439	-0.190576640
6.562706000	-6.172652245	-0.190996437
6.562707000	-6.171210766	-0.191138234
6.562708000	-6.170154095	-0.190895786
6.562709000	-6.174177647	-0.191362855
6.562710000	-6.173861980	-0.192805373
6.562711000	-6.168415070	-0.193361025
6.562712000	-6.171117783	-0.193674495
6.562713000	-6.171711922	-0.194257628
6.562714000	-6.173814297	-0.194518085
6.562715000	-6.172644138	-0.194360626
6.562716000	-6.173541069	-0.195344131
6.562717000	-6.174541473	-0.195430184
6.562718000	-6.174026012	-0.195720519
6.562719000	-6.172962666	-0.196519850
6.562720000	-6.174279213	-0.197247709
6.562721000	-6.174361229	-0.197033307
6.562722000	-6.174167633	-0.197058940
6.562723000	-6.179652214	-0.198547015
6.562724000	-6.181828022	-0.199579872
6.562725000	-6.171605587	-0.199437127
6.562726000	-6.177248001	-0.200113253
6.562727000	-6.179227829	-0.200541040
6.562728000	-6.176347256	-0.200500077
6.562729000	-6.180154800	-0.200776247
6.562730000	-6.179983616	-0.201073456
6.562731000	-6.176784039	-0.201282531
6.562732000	-6.179233551	-0.201937735
6.562733000	-6.179217339	-0.203195796
6.562734000	-6.179399967	-0.202974221
6.562735000	-6.183105469	-0.203718724
6.562736000	-6.179904461	-0.204061223
6.562737000	-6.181552887	-0.204492838
6.562738000	-6.177822590	-0.204561165
6.562739000	-6.184145927	-0.204980729
6.562740000	-6.184626102	-0.205655275
6.562741000	-6.183838367	-0.206403107
6.562742000	-6.182243824	-0.206751798
6.562743000	-6.186059952	-0.207550497
6.562744000	-6.183717251	-0.207625581
6.562745000	-6.180408478	-0.208557688
6.562746000	-6.186967850	-0.208619240
6.562747000	-6.186364651	-0.208771972
6.562748000	-6.184651852	-0.209238941
6.562749000	-6.186030388	-0.209320983
6.562750000	-6.192197323	-0.210186194
6.562751000	-6.191802502	-0.210811305
6.562752000	-6.190472603	-0.211061991
6.562753000	-6.192372799	-0.211528810
6.562754000	-6.188817024	-0.211920245
6.562755000	-6.184615612	-0.212341923
6.562756000	-6.193264484	-0.212651665
6.562757000	-6.194869041	-0.213156218
6.562758000	-6.194550037	-0.213365609
6.562759000	-6.193571568	-0.214034512
6.562760000	-6.191710472	-0.213812038
6.562761000	-6.190757275	-0.214281337
6.562762000	-6.194055080	-0.214385683
6.562763000	-6.192162991	-0.215199112
6.562764000	-6.195086479	-0.214996096
6.562765000	-6.195962429	-0.215792115
6.562766000	-6.199914932	-0.216768896
6.562767000	-6.198145390	-0.216999625
6.562768000	-6.198388577	-0.217102340
6.562769000	-6.199419498	-0.217584838
6.562770000	-6.201906204	-0.218416377
6.562771000	-6.201563835	-0.218470789
6.562772000	-6.200358868	-0.218451381
6.562773000	-6.200548649	-0.219610688
6.562774000	-6.198863029	-0.219340594
6.562775000	-6.203936100	-0.220795113
6.562776000	-6.206648827	-0.220584839
6.562777000	-6.204910755	-0.220460270
6.562778000	-6.213454247	-0.221387516
6.562779000	-6.207923412	-0.221347469
6.562780000	-6.206187248	-0.221945448
6.562781000	-6.208034515	-0.222111879
6.562782000	-6.208589554	-0.223905319
6.562783000	-6.210075378	-0.223518395
6.562784000	-6.208530426	-0.223398086
6.562785000	-6.214658737	-0.223426732
6.562786000	-6.212786198	-0.223461503
6.562787000	-6.214019775	-0.224626686
6.562788000	-6.212605000	-0.225296504
6.562789000	-6.214235783	-0.224618696
6.562790000	-6.217314243	-0.225225964
6.562791000	-6.214790821	-0.225618464
6.562792000	-6.214121819	-0.227053824
6.562793000	-6.215776920	-0.226994352
6.562794000	-6.213637829	-0.227032952
6.562795000	-6.217150211	-0.227341762
6.562796000	-6.218748093	-0.228224633
6.562797000	-6.220841885	-0.228376000
6.562798000	-6.222431660	-0.228629816
6.562799000	-6.224273682	-0.228750075
6.562800000	-6.224801540	-0.229153693
6.562801000	-6.220673561	-0.229755252
6.562802000	-6.222477913	-0.229788241
6.562803000	-6.217381477	-0.230327532
6.562804000	-6.221781254	-0.230298903
6.562805000	-6.224370480	-0.230868686
6.562806000	-6.219330788	-0.231557862
6.562807000	-6.224210739	-0.231230410
6.562808000	-6.221510410	-0.231867455
6.562809000	-6.224967003	-0.231918587
6.562810000	-6.225752831	-0.232617833
6.562811000	-6.226953030	-0.232939493
6.562812000	-6.226555347	-0.233497542
6.562813000	-6.230895519	-0.233561957
6.562814000	-6.230716228	-0.233564371
6.562815000	-6.224571228	-0.234379182
6.562816000	-6.231179714	-0.234619249
6.562817000	-6.229334354	-0.234903208
6.562818000	-6.230669498	-0.234986565
6.562819000	-6.228986740	-0.235362204
6.562820000	-6.229976177	-0.235334474
6.562821000	-6.226992607	-0.236541119
6.562822000	-6.231490612	-0.236707999
6.562823000	-6.233643532	-0.237156443
6.562824000	-6.232188702	-0.237430448
6.562825000	-6.232815266	-0.237886781
6.562826000	-6.232701302	-0.237576024
6.562827000	-6.236029625	-0.238491751
6.562828000	-6.232903004	-0.238190781
6.562829000	-6.236161709	-0.238975149
6.562830000	-6.234259129	-0.238865476
6.562831000	-6.233702660	-0.239376187
6.562832000	-6.232335091	-0.239915011
6.562833000	-6.232121468	-0.240721217
6.562834000	-6.236359596	-0.239995688
6.562835000	-6.236536980	-0.240158058
6.562836000	-6.234847546	-0.240963831
6.562837000	-6.233964443	-0.241721051
6.562838000	-6.235162735	-0.242061985
6.562839000	-6.236108303	-0.242245460
6.562840000	-6.234446526	-0.242154979
6.562841000	-6.237400532	-0.242145792
6.562842000	-6.237723351	-0.242761980
6.562843000	-6.236498356	-0.243461560
6.562844000	-6.241781235	-0.243588309
6.562845000	-6.245212078	-0.243311773
6.562846000	-6.245293140	-0.243701411
6.562847000	-6.238474846	-0.244272692
6.562848000	-6.238423824	-0.244521082
6.562849000	-6.240340710	-0.245326688
6.562850000	-6.247076988	-0.245122939
6.562851000	-6.248352528	-0.245711032
6.562852000	-6.243535042	-0.246097889
6.562853000	-6.242380142	-0.246236840
6.562854000	-6.243280888	-0.246702094
6.562855000	-6.250841141	-0.245971456
6.562856000	-6.246809483	-0.247348560
6.562857000	-6.245640755	-0.247038534
6.562858000	-6.250217438	-0.247299424
6.562859000	-6.248671055	-0.247957941
6.562860000	-6.246603489	-0.248537461
6.562861000	-6.252994537	-0.248041531
6.562862000	-6.248773575	-0.249170095
6.562863000	-6.258412838	-0.248745088
6.562864000	-6.251446724	-0.248999337
6.562865000	-6.249877930	-0.249555704
6.562866000	-6.255752563	-0.249556104
6.562867000	-6.251488209	-0.249796055
6.562868000	-6.255063057	-0.250097574
6.562869000	-6.254972935	-0.250319749
6.562870000	-6.253896236	-0.251193732
6.562871000	-6.250383854	-0.251286959
6.562872000	-6.258156776	-0.251567906
6.562873000	-6.259909153	-0.251726214
6.562874000	-6.256810665	-0.252269782
6.562875000	-6.255357265	-0.252071376
6.562876000	-6.254642010	-0.252339490
6.562877000	-6.254719734	-0.253479489
6.562878000	-6.258077621	-0.252849019
6.562879000	-6.255663872	-0.253755892
6.562880000	-6.255588055	-0.253210643
6.562881000	-6.258717060	-0.254224059
6.562882000	-6.261369705	-0.254244949
6.562883000	-6.261531830	-0.254745956
6.562884000	-6.258615971	-0.254934757
6.562885000	-6.264192104	-0.254672835
6.562886000	-6.262288570	-0.254953832
6.562887000	-6.260151863	-0.255600547
6.562888000	-6.263572693	-0.255613897
6.562889000	-6.256817818	-0.255758789
6.562890000	-6.262686729	-0.256397881
6.562891000	-6.262487888	-0.256156333
6.562892000	-6.262741089	-0.256361346
6.562893000	-6.264682293	-0.257060476
6.562894000	-6.261450768	-0.257637050
6.562895000	-6.268524647	-0.257205402
6.562896000	-6.261445045	-0.258071545
6.562897000	-6.265151978	-0.258186793
6.562898000	-6.264661789	-0.258671622
6.562899000	-6.267697811	-0.258571753
6.562900000	-6.270397186	-0.258729912
6.562901000	-6.264423370	-0.259306702
6.562902000	-6.270095825	-0.259041734
6.562903000	-6.262656212	-0.259709872
6.562904000	-6.269514084	-0.259720391
6.562905000	-6.267754078	-0.259953534
6.562906000	-6.266029358	-0.260739084
6.562907000	-6.270812035	-0.260603495
6.562908000	-6.271202087	-0.260766264
6.562909000	-6.265988827	-0.260986724
6.562910000	-6.268529415	-0.261787304
6.562911000	-6.268190384	-0.261333950
6.562912000	-6.271250248	-0.261443972
6.562913000	-6.269520760	-0.262493674
6.562914000	-6.269437313	-0.262295185
6.562915000	-6.269937038	-0.262617944
6.562916000	-6.269949436	-0.262849272
6.562917000	-6.273971081	-0.262989105
6.562918000	-6.270299435	-0.263075258
6.562919000	-6.275714874	-0.263193786
6.562920000	-6.272782803	-0.263877153
6.562921000	-6.273302555	-0.263504327
6.562922000	-6.271254063	-0.264365527
6.562923000	-6.276728153	-0.263829199
6.562924000	-6.272169113	-0.264531525
6.562925000	-6.280671597	-0.265063941
6.562926000	-6.279993057	-0.265136029
6.562927000	-6.277468204	-0.265077506
6.562928000	-6.271778584	-0.265463598
6.562929000	-6.282546997	-0.265251161
6.562930000	-6.283176422	-0.266431074
6.562931000	-6.277660847	-0.265966120
6.562932000	-6.280556679	-0.266632742
6.562933000	-6.282001972	-0.266978121
6.562934000	-6.275228977	-0.266784909
6.562935000	-6.284352779	-0.266982432
6.562936000	-6.279826164	-0.267102907
6.562937000	-6.283574581	-0.267492144
6.562938000	-6.280313015	-0.267672307
6.562939000	-6.281181812	-0.268553614
6.562940000	-6.286349773	-0.268471655
6.562941000	-6.280086517	-0.268330391
6.562942000	-6.281382084	-0.268181387
6.562943000	-6.288458347	-0.268971264
6.562944000	-6.282231808	-0.269089142
6.562945000	-6.283996582	-0.269192140
6.562946000	-6.288318157	-0.269189277
6.562947000	-6.286751747	-0.269216807
6.562948000	-6.286837101	-0.270042387
6.562949000	-6.291694641	-0.270300331
6.562950000	-6.285849094	-0.270440397
6.562951000	-6.286975861	-0.270656829
6.562952000	-6.291316509	-0.270539916
6.562953000	-6.288514614	-0.270563551
6.562954000	-6.289228916	-0.271120069
6.562955000	-6.292203426	-0.271167340
6.562956000	-6.292077065	-0.271413532
6.562957000	-6.293056965	-0.271668913
6.562958000	-6.290139675	-0.272174181
6.562959000	-6.297282219	-0.272692333
6.562960000	-6.294816494	-0.272094170
6.562961000	-6.296609879	-0.272467079
6.562962000	-6.297109604	-0.272411053
6.562963000	-6.295803070	-0.272552367
6.562964000	-6.295277596	-0.273051626
6.562965000	-6.297142029	-0.273158769
6.562966000	-6.296687603	-0.273332989
6.562967000	-6.296164036	-0.273910679
6.562968000	-6.298451424	-0.273976176
6.562969000	-6.294002533	-0.274480945
6.562970000	-6.296884537	-0.274893918
6.562971000	-6.297886372	-0.274368859
6.562972000	-6.299579144	-0.275094154
6.562973000	-6.298270702	-0.275334604
6.562974000	-6.301907063	-0.275225498
6.562975000	-6.302095413	-0.275496075
6.562976000	-6.296643257	-0.275150547
6.562977000	-6.299251556	-0.275835662
6.562978000	-6.301248550	-0.275819067
6.562979000	-6.300987720	-0.275873811
6.562980000	-6.301076412	-0.276511439
6.562981000	-6.301723957	-0.276873862
6.562982000	-6.301956177	-0.276748094
6.562983000	-6.301636219	-0.277170488
6.562984000	-6.300207615	-0.277594962
6.562985000	-6.301248550	-0.277837793
6.562986000	-6.299932003	-0.277831468
6.562987000	-6.304307461	-0.278195023
6.562988000	-6.303633690	-0.278020053
6.562989000	-6.301008701	-0.278474754
6.562990000	-6.304939270	-0.278021817
6.562991000	-6.305009842	-0.278662124
6.562992000	-6.305728912	-0.279039261
6.562993000	-6.308856010	-0.278943154
6.562994000	-6.305586338	-0.279119755
6.562995000	-6.308659077	-0.279348920
6.562996000	-6.306009293	-0.278885514
6.562997000	-6.311086655	-0.280234288
6.562998000	-6.306299210	-0.279627820
6.562999000	-6.305139065	-0.279547392
6.563000000	-6.309302807	-0.280430763
6.563001000	-6.309035778	-0.280030823
6.563002000	-6.304360390	-0.280279961
6.563003000	-6.309727669	-0.280105225
6.563004000	-6.306378841	-0.280478999
6.563005000	-6.311614990	-0.280316580
6.563006000	-6.309787273	-0.281170822
6.563007000	-6.312153339	-0.281544464
6.563008000	-6.315780640	-0.282370576
6.563009000	-6.308146000	-0.281418496
6.563010000	-6.311231613	-0.281934251
6.563011000	-6.313437462	-0.281638573
6.563012000	-6.310704231	-0.282239349
6.563013000	-6.312176704	-0.282410590
6.563014000	-6.314844131	-0.282537456
6.563015000	-6.311988354	-0.282508994
6.563016000	-6.311367989	-0.282805703
6.563017000	-6.315016747	-0.283168559
6.563018000	-6.314128399	-0.283526721
6.563019000	-6.311535358	-0.283340000
6.563020000	-6.316017151	-0.283458877
6.563021000	-6.311876297	-0.283321158
6.563022000	-6.315350056	-0.284197205
6.563023000	-6.313576698	-0.284188616
6.563024000	-6.315287113	-0.284490852
6.563025000	-6.312861443	-0.284111518
6.563026000	-6.312031269	-0.284882703
6.563027000	-6.315583229	-0.284653438
6.563028000	-6.318491936	-0.284715256
6.563029000	-6.320552826	-0.285180378
6.563030000	-6.324177265	-0.285107540
6.563031000	-6.322122574	-0.285322124
6.563032000	-6.318852901	-0.285996004
6.563033000	-6.314531326	-0.285592468
6.563034000	-6.319367886	-0.285857120
6.563035000	-6.320378780	-0.285916375
6.563036000	-6.321540833	-0.285715873
6.563037000	-6.323449612	-0.286038648
6.563038000	-6.316891193	-0.286543783
6.563039000	-6.323949814	-0.286771184
6.563040000	-6.323811054	-0.286709298
6.563041000	-6.322443485	-0.287539472
6.563042000	-6.323044777	-0.287130511
6.563043000	-6.323149681	-0.287378717
6.563044000	-6.325368881	-0.286972385
6.563045000	-6.323792458	-0.287333943
6.563046000	-6.325124264	-0.287550291
6.563047000	-6.329276085	-0.288164150
6.563048000	-6.326373100	-0.288209058
6.563049000	-6.326381207	-0.288256928
6.563050000	-6.326631069	-0.288553071
6.563051000	-6.330059528	-0.288432963
6.563052000	-6.324957848	-0.288915794
6.563053000	-6.329712868	-0.289234774
6.563054000	-6.331611156	-0.289228316
6.563055000	-6.324451923	-0.289668104
6.563056000	-6.326241970	-0.289582250
6.563057000	-6.328473091	-0.289965213
6.563058000	-6.329377174	-0.290125202
6.563059000	-6.331316471	-0.290041845
6.563060000	-6.327028751	-0.290180929
6.563061000	-6.328230858	-0.290208992
6.563062000	-6.324360847	-0.290002730
6.563063000	-6.332389355	-0.290640157
6.563064000	-6.328597069	-0.291676393
6.563065000	-6.331083775	-0.290598246
6.563066000	-6.332354069	-0.291136970
6.563067000	-6.327807903	-0.291113102
6.563068000	-6.330511093	-0.291452688
6.563069000	-6.328637123	-0.291578156
6.563070000	-6.331897259	-0.291463008
6.563071000	-6.335757256	-0.291875332
6.563072000	-6.335058689	-0.291919340
6.563073000	-6.333495140	-0.292232262
6.563074000	-6.333508015	-0.292170543
6.563075000	-6.336183071	-0.292424875
6.563076000	-6.333670139	-0.292777278
6.563077000	-6.335862160	-0.292880741
6.563078000	-6.335345745	-0.292929311
6.563079000	-6.330538273	-0.293290336
6.563080000	-6.332813740	-0.293699663
6.563081000	-6.340985775	-0.293841610
6.563082000	-6.334909916	-0.293591706
6.563083000	-6.339876652	-0.293822835
6.563084000	-6.340472698	-0.293605321
6.563085000	-6.334823132	-0.293254782
6.563086000	-6.335474491	-0.293638777
6.563087000	-6.339843273	-0.294282130
6.563088000	-6.340895653	-0.294656038
6.563089000	-6.332450867	-0.294595051
6.563090000	-6.334410191	-0.294704674
6.563091000	-6.340957165	-0.294536562
6.563092000	-6.343316555	-0.294556436
6.563093000	-6.341968060	-0.294984639
6.563094000	-6.337416172	-0.294771120
6.563095000	-6.344087124	-0.295052749
6.563096000	-6.343926907	-0.295927930
6.563097000	-6.343394756	-0.295479021
6.563098000	-6.338032246	-0.295603757
6.563099000	-6.342536449	-0.294886301
6.563100000	-6.341482162	-0.295758753
6.563101000	-6.343754292	-0.295803294
6.563102000	-6.343418121	-0.296200571
6.563103000	-6.347188950	-0.296279201
6.563104000	-6.344455242	-0.296860902
6.563105000	-6.342939854	-0.297002316
6.563106000	-6.343703747	-0.296806607
6.563107000	-6.340702534	-0.296593654
6.563108000	-6.344917774	-0.297310810
6.563109000	-6.345285416	-0.297196327
6.563110000	-6.350514889	-0.297215802
6.563111000	-6.346298218	-0.297148490
6.563112000	-6.347048759	-0.297478456
6.563113000	-6.344984055	-0.297866512
6.563114000	-6.348559380	-0.297382982
6.563115000	-6.348614693	-0.298147875
6.563116000	-6.349212170	-0.298545119
6.563117000	-6.348405361	-0.298226138
6.563118000	-6.349442482	-0.298440390
6.563119000	-6.353012085	-0.298219015
6.563120000	-6.356749058	-0.298981777
6.563121000	-6.348693848	-0.298617623
6.563122000	-6.346472263	-0.299379520
6.563123000	-6.343318939	-0.299410779
6.563124000	-6.346475124	-0.299296996
6.563125000	-6.351697445	-0.299674599
6.563126000	-6.350625038	-0.299195363
6.563127000	-6.353247166	-0.299651928
6.563128000	-6.351273060	-0.300108128
6.563129000	-6.350683689	-0.300004631
6.563130000	-6.349960804	-0.299723468
6.563131000	-6.349948406	-0.300398279
6.563132000	-6.353141308	-0.300498880
6.563133000	-6.353385925	-0.301164204
6.563134000	-6.352518559	-0.300869326
6.563135000	-6.353583813	-0.300839598
6.563136000	-6.356240749	-0.300972989
6.563137000	-6.352323055	-0.300713797
6.563138000	-6.353941917	-0.301212574
6.563139000	-6.350756168	-0.301254452
6.563140000	-6.353932858	-0.301035174
6.563141000	-6.355190277	-0.301651230
6.563142000	-6.358687878	-0.301789115
6.563143000	-6.353210449	-0.301172394
6.563144000	-6.354185581	-0.301849902
6.563145000	-6.355628490	-0.301824935
6.563146000	-6.355500221	-0.301756192
6.563147000	-6.353224277	-0.302096144
6.563148000	-6.355131149	-0.301889150
6.563149000	-6.357806683	-0.302389092
6.563150000	-6.358534813	-0.301934557
6.563151000	-6.359839916	-0.302321880
6.563152000	-6.354194641	-0.302299810
6.563153000	-6.358263016	-0.302601446
6.563154000	-6.356889248	-0.302841596
6.563155000	-6.361058235	-0.302756475
6.563156000	-6.359767437	-0.302931878
6.563157000	-6.358556747	-0.303869543
6.563158000	-6.360906601	-0.303240771
6.563159000	-6.360256672	-0.303782658
6.563160000	-6.360214233	-0.303196230
6.563161000	-6.362587929	-0.303752564
6.563162000	-6.359164715	-0.303182115
6.563163000	-6.357006550	-0.303338975
6.563164000	-6.357541561	-0.303792345
6.563165000	-6.359462738	-0.304451178
6.563166000	-6.359529495	-0.304274111
6.563167000	-6.361565590	-0.304362794
6.563168000	-6.360530853	-0.304796556
6.563169000	-6.363696098	-0.304434100
6.563170000	-6.361958504	-0.304887770
6.563171000	-6.361043930	-0.305347165
6.563172000	-6.364460945	-0.304674051
6.563173000	-6.357069492	-0.304923356
6.563174000	-6.359148979	-0.305380221
6.563175000	-6.364759922	-0.305465875
6.563176000	-6.360298157	-0.305592342
6.563177000	-6.360988140	-0.305970544
6.563178000	-6.362097740	-0.305603927
6.563179000	-6.359002590	-0.305753530
6.563180000	-6.363317013	-0.306365192
6.563181000	-6.358736992	-0.306261528
6.563182000	-6.369847298	-0.305765847
6.563183000	-6.365519524	-0.306466958
6.563184000	-6.362347126	-0.306817995
6.563185000	-6.366268158	-0.306711502
6.563186000	-6.365690231	-0.306850419
6.563187000	-6.364179611	-0.306556240
6.563188000	-6.364397049	-0.307320467
6.563189000	-6.369472504	-0.306708673
6.563190000	-6.364425659	-0.307380255
6.563191000	-6.364222050	-0.307157282
6.563192000	-6.369159222	-0.307407586
6.563193000	-6.366724491	-0.308122512
6.563194000	-6.366020203	-0.307812886
6.563195000	-6.363117218	-0.307544872
6.563196000	-6.369014263	-0.307491409
6.563197000	-6.369143009	-0.307949306
6.563198000	-6.366027355	-0.308512299
6.563199000	-6.367863178	-0.308355771
6.563200000	-6.364507675	-0.308133597
6.563201000	-6.367406845	-0.309097129
6.563202000	-6.368245125	-0.308707741
6.563203000	-6.370694160	-0.308392623
6.563204000	-6.370212078	-0.308774520
6.563205000	-6.370682716	-0.308515461
6.563206000	-6.372205257	-0.309266506
6.563207000	-6.368483543	-0.309371101
6.563208000	-6.372623444	-0.309169067
6.563209000	-6.371635914	-0.309440477
6.563210000	-6.370261192	-0.309252258
6.563211000	-6.371246815	-0.309569807
6.563212000	-6.377803326	-0.309775669
6.563213000	-6.376508236	-0.309633623
6.563214000	-6.368242264	-0.309660121
6.563215000	-6.372636795	-0.309255953
6.563216000	-6.375750542	-0.309687818
6.563217000	-6.370306969	-0.310476979
6.563218000	-6.369934559	-0.309652365
6.563219000	-6.373442650	-0.310665831
6.563220000	-6.373251438	-0.310375479
6.563221000	-6.374086857	-0.310747024
6.563222000	-6.377871037	-0.310464895
6.563223000	-6.376720905	-0.310220417
6.563224000	-6.373486996	-0.310583739
6.563225000	-6.377172947	-0.310731744
6.563226000	-6.375052452	-0.310891633
6.563227000	-6.374962330	-0.311145200
6.563228000	-6.374843597	-0.311381888
6.563229000	-6.374052048	-0.311543908
6.563230000	-6.374124527	-0.311494806
6.563231000	-6.373267651	-0.311393439
6.563232000	-6.382139683	-0.311833493
6.563233000	-6.382649422	-0.311045098
6.563234000	-6.379565716	-0.311978270
6.563235000	-6.380033970	-0.312056800
6.563236000	-6.377877712	-0.311930732
6.563237000	-6.376867294	-0.311866683
6.563238000	-6.383057594	-0.312122147
6.563239000	-6.379440308	-0.312496754
6.563240000	-6.379222393	-0.312349814
6.563241000	-6.380900860	-0.312501514
6.563242000	-6.375603199	-0.312548519
6.563243000	-6.375930309	-0.312663002
6.563244000	-6.379814148	-0.312384834
6.563245000	-6.382984638	-0.313128123
6.563246000	-6.384187698	-0.313193836
6.563247000	-6.381453514	-0.313066304
6.563248000	-6.377610207	-0.313477962
6.563249000	-6.379464626	-0.313085579
6.563250000	-6.383026600	-0.313339278
6.563251000	-6.377077579	-0.313950207
6.563252000	-6.382862091	-0.313314178
6.563253000	-6.383051872	-0.313462116
6.563254000	-6.388153076	-0.313672273
6.563255000	-6.382758141	-0.313839653
6.563256000	-6.386395454	-0.313549035
6.563257000	-6.383043289	-0.314328176
6.563258000	-6.384736061	-0.314390761
6.563259000	-6.381601334	-0.313946445
6.563260000	-6.387168884	-0.314134265
6.563261000	-6.383557796	-0.313903003
6.563262000	-6.383133411	-0.314294088
6.563263000	-6.388818264	-0.314496422
6.563264000	-6.387136936	-0.314292324
6.563265000	-6.379832745	-0.314619693
6.563266000	-6.383756161	-0.314717897
6.563267000	-6.386713028	-0.314888805
6.563268000	-6.385687351	-0.314607609
6.563269000	-6.390244961	-0.315257320
6.563270000	-6.385599613	-0.315303859
6.563271000	-6.383044243	-0.315043235
6.563272000	-6.391458511	-0.315091605
6.563273000	-6.390784264	-0.315246135
6.563274000	-6.389408112	-0.315247999
6.563275000	-6.384299278	-0.315601201
6.563276000	-6.390506744	-0.315247433
6.563277000	-6.391686916	-0.315299631
6.563278000	-6.389364719	-0.315305490
6.563279000	-6.388746262	-0.315795478
6.563280000	-6.387105942	-0.315695776
6.563281000	-6.385228634	-0.315261914
6.563282000	-6.384989738	-0.316579979
6.563283000	-6.388695717	-0.316226211
6.563284000	-6.391549110	-0.316211764
6.563285000	-6.391832352	-0.316157602
6.563286000	-6.391130447	-0.316275213
6.563287000	-6.390084743	-0.316459371
6.563288000	-6.390058517	-0.316742165
6.563289000	-6.392051220	-0.316001307
6.563290000	-6.393610477	-0.316904718
6.563291000	-6.389603615	-0.316826188
6.563292000	-6.392167091	-0.316595459
6.563293000	-6.394664288	-0.317078023
6.563294000	-6.391437054	-0.317022630
6.563295000	-6.391910076	-0.316746826
6.563296000	-6.392974377	-0.317069967
6.563297000	-6.398743629	-0.317229824
6.563298000	-6.392586231	-0.317610289
6.563299000	-6.392508984	-0.317787889
6.563300000	-6.393285751	-0.317407323
6.563301000	-6.392297745	-0.317561687
6.563302000	-6.397562027	-0.317265477
6.563303000	-6.393921375	-0.317890421
6.563304000	-6.397490501	-0.318060930
6.563305000	-6.400267124	-0.317688753
6.563306000	-6.399220467	-0.317796245
6.563307000	-6.394357204	-0.318190892
6.563308000	-6.395543098	-0.318641532
6.563309000	-6.396046638	-0.318300847
6.563310000	-6.395892620	-0.318564001
6.563311000	-6.394083500	-0.318400483
6.563312000	-6.398324490	-0.318455710
6.563313000	-6.399928570	-0.319046599
6.563314000	-6.400619507	-0.318796661
6.563315000	-6.395774364	-0.318799657
6.563316000	-6.394873142	-0.318981984
6.563317000	-6.396601200	-0.318444658
6.563318000	-6.397761822	-0.319138278
6.563319000	-6.395853996	-0.319559890
6.563320000	-6.397515297	-0.319242175
6.563321000	-6.399744511	-0.319700804
6.563322000	-6.399548531	-0.319354860
6.563323000	-6.399487495	-0.319727669
6.563324000	-6.396151066	-0.319568179
6.563325000	-6.402392864	-0.319888191
6.563326000	-6.399816990	-0.319840787
6.563327000	-6.404578686	-0.319142539
6.563328000	-6.400321960	-0.319553631
6.563329000	-6.397824764	-0.319561887
6.563330000	-6.400391102	-0.319910362
6.563331000	-6.403310776	-0.320269123
6.563332000	-6.398200512	-0.320600553
6.563333000	-6.402465343	-0.320266892
6.563334000	-6.405396461	-0.320834712
6.563335000	-6.403614521	-0.320956585
6.563336000	-6.400571346	-0.321066040
6.563337000	-6.405628204	-0.320958782
6.563338000	-6.400273323	-0.320775922
6.563339000	-6.402618408	-0.320689703
6.563340000	-6.404657841	-0.320617597
6.563341000	-6.399385452	-0.321402398
6.563342000	-6.401613712	-0.320831316
6.563343000	-6.398414612	-0.321615950
6.563344000	-6.404399395	-0.321002591
6.563345000	-6.402820110	-0.321263381
6.563346000	-6.406090736	-0.321492046
6.563347000	-6.403064728	-0.321465049
6.563348000	-6.406079769	-0.321872612
6.563349000	-6.400221348	-0.322034632
6.563350000	-6.403710365	-0.321959198
6.563351000	-6.408496857	-0.321581296
6.563352000	-6.406600952	-0.322170354
6.563353000	-6.407347202	-0.322376382
6.563354000	-6.404681683	-0.322043421
6.563355000	-6.400741100	-0.321870415
6.563356000	-6.407027245	-0.322578982
6.563357000	-6.408226490	-0.322676620
6.563358000	-6.403916359	-0.322170487
6.563359000	-6.405332565	-0.322620528
6.563360000	-6.410254955	-0.322935280
6.563361000	-6.405803680	-0.322843767
6.563362000	-6.402289867	-0.322907716
6.563363000	-6.406163216	-0.323210917
6.563364000	-6.405627251	-0.323417545
6.563365000	-6.405527592	-0.323077160
6.563366000	-6.403012753	-0.322974495
6.563367000	-6.409209251	-0.323509524
6.563368000	-6.409189224	-0.323307290
6.563369000	-6.405520439	-0.323548706
6.563370000	-6.409792900	-0.322624323
6.563371000	-6.408469677	-0.322954022
6.563372000	-6.413857937	-0.323415148
6.563373000	-6.406726837	-0.323629766
6.563374000	-6.406465054	-0.323632795
6.563375000	-6.409538269	-0.323745647
6.563376000	-6.410552502	-0.323798477
6.563377000	-6.404121876	-0.324150414
6.563378000	-6.408419132	-0.324136066
6.563379000	-6.410960674	-0.324392562
6.563380000	-6.403907776	-0.324208604
6.563381000	-6.409773350	-0.324299917
6.563382000	-6.410777092	-0.324306575
6.563383000	-6.407829285	-0.324886012
6.563384000	-6.413939476	-0.324895699
6.563385000	-6.410442352	-0.324591333
6.563386000	-6.409800529	-0.324831151
6.563387000	-6.407875061	-0.324718599
6.563388000	-6.404288292	-0.324936779
6.563389000	-6.410054207	-0.325004822
6.563390000	-6.414643288	-0.325639687
6.563391000	-6.413197041	-0.325167841
6.563392000	-6.415458679	-0.324996533
6.563393000	-6.412896156	-0.325317677
6.563394000	-6.411829948	-0.325110117
6.563395000	-6.411430359	-0.324950028
6.563396000	-6.407886028	-0.325591484
6.563397000	-6.409494877	-0.325190345
6.563398000	-6.412892342	-0.325647343
6.563399000	-6.408951759	-0.325828938
6.563400000	-6.409866333	-0.325389283
6.563401000	-6.415936470	-0.325629001
6.563402000	-6.409837246	-0.325661192
6.563403000	-6.414703846	-0.325567116
6.563404000	-6.416595936	-0.325750241
6.563405000	-6.413910866	-0.326367562
6.563406000	-6.415427685	-0.326284072
6.563407000	-6.411360264	-0.326118423
6.563408000	-6.414337158	-0.326446225
6.563409000	-6.417752743	-0.326318294
6.563410000	-6.408479214	-0.327110051
6.563411000	-6.415968418	-0.326512738
6.563412000	-6.415480614	-0.326276815
6.563413000	-6.411565781	-0.326588671
6.563414000	-6.414312840	-0.326516899
6.563415000	-6.415814400	-0.326943138
6.563416000	-6.416042805	-0.326998531
6.563417000	-6.418756962	-0.327230393
6.563418000	-6.418106079	-0.326509375
6.563419000	-6.411859512	-0.327012247
6.563420000	-6.414041996	-0.326758248
6.563421000	-6.416110992	-0.327277165
6.563422000	-6.416261673	-0.327625373
6.563423000	-6.418021202	-0.327629301
6.563424000	-6.417878151	-0.327233389
6.563425000	-6.416991711	-0.327259188
6.563426000	-6.416205883	-0.327854438
6.563427000	-6.416084766	-0.327830603
6.563428000	-6.417324543	-0.328134769
6.563429000	-6.415859222	-0.327932202
6.563430000	-6.417913437	-0.327707132
6.563431000	-6.419474602	-0.328340665
6.563432000	-6.416376591	-0.328072118
6.563433000	-6.418019772	-0.328221289
6.563434000	-6.417161942	-0.327935298
6.563435000	-6.419966698	-0.328162533
6.563436000	-6.418213844	-0.327764390
6.563437000	-6.423225403	-0.328747496
6.563438000	-6.415062428	-0.328182540
6.563439000	-6.420811176	-0.328439668
6.563440000	-6.415777683	-0.328406878
6.563441000	-6.418138981	-0.328165429
6.563442000	-6.418565750	-0.328130575
6.563443000	-6.416529655	-0.329379963
6.563444000	-6.415636539	-0.329020570
6.563445000	-6.419611931	-0.328553784
6.563446000	-6.417693615	-0.328902026
6.563447000	-6.418559551	-0.328799028
6.563448000	-6.415813923	-0.328933618
6.563449000	-6.412753582	-0.328876127
6.563450000	-6.420087337	-0.328712009
6.563451000	-6.422348022	-0.329779404
6.563452000	-6.417623520	-0.328646828
6.563453000	-6.421617985	-0.328514469
6.563454000	-6.422919273	-0.328786378
6.563455000	-6.422272205	-0.329047568
6.563456000	-6.422065258	-0.329061915
6.563457000	-6.421688557	-0.329348971
6.563458000	-6.426754951	-0.329078960
6.563459000	-6.420223236	-0.330026945
6.563460000	-6.423004150	-0.329629169
6.563461000	-6.420746803	-0.329653903
6.563462000	-6.421759129	-0.329532895
6.563463000	-6.421784401	-0.329237451
6.563464000	-6.422814846	-0.329291913
6.563465000	-6.421598434	-0.329931005
6.563466000	-6.421434879	-0.329728105
6.563467000	-6.420221329	-0.330046020
6.563468000	-6.421968937	-0.329734929
6.563469000	-6.423395634	-0.330068857
6.563470000	-6.421022892	-0.330552487
6.563471000	-6.424076080	-0.330202148
6.563472000	-6.423700333	-0.330059369
6.563473000	-6.425232410	-0.330258141
6.563474000	-6.423572063	-0.330088298
6.563475000	-6.427387238	-0.330575390
6.563476000	-6.428555489	-0.330791339
6.563477000	-6.426590443	-0.330410573
6.563478000	-6.422973156	-0.330780520
6.563479000	-6.418436050	-0.330832585
6.563480000	-6.421009541	-0.331263784
6.563481000	-6.423719406	-0.331804272
6.563482000	-6.422234535	-0.331134221
6.563483000	-6.423679352	-0.330728921
6.563484000	-6.425676823	-0.331211386
6.563485000	-6.422967434	-0.331445511
6.563486000	-6.424860954	-0.331174934
6.563487000	-6.425998688	-0.331125665
6.563488000	-6.423797607	-0.330998400
6.563489000	-6.432385445	-0.331499939
6.563490000	-6.425167561	-0.331208756
6.563491000	-6.427845955	-0.331166079
6.563492000	-6.425987720	-0.331342180
6.563493000	-6.427458286	-0.331492283
6.563494000	-6.426025391	-0.331699976
6.563495000	-6.425179958	-0.331555067
6.563496000	-6.430470943	-0.331899214
6.563497000	-6.426143169	-0.331948549
6.563498000	-6.426184177	-0.331956106
6.563499000	-6.428484440	-0.331899980
6.563500000	-6.429113388	-0.331755070
