D:\KID metingen\Entropy ADR\LT343chip5_BF_20240530_mapping\S21\Power\KID16_110dBm_.dat
Power at KID:110dBm
resonance Frequency in GHz :5.705513
Q=28527.564999, Qc=29872.539536, Qi=633611.112801  S21min=-26.931162


Temperature in K:0.099914
GHz	dB	Rad
5.704594000	0.629318714	-0.200289738
5.704595000	0.678252935	-0.197219346
5.704596000	0.633577764	-0.200331533
5.704597000	0.663107574	-0.198970374
5.704598000	0.640135407	-0.201219847
5.704599000	0.652889252	-0.200127734
5.704600000	0.648658276	-0.202250773
5.704601000	0.646006227	-0.206644506
5.704602000	0.632271528	-0.209628661
5.704603000	0.615930021	-0.207869077
5.704604000	0.621824145	-0.215111727
5.704605000	0.600596845	-0.214942067
5.704606000	0.594828546	-0.213128488
5.704607000	0.590396047	-0.217828900
5.704608000	0.571304262	-0.213325329
5.704609000	0.577275157	-0.219976690
5.704610000	0.611875713	-0.217016020
5.704611000	0.570997536	-0.221382639
5.704612000	0.592259049	-0.220071532
5.704613000	0.584358573	-0.224625837
5.704614000	0.580430031	-0.222776005
5.704615000	0.577719569	-0.226990591
5.704616000	0.585337520	-0.229160651
5.704617000	0.535940349	-0.231367895
5.704618000	0.534149170	-0.227737175
5.704619000	0.578850031	-0.235538040
5.704620000	0.569225192	-0.236289284
5.704621000	0.572595537	-0.233060318
5.704622000	0.584721088	-0.237127597
5.704623000	0.530388713	-0.245051184
5.704624000	0.533324838	-0.249530754
5.704625000	0.536483586	-0.239824247
5.704626000	0.498427689	-0.247220079
5.704627000	0.506714880	-0.252476959
5.704628000	0.495328486	-0.250161241
5.704629000	0.499324411	-0.254960041
5.704630000	0.476910740	-0.254136991
5.704631000	0.484719783	-0.252611465
5.704632000	0.453908563	-0.262673704
5.704633000	0.430022508	-0.257379805
5.704634000	0.430634022	-0.261280870
5.704635000	0.446119308	-0.262137243
5.704636000	0.449982852	-0.273293225
5.704637000	0.411180288	-0.273330459
5.704638000	0.400860697	-0.275079823
5.704639000	0.430323631	-0.272239562
5.704640000	0.380185843	-0.287877561
5.704641000	0.403334737	-0.289407380
5.704642000	0.401967227	-0.283536275
5.704643000	0.427869588	-0.284003660
5.704644000	0.411161810	-0.282662292
5.704645000	0.399765372	-0.285506182
5.704646000	0.365222842	-0.287431281
5.704647000	0.329315364	-0.291662012
5.704648000	0.361373991	-0.291742773
5.704649000	0.348606735	-0.298948521
5.704650000	0.332023323	-0.293177917
5.704651000	0.339275271	-0.294296877
5.704652000	0.346601218	-0.299347096
5.704653000	0.346017540	-0.303710087
5.704654000	0.349090993	-0.309255886
5.704655000	0.313902199	-0.303517174
5.704656000	0.314025581	-0.309657258
5.704657000	0.291990936	-0.311928635
5.704658000	0.234853685	-0.314416959
5.704659000	0.280315965	-0.315628698
5.704660000	0.226570159	-0.318153308
5.704661000	0.206852391	-0.322062928
5.704662000	0.266969264	-0.317359020
5.704663000	0.204851359	-0.326259005
5.704664000	0.190390512	-0.333736928
5.704665000	0.164820284	-0.334047087
5.704666000	0.175613225	-0.335739093
5.704667000	0.153708085	-0.339770020
5.704668000	0.127326339	-0.344255582
5.704669000	0.134764493	-0.347419384
5.704670000	0.139088809	-0.344470166
5.704671000	0.101214305	-0.350324028
5.704672000	0.129781187	-0.352262309
5.704673000	0.070880003	-0.356313011
5.704674000	0.085864812	-0.356083813
5.704675000	0.062498279	-0.358555858
5.704676000	0.038058285	-0.364187412
5.704677000	0.038326252	-0.362097963
5.704678000	0.031109767	-0.370079357
5.704679000	0.044302642	-0.370254060
5.704680000	-0.035017509	-0.374451335
5.704681000	-0.006720586	-0.374034517
5.704682000	-0.058011141	-0.383078579
5.704683000	-0.045770273	-0.382649610
5.704684000	-0.071877182	-0.387791508
5.704685000	-0.071379773	-0.393058542
5.704686000	-0.108013891	-0.395172426
5.704687000	-0.179409012	-0.401349495
5.704688000	-0.159742624	-0.402103136
5.704689000	-0.143898696	-0.403289708
5.704690000	-0.179915577	-0.407457854
5.704691000	-0.134293050	-0.400986606
5.704692000	-0.217987537	-0.411840019
5.704693000	-0.227088705	-0.417968652
5.704694000	-0.222786874	-0.418989209
5.704695000	-0.246193767	-0.424122019
5.704696000	-0.286738753	-0.426963911
5.704697000	-0.301606208	-0.430285240
5.704698000	-0.331604332	-0.430327950
5.704699000	-0.365557194	-0.436480385
5.704700000	-0.432324320	-0.438100419
5.704701000	-0.387388796	-0.445918661
5.704702000	-0.404820174	-0.451965501
5.704703000	-0.431933522	-0.454949707
5.704704000	-0.496037781	-0.457724787
5.704705000	-0.455979764	-0.456082316
5.704706000	-0.495675027	-0.462904502
5.704707000	-0.541036367	-0.467562837
5.704708000	-0.576180518	-0.471497358
5.704709000	-0.589339554	-0.473035533
5.704710000	-0.644595981	-0.479233941
5.704711000	-0.613867700	-0.484707103
5.704712000	-0.779988885	-0.495964485
5.704713000	-0.759216905	-0.500987839
5.704714000	-0.741480529	-0.501981498
5.704715000	-0.788105309	-0.507253058
5.704716000	-0.866639316	-0.512268790
5.704717000	-0.863930404	-0.516844400
5.704718000	-0.856352329	-0.524788443
5.704719000	-1.042071104	-0.541195113
5.704720000	-1.046054125	-0.532021955
5.704721000	-1.038575053	-0.545393487
5.704722000	-1.081956029	-0.546981829
5.704723000	-1.145263195	-0.553895129
5.704724000	-1.078601837	-0.542886986
5.704725000	-1.160796762	-0.554926805
5.704726000	-1.188054681	-0.559742599
5.704727000	-1.207151771	-0.570924679
5.704728000	-1.258441329	-0.566965957
5.704729000	-1.338907719	-0.569887911
5.704730000	-1.466613054	-0.582577008
5.704731000	-1.491194129	-0.593087439
5.704732000	-1.505481958	-0.597319602
5.704733000	-1.532365680	-0.599061642
5.704734000	-1.672179580	-0.610330276
5.704735000	-1.633585334	-0.617519612
5.704736000	-1.707590222	-0.614350451
5.704737000	-1.764656067	-0.618944403
5.704738000	-1.778443336	-0.625735731
5.704739000	-1.869443893	-0.639105798
5.704740000	-2.079537153	-0.652215874
5.704741000	-2.168914080	-0.659760876
5.704742000	-2.081406593	-0.658120901
5.704743000	-2.247271776	-0.667973732
5.704744000	-2.361607313	-0.682299741
5.704745000	-2.441787243	-0.679506285
5.704746000	-2.468238354	-0.686262791
5.704747000	-2.553532362	-0.693699602
5.704748000	-2.665887356	-0.700767498
5.704749000	-2.772709131	-0.715102295
5.704750000	-2.851545572	-0.718088232
5.704751000	-2.757588625	-0.719374605
5.704752000	-2.995458126	-0.735166152
5.704753000	-3.155161381	-0.742352825
5.704754000	-3.159877539	-0.750901106
5.704755000	-3.422735214	-0.764865791
5.704756000	-3.540787220	-0.774333861
5.704757000	-3.692421436	-0.790593059
5.704758000	-3.696215153	-0.782429072
5.704759000	-3.920800924	-0.793632524
5.704760000	-3.942857742	-0.788074773
5.704761000	-4.123509884	-0.808636974
5.704762000	-4.350158215	-0.822700994
5.704763000	-4.401140690	-0.825100968
5.704764000	-4.386654377	-0.822888081
5.704765000	-4.689340591	-0.837503243
5.704766000	-4.758728504	-0.847297351
5.704767000	-4.848407745	-0.840256486
5.704768000	-5.241523743	-0.863082106
5.704769000	-5.401528835	-0.868770552
5.704770000	-5.632833481	-0.878890231
5.704771000	-5.715728760	-0.881994611
5.704772000	-5.934415340	-0.882865865
5.704773000	-6.169664860	-0.897583292
5.704774000	-6.480620384	-0.914186104
5.704775000	-6.724553108	-0.916225353
5.704776000	-6.797461987	-0.919391585
5.704777000	-7.377621651	-0.930298029
5.704778000	-7.557195663	-0.942872077
5.704779000	-8.116480827	-0.939927952
5.704780000	-8.316652298	-0.946867751
5.704781000	-8.845478058	-0.968411126
5.704782000	-8.432155609	-0.960638224
5.704783000	-8.650667191	-0.946937659
5.704784000	-8.966211319	-0.955935015
5.704785000	-9.524893761	-0.953937911
5.704786000	-10.160635948	-0.948240877
5.704787000	-10.859585762	-0.951905586
5.704788000	-11.381954193	-0.935902318
5.704789000	-10.971605301	-0.957692901
5.704790000	-11.760895729	-0.952041474
5.704791000	-12.331212044	-0.915997586
5.704792000	-12.486484528	-0.928113304
5.704793000	-13.036914825	-0.927033526
5.704794000	-13.906553268	-0.908219291
5.704795000	-14.451284409	-0.866253798
5.704796000	-15.044757843	-0.866890760
5.704797000	-15.039257050	-0.843748023
5.704798000	-16.110052109	-0.796317723
5.704799000	-16.402132034	-0.747324148
5.704800000	-17.023368835	-0.683366936
5.704801000	-18.962842941	-0.529154429
5.704802000	-19.759687424	-0.314376346
5.704803000	-20.254943848	-0.273873095
5.704804000	-20.318880081	-0.284347374
5.704805000	-20.966964722	-0.004817493
5.704806000	-20.979038239	0.058857862
5.704807000	-20.757331848	0.347087321
5.704808000	-19.573377609	0.532852528
5.704809000	-19.532594681	0.545754745
5.704810000	-18.827997208	0.647467192
5.704811000	-18.619766235	0.717298538
5.704812000	-17.841037750	0.749114857
5.704813000	-16.510072708	0.860020004
5.704814000	-16.796016693	0.887854165
5.704815000	-15.692548752	0.932494937
5.704816000	-14.445118904	1.011225835
5.704817000	-13.727226257	1.006098784
5.704818000	-13.685462952	1.013800845
5.704819000	-12.693610191	1.023912668
5.704820000	-13.053480148	1.025479339
5.704821000	-12.494783401	1.060150035
5.704822000	-11.720658302	1.083461882
5.704823000	-11.364422798	1.070732372
5.704824000	-10.719080925	1.072309496
5.704825000	-10.559607506	1.063234575
5.704826000	-10.208866119	1.072647917
5.704827000	-10.165452003	1.079410082
5.704828000	-9.580813408	1.067161805
5.704829000	-8.855462074	1.080601115
5.704830000	-9.062377930	1.058157125
5.704831000	-8.746401787	1.059188168
5.704832000	-8.698807716	1.071955828
5.704833000	-8.183997154	1.065513042
5.704834000	-7.673707008	1.050738956
5.704835000	-7.462686062	1.038235548
5.704836000	-7.293789864	1.043473720
5.704837000	-7.093610287	1.040690583
5.704838000	-7.100979805	1.038246134
5.704839000	-6.864146709	1.029862037
5.704840000	-6.512239933	1.023473247
5.704841000	-6.296115398	1.014033672
5.704842000	-5.960235119	1.007759797
5.704843000	-6.009092808	1.009459493
5.704844000	-5.331542969	0.979697736
5.704845000	-5.270362377	0.990124544
5.704846000	-5.244355202	0.978344318
5.704847000	-4.965966225	0.961878791
5.704848000	-5.299767494	0.976255401
5.704849000	-4.832056999	0.957190829
5.704850000	-4.669968128	0.949930053
5.704851000	-4.385958195	0.938646772
5.704852000	-4.428124428	0.936039471
5.704853000	-4.194286346	0.928868244
5.704854000	-4.054792881	0.919109090
5.704855000	-3.949786186	0.912908186
5.704856000	-3.891036034	0.908678886
5.704857000	-3.740155220	0.897399134
5.704858000	-3.644002676	0.890037291
5.704859000	-3.641926289	0.893300795
5.704860000	-3.413295984	0.878283896
5.704861000	-3.406479836	0.873778027
5.704862000	-3.378148556	0.864373806
5.704863000	-3.297167063	0.871175187
5.704864000	-3.255639076	0.866854674
5.704865000	-3.103361368	0.852385986
5.704866000	-3.129821777	0.845707910
5.704867000	-3.026351929	0.846574569
5.704868000	-2.911298275	0.841150509
5.704869000	-2.840456486	0.838301592
5.704870000	-2.749554634	0.827792492
5.704871000	-2.692044020	0.815080026
5.704872000	-2.701632261	0.820699296
5.704873000	-2.522608995	0.805627202
5.704874000	-2.442205906	0.803111114
5.704875000	-2.449126244	0.798042985
5.704876000	-2.433874846	0.788745158
5.704877000	-2.218417168	0.782250374
5.704878000	-2.114645720	0.766197771
5.704879000	-1.999403834	0.756901541
5.704880000	-2.016860247	0.766758899
5.704881000	-1.953831434	0.751565165
5.704882000	-1.943118811	0.743730878
5.704883000	-1.825855613	0.737070378
5.704884000	-1.815974355	0.741643226
5.704885000	-1.798329711	0.732388807
5.704886000	-1.654917598	0.725002131
5.704887000	-1.670765638	0.724206644
5.704888000	-1.551140785	0.714335039
5.704889000	-1.591748118	0.713097867
5.704890000	-1.553784609	0.713562988
5.704891000	-1.394307494	0.697514513
5.704892000	-1.387336373	0.693380155
5.704893000	-1.452481151	0.692557571
5.704894000	-1.378696561	0.692445319
5.704895000	-1.305475116	0.674211854
5.704896000	-1.231542945	0.673351919
5.704897000	-1.109249949	0.664243775
5.704898000	-1.204881430	0.663047616
5.704899000	-1.122521758	0.664864957
5.704900000	-1.164047122	0.663481112
5.704901000	-1.084062576	0.646509119
5.704902000	-0.955997109	0.643749352
5.704903000	-1.024566293	0.649285132
5.704904000	-0.925015509	0.640954831
5.704905000	-0.901631951	0.630162903
5.704906000	-0.957587779	0.639155266
5.704907000	-0.947311580	0.636660150
5.704908000	-0.898633599	0.626740608
5.704909000	-0.793313444	0.622864244
5.704910000	-0.863047302	0.614215495
5.704911000	-0.708557665	0.610360103
5.704912000	-0.787672997	0.611150063
5.704913000	-0.750310063	0.620841173
5.704914000	-0.722201049	0.605608691
5.704915000	-0.705077589	0.608231905
5.704916000	-0.681884229	0.602017684
5.704917000	-0.679733634	0.606654115
5.704918000	-0.603328824	0.594072343
5.704919000	-0.602722108	0.583683685
5.704920000	-0.532991946	0.574918822
5.704921000	-0.512219727	0.577306612
5.704922000	-0.515253127	0.570933135
5.704923000	-0.464301884	0.566306425
5.704924000	-0.384548962	0.558066139
5.704925000	-0.456026554	0.561022647
5.704926000	-0.428120941	0.556760125
5.704927000	-0.419007212	0.559357106
5.704928000	-0.387060225	0.547807642
5.704929000	-0.325707555	0.542782557
5.704930000	-0.271998584	0.539812866
5.704931000	-0.266723454	0.534624995
5.704932000	-0.270507067	0.532896237
5.704933000	-0.241120830	0.534408580
5.704934000	-0.254202217	0.525903542
5.704935000	-0.222972408	0.527241847
5.704936000	-0.179257780	0.517324168
5.704937000	-0.190267041	0.518277047
5.704938000	-0.152735293	0.508621391
5.704939000	-0.175686643	0.510076109
5.704940000	-0.119904816	0.508901955
5.704941000	-0.145234346	0.505195567
5.704942000	-0.086589105	0.502765599
5.704943000	-0.135794729	0.502540828
5.704944000	-0.052925400	0.497032113
5.704945000	-0.059281033	0.493723035
5.704946000	-0.054183755	0.485674363
5.704947000	-0.046436466	0.487425957
5.704948000	-0.014043014	0.483746168
5.704949000	-0.009321015	0.488873585
5.704950000	0.000730624	0.474997950
5.704951000	0.076844454	0.471350218
5.704952000	0.054627463	0.472877341
5.704953000	0.072821885	0.472596178
5.704954000	0.057798695	0.467489267
5.704955000	0.040159576	0.463305840
5.704956000	0.074499272	0.461987542
5.704957000	0.110200517	0.462365445
5.704958000	0.089608423	0.450725500
5.704959000	0.074115500	0.456185680
5.704960000	0.122329198	0.454896676
5.704961000	0.104964592	0.449976087
5.704962000	0.179845661	0.442733254
5.704963000	0.165383220	0.443508933
5.704964000	0.213022068	0.436519234
5.704965000	0.179019213	0.440747634
5.704966000	0.191255644	0.435677575
5.704967000	0.191134930	0.432768471
5.704968000	0.255102694	0.429439353
5.704969000	0.231342971	0.432600758
5.704970000	0.269495696	0.422728320
5.704971000	0.247898027	0.426485408
5.704972000	0.252962917	0.428334507
5.704973000	0.247799873	0.416560705
5.704974000	0.267721117	0.415086446
5.704975000	0.300245255	0.412198048
5.704976000	0.302019835	0.412739369
5.704977000	0.301171035	0.411410551
5.704978000	0.295264751	0.408137826
5.704979000	0.302398950	0.409866650
5.704980000	0.365972191	0.405098926
5.704981000	0.357742280	0.398858274
5.704982000	0.364373893	0.397027750
5.704983000	0.378556341	0.394304036
5.704984000	0.393016458	0.392019676
5.704985000	0.413618952	0.392549578
5.704986000	0.391286373	0.386129363
5.704987000	0.434548646	0.384955774
5.704988000	0.368324399	0.388968459
5.704989000	0.429098904	0.380717354
5.704990000	0.426969647	0.381825994
5.704991000	0.396319479	0.380428634
5.704992000	0.412475824	0.379307276
5.704993000	0.448838323	0.374691652
5.704994000	0.461749643	0.369120918
5.704995000	0.466568768	0.366247467
5.704996000	0.425365776	0.368896414
5.704997000	0.478011757	0.364972545
5.704998000	0.521269798	0.359626349
5.704999000	0.414635509	0.362264610
5.705000000	0.464127809	0.360825271
5.705001000	0.493391722	0.361068418
5.705002000	0.488314301	0.359882379
5.705003000	0.480173260	0.354230752
5.705004000	0.461646587	0.354953800
5.705005000	0.505971372	0.347027001
5.705006000	0.499847054	0.348676430
5.705007000	0.525204659	0.349431236
5.705008000	0.527268946	0.344606088
5.705009000	0.514045835	0.339901514
5.705010000	0.516057432	0.343226637
5.705011000	0.562731802	0.341315053
5.705012000	0.555134237	0.336929825
5.705013000	0.554967225	0.333819686
5.705014000	0.565627396	0.333676874
5.705015000	0.521189570	0.335028661
5.705016000	0.576076925	0.329792820
5.705017000	0.558637023	0.327598442
5.705018000	0.582718611	0.329970852
5.705019000	0.586179674	0.325167342
5.705020000	0.574287772	0.323262649
5.705021000	0.589420319	0.326842836
5.705022000	0.609668016	0.319057351
5.705023000	0.628506005	0.312013789
5.705024000	0.636122227	0.314514931
5.705025000	0.654093325	0.313772208
5.705026000	0.637886345	0.316530145
5.705027000	0.604549885	0.313058614
5.705028000	0.660294235	0.307971510
5.705029000	0.631986916	0.307579959
5.705030000	0.611238122	0.303616610
5.705031000	0.646920383	0.301079549
5.705032000	0.647093952	0.305141169
5.705033000	0.666324675	0.303480389
5.705034000	0.655472100	0.299229451
5.705035000	0.681505859	0.294300306
5.705036000	0.651108801	0.297678925
5.705037000	0.695174098	0.292516155
5.705038000	0.710581064	0.292428304
5.705039000	0.680777192	0.291652625
5.705040000	0.674284458	0.294280432
5.705041000	0.649531364	0.294267949
5.705042000	0.689517379	0.288292614
5.705043000	0.703864813	0.286482597
5.705044000	0.719492972	0.286844820
5.705045000	0.660586894	0.284241513
5.705046000	0.668402493	0.277986680
5.705047000	0.694918990	0.281737609
5.705048000	0.703400970	0.275509275
5.705049000	0.725257993	0.281967873
5.705050000	0.715152264	0.272908897
5.705051000	0.720366657	0.272337716
5.705052000	0.768106699	0.272378928
5.705053000	0.730266750	0.266780165
5.705054000	0.703572929	0.271887126
5.705055000	0.748466074	0.264433271
5.705056000	0.751886725	0.263513298
5.705057000	0.736926436	0.262298564
5.705058000	0.762656927	0.260250011
5.705059000	0.777021527	0.258104718
5.705060000	0.745162070	0.257935224
5.705061000	0.724376976	0.253490874
5.705062000	0.740084946	0.255068997
5.705063000	0.777165115	0.254637548
5.705064000	0.720657110	0.250830626
5.705065000	0.751720130	0.247290237
5.705066000	0.751344979	0.253354021
5.705067000	0.787025690	0.250313340
5.705068000	0.775269389	0.244608084
5.705069000	0.765682518	0.247396197
5.705070000	0.759707630	0.241822001
5.705071000	0.764660180	0.243173006
5.705072000	0.774517298	0.238693070
5.705073000	0.758670211	0.241279199
5.705074000	0.793086469	0.240256745
5.705075000	0.780998051	0.234699876
5.705076000	0.796653211	0.235634279
5.705077000	0.810891330	0.238471528
5.705078000	0.777747512	0.235278115
5.705079000	0.798315525	0.235114464
5.705080000	0.800391376	0.228906269
5.705081000	0.808249116	0.231530864
5.705082000	0.808768868	0.227357225
5.705083000	0.822897851	0.226706148
5.705084000	0.808403552	0.229559859
5.705085000	0.805076122	0.225570676
5.705086000	0.794817507	0.221495524
5.705087000	0.789185703	0.224475202
5.705088000	0.805048227	0.223986412
5.705089000	0.832734227	0.220381124
5.705090000	0.828961849	0.212696956
5.705091000	0.801513255	0.211698969
5.705092000	0.782203376	0.215379758
5.705093000	0.818784475	0.213746641
5.705094000	0.811343372	0.213822491
5.705095000	0.875377357	0.216336082
5.705096000	0.856285572	0.209922891
5.705097000	0.847697258	0.209566476
5.705098000	0.870350003	0.211406687
5.705099000	0.798215032	0.205376176
5.705100000	0.845123887	0.204635434
5.705101000	0.841206312	0.203096060
5.705102000	0.836736679	0.204785903
5.705103000	0.842801392	0.201841661
5.705104000	0.843295336	0.200968827
5.705105000	0.841850281	0.196695252
5.705106000	0.854488969	0.198931459
5.705107000	0.878594995	0.197044509
5.705108000	0.824610710	0.195197657
5.705109000	0.861461937	0.197248990
5.705110000	0.851464748	0.193639408
5.705111000	0.837577283	0.192719469
5.705112000	0.806610405	0.188972052
5.705113000	0.853504300	0.187592019
5.705114000	0.855341494	0.187232741
5.705115000	0.871893883	0.191728574
5.705116000	0.865673482	0.186756219
5.705117000	0.864242077	0.186170240
5.705118000	0.892935753	0.183128228
5.705119000	0.884804785	0.178222752
5.705120000	0.881707668	0.184841805
5.705121000	0.901390076	0.179143623
5.705122000	0.888695419	0.179439067
5.705123000	0.879637957	0.177200214
5.705124000	0.871561348	0.175106720
5.705125000	0.872018278	0.172868450
5.705126000	0.872586548	0.170522088
5.705127000	0.837442935	0.171572322
5.705128000	0.904727042	0.174569777
5.705129000	0.869919360	0.170320237
5.705130000	0.865241468	0.163288060
5.705131000	0.910229325	0.160530107
5.705132000	0.895460606	0.158355220
5.705133000	0.879851401	0.161241920
5.705134000	0.910577118	0.161752598
5.705135000	0.905918956	0.163423682
5.705136000	0.924927711	0.160001004
5.705137000	0.913767338	0.154763698
5.705138000	0.921941221	0.156688830
5.705139000	0.897379756	0.155580423
5.705140000	0.870355666	0.152748118
5.705141000	0.878417492	0.153152103
5.705142000	0.891565144	0.149057043
5.705143000	0.906963527	0.146472512
5.705144000	0.911941350	0.147554621
5.705145000	0.887430549	0.150771736
5.705146000	0.914209723	0.144707385
5.705147000	0.874296665	0.148356282
5.705148000	0.886259258	0.147005061
5.705149000	0.888063014	0.145758485
5.705150000	0.903805494	0.142991194
5.705151000	0.911292315	0.139927693
5.705152000	0.944276035	0.134969237
5.705153000	0.906410694	0.142762545
5.705154000	0.935036659	0.135491491
5.705155000	0.897533000	0.132400302
5.705156000	0.867021024	0.133863468
5.705157000	0.895624578	0.133335662
5.705158000	0.923495650	0.132075563
5.705159000	0.884847462	0.133785803
5.705160000	0.882871211	0.131083818
5.705161000	0.877938271	0.133119031
5.705162000	0.923558116	0.124102083
5.705163000	0.914366424	0.129004805
5.705164000	0.915350735	0.126898170
5.705165000	0.918281138	0.126567114
5.705166000	0.911890507	0.122261847
5.705167000	0.899444640	0.118796759
5.705168000	0.934016049	0.118126666
5.705169000	0.902354658	0.120161213
5.705170000	0.925728321	0.121620966
5.705171000	0.940924525	0.121454410
5.705172000	0.896828413	0.111492632
5.705173000	0.900861144	0.114991002
5.705174000	0.946230412	0.113448216
5.705175000	0.924327314	0.110833699
5.705176000	0.906414926	0.107879579
5.705177000	0.931103587	0.105011871
5.705178000	0.954274893	0.109879380
5.705179000	0.920873582	0.104605214
5.705180000	0.943049371	0.108977933
5.705181000	0.881296933	0.104340205
5.705182000	0.923267126	0.100520524
5.705183000	0.918902874	0.106492081
5.705184000	0.895300210	0.098884736
5.705185000	0.909805179	0.097123313
5.705186000	0.939277470	0.100319314
5.705187000	0.904689133	0.098264111
5.705188000	0.922146082	0.094387031
5.705189000	0.925581336	0.094800670
5.705190000	0.885164082	0.092045064
5.705191000	0.925387800	0.087732990
5.705192000	0.956470251	0.089516734
5.705193000	0.904435873	0.085936896
5.705194000	0.937217593	0.089256327
5.705195000	0.917198837	0.084362069
5.705196000	0.941919208	0.081966556
5.705197000	0.946767747	0.081799101
5.705198000	0.949923337	0.082974029
5.705199000	0.935127318	0.075375199
5.705200000	0.944254220	0.080183220
5.705201000	0.916371465	0.079733961
5.705202000	0.913358092	0.078028656
5.705203000	0.877330601	0.075974968
5.705204000	0.948082864	0.072432605
5.705205000	0.930814803	0.072661279
5.705206000	0.896208823	0.072015421
5.705207000	0.916520715	0.072677125
5.705208000	0.914453864	0.069142237
5.705209000	0.902376652	0.068404466
5.705210000	0.930545807	0.063120380
5.705211000	0.937162280	0.061376172
5.705212000	0.914274216	0.062636184
5.705213000	0.918159425	0.060347226
5.705214000	0.895389020	0.058466240
5.705215000	0.915331364	0.061234046
5.705216000	0.934985280	0.054956688
5.705217000	0.907420039	0.056379724
5.705218000	0.916448474	0.058596327
5.705219000	0.930864573	0.051166120
5.705220000	0.913906038	0.049737825
5.705221000	0.907104611	0.051104567
5.705222000	0.915824890	0.047856331
5.705223000	0.938951075	0.047611441
5.705224000	0.906119466	0.046046742
5.705225000	0.908964217	0.045650226
5.705226000	0.903047919	0.042594715
5.705227000	0.922456682	0.042761978
5.705228000	0.916345000	0.040449734
5.705229000	0.877202272	0.038000354
5.705230000	0.891682029	0.038192364
5.705231000	0.950179935	0.036554212
5.705232000	0.906526804	0.035825821
5.705233000	0.933708131	0.032108427
5.705234000	0.920499921	0.040512281
5.705235000	0.913373053	0.029297808
5.705236000	0.931214631	0.026960018
5.705237000	0.906809151	0.024701194
5.705238000	0.874693692	0.022985852
5.705239000	0.908506095	0.028966483
5.705240000	0.906672478	0.023353692
5.705241000	0.910098076	0.019915071
5.705242000	0.913196206	0.014387342
5.705243000	0.925155044	0.016935557
5.705244000	0.928193927	0.010519504
5.705245000	0.949282467	0.010820153
5.705246000	0.905787647	0.009493704
5.705247000	0.904356658	0.005009485
5.705248000	0.887997150	0.007680187
5.705249000	0.890312374	0.000927078
5.705250000	0.913012445	-0.000517499
5.705251000	0.935718775	0.003840283
5.705252000	0.889429808	-0.002653461
5.705253000	0.926954746	0.000627278
5.705254000	0.886687696	-0.001755962
5.705255000	0.901438236	-0.001089801
5.705256000	0.905657411	-0.002407234
5.705257000	0.910601318	-0.005654636
5.705258000	0.910846651	-0.002363669
5.705259000	0.888700783	-0.008360167
5.705260000	0.886562824	-0.010889141
5.705261000	0.865340948	-0.011646339
5.705262000	0.873219728	-0.018501488
5.705263000	0.894384623	-0.013595933
5.705264000	0.925866365	-0.016389749
5.705265000	0.871851206	-0.016815445
5.705266000	0.873211682	-0.020693446
5.705267000	0.862905085	-0.023466895
5.705268000	0.843420565	-0.024044808
5.705269000	0.856437981	-0.030861312
5.705270000	0.900238276	-0.028557952
5.705271000	0.868725955	-0.033529286
5.705272000	0.881535828	-0.035444706
5.705273000	0.892630637	-0.033863828
5.705274000	0.859704137	-0.036407305
5.705275000	0.838936627	-0.038678591
5.705276000	0.887951732	-0.043101810
5.705277000	0.858088553	-0.039393412
5.705278000	0.787512839	-0.048971018
5.705279000	0.864098907	-0.046333585
5.705280000	0.856801689	-0.044538169
5.705281000	0.888133049	-0.046183254
5.705282000	0.832279205	-0.049629359
5.705283000	0.844785452	-0.052556344
5.705284000	0.841840863	-0.054016068
5.705285000	0.823724568	-0.063658080
5.705286000	0.849834859	-0.056020359
5.705287000	0.793928921	-0.064588040
5.705288000	0.818194628	-0.061361741
5.705289000	0.829608023	-0.065090969
5.705290000	0.842792630	-0.064698078
5.705291000	0.791057765	-0.071986493
5.705292000	0.779858112	-0.070029078
5.705293000	0.830514967	-0.073268738
5.705294000	0.813623369	-0.072613684
5.705295000	0.784395874	-0.073515713
5.705296000	0.800779402	-0.082942563
5.705297000	0.787399292	-0.078842984
5.705298000	0.795948446	-0.086504116
5.705299000	0.793864846	-0.084828339
5.705300000	0.779254377	-0.083795257
5.705301000	0.754676402	-0.086469861
5.705302000	0.808822691	-0.093373632
5.705303000	0.780616581	-0.093257069
5.705304000	0.759250522	-0.092521712
5.705305000	0.772075415	-0.097500475
5.705306000	0.775640607	-0.098175919
5.705307000	0.775742352	-0.103307714
5.705308000	0.771488309	-0.102886701
5.705309000	0.767076075	-0.105590451
5.705310000	0.719253898	-0.106222760
5.705311000	0.772281528	-0.110390590
5.705312000	0.769496918	-0.112434633
5.705313000	0.749996603	-0.107164113
5.705314000	0.721374333	-0.116045072
5.705315000	0.710490942	-0.118952470
5.705316000	0.736515164	-0.118184673
5.705317000	0.729802012	-0.121772284
5.705318000	0.718415916	-0.127211465
5.705319000	0.700080454	-0.133524838
5.705320000	0.720095515	-0.135347947
5.705321000	0.695184112	-0.142116329
5.705322000	0.681254387	-0.141696682
5.705323000	0.664129138	-0.143607733
5.705324000	0.701943815	-0.142055559
5.705325000	0.665925562	-0.148730490
5.705326000	0.657741785	-0.151284528
5.705327000	0.671266615	-0.143391967
5.705328000	0.648585796	-0.152250206
5.705329000	0.648498476	-0.153737099
5.705330000	0.661814868	-0.159744059
5.705331000	0.656325400	-0.163662401
5.705332000	0.642214537	-0.159486814
5.705333000	0.623686373	-0.163988355
5.705334000	0.568232715	-0.167652915
5.705335000	0.632217288	-0.173288580
5.705336000	0.578029037	-0.174105438
5.705337000	0.592255592	-0.180260602
5.705338000	0.585424960	-0.184373638
5.705339000	0.552970707	-0.182317079
5.705340000	0.539455414	-0.185234888
5.705341000	0.552818835	-0.188990395
5.705342000	0.547128737	-0.193311040
5.705343000	0.550228119	-0.192554203
5.705344000	0.567309082	-0.195727044
5.705345000	0.469635010	-0.199846188
5.705346000	0.501066506	-0.204197727
5.705347000	0.531696916	-0.210195116
5.705348000	0.525275886	-0.209035542
5.705349000	0.450589806	-0.213506057
5.705350000	0.485150605	-0.215230121
5.705351000	0.499811649	-0.220934096
5.705352000	0.433657110	-0.226253627
5.705353000	0.423714697	-0.226772911
5.705354000	0.388501525	-0.235678604
5.705355000	0.463847041	-0.232891473
5.705356000	0.434857935	-0.237718286
5.705357000	0.362351239	-0.241583948
5.705358000	0.378395677	-0.245054197
5.705359000	0.388901472	-0.243634332
5.705360000	0.392840445	-0.250075853
5.705361000	0.375411123	-0.254290489
5.705362000	0.371186376	-0.250610033
5.705363000	0.369054228	-0.258355771
5.705364000	0.326923311	-0.261046895
5.705365000	0.317101121	-0.269314479
5.705366000	0.299329668	-0.272767600
5.705367000	0.301968336	-0.280901177
5.705368000	0.286819309	-0.268980918
5.705369000	0.281409532	-0.280926377
5.705370000	0.263124853	-0.280243776
5.705371000	0.223444700	-0.291892942
5.705372000	0.205401570	-0.290951581
5.705373000	0.207461417	-0.298602610
5.705374000	0.171429470	-0.296803644
5.705375000	0.208080947	-0.299375359
5.705376000	0.173347816	-0.303594805
5.705377000	0.167621702	-0.308645956
5.705378000	0.135592178	-0.319804002
5.705379000	0.073351927	-0.318160066
5.705380000	0.056508739	-0.324373254
5.705381000	0.051054422	-0.326538770
5.705382000	0.055959582	-0.331210154
5.705383000	0.058279671	-0.336976297
5.705384000	0.010791058	-0.336930425
5.705385000	0.024524361	-0.341800880
5.705386000	-0.015129485	-0.344342767
5.705387000	-0.033329550	-0.355065753
5.705388000	-0.128007635	-0.364470906
5.705389000	-0.119473338	-0.361468158
5.705390000	-0.116410963	-0.368318807
5.705391000	-0.171488658	-0.375080307
5.705392000	-0.152836040	-0.376930971
5.705393000	-0.186595082	-0.388274739
5.705394000	-0.214144319	-0.386476439
5.705395000	-0.264352977	-0.393749033
5.705396000	-0.273194641	-0.398521351
5.705397000	-0.278232366	-0.408108398
5.705398000	-0.335880458	-0.414277844
5.705399000	-0.433227152	-0.421238448
5.705400000	-0.380833566	-0.422032669
5.705401000	-0.382207274	-0.423504099
5.705402000	-0.398464173	-0.432032806
5.705403000	-0.451180428	-0.434749297
5.705404000	-0.482566208	-0.440885220
5.705405000	-0.503745973	-0.448656058
5.705406000	-0.552689672	-0.444002949
5.705407000	-0.518469989	-0.452931696
5.705408000	-0.622385383	-0.466367577
5.705409000	-0.650901794	-0.470355794
5.705410000	-0.738673389	-0.478111918
5.705411000	-0.774212241	-0.484186788
5.705412000	-0.806567907	-0.485436310
5.705413000	-0.892104506	-0.498477743
5.705414000	-0.850320220	-0.491256349
5.705415000	-0.873317719	-0.501098227
5.705416000	-0.922961771	-0.508678615
5.705417000	-0.970931113	-0.520651056
5.705418000	-1.013532996	-0.517850043
5.705419000	-1.048964739	-0.525609862
5.705420000	-1.105630636	-0.527748646
5.705421000	-1.070017338	-0.530143261
5.705422000	-1.127087712	-0.537224407
5.705423000	-1.253083587	-0.552541677
5.705424000	-1.360097289	-0.564895882
5.705425000	-1.417368293	-0.568306126
5.705426000	-1.448047996	-0.582706171
5.705427000	-1.496375203	-0.581537709
5.705428000	-1.564146638	-0.590021076
5.705429000	-1.585463881	-0.594195048
5.705430000	-1.620294809	-0.593177588
5.705431000	-1.681197524	-0.610043387
5.705432000	-1.771889329	-0.613599972
5.705433000	-1.892249346	-0.625297641
5.705434000	-1.891408920	-0.632550627
5.705435000	-1.969914556	-0.635322644
5.705436000	-2.173500299	-0.651456341
5.705437000	-2.090746164	-0.651463132
5.705438000	-2.187884808	-0.656421005
5.705439000	-2.288857698	-0.669551388
5.705440000	-2.236446142	-0.663143556
5.705441000	-2.295780182	-0.673605718
5.705442000	-2.530109644	-0.691575731
5.705443000	-2.478735209	-0.685136673
5.705444000	-2.620318413	-0.698143818
5.705445000	-2.748656034	-0.707209685
5.705446000	-2.753781796	-0.714167393
5.705447000	-2.863323689	-0.725199338
5.705448000	-3.031478882	-0.734122792
5.705449000	-3.133062124	-0.748714784
5.705450000	-3.342820644	-0.754962560
5.705451000	-3.377018690	-0.763488870
5.705452000	-3.449254036	-0.773907555
5.705453000	-3.621452332	-0.787779695
5.705454000	-3.713400126	-0.774783403
5.705455000	-3.675971508	-0.789147561
5.705456000	-3.716228247	-0.786617758
5.705457000	-3.899045467	-0.802198848
5.705458000	-3.995752335	-0.806681614
5.705459000	-4.178756237	-0.825803710
5.705460000	-4.238974094	-0.823651676
5.705461000	-4.451881886	-0.838973308
5.705462000	-4.619140148	-0.845890935
5.705463000	-4.812138557	-0.858134752
5.705464000	-4.854347706	-0.860086849
5.705465000	-4.918119431	-0.864124734
5.705466000	-5.208781242	-0.884112224
5.705467000	-5.317960262	-0.888179404
5.705468000	-5.461798668	-0.891228723
5.705469000	-5.645267963	-0.900499253
5.705470000	-5.848259449	-0.916250786
5.705471000	-6.040670872	-0.923734535
5.705472000	-6.265067577	-0.931011290
5.705473000	-6.284695625	-0.935200642
5.705474000	-6.619264126	-0.945590232
5.705475000	-6.939881802	-0.971832423
5.705476000	-7.236846447	-0.965839445
5.705477000	-7.433109760	-0.972224640
5.705478000	-7.593665123	-0.983573035
5.705479000	-7.941093922	-0.974192250
5.705480000	-7.926836967	-0.992804683
5.705481000	-8.050255775	-0.984357069
5.705482000	-8.396577835	-1.000599023
5.705483000	-8.430741310	-1.005214215
5.705484000	-9.091651917	-1.027664530
5.705485000	-9.304580688	-1.029415358
5.705486000	-9.433129311	-1.027504673
5.705487000	-9.703554153	-1.028967881
5.705488000	-10.308465958	-1.034175759
5.705489000	-10.418394089	-1.039887773
5.705490000	-10.850758553	-1.048565617
5.705491000	-11.412676811	-1.050530098
5.705492000	-12.083693504	-1.046887293
5.705493000	-12.539082527	-1.057633880
5.705494000	-12.696136475	-1.034145399
5.705495000	-13.551060677	-1.032107015
5.705496000	-13.444390297	-1.041435403
5.705497000	-14.108304977	-1.025216951
5.705498000	-14.823006630	-1.025226472
5.705499000	-15.064008713	-1.003201398
5.705500000	-16.096454620	-0.977247495
5.705501000	-16.246791840	-0.996436303
5.705502000	-16.900911331	-1.004025113
5.705503000	-16.844480515	-0.951783746
5.705504000	-17.216260910	-0.966589124
5.705505000	-18.511550903	-0.934492507
5.705506000	-19.488960266	-0.899868683
5.705507000	-20.925260544	-0.812876193
5.705508000	-21.715950012	-0.635069711
5.705509000	-22.419605255	-0.655182569
5.705510000	-23.433872223	-0.526560610
5.705511000	-24.413169861	-0.430204113
5.705512000	-24.689640045	-0.196258444
5.705513000	-25.974691391	0.097127857
5.705514000	-25.104782104	0.279301250
5.705515000	-25.147998810	0.338272092
5.705516000	-24.767807007	0.550097761
5.705517000	-22.995769501	0.610926624
5.705518000	-22.184024811	0.870524776
5.705519000	-21.634338379	0.940396136
5.705520000	-20.845882416	0.980913669
5.705521000	-20.373567581	1.026524896
5.705522000	-19.091148376	1.099406827
5.705523000	-19.240032196	1.060508496
5.705524000	-18.595674515	1.090842168
5.705525000	-17.865091324	1.172266787
5.705526000	-16.734628677	1.191572973
5.705527000	-15.976685524	1.196492764
5.705528000	-15.585025787	1.171405121
5.705529000	-15.570563316	1.192170587
5.705530000	-14.919353485	1.214287474
5.705531000	-14.174413681	1.218880761
5.705532000	-13.930250168	1.222840615
5.705533000	-13.064056396	1.212366136
5.705534000	-13.102797508	1.216223192
5.705535000	-12.535466194	1.222421700
5.705536000	-12.752749443	1.228699037
5.705537000	-12.276714325	1.248327599
5.705538000	-11.702269554	1.240007218
5.705539000	-10.939547539	1.229160563
5.705540000	-10.796460152	1.234513916
5.705541000	-10.664616585	1.226307785
5.705542000	-10.370268822	1.217736001
5.705543000	-10.300120354	1.228029252
5.705544000	-10.367366791	1.212106611
5.705545000	-9.933667183	1.220983060
5.705546000	-9.759614944	1.219277838
5.705547000	-9.371237755	1.212364538
5.705548000	-9.283906937	1.212101418
5.705549000	-9.017613411	1.195453732
5.705550000	-8.654589653	1.195553068
5.705551000	-8.701009750	1.207784967
5.705552000	-8.662804604	1.190238996
5.705553000	-8.291614532	1.187589550
5.705554000	-8.028062820	1.170394185
5.705555000	-7.853876114	1.172904081
5.705556000	-7.925750256	1.164522447
5.705557000	-7.632652760	1.172745090
5.705558000	-7.482044220	1.161002414
5.705559000	-7.302303791	1.159548594
5.705560000	-7.303345680	1.156634564
5.705561000	-7.123092175	1.153523858
5.705562000	-6.797091007	1.136014639
5.705563000	-6.779284477	1.132286746
5.705564000	-6.658941746	1.129848090
5.705565000	-6.378256798	1.126260146
5.705566000	-6.353244781	1.116735350
5.705567000	-6.271861553	1.110198954
5.705568000	-6.152358055	1.113115116
5.705569000	-5.990085602	1.104941475
5.705570000	-5.978673458	1.101919320
5.705571000	-5.608816147	1.091940322
5.705572000	-5.731366158	1.098893569
5.705573000	-5.728372097	1.081607124
5.705574000	-5.460845947	1.075443304
5.705575000	-5.172010422	1.073112505
5.705576000	-5.260496616	1.071849568
5.705577000	-5.038519859	1.061808452
5.705578000	-5.119507790	1.064257295
5.705579000	-5.086629391	1.062181494
5.705580000	-4.974692345	1.054617517
5.705581000	-4.862893581	1.041287531
5.705582000	-4.810676575	1.048191310
5.705583000	-4.615384579	1.035288694
5.705584000	-4.652341843	1.025159827
5.705585000	-4.492595196	1.031298679
5.705586000	-4.398612976	1.020439640
5.705587000	-4.413834572	1.017370014
5.705588000	-4.344003201	1.015863464
5.705589000	-4.228330612	1.018633151
5.705590000	-4.117576599	1.003776774
5.705591000	-4.048139095	0.994638203
5.705592000	-3.999516010	0.996532176
5.705593000	-3.946235657	0.992561670
5.705594000	-3.857279062	0.985509286
5.705595000	-3.788068056	0.983867780
5.705596000	-3.809851408	0.991866518
5.705597000	-3.813618898	0.980842229
5.705598000	-3.596041918	0.965405083
5.705599000	-3.561147451	0.969726328
5.705600000	-3.612099409	0.963980558
5.705601000	-3.476118326	0.962714824
5.705602000	-3.453696728	0.956283024
5.705603000	-3.412894249	0.953376383
5.705604000	-3.330965757	0.950163213
5.705605000	-3.259121180	0.934820675
5.705606000	-3.291953564	0.940556791
5.705607000	-3.166333675	0.939821759
5.705608000	-3.169199228	0.933862337
5.705609000	-3.021053314	0.916444198
5.705610000	-2.965317488	0.915088316
5.705611000	-2.909336805	0.915342781
5.705612000	-2.960528135	0.913670050
5.705613000	-2.882992506	0.916591604
5.705614000	-2.847747564	0.902997298
5.705615000	-2.738640785	0.893598271
5.705616000	-2.764543533	0.898374650
5.705617000	-2.786831617	0.905614320
5.705618000	-2.629940510	0.888330671
5.705619000	-2.639890432	0.880536597
5.705620000	-2.538068295	0.886123243
5.705621000	-2.506823778	0.878678843
5.705622000	-2.468242884	0.871451490
5.705623000	-2.457656145	0.874522114
5.705624000	-2.438727379	0.870366851
5.705625000	-2.377839327	0.866871052
5.705626000	-2.303761244	0.861150782
5.705627000	-2.355419159	0.857308573
5.705628000	-2.328064680	0.853738406
5.705629000	-2.305067778	0.857489934
5.705630000	-2.288488865	0.852424535
5.705631000	-2.132951498	0.851257138
5.705632000	-2.215794563	0.841866832
5.705633000	-2.105374098	0.843526648
5.705634000	-2.109289169	0.837677014
5.705635000	-2.019593477	0.831078300
5.705636000	-2.009491682	0.826306914
5.705637000	-1.991475821	0.829914432
5.705638000	-1.977252483	0.830474562
5.705639000	-1.953338742	0.831728911
5.705640000	-1.934260488	0.825148240
5.705641000	-1.941559672	0.817492783
5.705642000	-1.894052029	0.820190233
5.705643000	-1.907968640	0.818134472
5.705644000	-1.897269130	0.807049463
5.705645000	-1.915643215	0.815338486
5.705646000	-1.779525280	0.804481244
5.705647000	-1.812267065	0.814325952
5.705648000	-1.712249160	0.796896428
5.705649000	-1.757568717	0.799746543
5.705650000	-1.706314564	0.802398985
5.705651000	-1.639488339	0.790792529
5.705652000	-1.626578808	0.785946974
5.705653000	-1.612979054	0.781682654
5.705654000	-1.531457543	0.781848170
5.705655000	-1.555213571	0.780002266
5.705656000	-1.534366131	0.778532334
5.705657000	-1.592455864	0.776554138
5.705658000	-1.507877111	0.770439387
5.705659000	-1.518259883	0.768486225
5.705660000	-1.511209488	0.763382343
5.705661000	-1.398408532	0.759178344
5.705662000	-1.422654390	0.759098316
5.705663000	-1.401398063	0.757911611
5.705664000	-1.354537845	0.757897297
5.705665000	-1.399873972	0.755776622
5.705666000	-1.327480793	0.750344106
5.705667000	-1.328230381	0.750274398
5.705668000	-1.305657387	0.749186962
5.705669000	-1.285994768	0.744987091
5.705670000	-1.244536996	0.736871840
5.705671000	-1.269366980	0.737733372
5.705672000	-1.236865640	0.737008726
5.705673000	-1.177558303	0.737356402
5.705674000	-1.206972480	0.732161240
5.705675000	-1.187874794	0.731156962
5.705676000	-1.148161173	0.722665673
5.705677000	-1.100520492	0.725254931
5.705678000	-1.145182133	0.727742856
5.705679000	-1.177596927	0.718720999
5.705680000	-1.077424884	0.719664091
5.705681000	-1.063137412	0.715171870
5.705682000	-1.043334365	0.715588256
5.705683000	-1.077154756	0.711820082
5.705684000	-1.023581147	0.711355694
5.705685000	-1.058172464	0.705162846
5.705686000	-0.981019676	0.707750306
5.705687000	-1.007877231	0.701282686
5.705688000	-0.959891438	0.697708458
5.705689000	-0.976386607	0.698639166
5.705690000	-0.947995722	0.699703698
5.705691000	-0.940792739	0.697374564
5.705692000	-0.972021401	0.692444986
5.705693000	-0.947257161	0.694840899
5.705694000	-0.929790795	0.686641692
5.705695000	-0.901737094	0.693717644
5.705696000	-0.854387641	0.688499247
5.705697000	-0.836689174	0.683025985
5.705698000	-0.842947304	0.680409030
5.705699000	-0.818785250	0.680697783
5.705700000	-0.822809041	0.678420048
5.705701000	-0.775387585	0.677073886
5.705702000	-0.808295727	0.670345942
5.705703000	-0.765080571	0.674298273
5.705704000	-0.751979887	0.668223336
5.705705000	-0.758621573	0.670828108
5.705706000	-0.728036523	0.666750675
5.705707000	-0.716470778	0.660723076
5.705708000	-0.703069985	0.658488817
5.705709000	-0.664214909	0.664192642
5.705710000	-0.710994422	0.659105339
5.705711000	-0.717051208	0.660605963
5.705712000	-0.656547964	0.660954571
5.705713000	-0.659308672	0.654123829
5.705714000	-0.655106127	0.652630062
5.705715000	-0.643593431	0.654324898
5.705716000	-0.610328317	0.647646689
5.705717000	-0.604822278	0.644812619
5.705718000	-0.621935904	0.648410350
5.705719000	-0.622888505	0.644936789
5.705720000	-0.538289309	0.644579459
5.705721000	-0.543486357	0.643011190
5.705722000	-0.616280496	0.636166267
5.705723000	-0.618429124	0.638905395
5.705724000	-0.551011205	0.638516640
5.705725000	-0.525159538	0.631513991
5.705726000	-0.534511745	0.633717890
5.705727000	-0.499981463	0.630402854
5.705728000	-0.497957289	0.630540539
5.705729000	-0.485624641	0.639811336
5.705730000	-0.525721788	0.631746685
5.705731000	-0.456038028	0.627134356
5.705732000	-0.498580366	0.632267333
5.705733000	-0.507136703	0.623256794
5.705734000	-0.479012042	0.625492584
5.705735000	-0.462278783	0.627570848
5.705736000	-0.444151372	0.621657499
5.705737000	-0.453011245	0.622591270
5.705738000	-0.419067651	0.615545145
5.705739000	-0.416634709	0.616883516
5.705740000	-0.399433792	0.610684077
5.705741000	-0.403927684	0.611276763
5.705742000	-0.383072883	0.610144187
5.705743000	-0.396106154	0.611455794
5.705744000	-0.349186063	0.605275929
5.705745000	-0.355671138	0.605387515
5.705746000	-0.346840531	0.606116223
5.705747000	-0.341270894	0.603219036
5.705748000	-0.329776525	0.602622755
5.705749000	-0.320068836	0.603461051
5.705750000	-0.317509174	0.601192104
5.705751000	-0.367696136	0.596670656
5.705752000	-0.322737932	0.602014755
5.705753000	-0.311200738	0.590665960
5.705754000	-0.320413649	0.598511766
5.705755000	-0.281323552	0.599373831
5.705756000	-0.307201952	0.592763932
5.705757000	-0.314266682	0.585313140
5.705758000	-0.334158063	0.593730726
5.705759000	-0.237060368	0.590728345
5.705760000	-0.255649865	0.587443136
5.705761000	-0.225883126	0.589142233
5.705762000	-0.261068106	0.585691309
5.705763000	-0.209354639	0.584591756
5.705764000	-0.261443675	0.583896871
5.705765000	-0.240332767	0.585560148
5.705766000	-0.225106880	0.582891860
5.705767000	-0.194787949	0.577838445
5.705768000	-0.242943347	0.573815741
5.705769000	-0.198562384	0.573197488
5.705770000	-0.197499290	0.575179545
5.705771000	-0.178840026	0.572834033
5.705772000	-0.192491665	0.573870868
5.705773000	-0.145640492	0.569133704
5.705774000	-0.185384676	0.573075315
5.705775000	-0.180776313	0.569338567
5.705776000	-0.169803157	0.567068955
5.705777000	-0.145961866	0.569002743
5.705778000	-0.200918227	0.562945449
5.705779000	-0.134717256	0.564865788
5.705780000	-0.099321343	0.567442929
5.705781000	-0.150433362	0.568206191
5.705782000	-0.125950962	0.563138262
5.705783000	-0.126861975	0.556409353
5.705784000	-0.121408731	0.558441878
5.705785000	-0.092156999	0.557723756
5.705786000	-0.115865119	0.558670676
5.705787000	-0.124655575	0.557770961
5.705788000	-0.092026100	0.557791434
5.705789000	-0.058861345	0.557143520
5.705790000	-0.097046569	0.550624201
5.705791000	-0.060496036	0.552302659
5.705792000	-0.070390329	0.555137827
5.705793000	-0.075728156	0.557632443
5.705794000	-0.085577041	0.547992665
5.705795000	-0.095103726	0.553219086
5.705796000	-0.091385186	0.552187643
5.705797000	-0.061959751	0.549132998
5.705798000	-0.056229331	0.538955761
5.705799000	-0.067506112	0.539397013
5.705800000	-0.037663739	0.545274443
5.705801000	-0.057633638	0.545252672
5.705802000	-0.012314969	0.541401508
5.705803000	0.001592383	0.541249508
5.705804000	-0.023836903	0.543990434
5.705805000	-0.039071586	0.538271894
5.705806000	-0.006402730	0.538492271
5.705807000	0.000565536	0.534637878
5.705808000	0.027774727	0.535039416
5.705809000	-0.018817868	0.532945273
5.705810000	0.026759362	0.534444632
5.705811000	0.015513207	0.531929277
5.705812000	0.054493427	0.531599045
5.705813000	0.010796261	0.530065963
5.705814000	0.028855262	0.528468865
5.705815000	0.013145748	0.529938830
5.705816000	0.045101739	0.526742105
5.705817000	0.056308687	0.523652039
5.705818000	0.063861109	0.526629819
5.705819000	0.035565324	0.526197089
5.705820000	0.050131403	0.521131889
5.705821000	0.055085585	0.523985034
5.705822000	0.041215003	0.524984485
5.705823000	0.066224828	0.526199818
5.705824000	0.085896112	0.526221090
5.705825000	0.050178993	0.525200800
5.705826000	0.093469806	0.521387420
5.705827000	0.068837456	0.518077843
5.705828000	0.024268012	0.517814956
5.705829000	0.112020485	0.525207391
5.705830000	0.095982417	0.517278728
5.705831000	0.067021132	0.517955071
5.705832000	0.056249958	0.520267494
5.705833000	0.092732504	0.516493695
5.705834000	0.096497089	0.518088163
5.705835000	0.089241371	0.512872595
5.705836000	0.089453764	0.509664551
5.705837000	0.082416981	0.509932332
5.705838000	0.126376912	0.512956984
5.705839000	0.116096422	0.511507691
5.705840000	0.099596955	0.505362214
5.705841000	0.140897423	0.507731862
5.705842000	0.073638193	0.511452131
5.705843000	0.168745503	0.511387649
5.705844000	0.149858400	0.509333254
5.705845000	0.101566255	0.505181852
5.705846000	0.202299088	0.508951423
5.705847000	0.126251221	0.503858327
5.705848000	0.136204332	0.502415560
5.705849000	0.166489378	0.502384833
5.705850000	0.174536645	0.502689066
5.705851000	0.142280892	0.496572751
5.705852000	0.154601246	0.498155001
5.705853000	0.159698367	0.500374812
5.705854000	0.190309569	0.498903216
5.705855000	0.145309672	0.498890267
5.705856000	0.161123306	0.495590976
5.705857000	0.172513679	0.494873321
5.705858000	0.180064946	0.493473796
5.705859000	0.188245535	0.491077717
5.705860000	0.198523924	0.493986588
5.705861000	0.187816530	0.491761850
5.705862000	0.184103101	0.492181431
5.705863000	0.244187176	0.491243299
5.705864000	0.231136501	0.487644936
5.705865000	0.158030063	0.490803112
5.705866000	0.216408640	0.488187089
5.705867000	0.158160970	0.487094494
5.705868000	0.192881346	0.490000302
5.705869000	0.184224740	0.486202068
5.705870000	0.217291906	0.484759268
5.705871000	0.232295528	0.489154216
5.705872000	0.169686466	0.489730357
5.705873000	0.214275971	0.485397361
5.705874000	0.221843690	0.489190002
5.705875000	0.244843274	0.484569118
5.705876000	0.242603749	0.483785915
5.705877000	0.253922820	0.482323341
5.705878000	0.256670386	0.479954992
5.705879000	0.236158311	0.485726028
5.705880000	0.239211097	0.485116497
5.705881000	0.231241688	0.474971751
5.705882000	0.265040457	0.480378501
5.705883000	0.271276832	0.480111585
5.705884000	0.229382843	0.476811762
5.705885000	0.226038143	0.480948351
5.705886000	0.233281270	0.478812529
5.705887000	0.258116543	0.478493016
5.705888000	0.255459487	0.479426188
5.705889000	0.233579710	0.477230045
5.705890000	0.293639392	0.472726473
5.705891000	0.287521720	0.473141660
5.705892000	0.245070502	0.476112450
5.705893000	0.296644509	0.471851225
5.705894000	0.253746718	0.476522743
5.705895000	0.262559325	0.471248885
5.705896000	0.303886592	0.469273984
5.705897000	0.268118739	0.471693666
5.705898000	0.302482456	0.467031703
5.705899000	0.304604232	0.468597608
5.705900000	0.249368683	0.467562437
5.705901000	0.288186759	0.465342859
5.705902000	0.288978606	0.469037562
5.705903000	0.281131595	0.469597392
5.705904000	0.285688549	0.465170686
5.705905000	0.296971202	0.467635841
5.705906000	0.260681748	0.463946164
5.705907000	0.290662587	0.465888940
5.705908000	0.316597462	0.463329809
5.705909000	0.311590731	0.461753251
5.705910000	0.285103858	0.465537803
5.705911000	0.315116107	0.458859726
5.705912000	0.273004323	0.461175378
5.705913000	0.284924656	0.466946715
5.705914000	0.303273797	0.458180121
5.705915000	0.358551651	0.463424717
5.705916000	0.338915735	0.459377811
5.705917000	0.325364918	0.460197698
5.705918000	0.324725568	0.458332321
5.705919000	0.288246840	0.455214258
5.705920000	0.335959762	0.456195334
5.705921000	0.334632069	0.457099976
5.705922000	0.339769989	0.454311247
5.705923000	0.344584703	0.458105952
5.705924000	0.321265221	0.457336298
5.705925000	0.360948592	0.460723273
5.705926000	0.291110694	0.456608124
5.705927000	0.292016685	0.452150092
5.705928000	0.343150944	0.451129335
5.705929000	0.368959248	0.453852850
5.705930000	0.303700298	0.455561301
5.705931000	0.340540469	0.456792048
5.705932000	0.327102482	0.449195248
5.705933000	0.346104413	0.453284299
5.705934000	0.352207363	0.456136245
5.705935000	0.360292584	0.449864600
5.705936000	0.377094835	0.445474279
5.705937000	0.381373227	0.446825667
5.705938000	0.370892584	0.448946675
5.705939000	0.393945456	0.452243236
5.705940000	0.361569494	0.446487912
5.705941000	0.361042082	0.447758106
5.705942000	0.368067801	0.449343386
5.705943000	0.350440711	0.444258346
5.705944000	0.354680896	0.449161559
5.705945000	0.369812101	0.446393935
5.705946000	0.412285149	0.443693190
5.705947000	0.373953164	0.449554974
5.705948000	0.396296173	0.443289455
5.705949000	0.333293259	0.449031963
5.705950000	0.346503139	0.446950669
5.705951000	0.401244551	0.441732538
5.705952000	0.393205404	0.442721802
5.705953000	0.361987710	0.443990699
5.705954000	0.354176760	0.438623197
5.705955000	0.381681919	0.444204018
5.705956000	0.368404567	0.441538294
5.705957000	0.410832286	0.439499111
5.705958000	0.418516248	0.440449593
5.705959000	0.410410613	0.437021006
5.705960000	0.391930819	0.439716359
5.705961000	0.402447045	0.435180629
5.705962000	0.383552819	0.433790692
5.705963000	0.412935972	0.435132159
5.705964000	0.375342220	0.436825697
5.705965000	0.378076255	0.440700729
5.705966000	0.393296719	0.441680373
5.705967000	0.444242328	0.437046639
5.705968000	0.416852862	0.430984985
5.705969000	0.454418659	0.436978363
5.705970000	0.398243129	0.431334225
5.705971000	0.364331126	0.433565056
5.705972000	0.380177498	0.434557982
5.705973000	0.416512161	0.438272492
5.705974000	0.459473163	0.429612259
5.705975000	0.393656403	0.428967408
5.705976000	0.402280360	0.436172690
5.705977000	0.419418931	0.431417150
5.705978000	0.441822290	0.429548742
5.705979000	0.439145505	0.434308078
5.705980000	0.434957802	0.429243211
5.705981000	0.449464887	0.434340368
5.705982000	0.434446275	0.429165114
5.705983000	0.441313893	0.427842422
5.705984000	0.442372769	0.426620264
5.705985000	0.455035895	0.430348356
5.705986000	0.418567389	0.428608780
5.705987000	0.435801953	0.431403401
5.705988000	0.446777701	0.428130776
5.705989000	0.438070416	0.426046452
5.705990000	0.483853400	0.419044170
5.705991000	0.450958431	0.429918189
5.705992000	0.459912568	0.427920020
5.705993000	0.468367487	0.425747280
5.705994000	0.435121804	0.425930172
5.705995000	0.458554864	0.426750925
5.705996000	0.420305073	0.421049563
5.705997000	0.444616854	0.417466447
5.705998000	0.439224690	0.419615950
5.705999000	0.468092263	0.422725191
5.706000000	0.459864557	0.422429980
5.706001000	0.458637416	0.417895548
5.706002000	0.458027929	0.417927140
5.706003000	0.459398359	0.417960097
5.706004000	0.453608394	0.423743384
5.706005000	0.473757744	0.418573489
5.706006000	0.445542902	0.418964674
5.706007000	0.459815711	0.419012278
5.706008000	0.467146546	0.417481959
5.706009000	0.473364323	0.420484274
5.706010000	0.454756916	0.420636008
5.706011000	0.469436705	0.419995717
5.706012000	0.458046943	0.414404044
5.706013000	0.414426655	0.417754101
5.706014000	0.485192776	0.419061880
5.706015000	0.502546489	0.413006684
5.706016000	0.437527418	0.411953903
5.706017000	0.466873139	0.418576086
5.706018000	0.468631566	0.416576019
5.706019000	0.486912727	0.416269489
5.706020000	0.479031265	0.414951291
5.706021000	0.464728475	0.410173913
5.706022000	0.483514279	0.413545408
5.706023000	0.485784113	0.413370505
5.706024000	0.483248860	0.416225380
5.706025000	0.486236185	0.412665400
5.706026000	0.471400499	0.408609738
5.706027000	0.523510039	0.411862423
5.706028000	0.455787331	0.410562534
5.706029000	0.462850124	0.410407738
5.706030000	0.506344438	0.410882413
5.706031000	0.472058028	0.410906215
5.706032000	0.508221209	0.411027955
5.706033000	0.486301243	0.409514048
5.706034000	0.502224624	0.404628279
5.706035000	0.493226498	0.407806995
5.706036000	0.513320625	0.406068017
5.706037000	0.503222108	0.410062193
5.706038000	0.477729142	0.406041852
5.706039000	0.518292367	0.409712120
5.706040000	0.492884755	0.405354190
5.706041000	0.537232101	0.401783624
5.706042000	0.560764670	0.409267739
5.706043000	0.524067938	0.404895161
5.706044000	0.503798783	0.405361114
5.706045000	0.540449142	0.406546621
5.706046000	0.498744309	0.405926337
5.706047000	0.500968635	0.409511085
5.706048000	0.519221127	0.408029003
5.706049000	0.524677038	0.405046196
5.706050000	0.536701977	0.399127487
5.706051000	0.550678670	0.406447684
5.706052000	0.544582605	0.405070031
5.706053000	0.483255744	0.403901636
5.706054000	0.488724262	0.401664713
5.706055000	0.507836163	0.407128388
5.706056000	0.492244959	0.396367952
5.706057000	0.515538871	0.398918628
5.706058000	0.551733196	0.404372682
5.706059000	0.491540074	0.400706508
5.706060000	0.508487225	0.400457136
5.706061000	0.549897552	0.401285845
5.706062000	0.520204008	0.401665113
5.706063000	0.523960948	0.401654527
5.706064000	0.547103524	0.401220531
5.706065000	0.502849102	0.397228819
5.706066000	0.524671495	0.401777032
5.706067000	0.536602974	0.398761601
5.706068000	0.546275318	0.396361860
5.706069000	0.538664341	0.395850434
5.706070000	0.488141418	0.397490541
5.706071000	0.561894357	0.397982028
5.706072000	0.517076850	0.398527077
5.706073000	0.570077896	0.393696702
5.706074000	0.526283622	0.395586048
5.706075000	0.553286672	0.395671769
5.706076000	0.514290869	0.396478740
5.706077000	0.540435076	0.394910604
5.706078000	0.551060796	0.392549678
5.706079000	0.553809524	0.394905278
5.706080000	0.550613165	0.395267834
5.706081000	0.548269331	0.390817692
5.706082000	0.588281691	0.391756256
5.706083000	0.565824151	0.396375576
5.706084000	0.533011496	0.389500059
5.706085000	0.468674242	0.392115117
5.706086000	0.578798056	0.397495635
5.706087000	0.564468861	0.394545651
5.706088000	0.550186992	0.395481286
5.706089000	0.535108268	0.392354435
5.706090000	0.553982377	0.392793790
5.706091000	0.562758386	0.395048722
5.706092000	0.555294693	0.392508732
5.706093000	0.550296068	0.391124388
5.706094000	0.543284416	0.391351356
5.706095000	0.583974838	0.386866925
5.706096000	0.554325104	0.386812064
5.706097000	0.552258372	0.391050951
5.706098000	0.585681498	0.388544883
5.706099000	0.527191520	0.386774813
5.706100000	0.595038176	0.383266798
5.706101000	0.578860462	0.390803244
5.706102000	0.538547933	0.386474009
5.706103000	0.552038074	0.388770619
5.706104000	0.559305549	0.388573479
5.706105000	0.572790146	0.383789077
5.706106000	0.565243602	0.388914796
5.706107000	0.565494180	0.387364337
5.706108000	0.567811430	0.389979129
5.706109000	0.578871012	0.385660314
5.706110000	0.575431347	0.387390536
5.706111000	0.585906088	0.382831970
5.706112000	0.576464295	0.386964663
5.706113000	0.600582778	0.384800013
5.706114000	0.581033826	0.387263204
5.706115000	0.546140015	0.384454534
5.706116000	0.591565013	0.380639057
5.706117000	0.549182892	0.382970954
5.706118000	0.583052874	0.385058606
5.706119000	0.591106772	0.381757618
5.706120000	0.588454962	0.385848266
5.706121000	0.593308210	0.381286105
5.706122000	0.568024576	0.382473642
5.706123000	0.556622624	0.384110620
5.706124000	0.604775786	0.378374604
5.706125000	0.584754825	0.379734447
5.706126000	0.614799201	0.385347758
5.706127000	0.594568670	0.381224320
5.706128000	0.621513784	0.384064681
5.706129000	0.623260200	0.379640904
5.706130000	0.611400068	0.382567518
5.706131000	0.619244635	0.380160120
5.706132000	0.607734442	0.380184788
5.706133000	0.580599427	0.379049549
5.706134000	0.610697806	0.380533995
5.706135000	0.615939677	0.380391882
5.706136000	0.582574785	0.376621545
5.706137000	0.593599677	0.383985285
5.706138000	0.576242030	0.377642834
5.706139000	0.593709469	0.375409141
5.706140000	0.612345576	0.377483777
5.706141000	0.565875411	0.378096570
5.706142000	0.560213983	0.376812227
5.706143000	0.612323523	0.378893022
5.706144000	0.608228624	0.378049965
5.706145000	0.580759346	0.374144406
5.706146000	0.604446590	0.370326964
5.706147000	0.570345163	0.375734579
5.706148000	0.568072438	0.378640654
5.706149000	0.606607616	0.374934432
5.706150000	0.606226385	0.376306659
5.706151000	0.601141512	0.374683729
5.706152000	0.565471172	0.378604967
5.706153000	0.610532880	0.373871465
5.706154000	0.621850967	0.375462038
5.706155000	0.636402845	0.374751407
5.706156000	0.594827235	0.373845899
5.706157000	0.575810254	0.373760711
5.706158000	0.619135320	0.372533626
5.706159000	0.624683380	0.371842402
5.706160000	0.604962409	0.371635475
5.706161000	0.596655607	0.372513120
5.706162000	0.632475674	0.371111831
5.706163000	0.585349143	0.374583860
5.706164000	0.606021643	0.372367545
5.706165000	0.648202658	0.370154491
5.706166000	0.621597886	0.372068405
5.706167000	0.604054153	0.374615952
5.706168000	0.648359418	0.368192241
5.706169000	0.629509091	0.373136000
5.706170000	0.588195801	0.372988960
5.706171000	0.625252068	0.372147235
5.706172000	0.602060080	0.364774007
5.706173000	0.635089278	0.368520608
5.706174000	0.612078905	0.367345089
5.706175000	0.642279983	0.369054905
5.706176000	0.637763917	0.370656963
5.706177000	0.622549593	0.367881949
5.706178000	0.603626013	0.370359987
5.706179000	0.656693518	0.367973029
5.706180000	0.625735044	0.363837406
5.706181000	0.623480320	0.362053022
5.706182000	0.608849645	0.369985780
5.706183000	0.642307997	0.365602483
5.706184000	0.635607600	0.365951357
5.706185000	0.609235764	0.369303145
5.706186000	0.636274278	0.366955602
5.706187000	0.620184720	0.365469558
5.706188000	0.594715059	0.370261151
5.706189000	0.621072769	0.365358138
5.706190000	0.657407820	0.363961243
5.706191000	0.661686361	0.364140907
5.706192000	0.640831113	0.365553181
5.706193000	0.620628893	0.367061363
5.706194000	0.650652766	0.367420124
5.706195000	0.597457170	0.362641514
5.706196000	0.632956445	0.363637236
5.706197000	0.653575718	0.368320006
5.706198000	0.651998878	0.363821793
5.706199000	0.616266370	0.358256686
5.706200000	0.664256155	0.361907680
5.706201000	0.649556935	0.367178142
5.706202000	0.638953507	0.365848958
5.706203000	0.631669343	0.367040390
5.706204000	0.607931912	0.361689034
5.706205000	0.628917933	0.362428594
5.706206000	0.625063002	0.361236863
5.706207000	0.634534836	0.362844314
5.706208000	0.632666767	0.361927254
5.706209000	0.654370487	0.362939255
5.706210000	0.654216170	0.364091538
5.706211000	0.645173848	0.360218204
5.706212000	0.651828885	0.361713402
5.706213000	0.653054595	0.359924823
5.706214000	0.636748195	0.361862706
5.706215000	0.683241427	0.362072896
5.706216000	0.635760427	0.361057865
5.706217000	0.632539153	0.361719328
5.706218000	0.655349255	0.359682575
5.706219000	0.639353752	0.357705045
5.706220000	0.642720640	0.356757526
5.706221000	0.696724772	0.357855414
5.706222000	0.650602818	0.357414561
5.706223000	0.629385829	0.363966337
5.706224000	0.649583876	0.363724388
5.706225000	0.668578625	0.353776383
5.706226000	0.681224167	0.357010127
5.706227000	0.640798807	0.357387763
5.706228000	0.657249153	0.357207733
5.706229000	0.630129278	0.361326278
5.706230000	0.634574056	0.359946994
5.706231000	0.668192565	0.358467608
5.706232000	0.650661528	0.360225993
5.706233000	0.634634614	0.358777667
5.706234000	0.678923249	0.355909242
5.706235000	0.603244662	0.358137076
5.706236000	0.711097777	0.356689315
5.706237000	0.611928105	0.356498101
5.706238000	0.628826678	0.358498001
5.706239000	0.629636467	0.354027586
5.706240000	0.598618865	0.356539579
5.706241000	0.645541310	0.353255602
5.706242000	0.659012079	0.358227258
5.706243000	0.682575285	0.353112257
5.706244000	0.674566150	0.357880314
5.706245000	0.642690897	0.352008144
5.706246000	0.653324604	0.351943895
5.706247000	0.695362866	0.353521086
5.706248000	0.675493836	0.353078502
5.706249000	0.638270855	0.356861822
5.706250000	0.659126341	0.353049207
5.706251000	0.674596131	0.353520254
5.706252000	0.650007904	0.357752017
5.706253000	0.634378612	0.350826566
5.706254000	0.672530651	0.353526845
5.706255000	0.633708119	0.350037538
5.706256000	0.708300948	0.352197195
5.706257000	0.658724725	0.352246597
5.706258000	0.649023473	0.351126604
5.706259000	0.665004015	0.351230501
5.706260000	0.659330547	0.350988486
5.706261000	0.622854769	0.356912355
5.706262000	0.682595134	0.355428176
5.706263000	0.659514248	0.353793128
5.706264000	0.659168005	0.353196413
5.706265000	0.665242970	0.350921941
5.706266000	0.656399846	0.347669955
5.706267000	0.702048898	0.350993380
5.706268000	0.687606156	0.346848036
5.706269000	0.698453724	0.352640711
5.706270000	0.685849428	0.349065284
5.706271000	0.702863514	0.350997508
5.706272000	0.695224464	0.351744857
5.706273000	0.674605846	0.351315789
5.706274000	0.666622639	0.348414075
5.706275000	0.692620993	0.344914748
5.706276000	0.673180938	0.346718374
5.706277000	0.674051940	0.348684719
5.706278000	0.648532331	0.346095893
5.706279000	0.661045015	0.350186475
5.706280000	0.684437156	0.351061923
5.706281000	0.696590722	0.346813149
5.706282000	0.680063009	0.351242086
5.706283000	0.665408015	0.344278718
5.706284000	0.695432603	0.348616775
5.706285000	0.694459856	0.349412760
5.706286000	0.670546710	0.344819107
5.706287000	0.670973837	0.344265835
5.706288000	0.671303093	0.350541541
5.706289000	0.655526161	0.347651945
5.706290000	0.694579720	0.345127634
5.706291000	0.674247026	0.348820107
5.706292000	0.666150153	0.347486363
5.706293000	0.653150260	0.348436479
5.706294000	0.636381984	0.343927681
5.706295000	0.719759583	0.348999571
5.706296000	0.676307976	0.341920057
5.706297000	0.681111753	0.343330766
5.706298000	0.665617824	0.341367784
5.706299000	0.703725696	0.340487076
5.706300000	0.685689092	0.343325007
5.706301000	0.679695308	0.344417935
5.706302000	0.723288357	0.339777577
5.706303000	0.681472719	0.347215320
5.706304000	0.698487580	0.343378437
5.706305000	0.688561976	0.343681671
5.706306000	0.691157460	0.344781390
5.706307000	0.684587002	0.345511030
5.706308000	0.641685724	0.337778941
5.706309000	0.731560647	0.347290521
5.706310000	0.693989217	0.341047871
5.706311000	0.692182958	0.342044493
5.706312000	0.677411616	0.340757121
5.706313000	0.704921246	0.350748935
5.706314000	0.718994856	0.337238719
5.706315000	0.718661487	0.340371595
5.706316000	0.697670937	0.342469600
5.706317000	0.676253259	0.342379918
5.706318000	0.674949646	0.339522845
5.706319000	0.662084281	0.340787214
5.706320000	0.706820965	0.340743672
5.706321000	0.706703842	0.343034323
5.706322000	0.715289176	0.340301787
5.706323000	0.746478319	0.341020141
5.706324000	0.704675198	0.338919240
5.706325000	0.697618306	0.336958887
5.706326000	0.705388010	0.339504636
5.706327000	0.678501427	0.341711065
5.706328000	0.708793223	0.342734218
5.706329000	0.692414105	0.338147622
5.706330000	0.731913269	0.340006908
5.706331000	0.700978637	0.337240383
5.706332000	0.694762945	0.339256396
5.706333000	0.694104671	0.338962483
5.706334000	0.701261282	0.337493916
5.706335000	0.684957027	0.339310458
5.706336000	0.700600505	0.339378036
5.706337000	0.724958956	0.338434678
5.706338000	0.711482465	0.338402154
5.706339000	0.715514421	0.337659831
5.706340000	0.701762140	0.339005193
5.706341000	0.721315145	0.338856822
5.706342000	0.710238159	0.336733717
5.706343000	0.697008491	0.337177699
5.706344000	0.683129787	0.338308710
5.706345000	0.686735392	0.335845652
5.706346000	0.716000021	0.339467618
5.706347000	0.686576545	0.334384809
5.706348000	0.687080443	0.339950482
5.706349000	0.730165303	0.336093493
5.706350000	0.701068461	0.340447295
5.706351000	0.665405035	0.334345560
5.706352000	0.703609884	0.336458379
5.706353000	0.709435582	0.332105010
5.706354000	0.697623610	0.333342780
5.706355000	0.708345532	0.338149487
5.706356000	0.668029010	0.335461525
5.706357000	0.719321668	0.334505150
5.706358000	0.679001272	0.338486743
5.706359000	0.741953254	0.330557247
5.706360000	0.664803684	0.332281577
5.706361000	0.690211177	0.335719585
5.706362000	0.726962626	0.335496445
5.706363000	0.688279450	0.336563308
5.706364000	0.745032430	0.333934235
5.706365000	0.689060330	0.333439220
5.706366000	0.705792248	0.333327967
5.706367000	0.701906621	0.333465619
5.706368000	0.706829131	0.334281045
5.706369000	0.694288015	0.331203064
5.706370000	0.689079881	0.333361256
5.706371000	0.718475878	0.334350953
5.706372000	0.704348862	0.332044356
5.706373000	0.692653656	0.334860782
5.706374000	0.731927216	0.334033971
5.706375000	0.711310804	0.333380830
5.706376000	0.722822607	0.334957288
5.706377000	0.674075544	0.333922484
5.706378000	0.708191752	0.333269077
5.706379000	0.704924762	0.326657514
5.706380000	0.694666147	0.330073617
5.706381000	0.693604946	0.331003060
5.706382000	0.684708059	0.327264182
5.706383000	0.706150115	0.334735647
5.706384000	0.757752717	0.325577469
5.706385000	0.702458501	0.326152312
5.706386000	0.742829919	0.326494595
5.706387000	0.749637127	0.329218942
5.706388000	0.690609694	0.328103976
5.706389000	0.729543209	0.329704669
5.706390000	0.711573720	0.331472642
5.706391000	0.729659975	0.329829239
5.706392000	0.718247652	0.331895818
5.706393000	0.689989030	0.328998166
5.706394000	0.714353561	0.330277149
5.706395000	0.729573190	0.330752457
5.706396000	0.751531601	0.329352699
5.706397000	0.746743262	0.329253929
5.706398000	0.711611450	0.328143524
5.706399000	0.721883357	0.327925545
5.706400000	0.691727817	0.326881485
5.706401000	0.757930875	0.328826359
5.706402000	0.733922660	0.327240147
5.706403000	0.733786643	0.324366596
5.706404000	0.739547133	0.327850277
5.706405000	0.715788484	0.328828456
5.706406000	0.743939579	0.325659294
5.706407000	0.720999420	0.329097635
5.706408000	0.752437532	0.329976645
5.706409000	0.728504896	0.324034300
5.706410000	0.712556958	0.328916573
5.706411000	0.706961989	0.325161117
5.706412000	0.730454028	0.326809846
5.706413000	0.691993892	0.327591950
5.706414000	0.728726506	0.327013112
5.706415000	0.683389425	0.328090794
5.706416000	0.723944426	0.327440982
5.706417000	0.766117573	0.328563671
5.706418000	0.717505157	0.324300183
5.706419000	0.722782195	0.325804370
5.706420000	0.737652540	0.324060565
5.706421000	0.674295008	0.322558343
5.706422000	0.773866773	0.322730316
5.706423000	0.733170807	0.323188047
5.706424000	0.710360646	0.327793618
5.706425000	0.717768490	0.325539186
5.706426000	0.728599072	0.321348069
5.706427000	0.733351409	0.327690254
5.706428000	0.738659561	0.320824658
5.706429000	0.712021172	0.325811627
5.706430000	0.731784701	0.327506829
5.706431000	0.725710571	0.325699641
5.706432000	0.731015503	0.320064725
5.706433000	0.747622728	0.324712108
5.706434000	0.759116292	0.320829052
5.706435000	0.715841413	0.322027941
5.706436000	0.741961718	0.320008932
5.706437000	0.670834303	0.324187332
5.706438000	0.729373217	0.319331790
5.706439000	0.722618222	0.324614370
5.706440000	0.743711889	0.325797812
5.706441000	0.723611057	0.322147817
5.706442000	0.772678018	0.322182371
5.706443000	0.713498533	0.321356791
5.706444000	0.728796959	0.324053841
5.706445000	0.737212121	0.324334238
5.706446000	0.744593322	0.325118406
5.706447000	0.735098660	0.320595493
5.706448000	0.757735372	0.322579115
5.706449000	0.740757287	0.323767518
5.706450000	0.737787962	0.323716818
5.706451000	0.731641233	0.320308771
5.706452000	0.762073278	0.320681547
5.706453000	0.739917278	0.322805884
5.706454000	0.728503168	0.323004422
5.706455000	0.729808986	0.321901341
5.706456000	0.688216090	0.317682128
5.706457000	0.746673524	0.320922929
5.706458000	0.746950328	0.322107303
5.706459000	0.738774180	0.320737273
5.706460000	0.745877445	0.319649072
5.706461000	0.749923229	0.324143756
5.706462000	0.731541276	0.320460937
5.706463000	0.743491530	0.322184169
5.706464000	0.755960882	0.316441861
5.706465000	0.739346981	0.321806033
5.706466000	0.722190201	0.318120351
5.706467000	0.737749100	0.318686939
5.706468000	0.756969631	0.317578564
5.706469000	0.720457792	0.317683793
5.706470000	0.729329944	0.318867401
5.706471000	0.769427657	0.318698157
5.706472000	0.768916547	0.315971680
5.706473000	0.723155618	0.319273966
5.706474000	0.750999868	0.318645527
5.706475000	0.737399817	0.318750988
5.706476000	0.744874716	0.318856416
5.706477000	0.757616699	0.316224513
5.706478000	0.740316153	0.314648954
5.706479000	0.747962058	0.319425134
5.706480000	0.769930303	0.320008066
5.706481000	0.738609433	0.321019369
5.706482000	0.773310959	0.324099314
5.706483000	0.714671910	0.318280973
5.706484000	0.775004804	0.313386416
5.706485000	0.764257193	0.315325763
5.706486000	0.710231721	0.317816951
5.706487000	0.761691630	0.314147947
5.706488000	0.767324030	0.317277627
5.706489000	0.793586493	0.315181320
5.706490000	0.768972158	0.318223016
5.706491000	0.725929976	0.315000491
5.706492000	0.721595168	0.317742349
5.706493000	0.743710637	0.319802770
5.706494000	0.745828688	0.314826254
5.706495000	0.753512919	0.320234535
5.706496000	0.768942058	0.321127959
5.706497000	0.778791964	0.316052340
5.706498000	0.715863049	0.314698156
5.706499000	0.766963124	0.318705681
5.706500000	0.773445308	0.312583373
5.706501000	0.705452919	0.313383753
5.706502000	0.758041799	0.314729082
5.706503000	0.734018683	0.312409236
5.706504000	0.770630956	0.314990971
5.706505000	0.744488835	0.312485136
5.706506000	0.729708195	0.315127391
5.706507000	0.783100069	0.316889804
5.706508000	0.737147689	0.316199347
5.706509000	0.757966578	0.309253989
5.706510000	0.776914239	0.314389862
5.706511000	0.757831454	0.315759426
5.706512000	0.768309712	0.312407138
5.706513000	0.756580293	0.316063226
5.706514000	0.769206882	0.313615681
5.706515000	0.736064494	0.314166989
5.706516000	0.770488977	0.310523784
5.706517000	0.758686960	0.315784426
5.706518000	0.759625018	0.311276360
5.706519000	0.742902219	0.308353741
5.706520000	0.777509034	0.313334018
5.706521000	0.722838104	0.315902804
5.706522000	0.774540842	0.312604146
5.706523000	0.724292696	0.311322200
5.706524000	0.769635916	0.316876089
5.706525000	0.732205272	0.311377893
5.706526000	0.778637111	0.310251776
5.706527000	0.722952068	0.310489463
5.706528000	0.753136575	0.312884477
5.706529000	0.778054535	0.311368739
5.706530000	0.764819801	0.310751618
5.706531000	0.765792012	0.309854865
5.706532000	0.733663082	0.312878451
5.706533000	0.767971456	0.311463980
5.706534000	0.733390570	0.315698206
5.706535000	0.770857632	0.308989071
5.706536000	0.740164816	0.308668959
5.706537000	0.734718859	0.313509787
5.706538000	0.766591847	0.316223348
5.706539000	0.771282971	0.309156417
5.706540000	0.783182442	0.312616663
5.706541000	0.750525832	0.314294188
5.706542000	0.787485957	0.309785256
5.706543000	0.747778177	0.310866899
5.706544000	0.785178244	0.312356405
5.706545000	0.791190863	0.313282852
5.706546000	0.739716589	0.313747241
5.706547000	0.744814813	0.307769643
5.706548000	0.754777431	0.310391758
5.706549000	0.757799327	0.309736454
5.706550000	0.786075354	0.308528444
5.706551000	0.769380093	0.310703248
5.706552000	0.753865123	0.311539114
5.706553000	0.767159760	0.315080619
5.706554000	0.760711789	0.310123411
5.706555000	0.758151352	0.310415061
5.706556000	0.796803176	0.309082115
5.706557000	0.770944357	0.306461665
5.706558000	0.758216023	0.301521035
5.706559000	0.766257167	0.311790217
5.706560000	0.811980307	0.309578928
5.706561000	0.794417799	0.307721906
5.706562000	0.762866676	0.311536218
5.706563000	0.756332934	0.308114289
5.706564000	0.777439415	0.310283301
5.706565000	0.759286284	0.308819394
5.706566000	0.762621701	0.304480938
5.706567000	0.779389679	0.308136294
5.706568000	0.757546663	0.308016551
5.706569000	0.773088634	0.306051072
5.706570000	0.736315131	0.308833176
5.706571000	0.767407179	0.308627314
5.706572000	0.764549792	0.303474963
5.706573000	0.751727819	0.311143435
5.706574000	0.775468290	0.306627646
5.706575000	0.790236175	0.307295700
5.706576000	0.763069749	0.311014272
5.706577000	0.784443736	0.305455023
5.706578000	0.815976679	0.302765230
5.706579000	0.815367460	0.303574465
5.706580000	0.803667843	0.303263208
5.706581000	0.734923065	0.304810039
5.706582000	0.772131741	0.305361013
5.706583000	0.797395885	0.305944013
5.706584000	0.751077175	0.306866099
5.706585000	0.781927228	0.302816563
5.706586000	0.767191708	0.305884424
5.706587000	0.779028952	0.309034777
5.706588000	0.803781629	0.309441642
5.706589000	0.779944777	0.309885890
5.706590000	0.808336139	0.307907528
5.706591000	0.766863704	0.309876569
5.706592000	0.825229943	0.305948939
5.706593000	0.764428258	0.306050239
5.706594000	0.773809850	0.303458052
