D:\KID metingen\Entropy ADR\LT343chip5_BF_20240530_mapping\S21\Power\KID188_116dBm_.dat
Power at KID:116dBm
resonance Frequency in GHz :6.552103
Q=32436.153464, Qc=35249.257374, Qi=406437.287147  S21min=-21.959284


Temperature in K:0.100024
GHz	dB	Rad
6.551203000	0.669926524	0.188070272
6.551204000	0.670667470	0.177165011
6.551205000	0.694541812	0.188762911
6.551206000	0.718706071	0.186612308
6.551207000	0.701103747	0.179020352
6.551208000	0.731969118	0.197981859
6.551209000	0.771477044	0.180043022
6.551210000	0.691187143	0.180683529
6.551211000	0.640069604	0.187438837
6.551212000	0.711462259	0.195306247
6.551213000	0.757677376	0.194287955
6.551214000	0.659299910	0.189565121
6.551215000	0.778163731	0.183483044
6.551216000	0.784742117	0.195531817
6.551217000	0.728008032	0.179607695
6.551218000	0.773944914	0.176312699
6.551219000	0.680763483	0.182027460
6.551220000	0.620798230	0.187256860
6.551221000	0.684400082	0.178230292
6.551222000	0.737885773	0.190355847
6.551223000	0.697722495	0.180007502
6.551224000	0.693628430	0.182918088
6.551225000	0.697849393	0.189958337
6.551226000	0.651746869	0.179802639
6.551227000	0.735585451	0.181579350
6.551228000	0.706251025	0.185471327
6.551229000	0.635358036	0.188085735
6.551230000	0.722490489	0.182294176
6.551231000	0.641069651	0.185998649
6.551232000	0.600698769	0.178571443
6.551233000	0.619194567	0.174382190
6.551234000	0.711004972	0.182483743
6.551235000	0.711711705	0.177402864
6.551236000	0.696200132	0.176653484
6.551237000	0.662050128	0.172110630
6.551238000	0.634493351	0.182669765
6.551239000	0.627022386	0.180418029
6.551240000	0.677542627	0.170841468
6.551241000	0.694207191	0.184688540
6.551242000	0.662509799	0.183050014
6.551243000	0.673482776	0.180908866
6.551244000	0.716732562	0.179353397
6.551245000	0.635091901	0.175087462
6.551246000	0.709649205	0.181811577
6.551247000	0.702407062	0.172291958
6.551248000	0.691800773	0.180847813
6.551249000	0.725587189	0.169054137
6.551250000	0.618599296	0.177363666
6.551251000	0.680499911	0.172442177
6.551252000	0.633442998	0.178639486
6.551253000	0.752140760	0.179936845
6.551254000	0.755191028	0.165192370
6.551255000	0.737905383	0.177779185
6.551256000	0.695781767	0.172861492
6.551257000	0.687455356	0.175338581
6.551258000	0.671006203	0.182716453
6.551259000	0.695177555	0.173250846
6.551260000	0.701836467	0.172164526
6.551261000	0.710306287	0.172840037
6.551262000	0.676482499	0.181783881
6.551263000	0.619107485	0.183608795
6.551264000	0.586489201	0.177581229
6.551265000	0.615466714	0.183878257
6.551266000	0.685718954	0.176904670
6.551267000	0.697920740	0.178839490
6.551268000	0.653404415	0.177213946
6.551269000	0.704993129	0.177656497
6.551270000	0.628235519	0.177059899
6.551271000	0.613712668	0.177259852
6.551272000	0.628109992	0.178818933
6.551273000	0.614406407	0.168291807
6.551274000	0.691322923	0.178690636
6.551275000	0.697443485	0.171548570
6.551276000	0.751137793	0.178697909
6.551277000	0.724744022	0.182086715
6.551278000	0.666459501	0.177393893
6.551279000	0.745786190	0.176505862
6.551280000	0.597806990	0.174180373
6.551281000	0.650634825	0.186199651
6.551282000	0.704110861	0.171995382
6.551283000	0.644153118	0.179118972
6.551284000	0.741550386	0.178976409
6.551285000	0.695383310	0.177458574
6.551286000	0.697251737	0.174901623
6.551287000	0.589579344	0.177683461
6.551288000	0.645609200	0.173804717
6.551289000	0.698944628	0.166265708
6.551290000	0.700165153	0.177367527
6.551291000	0.739811659	0.177780384
6.551292000	0.641831577	0.178510356
6.551293000	0.779072106	0.171202143
6.551294000	0.693643451	0.174495325
6.551295000	0.632914722	0.172998828
6.551296000	0.717171073	0.172817899
6.551297000	0.650533497	0.167466261
6.551298000	0.708519340	0.172409687
6.551299000	0.640379250	0.175508691
6.551300000	0.663475215	0.168043884
6.551301000	0.618047237	0.177279010
6.551302000	0.638898015	0.173973861
6.551303000	0.717422307	0.168968466
6.551304000	0.635813534	0.178117906
6.551305000	0.688610733	0.171413465
6.551306000	0.742297590	0.167437848
6.551307000	0.620308399	0.180317311
6.551308000	0.669960976	0.172192523
6.551309000	0.592048943	0.168452496
6.551310000	0.580691099	0.172726270
6.551311000	0.590867221	0.181305477
6.551312000	0.686496317	0.158197628
6.551313000	0.639842629	0.169926206
6.551314000	0.652213812	0.177130356
6.551315000	0.601909101	0.169420921
6.551316000	0.568912745	0.177323169
6.551317000	0.677263975	0.171141057
6.551318000	0.651674926	0.172090257
6.551319000	0.604705215	0.172776437
6.551320000	0.605434656	0.175837724
6.551321000	0.627864480	0.170129521
6.551322000	0.672790468	0.165499716
6.551323000	0.754496634	0.174653700
6.551324000	0.642118335	0.168352328
6.551325000	0.599649310	0.162731743
6.551326000	0.572628081	0.168086777
6.551327000	0.661041737	0.168238178
6.551328000	0.608175397	0.173892152
6.551329000	0.574398398	0.172326213
6.551330000	0.655904412	0.171615798
6.551331000	0.746842086	0.173998246
6.551332000	0.608285010	0.181891639
6.551333000	0.726389170	0.172589433
6.551334000	0.592660844	0.167926188
6.551335000	0.639040291	0.166737819
6.551336000	0.672240794	0.170996813
6.551337000	0.718499541	0.161082780
6.551338000	0.687523127	0.159437163
6.551339000	0.656567991	0.169821444
6.551340000	0.621257842	0.165057032
6.551341000	0.611491323	0.168778333
6.551342000	0.667967379	0.170776037
6.551343000	0.675025046	0.169165357
6.551344000	0.720783591	0.165922642
6.551345000	0.593504190	0.165405307
6.551346000	0.573494554	0.174152676
6.551347000	0.648276031	0.173679232
6.551348000	0.585418642	0.163225859
6.551349000	0.582208693	0.174840237
6.551350000	0.699683845	0.168440728
6.551351000	0.651474178	0.161100523
6.551352000	0.645062685	0.172662454
6.551353000	0.611106873	0.173340412
6.551354000	0.665028572	0.165575633
6.551355000	0.602169216	0.163000955
6.551356000	0.620663464	0.172988209
6.551357000	0.676494002	0.164360465
6.551358000	0.701627076	0.172357639
6.551359000	0.614728868	0.170922777
6.551360000	0.648579419	0.153335794
6.551361000	0.793185055	0.161305670
6.551362000	0.611073673	0.174047048
6.551363000	0.595943451	0.161152688
6.551364000	0.667720377	0.163524716
6.551365000	0.682967663	0.174428529
6.551366000	0.661137640	0.165086693
6.551367000	0.716392815	0.165771042
6.551368000	0.606163144	0.165683940
6.551369000	0.637041688	0.156871124
6.551370000	0.644487083	0.157496184
6.551371000	0.663245857	0.164450048
6.551372000	0.559348702	0.171339079
6.551373000	0.654409707	0.160744342
6.551374000	0.631536245	0.167267306
6.551375000	0.602498710	0.148644386
6.551376000	0.701281250	0.163088473
6.551377000	0.706483901	0.164555725
6.551378000	0.637004912	0.159464444
6.551379000	0.562398612	0.165969880
6.551380000	0.696198106	0.163695324
6.551381000	0.651448607	0.171151143
6.551382000	0.623113394	0.160374845
6.551383000	0.609396398	0.164853100
6.551384000	0.584214807	0.156186475
6.551385000	0.642603457	0.163573818
6.551386000	0.569066465	0.159609020
6.551387000	0.595487237	0.159559934
6.551388000	0.636963785	0.161834890
6.551389000	0.642901957	0.172659891
6.551390000	0.634407640	0.162405123
6.551391000	0.655508161	0.155083660
6.551392000	0.630905807	0.154959790
6.551393000	0.696442306	0.171528380
6.551394000	0.684006453	0.147754591
6.551395000	0.570352077	0.154700265
6.551396000	0.661344588	0.161715564
6.551397000	0.653344274	0.163989803
6.551398000	0.623810232	0.161626731
6.551399000	0.624837399	0.153001401
6.551400000	0.617848217	0.168828484
6.551401000	0.662582278	0.153008342
6.551402000	0.586898386	0.157220064
6.551403000	0.652139127	0.170109381
6.551404000	0.699962735	0.153566956
6.551405000	0.568726838	0.158159012
6.551406000	0.671654165	0.143461575
6.551407000	0.585135579	0.156044246
6.551408000	0.608138442	0.153705458
6.551409000	0.593030155	0.170325747
6.551410000	0.624227881	0.145142995
6.551411000	0.580905318	0.152003398
6.551412000	0.679192424	0.152141067
6.551413000	0.547001719	0.151525993
6.551414000	0.593071640	0.147133492
6.551415000	0.633416295	0.152242966
6.551416000	0.618436813	0.158913985
6.551417000	0.564380765	0.154642474
6.551418000	0.618678808	0.151710683
6.551419000	0.605659246	0.153247760
6.551420000	0.548801184	0.150461178
6.551421000	0.595511675	0.152395315
6.551422000	0.735969484	0.144082974
6.551423000	0.587180912	0.153465557
6.551424000	0.600434184	0.163923873
6.551425000	0.585551560	0.153216268
6.551426000	0.609420180	0.154729959
6.551427000	0.577897787	0.153135707
6.551428000	0.533837438	0.153099838
6.551429000	0.562645495	0.157142550
6.551430000	0.706249952	0.162948025
6.551431000	0.631603837	0.156105631
6.551432000	0.637040317	0.160553493
6.551433000	0.497658402	0.150993045
6.551434000	0.587462246	0.149830591
6.551435000	0.631136596	0.161520986
6.551436000	0.525960505	0.142114182
6.551437000	0.551100254	0.163434068
6.551438000	0.654652178	0.160257483
6.551439000	0.477318615	0.154925269
6.551440000	0.588024080	0.151980511
6.551441000	0.515026748	0.154518204
6.551442000	0.638581216	0.141344728
6.551443000	0.659714520	0.150562778
6.551444000	0.567787528	0.145113284
6.551445000	0.597137809	0.139448558
6.551446000	0.503884912	0.144776145
6.551447000	0.589715719	0.141215315
6.551448000	0.559161663	0.156408916
6.551449000	0.497440398	0.149089633
6.551450000	0.541561186	0.151384163
6.551451000	0.581777394	0.155602144
6.551452000	0.541101217	0.156807524
6.551453000	0.597382963	0.163567642
6.551454000	0.612503052	0.139804622
6.551455000	0.471838176	0.145497861
6.551456000	0.516300857	0.149620585
6.551457000	0.516965866	0.150518336
6.551458000	0.544129908	0.145509879
6.551459000	0.590565681	0.150832007
6.551460000	0.574305654	0.152992479
6.551461000	0.573153377	0.151955028
6.551462000	0.603279650	0.156606272
6.551463000	0.616389573	0.151391820
6.551464000	0.574961603	0.156894360
6.551465000	0.572385430	0.151080962
6.551466000	0.591914833	0.150832672
6.551467000	0.574378252	0.146586062
6.551468000	0.591147602	0.141993674
6.551469000	0.514711142	0.138905439
6.551470000	0.576131999	0.155201006
6.551471000	0.571313500	0.148314687
6.551472000	0.595996082	0.143656302
6.551473000	0.507919371	0.132146328
6.551474000	0.607057989	0.162094781
6.551475000	0.509097934	0.142705088
6.551476000	0.551847696	0.148135922
6.551477000	0.557446718	0.142220043
6.551478000	0.523130000	0.152537162
6.551479000	0.641557515	0.152750631
6.551480000	0.628179014	0.144115831
6.551481000	0.541476190	0.138449864
6.551482000	0.556621313	0.137031456
6.551483000	0.541573524	0.146104713
6.551484000	0.523086131	0.146213486
6.551485000	0.667476833	0.134134178
6.551486000	0.540844262	0.141795635
6.551487000	0.575770497	0.132328230
6.551488000	0.475400180	0.141580202
6.551489000	0.540308774	0.153939866
6.551490000	0.529028118	0.139734764
6.551491000	0.535223842	0.148094543
6.551492000	0.521798551	0.129800349
6.551493000	0.451721519	0.149488741
6.551494000	0.523201883	0.150729175
6.551495000	0.486368597	0.140113249
6.551496000	0.643709362	0.142016427
6.551497000	0.457481682	0.144807071
6.551498000	0.501497984	0.136371849
6.551499000	0.512128770	0.153144546
6.551500000	0.595529974	0.143220143
6.551501000	0.490976959	0.142315301
6.551502000	0.485942602	0.143962616
6.551503000	0.547885060	0.141155860
6.551504000	0.575218618	0.129571351
6.551505000	0.479242980	0.143302018
6.551506000	0.587787747	0.132204426
6.551507000	0.579382718	0.127060581
6.551508000	0.461596876	0.137355238
6.551509000	0.556734324	0.125916978
6.551510000	0.542305529	0.140825478
6.551511000	0.577444434	0.139215414
6.551512000	0.469334185	0.132310528
6.551513000	0.493734062	0.140385141
6.551514000	0.548988104	0.139680169
6.551515000	0.535932720	0.132067715
6.551516000	0.588832378	0.131305784
6.551517000	0.535625875	0.143972602
6.551518000	0.483818799	0.139629253
6.551519000	0.495175272	0.139863445
6.551520000	0.489316791	0.132502884
6.551521000	0.530493796	0.146114383
6.551522000	0.584483087	0.142406697
6.551523000	0.613003671	0.123469308
6.551524000	0.489194214	0.136747421
6.551525000	0.487643868	0.141771450
6.551526000	0.508157492	0.136188274
6.551527000	0.564985514	0.128620511
6.551528000	0.387498409	0.131702079
6.551529000	0.549202859	0.132258181
6.551530000	0.562736809	0.142264401
6.551531000	0.503857732	0.127036063
6.551532000	0.517659366	0.137468397
6.551533000	0.488417536	0.133207548
6.551534000	0.509734988	0.133063812
6.551535000	0.481130272	0.129008783
6.551536000	0.527086198	0.132285861
6.551537000	0.511779726	0.140147904
6.551538000	0.446697474	0.138672088
6.551539000	0.495122224	0.129271462
6.551540000	0.458190858	0.133251881
6.551541000	0.520539165	0.127800690
6.551542000	0.447162688	0.118255804
6.551543000	0.415570498	0.139108613
6.551544000	0.540655077	0.127544510
6.551545000	0.447389096	0.131384522
6.551546000	0.510177910	0.135653129
6.551547000	0.494718373	0.122412749
6.551548000	0.512126386	0.135458102
6.551549000	0.600961864	0.127830775
6.551550000	0.459134728	0.126864239
6.551551000	0.448657930	0.129100013
6.551552000	0.571333110	0.132826433
6.551553000	0.472200960	0.129580172
6.551554000	0.491224498	0.137584719
6.551555000	0.469267458	0.130372421
6.551556000	0.488891810	0.129310178
6.551557000	0.523401558	0.117211221
6.551558000	0.544586718	0.128767492
6.551559000	0.431756318	0.117787695
6.551560000	0.418302357	0.123304225
6.551561000	0.523859859	0.126285093
6.551562000	0.611800730	0.132434582
6.551563000	0.476090282	0.121411317
6.551564000	0.431867778	0.124488059
6.551565000	0.446391344	0.123555919
6.551566000	0.519307971	0.128334254
6.551567000	0.367610484	0.120788029
6.551568000	0.497237504	0.130989168
6.551569000	0.540499747	0.134984767
6.551570000	0.515470743	0.123527531
6.551571000	0.550162911	0.118150351
6.551572000	0.587600052	0.126934871
6.551573000	0.465975493	0.124839871
6.551574000	0.502628386	0.128695712
6.551575000	0.423490345	0.130851149
6.551576000	0.455578178	0.117080459
6.551577000	0.486871928	0.124594519
6.551578000	0.403714389	0.128283521
6.551579000	0.486083061	0.130771163
6.551580000	0.500730634	0.120991711
6.551581000	0.439742893	0.130071451
6.551582000	0.512741506	0.107870216
6.551583000	0.465614498	0.124906125
6.551584000	0.549465477	0.117000282
6.551585000	0.473662168	0.117731536
6.551586000	0.496613652	0.116901403
6.551587000	0.418609768	0.116883119
6.551588000	0.424181432	0.117432771
6.551589000	0.426044494	0.119349423
6.551590000	0.436744779	0.115883185
6.551591000	0.447649837	0.110001802
6.551592000	0.364692986	0.129580081
6.551593000	0.493188441	0.118378226
6.551594000	0.483204812	0.118966793
6.551595000	0.534579754	0.112087374
6.551596000	0.447736830	0.119766049
6.551597000	0.499767214	0.114228455
6.551598000	0.536720753	0.112121853
6.551599000	0.417966336	0.117371535
6.551600000	0.370604187	0.116597295
6.551601000	0.405342221	0.112765839
6.551602000	0.486322075	0.109844018
6.551603000	0.418323219	0.104180973
6.551604000	0.399289399	0.109509742
6.551605000	0.400117457	0.125293182
6.551606000	0.460482776	0.121779299
6.551607000	0.545070410	0.119863995
6.551608000	0.435538679	0.127651262
6.551609000	0.498723149	0.104453114
6.551610000	0.460055858	0.122794638
6.551611000	0.480431736	0.124291942
6.551612000	0.378310055	0.116534711
6.551613000	0.460192561	0.125686897
6.551614000	0.477605969	0.110527960
6.551615000	0.453724623	0.103883506
6.551616000	0.502096593	0.109963436
6.551617000	0.496906489	0.117004068
6.551618000	0.437847972	0.105494560
6.551619000	0.436474234	0.113809740
6.551620000	0.428654969	0.108963053
6.551621000	0.427007884	0.104405460
6.551622000	0.429074675	0.111774602
6.551623000	0.412897438	0.104502857
6.551624000	0.380737185	0.111449172
6.551625000	0.419689775	0.101270570
6.551626000	0.419505805	0.101589725
6.551627000	0.364808500	0.106329445
6.551628000	0.432838440	0.095520032
6.551629000	0.406613171	0.097478221
6.551630000	0.324451983	0.124401240
6.551631000	0.399858862	0.107770348
6.551632000	0.308256239	0.109299909
6.551633000	0.377389640	0.098017261
6.551634000	0.542547941	0.101361908
6.551635000	0.381391913	0.111618899
6.551636000	0.379550755	0.106996250
6.551637000	0.402456790	0.095385326
6.551638000	0.325721681	0.113831777
6.551639000	0.417038143	0.108142849
6.551640000	0.461030841	0.108837893
6.551641000	0.343799144	0.104775623
6.551642000	0.424184084	0.103484722
6.551643000	0.299318850	0.103683453
6.551644000	0.430571556	0.105134626
6.551645000	0.338372856	0.108721105
6.551646000	0.533306718	0.091216247
6.551647000	0.328259975	0.098827861
6.551648000	0.373008668	0.101006401
6.551649000	0.363058627	0.099350714
6.551650000	0.365510643	0.107329803
6.551651000	0.452484369	0.106696819
6.551652000	0.454955101	0.093708549
6.551653000	0.382614523	0.100366502
6.551654000	0.371441275	0.102125046
6.551655000	0.370787442	0.096193570
6.551656000	0.405919164	0.091260422
6.551657000	0.361782938	0.089772464
6.551658000	0.354537308	0.086521393
6.551659000	0.276538521	0.099568711
6.551660000	0.326242477	0.096848075
6.551661000	0.350490659	0.089214590
6.551662000	0.342091411	0.097141905
6.551663000	0.357447386	0.096167446
6.551664000	0.417334706	0.089479966
6.551665000	0.440193772	0.089532005
6.551666000	0.417527169	0.082661940
6.551667000	0.445009828	0.091452968
6.551668000	0.413629174	0.093159422
6.551669000	0.411989421	0.090161735
6.551670000	0.386104941	0.088691445
6.551671000	0.412853509	0.081983850
6.551672000	0.217104778	0.091562516
6.551673000	0.291641295	0.081256923
6.551674000	0.391999394	0.083214937
6.551675000	0.308390528	0.083673575
6.551676000	0.298642278	0.098424991
6.551677000	0.268855095	0.090586259
6.551678000	0.338001966	0.085990709
6.551679000	0.329357028	0.086910581
6.551680000	0.310914874	0.085413735
6.551681000	0.320563257	0.094055909
6.551682000	0.266846299	0.082019378
6.551683000	0.372211903	0.069026256
6.551684000	0.396732152	0.082606488
6.551685000	0.299317420	0.078477498
6.551686000	0.325582355	0.092676225
6.551687000	0.325399160	0.085475046
6.551688000	0.402735829	0.076169570
6.551689000	0.333975047	0.075304667
6.551690000	0.369303524	0.092243753
6.551691000	0.357358754	0.078429720
6.551692000	0.295344889	0.086536382
6.551693000	0.394084662	0.077166266
6.551694000	0.344327182	0.084839665
6.551695000	0.399142057	0.079378462
6.551696000	0.353798687	0.078464948
6.551697000	0.226325572	0.078662696
6.551698000	0.318100601	0.086884873
6.551699000	0.275406629	0.078123589
6.551700000	0.236736789	0.082963135
6.551701000	0.380618542	0.069547557
6.551702000	0.239004984	0.078122174
6.551703000	0.354049623	0.082072782
6.551704000	0.263699681	0.077755108
6.551705000	0.286724597	0.074055170
6.551706000	0.390387356	0.066123939
6.551707000	0.230983168	0.072452954
6.551708000	0.257885307	0.084296306
6.551709000	0.187445849	0.075300688
6.551710000	0.181005716	0.076370089
6.551711000	0.258357346	0.065304376
6.551712000	0.278152496	0.067986703
6.551713000	0.347137362	0.074243147
6.551714000	0.305886537	0.079483965
6.551715000	0.264792651	0.076445856
6.551716000	0.187614724	0.067676799
6.551717000	0.228546590	0.060533065
6.551718000	0.239000559	0.076101276
6.551719000	0.316858888	0.078645602
6.551720000	0.203630865	0.067999907
6.551721000	0.383104563	0.075115674
6.551722000	0.320080280	0.067621663
6.551723000	0.234774008	0.074539890
6.551724000	0.221412629	0.067173728
6.551725000	0.252952039	0.052201503
6.551726000	0.236030787	0.071860059
6.551727000	0.178804204	0.063663028
6.551728000	0.200831607	0.064125474
6.551729000	0.265343755	0.065627738
6.551730000	0.230177224	0.059384215
6.551731000	0.173460603	0.059265267
6.551732000	0.205120653	0.048017360
6.551733000	0.258619219	0.065705606
6.551734000	0.194422662	0.065562798
6.551735000	0.307667881	0.061541567
6.551736000	0.197116226	0.073301320
6.551737000	0.111004479	0.059346984
6.551738000	0.244218275	0.056787412
6.551739000	0.150770679	0.057849976
6.551740000	0.200428382	0.063134911
6.551741000	0.247491002	0.054784707
6.551742000	0.263331354	0.059911945
6.551743000	0.164285630	0.057989471
6.551744000	0.119303897	0.061880158
6.551745000	0.276816726	0.061640128
6.551746000	0.198258266	0.057906056
6.551747000	0.182317123	0.062072439
6.551748000	0.155323133	0.054255595
6.551749000	0.189556807	0.051384366
6.551750000	0.254841268	0.047419177
6.551751000	0.130892232	0.052458019
6.551752000	0.174814269	0.045395262
6.551753000	0.145159066	0.056526131
6.551754000	0.175893828	0.058769095
6.551755000	0.163829148	0.050693538
6.551756000	0.127178013	0.046924166
6.551757000	0.240047723	0.061295549
6.551758000	0.084713660	0.060184049
6.551759000	0.198359862	0.039071544
6.551760000	0.222494602	0.051906653
6.551761000	0.242512584	0.051065544
6.551762000	0.164335400	0.049069151
6.551763000	0.169243500	0.052567920
6.551764000	0.115984038	0.052806947
6.551765000	0.196191609	0.043253227
6.551766000	0.055137906	0.045330651
6.551767000	0.099065036	0.046857708
6.551768000	0.157104060	0.045320252
6.551769000	0.054485701	0.050630608
6.551770000	0.156268597	0.039886139
6.551771000	0.115230232	0.040006588
6.551772000	0.131020546	0.037528946
6.551773000	0.107033908	0.048275283
6.551774000	0.048587881	0.035020643
6.551775000	0.017134514	0.047231387
6.551776000	0.130521670	0.044571742
6.551777000	0.042659093	0.044222073
6.551778000	0.054042745	0.049141164
6.551779000	0.102076687	0.048761393
6.551780000	0.097738415	0.026922430
6.551781000	0.079757974	0.034472977
6.551782000	0.041940931	0.032379784
6.551783000	0.071160078	0.034238539
6.551784000	0.173054039	0.031721704
6.551785000	0.141930699	0.036088729
6.551786000	0.091695808	0.031488459
6.551787000	0.141896218	0.027590314
6.551788000	-0.017444342	0.034011207
6.551789000	-0.017040040	0.028894977
6.551790000	0.050750904	0.043219647
6.551791000	0.070878007	0.030163865
6.551792000	0.110722497	0.038817953
6.551793000	0.013816390	0.021008875
6.551794000	0.046045493	0.020230193
6.551795000	0.069277950	0.021811945
6.551796000	0.130116060	0.030059112
6.551797000	0.073736973	0.021952302
6.551798000	0.024672840	0.029180115
6.551799000	-0.035326730	0.031137170
6.551800000	0.036803495	0.023124384
6.551801000	0.099778548	0.023450783
6.551802000	0.015071233	0.021159268
6.551803000	0.018256128	0.013086831
6.551804000	0.032010552	0.024510661
6.551805000	-0.011392609	0.022771760
6.551806000	-0.004543441	0.015299199
6.551807000	0.033519208	0.015614292
6.551808000	-0.011186417	0.022597182
6.551809000	-0.090938278	0.005143566
6.551810000	0.051419698	0.023811361
6.551811000	0.007262914	0.015862806
6.551812000	0.064348705	0.022641715
6.551813000	-0.085064635	0.015017944
6.551814000	-0.027322331	0.012101023
6.551815000	-0.023912625	0.007983064
6.551816000	-0.020480249	0.005080481
6.551817000	-0.075259708	0.017834901
6.551818000	-0.006545641	-0.002503629
6.551819000	0.034470644	0.012604486
6.551820000	-0.002475563	0.013752247
6.551821000	0.011276467	0.013007732
6.551822000	0.015552002	0.011040616
6.551823000	-0.014317303	0.002050606
6.551824000	-0.097858824	0.011483187
6.551825000	-0.081046894	0.014043848
6.551826000	-0.133066922	0.002189073
6.551827000	-0.102827936	0.002221290
6.551828000	-0.145770982	0.008390977
6.551829000	-0.071447104	-0.002414208
6.551830000	-0.110490508	0.001550222
6.551831000	-0.083878800	-0.003306278
6.551832000	-0.049847424	0.008252608
6.551833000	-0.028418874	0.007264718
6.551834000	-0.078141317	-0.011607838
6.551835000	-0.137097016	-0.012602337
6.551836000	-0.122482337	-0.010021525
6.551837000	-0.155075788	-0.006990767
6.551838000	-0.146705970	-0.009611603
6.551839000	-0.095885284	0.010058925
6.551840000	-0.099924378	-0.005094065
6.551841000	-0.066146880	0.002555366
6.551842000	-0.147850960	-0.010814842
6.551843000	-0.180997223	-0.010795625
6.551844000	-0.203793436	-0.009170432
6.551845000	-0.144277111	-0.011788420
6.551846000	-0.159969568	-0.011046960
6.551847000	-0.238533452	-0.008012968
6.551848000	-0.180951446	-0.011629268
6.551849000	-0.094790831	-0.009704086
6.551850000	-0.260099113	-0.019198368
6.551851000	-0.160984948	-0.023745058
6.551852000	-0.241125464	-0.009087508
6.551853000	-0.093228340	-0.025930538
6.551854000	-0.168834716	-0.026620020
6.551855000	-0.253361583	-0.017221764
6.551856000	-0.242455512	-0.017864046
6.551857000	-0.232273266	-0.028519688
6.551858000	-0.280456334	-0.038656129
6.551859000	-0.181514263	-0.030124234
6.551860000	-0.267675161	-0.029349227
6.551861000	-0.253526837	-0.022415205
6.551862000	-0.205158740	-0.028525994
6.551863000	-0.275273681	-0.027899983
6.551864000	-0.239979550	-0.025624537
6.551865000	-0.331969172	-0.040677984
6.551866000	-0.426170111	-0.033440617
6.551867000	-0.369695306	-0.027664241
6.551868000	-0.342648268	-0.033733633
6.551869000	-0.432730079	-0.032440182
6.551870000	-0.312834352	-0.032912150
6.551871000	-0.336066961	-0.044686665
6.551872000	-0.341774374	-0.028970867
6.551873000	-0.414391518	-0.037579084
6.551874000	-0.410229117	-0.048650702
6.551875000	-0.332816184	-0.040549366
6.551876000	-0.415581346	-0.051693413
6.551877000	-0.428320378	-0.044281478
6.551878000	-0.412603199	-0.057828413
6.551879000	-0.406930894	-0.045875263
6.551880000	-0.340815127	-0.038173019
6.551881000	-0.527535379	-0.053595742
6.551882000	-0.394932002	-0.049416177
6.551883000	-0.470039785	-0.049540102
6.551884000	-0.481147498	-0.051162316
6.551885000	-0.465092927	-0.045311734
6.551886000	-0.311771572	-0.051509842
6.551887000	-0.530232430	-0.057423962
6.551888000	-0.465362668	-0.055343034
6.551889000	-0.564808249	-0.067899094
6.551890000	-0.515784979	-0.059129883
6.551891000	-0.540933192	-0.051713245
6.551892000	-0.462675005	-0.067557381
6.551893000	-0.503530681	-0.057782706
6.551894000	-0.452619940	-0.069719031
6.551895000	-0.523008645	-0.067563893
6.551896000	-0.462793797	-0.072515388
6.551897000	-0.539709687	-0.062975496
6.551898000	-0.523077071	-0.070958221
6.551899000	-0.487353057	-0.068254114
6.551900000	-0.605323434	-0.065663091
6.551901000	-0.507670164	-0.073859302
6.551902000	-0.625104904	-0.084400660
6.551903000	-0.591502964	-0.079437052
6.551904000	-0.610870719	-0.072974500
6.551905000	-0.647318244	-0.089548267
6.551906000	-0.546921730	-0.083907576
6.551907000	-0.541259825	-0.088070662
6.551908000	-0.681836188	-0.090908760
6.551909000	-0.639181256	-0.089295167
6.551910000	-0.602194250	-0.093117869
6.551911000	-0.604300141	-0.093161678
6.551912000	-0.644250989	-0.096608349
6.551913000	-0.667667806	-0.092598211
6.551914000	-0.709135056	-0.082250149
6.551915000	-0.723061502	-0.087053110
6.551916000	-0.696366787	-0.097206761
6.551917000	-0.861779153	-0.092859109
6.551918000	-0.654937744	-0.096737412
6.551919000	-0.725396097	-0.100820846
6.551920000	-0.786007404	-0.097991287
6.551921000	-0.778477728	-0.099617505
6.551922000	-0.809111238	-0.109559385
6.551923000	-0.798323750	-0.104177843
6.551924000	-0.806099594	-0.125785401
6.551925000	-0.827248812	-0.100941146
6.551926000	-0.793873131	-0.116556965
6.551927000	-0.799176753	-0.113823730
6.551928000	-0.831838429	-0.112037714
6.551929000	-0.926343203	-0.115118650
6.551930000	-0.898466110	-0.114649751
6.551931000	-0.973968446	-0.112841206
6.551932000	-0.949469507	-0.119589532
6.551933000	-1.036399007	-0.127340687
6.551934000	-0.838670611	-0.124813597
6.551935000	-1.008061409	-0.128256348
6.551936000	-0.973401427	-0.132939442
6.551937000	-0.955640972	-0.132861495
6.551938000	-1.008060098	-0.143761480
6.551939000	-1.151776195	-0.147433680
6.551940000	-0.989678681	-0.138163150
6.551941000	-1.049674630	-0.139712860
6.551942000	-1.186047077	-0.138321433
6.551943000	-1.053373337	-0.146919340
6.551944000	-1.043187857	-0.135724385
6.551945000	-0.993220508	-0.146616356
6.551946000	-1.135596752	-0.150520117
6.551947000	-1.173464179	-0.158064536
6.551948000	-1.059446931	-0.153302738
6.551949000	-1.338404655	-0.156028433
6.551950000	-1.131571054	-0.152334579
6.551951000	-1.192174077	-0.154244515
6.551952000	-1.160935760	-0.159262310
6.551953000	-1.281604290	-0.163082764
6.551954000	-1.257904887	-0.172741284
6.551955000	-1.287108064	-0.167928452
6.551956000	-1.326211929	-0.165005217
6.551957000	-1.299416780	-0.179798577
6.551958000	-1.248314381	-0.176849276
6.551959000	-1.317625284	-0.176134284
6.551960000	-1.277066112	-0.176108135
6.551961000	-1.443537235	-0.185017424
6.551962000	-1.451281309	-0.193810100
6.551963000	-1.354889393	-0.172349915
6.551964000	-1.440478563	-0.182734812
6.551965000	-1.544074059	-0.187911082
6.551966000	-1.546186209	-0.202883623
6.551967000	-1.493731618	-0.198182994
6.551968000	-1.540218830	-0.200031211
6.551969000	-1.462418556	-0.198683152
6.551970000	-1.716625333	-0.190269993
6.551971000	-1.633178592	-0.214383319
6.551972000	-1.674983382	-0.185709064
6.551973000	-1.558040142	-0.200700330
6.551974000	-1.784830332	-0.190235805
6.551975000	-1.645788193	-0.208251607
6.551976000	-1.701119184	-0.212952769
6.551977000	-1.641734362	-0.227148433
6.551978000	-1.675876737	-0.214562017
6.551979000	-1.692931771	-0.213836839
6.551980000	-1.830518126	-0.213667861
6.551981000	-1.843335748	-0.218315610
6.551982000	-1.723757148	-0.222060564
6.551983000	-1.918356776	-0.234014295
6.551984000	-1.911646485	-0.241577490
6.551985000	-2.026399612	-0.230268792
6.551986000	-1.984038949	-0.235777258
6.551987000	-2.077661514	-0.248723517
6.551988000	-2.060122013	-0.256165421
6.551989000	-2.059015036	-0.241878843
6.551990000	-2.065287113	-0.249329868
6.551991000	-2.189151287	-0.252829012
6.551992000	-2.217609406	-0.252470917
6.551993000	-2.207018137	-0.243174637
6.551994000	-2.101664305	-0.254551628
6.551995000	-2.158143759	-0.281316031
6.551996000	-2.440516949	-0.277206690
6.551997000	-2.373251677	-0.285482280
6.551998000	-2.277727604	-0.274219938
6.551999000	-2.356055737	-0.277585575
6.552000000	-2.409394979	-0.276551136
6.552001000	-2.332710028	-0.276265446
6.552002000	-2.445922375	-0.272923645
6.552003000	-2.561457396	-0.279440566
6.552004000	-2.448912144	-0.292414255
6.552005000	-2.528180838	-0.299692508
6.552006000	-2.574120998	-0.302609935
6.552007000	-2.661849022	-0.292210923
6.552008000	-2.699362040	-0.302369917
6.552009000	-2.821826458	-0.308892631
6.552010000	-2.696321487	-0.312712803
6.552011000	-2.825594664	-0.322837242
6.552012000	-2.975849628	-0.322674623
6.552013000	-2.873352289	-0.321209851
6.552014000	-3.043102741	-0.315081918
6.552015000	-3.338235617	-0.349941764
6.552016000	-3.138580322	-0.334974965
6.552017000	-3.301797867	-0.344734552
6.552018000	-3.167961836	-0.327333457
6.552019000	-3.259180784	-0.344876565
6.552020000	-3.387139082	-0.354305553
6.552021000	-3.416188478	-0.343907973
6.552022000	-3.491916656	-0.349027002
6.552023000	-3.604169607	-0.352555191
6.552024000	-3.442159414	-0.360968716
6.552025000	-3.433424234	-0.362858328
6.552026000	-3.630949974	-0.377615137
6.552027000	-3.629872561	-0.367793565
6.552028000	-3.604010582	-0.364600102
6.552029000	-3.903690577	-0.380346109
6.552030000	-3.875398159	-0.373874528
6.552031000	-3.985179186	-0.386393748
6.552032000	-4.170050144	-0.404231568
6.552033000	-4.291120529	-0.384004527
6.552034000	-4.299880981	-0.411306022
6.552035000	-4.181331158	-0.380433993
6.552036000	-4.456251621	-0.412057600
6.552037000	-4.440330982	-0.426875495
6.552038000	-4.475458622	-0.412046015
6.552039000	-4.809699059	-0.427431296
6.552040000	-4.814799309	-0.424063862
6.552041000	-4.955151081	-0.435064648
6.552042000	-5.039349079	-0.456849306
6.552043000	-5.070732117	-0.439068545
6.552044000	-5.039635658	-0.434392134
6.552045000	-5.220206261	-0.449426643
6.552046000	-5.751974106	-0.444955029
6.552047000	-5.738659382	-0.468057386
6.552048000	-5.643821716	-0.465026709
6.552049000	-5.744220257	-0.453536434
6.552050000	-6.004967213	-0.460831664
6.552051000	-5.977089405	-0.491941647
6.552052000	-6.096533775	-0.480846684
6.552053000	-6.364349365	-0.503849505
6.552054000	-6.364932060	-0.484871853
6.552055000	-6.868386269	-0.499442373
6.552056000	-6.593826771	-0.467482609
6.552057000	-6.963384151	-0.497988853
6.552058000	-6.984102249	-0.472059718
6.552059000	-7.312224388	-0.499468439
6.552060000	-7.248986244	-0.510648489
6.552061000	-7.009711742	-0.479980891
6.552062000	-7.753623486	-0.497932228
6.552063000	-7.494902134	-0.515145536
6.552064000	-7.778302670	-0.524960650
6.552065000	-8.423867226	-0.538570634
6.552066000	-8.862746239	-0.521244242
6.552067000	-8.358414650	-0.510661072
6.552068000	-8.727080345	-0.505481424
6.552069000	-8.874796867	-0.521323637
6.552070000	-8.862587929	-0.562409488
6.552071000	-9.104318619	-0.501078919
6.552072000	-9.366733551	-0.526666404
6.552073000	-9.838794708	-0.545590827
6.552074000	-9.525422096	-0.519058785
6.552075000	-9.900166512	-0.534400291
6.552076000	-10.280064583	-0.537835136
6.552077000	-10.609131813	-0.539105664
6.552078000	-10.405268669	-0.529971554
6.552079000	-11.258812904	-0.510204374
6.552080000	-11.893396378	-0.485516171
6.552081000	-12.537276268	-0.465239129
6.552082000	-12.103878021	-0.485457582
6.552083000	-12.593906403	-0.481272025
6.552084000	-12.922325134	-0.515161715
6.552085000	-12.391150475	-0.432014330
6.552086000	-13.001347542	-0.530193029
6.552087000	-13.608980179	-0.400839799
6.552088000	-14.590698242	-0.361649120
6.552089000	-14.289189339	-0.404553910
6.552090000	-15.319912910	-0.305911855
6.552091000	-17.632675171	-0.219584273
6.552092000	-17.739168167	-0.186206626
6.552093000	-16.971878052	-0.233337802
6.552094000	-17.006242752	-0.329453933
6.552095000	-18.153036118	-0.130083552
6.552096000	-17.845087051	-0.087104393
6.552097000	-18.835939407	-0.154901683
6.552098000	-19.475866318	-0.087206001
6.552099000	-20.070522308	0.219277960
6.552100000	-20.514198303	0.339920589
6.552101000	-20.400043488	0.462094535
6.552102000	-19.301565170	0.772637893
6.552103000	-20.687192917	0.681938949
6.552104000	-19.285215378	0.718573792
6.552105000	-18.744321823	0.880278604
6.552106000	-18.680904388	1.105492483
6.552107000	-18.136613846	1.046261317
6.552108000	-17.949977875	1.139814571
6.552109000	-16.599676132	1.133328309
6.552110000	-16.478298187	1.324206785
6.552111000	-15.917958260	1.308179082
6.552112000	-15.065143585	1.373756894
6.552113000	-14.785104752	1.340875510
6.552114000	-13.794012070	1.403171775
6.552115000	-14.077111244	1.406105380
6.552116000	-13.149173737	1.445764908
6.552117000	-13.020653725	1.489638889
6.552118000	-12.834096909	1.464468555
6.552119000	-12.108234406	1.432833397
6.552120000	-11.966679573	1.455950967
6.552121000	-10.749380112	1.462142816
6.552122000	-11.227798462	1.450739161
6.552123000	-10.828739166	1.454088086
6.552124000	-10.388305664	1.487947782
6.552125000	-9.753970146	1.497755272
6.552126000	-9.989682198	1.489378699
6.552127000	-9.606028557	1.489563256
6.552128000	-8.992830276	1.480118887
6.552129000	-8.281491280	1.457303720
6.552130000	-7.853817940	1.494984653
6.552131000	-7.918343544	1.457687082
6.552132000	-7.914306641	1.480636739
6.552133000	-7.988483429	1.453633218
6.552134000	-7.692055702	1.464441790
6.552135000	-7.266732693	1.443315466
6.552136000	-6.987862587	1.425262296
6.552137000	-6.462098598	1.428167672
6.552138000	-7.242555141	1.467292305
6.552139000	-6.382926464	1.453913915
6.552140000	-6.666188717	1.442053261
6.552141000	-6.256755352	1.438233622
6.552142000	-6.131462097	1.409768158
6.552143000	-6.080913067	1.421106300
6.552144000	-5.743301392	1.429500850
6.552145000	-5.604078770	1.405957574
6.552146000	-5.510293484	1.403260325
6.552147000	-5.128334522	1.395248071
6.552148000	-4.920967102	1.397030392
6.552149000	-4.619774342	1.373487782
6.552150000	-4.600790501	1.362933142
6.552151000	-4.337067604	1.347909318
6.552152000	-4.090736866	1.349971137
6.552153000	-4.253202915	1.347142993
6.552154000	-4.258523464	1.358291918
6.552155000	-4.143955231	1.343905921
6.552156000	-4.059709549	1.322678396
6.552157000	-3.976650715	1.361178118
6.552158000	-3.634614944	1.314361611
6.552159000	-3.204194307	1.291325800
6.552160000	-3.520204544	1.310106811
6.552161000	-3.077023745	1.289348536
6.552162000	-3.108900070	1.281519508
6.552163000	-2.976055622	1.293250999
6.552164000	-2.895700455	1.277501863
6.552165000	-2.727554560	1.256165682
6.552166000	-2.918077707	1.261751929
6.552167000	-2.565791607	1.232827736
6.552168000	-2.659241676	1.246751008
6.552169000	-2.539940596	1.238181355
6.552170000	-2.417571783	1.215197210
6.552171000	-2.129320860	1.214264304
6.552172000	-2.252653360	1.198793069
6.552173000	-2.209450006	1.200258740
6.552174000	-2.174212456	1.207850480
6.552175000	-2.008071661	1.190349650
6.552176000	-1.863050818	1.197389717
6.552177000	-1.957056165	1.190547790
6.552178000	-2.094118357	1.186384337
6.552179000	-1.785359859	1.173529125
6.552180000	-1.760511398	1.156819786
6.552181000	-1.615399599	1.164056660
6.552182000	-1.532545209	1.151596129
6.552183000	-1.529499292	1.135316092
6.552184000	-1.618029356	1.141547090
6.552185000	-1.378185034	1.129283766
6.552186000	-1.394286513	1.141895032
6.552187000	-1.362219453	1.128548734
6.552188000	-1.285880923	1.119941663
6.552189000	-1.163098693	1.104174884
6.552190000	-1.227216363	1.107762695
6.552191000	-1.214173198	1.080480340
6.552192000	-1.074791670	1.092514300
6.552193000	-0.973632574	1.096728486
6.552194000	-1.012276411	1.069221161
6.552195000	-1.002464294	1.069934489
6.552196000	-0.829389930	1.070400342
6.552197000	-0.823786855	1.062327502
6.552198000	-0.788788915	1.048219007
6.552199000	-0.632543981	1.038156785
6.552200000	-0.587252736	1.038847076
6.552201000	-0.565021396	1.047185567
6.552202000	-0.595229745	1.030904997
6.552203000	-0.481243819	1.003686825
6.552204000	-0.501843810	1.000255609
6.552205000	-0.405810833	1.000404479
6.552206000	-0.319352329	0.997105755
6.552207000	-0.270153165	0.987477762
6.552208000	-0.284187466	0.989442176
6.552209000	-0.338916987	0.982151772
6.552210000	-0.315997660	0.983079817
6.552211000	-0.252514392	0.964402137
6.552212000	-0.188901246	0.963236138
6.552213000	-0.157355353	0.969439439
6.552214000	-0.094183408	0.968688361
6.552215000	-0.170368940	0.962107224
6.552216000	-0.175452515	0.960843554
6.552217000	-0.112102881	0.951125946
6.552218000	-0.041913368	0.953445093
6.552219000	-0.028752694	0.948002124
6.552220000	-0.042371467	0.926660683
6.552221000	-0.064041033	0.933336829
6.552222000	0.052401666	0.939259765
6.552223000	0.088897534	0.920449259
6.552224000	0.107280411	0.923522747
6.552225000	0.058715988	0.924101052
6.552226000	0.020311413	0.910190430
6.552227000	0.153331861	0.901097466
6.552228000	0.051630605	0.910963279
6.552229000	0.187862262	0.900795131
6.552230000	0.144147232	0.907102628
6.552231000	0.131705612	0.893653531
6.552232000	0.169902578	0.894332571
6.552233000	0.170293003	0.897805932
6.552234000	0.166810349	0.886006131
6.552235000	0.239148676	0.884508569
6.552236000	0.192549765	0.890458337
6.552237000	0.245912403	0.872207561
6.552238000	0.321296543	0.863621263
6.552239000	0.262505859	0.878698550
6.552240000	0.394200593	0.846788487
6.552241000	0.342640787	0.847269521
6.552242000	0.239113078	0.854324967
6.552243000	0.405170143	0.837591527
6.552244000	0.360316038	0.830015566
6.552245000	0.404137999	0.840916017
6.552246000	0.417009324	0.840447567
6.552247000	0.435916156	0.848767283
6.552248000	0.429310262	0.831151071
6.552249000	0.437411249	0.822480152
6.552250000	0.563574731	0.811008186
6.552251000	0.579404950	0.823743156
6.552252000	0.427844048	0.825380001
6.552253000	0.458110780	0.816771133
6.552254000	0.610216200	0.806671294
6.552255000	0.492456585	0.803028889
6.552256000	0.488698393	0.808563204
6.552257000	0.542154133	0.811117775
6.552258000	0.617876351	0.786224609
6.552259000	0.581919730	0.785570536
6.552260000	0.561342835	0.798766100
6.552261000	0.553612471	0.785287509
6.552262000	0.617034435	0.784959874
6.552263000	0.624627352	0.790094249
6.552264000	0.807200968	0.774431333
6.552265000	0.629207671	0.777123322
6.552266000	0.660354078	0.766621879
6.552267000	0.662323177	0.764856869
6.552268000	0.715847671	0.771647464
6.552269000	0.586583257	0.778793524
6.552270000	0.649341583	0.775430817
6.552271000	0.686228573	0.762519745
6.552272000	0.684544027	0.760460323
6.552273000	0.773157477	0.755837009
6.552274000	0.680262089	0.742645373
6.552275000	0.758973598	0.749654747
6.552276000	0.751337171	0.738414942
6.552277000	0.812111497	0.741127038
6.552278000	0.752660692	0.736844809
6.552279000	0.821246326	0.739879481
6.552280000	0.794418693	0.736223626
6.552281000	0.750880778	0.731134525
6.552282000	0.830654740	0.725011452
6.552283000	0.843620777	0.721244810
6.552284000	0.779591620	0.715767486
6.552285000	0.693985999	0.727959371
6.552286000	0.772706509	0.721060386
6.552287000	0.816106796	0.724286806
6.552288000	0.922549546	0.716905788
6.552289000	0.771425664	0.719186253
6.552290000	0.812328875	0.720749462
6.552291000	0.813572228	0.712563970
6.552292000	0.831800818	0.697995347
6.552293000	0.810536623	0.695844045
6.552294000	0.840617597	0.696261629
6.552295000	0.902808249	0.688000903
6.552296000	0.862223148	0.690655808
6.552297000	0.863297701	0.685935621
6.552298000	0.901815355	0.680663961
6.552299000	0.912274122	0.684992263
6.552300000	0.920358658	0.686701813
6.552301000	0.939756632	0.673298789
6.552302000	1.024681091	0.680093179
6.552303000	0.900069296	0.682197675
6.552304000	0.971625328	0.690634237
6.552305000	0.926953256	0.673512974
6.552306000	0.987181187	0.682853945
6.552307000	0.919118047	0.679549161
6.552308000	0.914488673	0.664704768
6.552309000	0.907787025	0.671657882
6.552310000	0.957561851	0.670358060
6.552311000	1.041361928	0.672528003
6.552312000	0.991955280	0.667482911
6.552313000	1.013279200	0.666902209
6.552314000	1.009771109	0.663422922
6.552315000	1.099224448	0.657857781
6.552316000	1.033765912	0.655761873
6.552317000	0.970765233	0.659346488
6.552318000	1.019188166	0.648685854
6.552319000	0.998691201	0.645793395
6.552320000	0.984301507	0.649683208
6.552321000	0.997480214	0.647554876
6.552322000	1.035400271	0.632761549
6.552323000	0.985661030	0.651839237
6.552324000	1.003527761	0.633871155
6.552325000	1.004938364	0.638817244
6.552326000	0.977650464	0.635819790
6.552327000	1.069754362	0.628688377
6.552328000	1.014135480	0.636069528
6.552329000	0.954037666	0.635710001
6.552330000	1.044084072	0.645503776
6.552331000	0.983977616	0.628936384
6.552332000	1.012004972	0.617685061
6.552333000	1.037780046	0.627774513
6.552334000	0.965904951	0.632481318
6.552335000	1.039959192	0.618223219
6.552336000	1.082416773	0.614609643
6.552337000	1.040568352	0.613937727
6.552338000	1.071826696	0.620104010
6.552339000	1.114300847	0.624688442
6.552340000	1.018297553	0.607727169
6.552341000	1.088927865	0.606646791
6.552342000	1.041040540	0.610629748
6.552343000	1.034471512	0.604938307
6.552344000	1.004254103	0.610486071
6.552345000	0.995437443	0.609755432
6.552346000	1.044512630	0.610312765
6.552347000	1.066583514	0.609266676
6.552348000	1.013630390	0.599154520
6.552349000	0.973288774	0.601103954
6.552350000	1.102139473	0.591372830
6.552351000	1.034048676	0.593463877
6.552352000	1.037031889	0.605292574
6.552353000	1.053819418	0.583947604
6.552354000	1.098868489	0.590896856
6.552355000	1.067975044	0.595022026
6.552356000	1.054724932	0.593548100
6.552357000	1.131319404	0.593950703
6.552358000	1.144045830	0.600023643
6.552359000	1.154272318	0.581242831
6.552360000	1.087573528	0.591458717
6.552361000	1.160461783	0.586301971
6.552362000	1.152405262	0.591661184
6.552363000	1.118581533	0.587754859
6.552364000	1.109051585	0.573693568
6.552365000	1.090959907	0.591573166
6.552366000	1.072919488	0.578783734
6.552367000	1.108853579	0.585766277
6.552368000	1.030627608	0.582704374
6.552369000	1.134956837	0.585221993
6.552370000	1.029408813	0.577681918
6.552371000	1.156116009	0.569623326
6.552372000	1.151393890	0.580529636
6.552373000	1.135090828	0.562471074
6.552374000	1.092933178	0.580875581
6.552375000	1.014649272	0.575199186
6.552376000	1.065929055	0.565017921
6.552377000	1.076064348	0.568559792
6.552378000	1.168102622	0.557487500
6.552379000	1.094300628	0.562514483
6.552380000	1.094152331	0.560780433
6.552381000	1.150123596	0.562822345
6.552382000	1.185175776	0.547914036
6.552383000	1.100442767	0.562915555
6.552384000	1.080934525	0.548812453
6.552385000	1.143293381	0.561581179
6.552386000	1.055484891	0.556033148
6.552387000	1.159888029	0.545689664
6.552388000	1.088076591	0.551031998
6.552389000	1.148270369	0.547333233
6.552390000	1.136805534	0.546776300
6.552391000	1.126691937	0.548427393
6.552392000	1.093627214	0.545977951
6.552393000	1.115660191	0.553779781
6.552394000	1.111355305	0.555925423
6.552395000	1.126849413	0.540975569
6.552396000	1.130776763	0.540937319
6.552397000	1.143279433	0.554216107
6.552398000	1.080861688	0.537051567
6.552399000	1.158271670	0.535877413
6.552400000	1.107754946	0.535152434
6.552401000	1.056714177	0.538528756
6.552402000	1.048799396	0.543191552
6.552403000	1.090713859	0.541967829
6.552404000	1.074719071	0.545586366
6.552405000	1.173458934	0.535659067
6.552406000	1.118716240	0.537264720
6.552407000	1.194938421	0.531225270
6.552408000	1.180025935	0.540531520
6.552409000	1.139778256	0.527160887
6.552410000	1.159876704	0.526422192
6.552411000	1.128137946	0.534488508
6.552412000	1.078949451	0.529781570
6.552413000	1.088229299	0.532992011
6.552414000	1.142158151	0.530757086
6.552415000	1.129045248	0.519468779
6.552416000	1.011908770	0.527319611
6.552417000	1.161560178	0.514067821
6.552418000	1.146721601	0.515641051
6.552419000	1.161136031	0.518301548
6.552420000	1.199087620	0.523708664
6.552421000	1.122183800	0.523483294
6.552422000	1.107939720	0.517138712
6.552423000	1.168905258	0.510546756
6.552424000	1.128553152	0.518152245
6.552425000	1.136254907	0.515371039
6.552426000	1.147061586	0.509965655
6.552427000	1.112496257	0.519623708
6.552428000	1.134682178	0.517693416
6.552429000	1.132793665	0.510300048
6.552430000	1.117781520	0.508399383
6.552431000	1.168351531	0.500188125
6.552432000	1.158914804	0.514333372
6.552433000	1.201576233	0.507954069
6.552434000	1.039688587	0.511687588
6.552435000	1.173578262	0.509821411
6.552436000	1.157472849	0.505032115
6.552437000	1.132453084	0.499058512
6.552438000	1.125803590	0.502818296
6.552439000	1.130764484	0.500480540
6.552440000	1.073827863	0.501499965
6.552441000	1.138002038	0.506548652
6.552442000	1.194931030	0.502622387
6.552443000	1.118211031	0.499424563
6.552444000	1.152682543	0.496423980
6.552445000	1.156350613	0.506310166
6.552446000	1.177483916	0.498541060
6.552447000	1.170565724	0.506278475
6.552448000	1.155331612	0.491841711
6.552449000	1.132578135	0.495640844
6.552450000	1.182396531	0.492139486
6.552451000	1.115028381	0.496008061
6.552452000	1.077019572	0.500358234
6.552453000	1.085065484	0.491876133
6.552454000	1.137181759	0.500507405
6.552455000	1.136561275	0.501956064
6.552456000	1.114632964	0.489028148
6.552457000	1.127602935	0.489064267
6.552458000	1.123223782	0.492532602
6.552459000	1.215210438	0.489177652
6.552460000	1.138597846	0.493346031
6.552461000	1.216128349	0.481190831
6.552462000	1.077164292	0.495960789
6.552463000	1.147941589	0.484737663
6.552464000	1.104375958	0.485484380
6.552465000	1.091274381	0.493123624
6.552466000	1.051900148	0.493695937
6.552467000	1.122129440	0.485948735
6.552468000	1.203200221	0.487634549
6.552469000	1.152481914	0.485367301
6.552470000	1.147163153	0.486728143
6.552471000	1.238502622	0.490034490
6.552472000	1.211479068	0.490133127
6.552473000	1.215802312	0.487883289
6.552474000	1.236422539	0.476610061
6.552475000	1.070311069	0.475509543
6.552476000	1.194063425	0.486443717
6.552477000	1.113032699	0.476659796
6.552478000	1.105373979	0.471774027
6.552479000	1.168614030	0.481050816
6.552480000	1.143320560	0.480371210
6.552481000	1.180109143	0.476756935
6.552482000	1.116940618	0.474035983
6.552483000	1.164228439	0.474833699
6.552484000	1.126159072	0.485085904
6.552485000	1.140866637	0.478637060
6.552486000	1.128585577	0.468202828
6.552487000	1.204329371	0.468755933
6.552488000	1.177064538	0.471360505
6.552489000	1.140203357	0.466954171
6.552490000	1.180373788	0.470004689
6.552491000	1.119369864	0.471869568
6.552492000	1.193341017	0.464701969
6.552493000	1.087799430	0.480459461
6.552494000	1.214249730	0.469982718
6.552495000	1.141353726	0.464540549
6.552496000	1.210455060	0.465980753
6.552497000	1.157581449	0.468270738
6.552498000	1.215831161	0.467983517
6.552499000	1.098462582	0.463539267
6.552500000	1.121165633	0.466843084
6.552501000	1.086632371	0.467953023
6.552502000	1.122665405	0.454880831
6.552503000	1.182257295	0.460721376
6.552504000	1.142755508	0.462650736
6.552505000	1.099134207	0.466404362
6.552506000	1.057390451	0.457899457
6.552507000	1.187306881	0.464979904
6.552508000	1.127390742	0.458783061
6.552509000	1.036853909	0.454219368
6.552510000	1.172352672	0.456660921
6.552511000	1.198348284	0.475366332
6.552512000	1.095819592	0.457740300
6.552513000	1.143484354	0.463642198
6.552514000	1.211691856	0.465357906
6.552515000	1.129343629	0.454119433
6.552516000	1.106640220	0.452049491
6.552517000	1.141686320	0.443658037
6.552518000	1.151286721	0.451509302
6.552519000	1.117195368	0.449061890
6.552520000	1.083526969	0.457165090
6.552521000	1.129180312	0.458864720
6.552522000	1.141737580	0.445415124
6.552523000	1.147635460	0.449619889
6.552524000	1.169247985	0.452504292
6.552525000	1.175554991	0.455990004
6.552526000	1.105798244	0.446970243
6.552527000	1.190325260	0.453516360
6.552528000	1.272091031	0.454799038
6.552529000	1.190806389	0.462354726
6.552530000	1.109998584	0.451448648
6.552531000	1.093288898	0.447397681
6.552532000	1.172202110	0.444020826
6.552533000	1.129546881	0.439382631
6.552534000	1.118465424	0.448654360
6.552535000	1.114014387	0.443480304
6.552536000	1.015210867	0.442151420
6.552537000	1.157085180	0.441330534
6.552538000	1.170924902	0.442860753
6.552539000	1.120094061	0.443287691
6.552540000	1.153825283	0.447161225
6.552541000	1.192875981	0.442576394
6.552542000	1.105676174	0.445305235
6.552543000	1.203759193	0.442811684
6.552544000	1.180984855	0.451807010
6.552545000	1.210761666	0.443580805
6.552546000	1.027353168	0.439170677
6.552547000	1.151063323	0.445089885
6.552548000	1.233066678	0.441932109
6.552549000	1.195429683	0.445374377
6.552550000	1.146629333	0.446365107
6.552551000	1.194596410	0.435840327
6.552552000	1.166227698	0.436509946
6.552553000	1.103860855	0.430971004
6.552554000	1.144159675	0.445640594
6.552555000	1.099873543	0.434055377
6.552556000	1.173039317	0.432092028
6.552557000	1.181950688	0.430204646
6.552558000	1.174980998	0.428315299
6.552559000	1.197321296	0.438307846
6.552560000	1.132146597	0.419585258
6.552561000	1.096608520	0.433677108
6.552562000	1.094567418	0.431598311
6.552563000	1.204245210	0.434673030
6.552564000	1.074770689	0.435682635
6.552565000	1.239281416	0.431953643
6.552566000	1.163508058	0.430628321
6.552567000	1.147554398	0.431536426
6.552568000	1.155432820	0.428389868
6.552569000	1.108641744	0.431815359
6.552570000	1.113050938	0.437936202
6.552571000	1.166515589	0.430576689
6.552572000	1.144888520	0.435202966
6.552573000	1.129320145	0.426822997
6.552574000	1.166550040	0.439554205
6.552575000	1.216815352	0.434099752
6.552576000	1.201552391	0.420452549
6.552577000	1.149261236	0.419888592
6.552578000	1.124384046	0.435244312
6.552579000	1.207291007	0.427378100
6.552580000	1.174981236	0.426031272
6.552581000	1.197124958	0.419983200
6.552582000	1.178850293	0.429699877
6.552583000	1.168357015	0.417742516
6.552584000	1.096165657	0.420835612
6.552585000	1.237556338	0.425782134
6.552586000	1.054169416	0.424138065
6.552587000	1.159706950	0.422796930
6.552588000	1.122427464	0.425498574
6.552589000	1.128235817	0.421276698
6.552590000	1.150173306	0.422980255
6.552591000	1.106068611	0.417830234
6.552592000	1.125036120	0.413338114
6.552593000	1.098764777	0.422129875
6.552594000	1.026939392	0.415656396
6.552595000	1.140303731	0.416944800
6.552596000	1.140769124	0.421719015
6.552597000	1.134070277	0.420703818
6.552598000	1.098485708	0.417537620
6.552599000	1.086893201	0.420036896
6.552600000	1.092959166	0.417840055
6.552601000	1.127032638	0.409959695
6.552602000	1.103073239	0.401678029
6.552603000	1.184337497	0.412275080
6.552604000	1.180119991	0.405384916
6.552605000	1.158141375	0.409392674
6.552606000	1.133367419	0.416798393
6.552607000	1.084767222	0.406172080
6.552608000	1.110472918	0.423349436
6.552609000	1.161463380	0.404349146
6.552610000	1.033687830	0.408014289
6.552611000	1.075482488	0.412395222
6.552612000	1.121281028	0.402906046
6.552613000	1.052164793	0.413622240
6.552614000	1.214767814	0.398800084
6.552615000	1.106583476	0.413392909
6.552616000	1.208250403	0.421078259
6.552617000	1.123401523	0.413861359
6.552618000	1.178645015	0.399707257
6.552619000	1.177656770	0.411457190
6.552620000	1.126791358	0.414409604
6.552621000	1.156221151	0.419743915
6.552622000	1.110698938	0.409635688
6.552623000	1.195412040	0.400805145
6.552624000	1.165788054	0.402861605
6.552625000	1.166116714	0.413927805
6.552626000	1.134836793	0.414515664
6.552627000	1.124033809	0.398833474
6.552628000	1.149539232	0.412285799
6.552629000	1.065572500	0.396859072
6.552630000	1.149039149	0.403444138
6.552631000	1.156558990	0.400008327
6.552632000	1.067059755	0.405443839
6.552633000	1.131469727	0.402633005
6.552634000	1.116671920	0.402564462
6.552635000	1.161483526	0.414478679
6.552636000	1.073740602	0.409100426
6.552637000	1.113432288	0.403946909
6.552638000	1.157420874	0.411107417
6.552639000	1.076621532	0.399316571
6.552640000	1.230307460	0.398670655
6.552641000	1.167790294	0.393950934
6.552642000	1.034064531	0.401803431
6.552643000	1.055844903	0.400550880
6.552644000	1.224460006	0.399018197
6.552645000	1.139022470	0.413033249
6.552646000	1.144367933	0.402582871
6.552647000	1.180138230	0.405909825
6.552648000	1.174678206	0.400950221
6.552649000	1.116928577	0.399897473
6.552650000	1.192165971	0.406279672
6.552651000	1.125061750	0.407128654
6.552652000	1.105335355	0.394116749
6.552653000	1.073535681	0.402658072
6.552654000	1.082868099	0.399835887
6.552655000	1.185638905	0.402321449
6.552656000	1.140362859	0.389601126
6.552657000	1.178037167	0.405183149
6.552658000	1.112444282	0.392355334
6.552659000	1.170017958	0.398335030
6.552660000	1.102111340	0.396731374
6.552661000	1.070948720	0.397688514
6.552662000	1.138206244	0.394562063
6.552663000	1.114605308	0.392682970
6.552664000	1.151922941	0.404376910
6.552665000	1.149579644	0.393619004
6.552666000	1.081778646	0.393507085
6.552667000	1.139801383	0.401503992
6.552668000	1.116294742	0.396043047
6.552669000	1.152650714	0.398984974
6.552670000	1.116485476	0.390158126
6.552671000	1.162025094	0.400666993
6.552672000	1.175370812	0.389583050
6.552673000	1.110832930	0.402649584
6.552674000	1.134223461	0.398368619
6.552675000	1.139468551	0.394652677
6.552676000	1.125468254	0.388382364
6.552677000	1.170924783	0.397176322
6.552678000	1.128203392	0.395118863
6.552679000	1.100045562	0.382987965
6.552680000	1.106128216	0.395870274
6.552681000	1.155649304	0.389300089
6.552682000	1.103238583	0.379880721
6.552683000	1.088703275	0.387571065
6.552684000	1.105596423	0.387978729
6.552685000	1.107129812	0.392048438
6.552686000	1.121595025	0.382304897
6.552687000	1.112936735	0.388409628
6.552688000	1.051485181	0.390160557
6.552689000	1.069254041	0.390854410
6.552690000	1.181218386	0.385295927
6.552691000	1.194571137	0.383075316
6.552692000	1.144846439	0.393122391
6.552693000	1.151204824	0.384675044
6.552694000	1.191228271	0.385654022
6.552695000	1.176333785	0.383891542
6.552696000	1.105449319	0.392764329
6.552697000	1.157463074	0.379843803
6.552698000	1.093783736	0.385190798
6.552699000	1.107423067	0.392543653
6.552700000	1.155290723	0.391977798
6.552701000	1.139804840	0.389128915
6.552702000	1.082341552	0.384433129
6.552703000	1.082825065	0.382663225
6.552704000	1.132161260	0.372816287
6.552705000	1.115671277	0.378580167
6.552706000	1.043252587	0.379105342
6.552707000	1.159811020	0.372494444
6.552708000	1.155799508	0.384149802
6.552709000	1.168811679	0.376039178
6.552710000	1.048545361	0.383434077
6.552711000	1.193078756	0.386399341
6.552712000	1.192013741	0.380481997
6.552713000	1.112860680	0.382698080
6.552714000	1.102911592	0.385598528
6.552715000	1.104028344	0.384202100
6.552716000	1.119386792	0.384646681
6.552717000	1.086050868	0.378909700
6.552718000	1.138530731	0.384383994
6.552719000	1.135599017	0.378358325
6.552720000	1.180691481	0.386404035
6.552721000	1.228324771	0.380143842
6.552722000	1.052972078	0.363965637
6.552723000	1.106446147	0.371399818
6.552724000	1.166231751	0.374954639
6.552725000	1.140654325	0.378737127
6.552726000	1.088502288	0.388985903
6.552727000	1.132831335	0.376754869
6.552728000	1.079629540	0.380227864
6.552729000	1.046828389	0.381998267
6.552730000	1.162257552	0.383134538
6.552731000	1.122274041	0.374745714
6.552732000	1.146259308	0.373393028
6.552733000	1.070287108	0.378188615
6.552734000	1.153957367	0.381042992
6.552735000	1.094724655	0.382333460
6.552736000	1.103960752	0.379030907
6.552737000	1.205562949	0.367512169
6.552738000	1.129565597	0.370759594
6.552739000	1.076667070	0.378005290
6.552740000	1.074185848	0.373497158
6.552741000	1.041349530	0.370192275
6.552742000	1.102654219	0.373255343
6.552743000	1.075432062	0.365433139
6.552744000	1.064621687	0.374204726
6.552745000	1.159088850	0.368277562
6.552746000	1.032493830	0.378690155
6.552747000	1.095648408	0.368521407
6.552748000	1.115211129	0.369744131
6.552749000	1.157589555	0.370918652
6.552750000	1.121033311	0.368018702
6.552751000	1.121810317	0.376855104
6.552752000	1.106564045	0.366419940
6.552753000	1.137624621	0.367327845
6.552754000	1.118154883	0.368844715
6.552755000	1.154783845	0.370895915
6.552756000	1.085344791	0.362880533
6.552757000	1.087704897	0.368446339
6.552758000	1.084087849	0.367032767
6.552759000	1.144498825	0.367714636
6.552760000	1.131039739	0.366995416
6.552761000	1.174672365	0.371626287
6.552762000	1.121046066	0.368890255
6.552763000	1.119425416	0.366190842
6.552764000	1.098148704	0.372561589
6.552765000	1.139168262	0.366650437
6.552766000	1.089289784	0.372461321
6.552767000	1.097357392	0.368894183
6.552768000	1.095626950	0.363877587
6.552769000	1.119151115	0.363755514
6.552770000	1.142563939	0.368113844
6.552771000	1.136111379	0.373529082
6.552772000	1.129937768	0.369118887
6.552773000	1.110910654	0.372533160
6.552774000	1.100488544	0.379382477
6.552775000	1.096281409	0.374608095
6.552776000	1.072878599	0.367920332
6.552777000	1.136128902	0.368061180
6.552778000	1.193076253	0.360443707
6.552779000	1.085338354	0.367522689
6.552780000	0.993203104	0.367931550
6.552781000	1.200924158	0.373590967
6.552782000	1.157635212	0.363450782
6.552783000	1.007897258	0.364059680
6.552784000	1.043985128	0.371468029
6.552785000	1.171971679	0.369467628
6.552786000	1.109266400	0.359255171
6.552787000	1.104225516	0.364105320
6.552788000	1.060436964	0.362244370
6.552789000	1.091309071	0.360813487
6.552790000	1.136586547	0.354815682
6.552791000	1.094267964	0.368011146
6.552792000	1.046493411	0.364297933
6.552793000	1.085393667	0.369662572
6.552794000	1.108803511	0.370827572
6.552795000	1.166712284	0.361314194
6.552796000	1.094501019	0.361149378
6.552797000	1.016738653	0.346943411
6.552798000	1.055120230	0.372138013
6.552799000	1.093396425	0.360838154
6.552800000	1.073745489	0.367217890
6.552801000	1.095964789	0.363500616
6.552802000	1.041116238	0.369503681
6.552803000	1.048730373	0.367609208
6.552804000	1.132663012	0.362113975
6.552805000	1.073278189	0.356745109
6.552806000	1.120378733	0.358143568
6.552807000	1.033414602	0.369132569
6.552808000	1.136431217	0.357247581
6.552809000	1.092332482	0.355732608
6.552810000	1.057451963	0.360822442
6.552811000	1.128042579	0.356816881
6.552812000	1.079763532	0.340743106
6.552813000	1.099598169	0.369117456
6.552814000	0.986887515	0.356270700
6.552815000	1.108734012	0.352837652
6.552816000	1.039386153	0.357397916
6.552817000	1.110124946	0.360378126
6.552818000	1.111791611	0.368978439
6.552819000	1.030163407	0.366110947
6.552820000	1.121211886	0.358252158
6.552821000	1.075360179	0.366477931
6.552822000	1.098279953	0.355785039
6.552823000	1.184274673	0.353536898
6.552824000	1.024826765	0.353575181
6.552825000	1.151699543	0.353686568
6.552826000	1.024913073	0.366173065
6.552827000	1.112658739	0.348001918
6.552828000	1.147929430	0.362746209
6.552829000	1.135133147	0.355202939
6.552830000	1.078096151	0.356948841
6.552831000	1.027753592	0.358706327
6.552832000	1.118515730	0.353038854
6.552833000	1.095477939	0.352999140
6.552834000	0.986946344	0.354765648
6.552835000	1.123214602	0.349501377
6.552836000	1.065228462	0.355188291
6.552837000	1.104273200	0.354128619
6.552838000	1.154927015	0.350900602
6.552839000	1.086535454	0.353271781
6.552840000	1.142494202	0.352340540
6.552841000	1.014306903	0.355317355
6.552842000	1.119779110	0.348603060
6.552843000	1.095723152	0.358231952
6.552844000	1.153229117	0.353085825
6.552845000	1.178441048	0.364564782
6.552846000	1.099268794	0.360470838
6.552847000	1.030973554	0.358582424
6.552848000	1.186561942	0.348585782
6.552849000	1.102553248	0.355466891
6.552850000	0.984678209	0.355784873
6.552851000	1.151661277	0.344650363
6.552852000	1.129987478	0.350211276
6.552853000	1.075532794	0.357511866
6.552854000	1.109829307	0.355823189
6.552855000	1.144573689	0.367461969
6.552856000	1.132448673	0.351659270
6.552857000	1.024770141	0.352444836
6.552858000	1.039522409	0.354684055
6.552859000	1.119054437	0.342787581
6.552860000	1.074078083	0.358036675
6.552861000	1.105452299	0.352801067
6.552862000	1.073208213	0.340346528
6.552863000	1.038316488	0.347997324
6.552864000	1.156048179	0.346162772
6.552865000	1.064787626	0.349088121
6.552866000	1.143226862	0.350209512
6.552867000	1.047335982	0.349550812
6.552868000	1.074950695	0.347136690
6.552869000	1.052740932	0.341782804
6.552870000	1.067564964	0.339731671
6.552871000	1.061376452	0.343825848
6.552872000	1.097063661	0.352270299
6.552873000	1.067483664	0.351300010
6.552874000	1.133029699	0.342099387
6.552875000	1.060487747	0.357220150
6.552876000	0.989538133	0.342602725
6.552877000	1.080078006	0.343722251
6.552878000	1.056484818	0.340939481
6.552879000	1.012380362	0.346011538
6.552880000	1.094779611	0.346348960
6.552881000	1.034808517	0.342218730
6.552882000	1.098266959	0.342196326
6.552883000	1.086622238	0.349201272
6.552884000	1.093373775	0.344500493
6.552885000	1.098657012	0.346517372
6.552886000	1.041249871	0.347051535
6.552887000	1.081610441	0.337297808
6.552888000	1.083383203	0.350254186
6.552889000	1.166576743	0.343166982
6.552890000	1.078773856	0.349798087
6.552891000	0.991441727	0.351629975
6.552892000	1.053244233	0.347419551
6.552893000	1.051840305	0.346831824
6.552894000	1.133158207	0.353815631
6.552895000	1.096609235	0.337110188
6.552896000	1.024460435	0.346470633
6.552897000	1.085970402	0.338478187
6.552898000	1.080051422	0.335603604
6.552899000	0.934748948	0.346546533
6.552900000	1.101202488	0.340682852
6.552901000	1.104060769	0.344998338
6.552902000	1.093162179	0.346990715
6.552903000	1.108007669	0.344808554
6.552904000	1.085219383	0.350894776
6.552905000	0.983199656	0.340712912
6.552906000	1.072328210	0.348501760
6.552907000	1.055602074	0.338354983
6.552908000	1.045861721	0.336313304
6.552909000	1.088055968	0.336805056
6.552910000	1.076846480	0.348772603
6.552911000	1.079213738	0.336851329
6.552912000	0.993407726	0.347278104
6.552913000	1.114491343	0.336648096
6.552914000	1.134865165	0.337129263
6.552915000	1.139775991	0.332757251
6.552916000	1.100179553	0.332946668
6.552917000	1.140698791	0.339789960
6.552918000	0.942988157	0.342259510
6.552919000	1.001755238	0.340369997
6.552920000	1.009940386	0.341808870
6.552921000	1.011801839	0.339386625
6.552922000	1.062327266	0.346295430
6.552923000	1.127354383	0.345204067
6.552924000	1.134338617	0.340608050
6.552925000	1.167307019	0.330317629
6.552926000	1.008840084	0.335118942
6.552927000	1.026606917	0.339535296
6.552928000	1.083108306	0.345245646
6.552929000	1.041592240	0.336419897
6.552930000	1.155803084	0.340910452
6.552931000	1.124795914	0.337033589
6.552932000	1.084236741	0.342822269
6.552933000	1.108650684	0.338530119
6.552934000	1.163257122	0.340765876
6.552935000	1.183351755	0.341201203
6.552936000	1.082698584	0.342078914
6.552937000	1.101420522	0.333648877
6.552938000	1.068431377	0.334701692
6.552939000	1.057007551	0.335229896
6.552940000	1.083434105	0.347419185
6.552941000	1.078528285	0.331540985
6.552942000	1.120377541	0.336152049
6.552943000	1.103332520	0.332019955
6.552944000	1.093713403	0.335863296
6.552945000	1.120320678	0.326251049
6.552946000	1.099553704	0.339543818
6.552947000	1.080531478	0.340647865
6.552948000	1.097544551	0.345817959
6.552949000	0.974775851	0.339562859
6.552950000	1.046847701	0.344752362
6.552951000	1.099481106	0.334849564
6.552952000	1.106419086	0.342519334
6.552953000	1.033728123	0.342965048
6.552954000	1.074639797	0.329907236
6.552955000	1.004924536	0.327714289
6.552956000	1.111401796	0.333859400
6.552957000	1.035667539	0.334126615
6.552958000	1.133727193	0.335094408
6.552959000	0.958638370	0.330162433
6.552960000	1.012005448	0.330651956
6.552961000	1.028297663	0.337381165
6.552962000	1.117409825	0.327581497
6.552963000	1.162450552	0.340463307
6.552964000	1.117685556	0.334565071
6.552965000	1.044414520	0.329175433
6.552966000	1.106229901	0.332384608
6.552967000	1.108241439	0.335198205
6.552968000	1.008739591	0.332686810
6.552969000	1.077860594	0.336572296
6.552970000	1.081097364	0.331141877
6.552971000	0.937696755	0.338520731
6.552972000	1.107072473	0.335241248
6.552973000	1.128818393	0.336497594
6.552974000	1.101739764	0.333964462
6.552975000	1.040264010	0.332812944
6.552976000	1.127416968	0.335075500
6.552977000	1.083727121	0.327557396
6.552978000	0.980415404	0.333083588
6.552979000	1.048151374	0.328948298
6.552980000	0.996511400	0.340101284
6.552981000	1.102328420	0.336320394
6.552982000	1.057057142	0.330936747
6.552983000	1.149522424	0.323228527
6.552984000	1.063234687	0.340529820
6.552985000	1.097172260	0.332964012
6.552986000	1.089616895	0.330542533
6.552987000	1.043501019	0.332387871
6.552988000	1.028450012	0.337246542
6.552989000	1.055882573	0.324672793
6.552990000	1.049489975	0.329353398
6.552991000	1.109335899	0.329082155
6.552992000	1.077788591	0.331304164
6.552993000	1.040883899	0.326513636
6.552994000	1.073324442	0.333571213
6.552995000	1.069539189	0.321066939
6.552996000	0.993453383	0.320779418
6.552997000	0.975429237	0.321790653
6.552998000	1.092741609	0.325942588
6.552999000	1.063130856	0.326914143
6.553000000	1.030192852	0.334581317
6.553001000	1.078552365	0.333271041
6.553002000	1.037184238	0.330824728
6.553003000	1.037407994	0.322559808
6.553004000	1.027806401	0.326794367
6.553005000	1.057980418	0.331326435
6.553006000	1.071367979	0.327015176
6.553007000	1.067564011	0.331146638
6.553008000	1.128892422	0.325951277
6.553009000	1.061016917	0.333449007
6.553010000	1.106860399	0.330703188
6.553011000	1.083093166	0.326948231
6.553012000	1.065236807	0.326861678
6.553013000	1.021802545	0.325206524
6.553014000	1.106826663	0.322710010
6.553015000	1.039294600	0.315355125
6.553016000	1.072967649	0.324032835
6.553017000	1.089310765	0.327422107
6.553018000	0.978469133	0.327237816
6.553019000	1.075223207	0.326543231
6.553020000	1.013026834	0.320177543
6.553021000	1.128465772	0.322874793
6.553022000	1.088876486	0.331403134
6.553023000	0.947919011	0.322098448
6.553024000	0.935959220	0.326035699
6.553025000	1.072504044	0.328392164
6.553026000	1.129752755	0.328363701
6.553027000	1.068652987	0.326699458
6.553028000	1.070054293	0.335136885
6.553029000	1.096135616	0.330373256
6.553030000	1.069560766	0.328091127
6.553031000	1.013189435	0.326748627
6.553032000	1.103156924	0.328515668
6.553033000	1.042021513	0.315425499
6.553034000	1.058363557	0.320478847
6.553035000	1.040676713	0.324737308
6.553036000	1.058247328	0.321355959
6.553037000	1.048223853	0.327992856
6.553038000	1.046237230	0.326214697
6.553039000	1.100562692	0.319175529
6.553040000	1.083007812	0.331945054
6.553041000	1.104767919	0.327006022
6.553042000	1.049114943	0.320296121
6.553043000	1.122478127	0.318078939
6.553044000	1.141783595	0.329642085
6.553045000	0.992694974	0.327713923
6.553046000	1.045892358	0.324014093
6.553047000	1.093845248	0.313322500
6.553048000	1.022953033	0.318121317
6.553049000	1.092136025	0.320388499
6.553050000	0.918544769	0.315770045
6.553051000	1.142343402	0.319134883
6.553052000	1.060424924	0.321890389
6.553053000	1.189471245	0.320421622
6.553054000	1.116481185	0.326539336
6.553055000	1.105613232	0.321152061
6.553056000	1.117151499	0.312707709
6.553057000	1.023150325	0.315905600
6.553058000	1.098946691	0.313760657
6.553059000	1.038623929	0.317494608
6.553060000	1.083899498	0.324653019
6.553061000	1.055245876	0.331715556
6.553062000	0.998376012	0.320321321
6.553063000	1.070142388	0.324519029
6.553064000	1.004918814	0.314217722
6.553065000	1.045979977	0.325926476
6.553066000	1.085976601	0.323247169
6.553067000	1.080238461	0.326082038
6.553068000	0.985028386	0.319266143
6.553069000	1.040233731	0.317741051
6.553070000	1.027616739	0.324936679
6.553071000	1.060920238	0.333009785
6.553072000	1.009100318	0.313588250
6.553073000	0.990176737	0.317431525
6.553074000	0.994650662	0.315980035
6.553075000	1.077111602	0.313867782
6.553076000	1.050496697	0.314411766
6.553077000	1.021633029	0.315176560
6.553078000	1.086324573	0.318964640
6.553079000	0.970053375	0.310530642
6.553080000	1.091214895	0.308739866
6.553081000	1.093739271	0.311537350
6.553082000	1.094915271	0.316517195
6.553083000	1.086772919	0.322771063
6.553084000	0.994920075	0.318841269
6.553085000	1.024367929	0.317354326
6.553086000	0.987121582	0.311598403
6.553087000	1.055132866	0.319029421
6.553088000	1.075535655	0.325133453
6.553089000	1.090027094	0.320984315
6.553090000	1.012687087	0.309970612
6.553091000	1.087703586	0.315339545
6.553092000	1.044771671	0.325316279
6.553093000	1.024381518	0.324784879
6.553094000	1.039701700	0.315706928
6.553095000	1.045735359	0.313319471
6.553096000	0.984239399	0.312761805
6.553097000	1.137539387	0.315911592
6.553098000	1.081122279	0.309083214
6.553099000	1.093505144	0.311139640
6.553100000	1.069705486	0.323193440
6.553101000	1.053677082	0.320177344
6.553102000	1.099648595	0.316738936
6.553103000	1.061621308	0.317291742
6.553104000	1.058978319	0.309938388
6.553105000	1.126398206	0.314767764
6.553106000	1.041481137	0.313234882
6.553107000	1.055502415	0.311107283
6.553108000	1.020929694	0.314300912
6.553109000	1.061940670	0.318063826
6.553110000	1.086535573	0.309927336
6.553111000	1.122113824	0.318321986
6.553112000	1.008217573	0.317792816
6.553113000	0.968794167	0.310388729
6.553114000	1.092610359	0.314604113
6.553115000	1.020053744	0.315135880
6.553116000	1.051296711	0.310629245
6.553117000	0.986495018	0.313749005
6.553118000	1.065564156	0.310991302
6.553119000	1.012486100	0.303667909
6.553120000	1.056976438	0.318956484
6.553121000	1.001816750	0.316887075
6.553122000	1.041705847	0.310294053
6.553123000	1.038100362	0.314980185
6.553124000	1.042883992	0.308087658
6.553125000	1.056052327	0.309321500
6.553126000	1.056597114	0.308380772
6.553127000	1.107228279	0.317318773
6.553128000	0.964009047	0.300891463
6.553129000	1.079158306	0.312254406
6.553130000	1.029619098	0.305309514
6.553131000	0.998632371	0.309780163
6.553132000	1.072353244	0.310196149
6.553133000	1.085698247	0.307026821
6.553134000	1.079023600	0.317996847
6.553135000	1.070660472	0.309154187
6.553136000	1.037255526	0.310096147
6.553137000	0.991488338	0.313787655
6.553138000	1.038701177	0.303815481
6.553139000	0.983652532	0.312340160
6.553140000	0.976767421	0.297915381
6.553141000	1.033300161	0.322330709
6.553142000	0.999107599	0.308361664
6.553143000	1.062765360	0.308932745
6.553144000	1.039787531	0.307580259
6.553145000	1.035103559	0.297505920
6.553146000	0.995015264	0.303512047
6.553147000	1.040709257	0.313248797
6.553148000	1.050096035	0.301219898
6.553149000	0.991464376	0.314196816
6.553150000	1.030373335	0.312382205
6.553151000	1.102218628	0.309854199
6.553152000	1.024883866	0.306606241
6.553153000	1.069258690	0.312823723
6.553154000	0.946198583	0.309803266
6.553155000	0.999347508	0.309329856
6.553156000	0.994354069	0.301648467
6.553157000	0.986367643	0.315052756
6.553158000	1.059554696	0.315906399
6.553159000	1.065742373	0.300891563
6.553160000	1.000365376	0.306207000
6.553161000	1.065330505	0.307434584
6.553162000	1.083639622	0.308946327
6.553163000	1.042310119	0.313199795
6.553164000	1.017902970	0.312587401
6.553165000	1.023742199	0.310928784
6.553166000	1.077467322	0.311610887
6.553167000	1.034760475	0.310891933
6.553168000	0.951049507	0.306595089
6.553169000	1.040836334	0.316311333
6.553170000	1.016770124	0.311660787
6.553171000	1.071780920	0.316937342
6.553172000	1.055640817	0.309783625
6.553173000	0.936352313	0.314741333
6.553174000	1.064800382	0.308158797
6.553175000	1.023405910	0.306390192
6.553176000	0.967806399	0.305118133
6.553177000	1.046294093	0.305446634
6.553178000	0.933197439	0.305902501
6.553179000	1.032165527	0.309334317
6.553180000	1.028241754	0.312603547
6.553181000	1.046603680	0.302384931
6.553182000	0.985022902	0.311341341
6.553183000	1.011361837	0.300156498
6.553184000	1.117648005	0.301395800
6.553185000	0.896302164	0.307598535
6.553186000	0.905342400	0.314086561
6.553187000	0.966441333	0.305120397
6.553188000	0.984851718	0.313695875
6.553189000	1.030812263	0.305704228
6.553190000	1.040940166	0.307886090
6.553191000	1.084276795	0.306800885
6.553192000	1.008487582	0.305145098
6.553193000	1.016443729	0.309364543
6.553194000	1.052683592	0.305037606
6.553195000	1.055007577	0.304259763
6.553196000	0.971509278	0.300034092
6.553197000	0.991118014	0.314219320
6.553198000	1.132445812	0.310047711
6.553199000	1.114616871	0.314107434
6.553200000	1.040410638	0.304369518
6.553201000	1.079428315	0.310421252
6.553202000	0.988441050	0.297396031
6.553203000	1.074499369	0.300504706
