D:\KID metingen\Entropy ADR\LT343chip5_BF_20240530_mapping\S21\Power\KID153_104dBm_.dat
Power at KID:104dBm
resonance Frequency in GHz :6.408731
Q=25330.952568, Qc=34719.308243, Qi=93677.016588  S21min=-11.359631


Temperature in K:0.099968
GHz	dB	Rad
6.407859000	0.632937074	0.261253157
6.407860000	0.631012619	0.263276394
6.407861000	0.636832833	0.261629195
6.407862000	0.609558821	0.260082814
6.407863000	0.635955811	0.259174526
6.407864000	0.621808827	0.255562331
6.407865000	0.646855652	0.257122611
6.407866000	0.606413782	0.258166403
6.407867000	0.602886796	0.252749351
6.407868000	0.640731037	0.252927333
6.407869000	0.668220699	0.254252023
6.407870000	0.642209709	0.254327656
6.407871000	0.649731398	0.252913501
6.407872000	0.652841449	0.252442222
6.407873000	0.637486398	0.253042615
6.407874000	0.671426177	0.247096775
6.407875000	0.649263740	0.243130678
6.407876000	0.660187364	0.248652676
6.407877000	0.637739241	0.251922289
6.407878000	0.650228143	0.248538044
6.407879000	0.674871743	0.246105696
6.407880000	0.685262144	0.244185190
6.407881000	0.650884807	0.243516604
6.407882000	0.672126055	0.241373824
6.407883000	0.686989129	0.242790110
6.407884000	0.670298576	0.239860683
6.407885000	0.699745476	0.237554868
6.407886000	0.676750362	0.239627839
6.407887000	0.681080520	0.238983671
6.407888000	0.690376222	0.238715124
6.407889000	0.700335920	0.240118943
6.407890000	0.711707950	0.238190631
6.407891000	0.706804752	0.237369862
6.407892000	0.687954068	0.234898248
6.407893000	0.699637771	0.234545196
6.407894000	0.708865643	0.233064762
6.407895000	0.716696918	0.234390417
6.407896000	0.702482760	0.231619647
6.407897000	0.716360986	0.229033518
6.407898000	0.718960345	0.231247604
6.407899000	0.735040665	0.230807616
6.407900000	0.709986508	0.228640469
6.407901000	0.719585538	0.227745380
6.407902000	0.730120778	0.230765189
6.407903000	0.732115030	0.227405728
6.407904000	0.743057668	0.221911959
6.407905000	0.710358143	0.225190543
6.407906000	0.725791574	0.225883381
6.407907000	0.724799097	0.220891269
6.407908000	0.756520987	0.220227793
6.407909000	0.761577308	0.220668013
6.407910000	0.738628566	0.220918750
6.407911000	0.760279357	0.220442793
6.407912000	0.741545796	0.217252642
6.407913000	0.727999330	0.216615448
6.407914000	0.758144200	0.220113826
6.407915000	0.763649404	0.217890952
6.407916000	0.720379651	0.218474634
6.407917000	0.761240065	0.211804996
6.407918000	0.769971907	0.218275646
6.407919000	0.774580777	0.212953135
6.407920000	0.775443256	0.213308334
6.407921000	0.764841259	0.209219866
6.407922000	0.773318589	0.209659454
6.407923000	0.791596651	0.210179370
6.407924000	0.751600564	0.211386614
6.407925000	0.792905271	0.208072992
6.407926000	0.836186290	0.207295383
6.407927000	0.805031896	0.207906179
6.407928000	0.797075510	0.207083179
6.407929000	0.784401476	0.208184546
6.407930000	0.808574736	0.206049905
6.407931000	0.809645236	0.204971591
6.407932000	0.783631921	0.205160027
6.407933000	0.815124631	0.202660084
6.407934000	0.815732956	0.203804861
6.407935000	0.821488798	0.202673733
6.407936000	0.797809064	0.199086588
6.407937000	0.826276064	0.199063402
6.407938000	0.797818840	0.201890164
6.407939000	0.791955113	0.201338757
6.407940000	0.799425721	0.199531902
6.407941000	0.831876695	0.198029413
6.407942000	0.820786715	0.194472262
6.407943000	0.818054676	0.196856823
6.407944000	0.832604587	0.198647017
6.407945000	0.796616852	0.195619086
6.407946000	0.800665021	0.195703724
6.407947000	0.792114496	0.193060970
6.407948000	0.814750612	0.195857805
6.407949000	0.797280729	0.189224337
6.407950000	0.845286965	0.192232893
6.407951000	0.817582130	0.190409244
6.407952000	0.834252059	0.189484894
6.407953000	0.797476888	0.185722130
6.407954000	0.809833050	0.188870336
6.407955000	0.818797946	0.190264667
6.407956000	0.809643626	0.190593667
6.407957000	0.834508777	0.184318611
6.407958000	0.848171294	0.186886963
6.407959000	0.823910534	0.187360440
6.407960000	0.825736880	0.184761445
6.407961000	0.839159906	0.182714572
6.407962000	0.827372372	0.185157224
6.407963000	0.830149412	0.185313152
6.407964000	0.852751553	0.186350303
6.407965000	0.856524169	0.179576287
6.407966000	0.832910061	0.184315199
6.407967000	0.875393569	0.181255892
6.407968000	0.851625085	0.181577569
6.407969000	0.846817255	0.178429496
6.407970000	0.855754435	0.180151596
6.407971000	0.871091247	0.177583094
6.407972000	0.856151819	0.180383391
6.407973000	0.849825501	0.177188530
6.407974000	0.873565078	0.176715652
6.407975000	0.883325636	0.174953455
6.407976000	0.855126381	0.175914057
6.407977000	0.852530777	0.173215543
6.407978000	0.863646328	0.176745796
6.407979000	0.885393381	0.172709076
6.407980000	0.878544986	0.176396056
6.407981000	0.856153011	0.173505511
6.407982000	0.844745815	0.174941537
6.407983000	0.863060057	0.173181338
6.407984000	0.889171541	0.169692463
6.407985000	0.880841255	0.170305440
6.407986000	0.905114889	0.170475433
6.407987000	0.882345080	0.170553247
6.407988000	0.844306946	0.167782561
6.407989000	0.853168726	0.168151975
6.407990000	0.862704694	0.166843031
6.407991000	0.873233020	0.166359717
6.407992000	0.886860788	0.165665781
6.407993000	0.871354103	0.162668909
6.407994000	0.890082717	0.163304505
6.407995000	0.881183565	0.164777633
6.407996000	0.893249393	0.164531041
6.407997000	0.883534014	0.165492076
6.407998000	0.885526299	0.163413612
6.407999000	0.883069217	0.166128754
6.408000000	0.890190244	0.162585918
6.408001000	0.885818958	0.163128038
6.408002000	0.906062484	0.160558786
6.408003000	0.877344549	0.157128485
6.408004000	0.906884253	0.161449514
6.408005000	0.913798511	0.159100872
6.408006000	0.910886467	0.161330471
6.408007000	0.919859767	0.158320865
6.408008000	0.895379126	0.157364657
6.408009000	0.909098208	0.154451825
6.408010000	0.902120709	0.155666443
6.408011000	0.910488844	0.154540125
6.408012000	0.920235276	0.152774916
6.408013000	0.924927890	0.154133111
6.408014000	0.902633071	0.152948787
6.408015000	0.888644516	0.150270030
6.408016000	0.907372296	0.152287840
6.408017000	0.913002133	0.151289920
6.408018000	0.923582673	0.149421746
6.408019000	0.908924103	0.149777927
6.408020000	0.892706931	0.150721336
6.408021000	0.926061273	0.149827878
6.408022000	0.888656139	0.151065349
6.408023000	0.902968049	0.147720436
6.408024000	0.873755097	0.145901647
6.408025000	0.924900055	0.148317217
6.408026000	0.928038776	0.147833237
6.408027000	0.920626700	0.146350855
6.408028000	0.899984777	0.144452987
6.408029000	0.949511945	0.144556484
6.408030000	0.914708734	0.142605835
6.408031000	0.924337626	0.142116945
6.408032000	0.956692994	0.141705886
6.408033000	0.921347320	0.142929642
6.408034000	0.941361487	0.140993158
6.408035000	0.922420919	0.143005758
6.408036000	0.931976736	0.144669851
6.408037000	0.926940680	0.143053779
6.408038000	0.941601098	0.142918224
6.408039000	0.948302448	0.141807353
6.408040000	0.928238630	0.141399057
6.408041000	0.951253951	0.140270426
6.408042000	0.928538918	0.143090580
6.408043000	0.946652830	0.136777374
6.408044000	0.926283360	0.138070896
6.408045000	0.939309001	0.135618224
6.408046000	0.926837444	0.136272430
6.408047000	0.948226988	0.135431695
6.408048000	0.929083288	0.133904788
6.408049000	0.920844436	0.132503541
6.408050000	0.940356553	0.132425369
6.408051000	0.947694898	0.132860779
6.408052000	0.972711265	0.135147378
6.408053000	0.944277406	0.130173342
6.408054000	0.940615118	0.128950476
6.408055000	0.947940350	0.131958117
6.408056000	0.968163133	0.130910605
6.408057000	0.943844020	0.129287524
6.408058000	0.959840477	0.131139819
6.408059000	0.954536557	0.128871722
6.408060000	0.966884434	0.127952723
6.408061000	0.949332416	0.127177893
6.408062000	0.967825055	0.127093388
6.408063000	0.967490792	0.126234027
6.408064000	0.949863672	0.126090366
6.408065000	0.937797666	0.127364189
6.408066000	0.975334704	0.126639111
6.408067000	0.973504663	0.126930385
6.408068000	0.974290848	0.123255789
6.408069000	0.967801690	0.122896895
6.408070000	0.968456030	0.123563243
6.408071000	0.978676617	0.122008689
6.408072000	0.971008718	0.121247433
6.408073000	0.974873126	0.121229681
6.408074000	0.978613436	0.122441320
6.408075000	0.945135236	0.119306546
6.408076000	0.966090143	0.119499767
6.408077000	0.964878798	0.120518126
6.408078000	0.962950051	0.119369330
6.408079000	0.954827607	0.117536834
6.408080000	0.968622148	0.117983912
6.408081000	1.009265423	0.115447517
6.408082000	0.938838959	0.117075125
6.408083000	0.994474471	0.118083406
6.408084000	0.957659960	0.113982371
6.408085000	0.969243228	0.117579170
6.408086000	0.968701959	0.116188084
6.408087000	0.967306197	0.116044706
6.408088000	0.975868285	0.115667311
6.408089000	0.976421833	0.115856570
6.408090000	0.962056220	0.112898431
6.408091000	0.986430347	0.111426111
6.408092000	0.986502349	0.112500763
6.408093000	0.989974856	0.112868812
6.408094000	0.985583246	0.110688856
6.408095000	1.008478403	0.111987372
6.408096000	0.989810109	0.108806584
6.408097000	0.970244825	0.111469529
6.408098000	1.020557880	0.110954848
6.408099000	0.988400459	0.106291520
6.408100000	0.993392229	0.111694041
6.408101000	1.001066327	0.106806209
6.408102000	0.995488822	0.106358273
6.408103000	0.988213718	0.107414866
6.408104000	0.978616476	0.105092906
6.408105000	0.993269086	0.108277913
6.408106000	1.000821352	0.101186914
6.408107000	0.982327938	0.104859854
6.408108000	0.996052921	0.104190011
6.408109000	0.992488146	0.101209684
6.408110000	1.021492243	0.101164144
6.408111000	0.996167898	0.102202594
6.408112000	0.971336544	0.099614076
6.408113000	0.997728109	0.099245711
6.408114000	1.024012089	0.102923761
6.408115000	0.988382518	0.098837756
6.408116000	0.999558210	0.096129047
6.408117000	1.008972764	0.098216998
6.408118000	1.001865864	0.097486568
6.408119000	1.003199458	0.099726827
6.408120000	0.967527688	0.094706111
6.408121000	0.981428683	0.096530477
6.408122000	1.001338601	0.097516312
6.408123000	0.996003747	0.093432446
6.408124000	0.998567343	0.093398233
6.408125000	0.998000205	0.093125783
6.408126000	0.998423934	0.093620465
6.408127000	1.014276624	0.093423408
6.408128000	1.010126829	0.094072495
6.408129000	1.006323576	0.093974117
6.408130000	1.003991127	0.095047861
6.408131000	0.976488411	0.089727290
6.408132000	0.981369078	0.093854099
6.408133000	1.022670984	0.091734897
6.408134000	1.001434326	0.092998859
6.408135000	1.018092752	0.090751866
6.408136000	1.016978621	0.092151224
6.408137000	1.018066168	0.091940069
6.408138000	1.012460470	0.087201282
6.408139000	1.007423759	0.084845824
6.408140000	1.033047318	0.089764191
6.408141000	1.035918951	0.085592566
6.408142000	1.030603170	0.085657997
6.408143000	1.004251361	0.086163173
6.408144000	1.006137729	0.086490417
6.408145000	1.024497271	0.082220571
6.408146000	1.008203506	0.083072184
6.408147000	1.021668434	0.084069471
6.408148000	1.030866981	0.081330152
6.408149000	1.029333353	0.082180599
6.408150000	1.010525346	0.084019512
6.408151000	1.048691511	0.083296788
6.408152000	1.023625016	0.083305368
6.408153000	1.024709582	0.079262399
6.408154000	1.013235569	0.080446556
6.408155000	1.009285927	0.078210666
6.408156000	1.018184304	0.081801856
6.408157000	1.031553745	0.078720612
6.408158000	1.024956703	0.076271469
6.408159000	1.045522809	0.077405068
6.408160000	1.025287628	0.079254617
6.408161000	1.054998875	0.077796104
6.408162000	1.024020672	0.074415978
6.408163000	1.037152171	0.074391993
6.408164000	1.059059143	0.075370447
6.408165000	1.037895203	0.073072979
6.408166000	1.005156159	0.074490896
6.408167000	1.035014033	0.071992718
6.408168000	1.033111334	0.071966868
6.408169000	1.026666284	0.074739086
6.408170000	1.030184150	0.074816775
6.408171000	1.033898592	0.070661487
6.408172000	1.027573347	0.068754443
6.408173000	1.040372133	0.075077724
6.408174000	0.998935640	0.066155984
6.408175000	1.027976513	0.070252167
6.408176000	1.040467262	0.067552030
6.408177000	1.026429534	0.067629948
6.408178000	1.012393594	0.069671831
6.408179000	1.060352325	0.069222377
6.408180000	1.039243698	0.067735239
6.408181000	1.050417066	0.068061243
6.408182000	1.045185208	0.069274404
6.408183000	1.042396307	0.066080280
6.408184000	1.056690574	0.064811820
6.408185000	1.029682755	0.066047019
6.408186000	1.048984051	0.062644827
6.408187000	1.003886700	0.065346516
6.408188000	1.059450269	0.062298300
6.408189000	1.057031274	0.062045582
6.408190000	1.060269594	0.062125644
6.408191000	1.017698884	0.062952801
6.408192000	1.046587586	0.059948534
6.408193000	1.044747949	0.061846191
6.408194000	1.018475652	0.058745572
6.408195000	1.037081242	0.059518842
6.408196000	1.065526962	0.060955118
6.408197000	1.024634600	0.059626679
6.408198000	1.042938590	0.059024850
6.408199000	1.026243448	0.059019919
6.408200000	1.044416428	0.059354891
6.408201000	1.046406984	0.058297062
6.408202000	1.029792070	0.055382624
6.408203000	1.046663165	0.052376905
6.408204000	1.039193988	0.056494901
6.408205000	1.023975253	0.055100379
6.408206000	1.037886977	0.054232646
6.408207000	1.021887422	0.052674538
6.408208000	1.048372746	0.053844099
6.408209000	1.065680146	0.052353611
6.408210000	1.044424295	0.052810297
6.408211000	1.059891939	0.049869044
6.408212000	1.049218774	0.050183775
6.408213000	1.047629237	0.050312181
6.408214000	1.050486326	0.048963765
6.408215000	1.056570292	0.047263935
6.408216000	1.044928908	0.048649578
6.408217000	1.050264001	0.049885110
6.408218000	1.056888580	0.047044092
6.408219000	1.064076662	0.044725951
6.408220000	1.047054172	0.046891259
6.408221000	1.071236253	0.044688521
6.408222000	1.083310962	0.046228661
6.408223000	1.050752878	0.045630835
6.408224000	1.050994754	0.045501834
6.408225000	1.050340891	0.044038706
6.408226000	1.041751504	0.044366404
6.408227000	1.049137473	0.042082148
6.408228000	1.031619549	0.043954712
6.408229000	1.053639412	0.039251170
6.408230000	1.047978401	0.042057048
6.408231000	1.046002626	0.042183365
6.408232000	1.045963526	0.044299146
6.408233000	1.055948496	0.041920382
6.408234000	1.071967840	0.041038193
6.408235000	1.077809095	0.041796199
6.408236000	1.038200378	0.040569539
6.408237000	1.079210877	0.037757308
6.408238000	1.062984824	0.037359556
6.408239000	1.069340229	0.036695010
6.408240000	1.070297837	0.037609656
6.408241000	1.049828649	0.040098368
6.408242000	1.067598820	0.036520107
6.408243000	1.044544220	0.034500565
6.408244000	1.055311799	0.035580061
6.408245000	1.051914692	0.033573970
6.408246000	1.058403134	0.036729302
6.408247000	1.057409048	0.034528822
6.408248000	1.068326831	0.031392500
6.408249000	1.043358326	0.034996929
6.408250000	1.058334351	0.032603477
6.408251000	1.068116784	0.031310854
6.408252000	1.079112649	0.031447705
6.408253000	1.074964404	0.030506048
6.408254000	1.034631968	0.029041322
6.408255000	1.040559173	0.027995137
6.408256000	1.056354284	0.028856559
6.408257000	1.043312907	0.028360094
6.408258000	1.068992257	0.028202857
6.408259000	1.066192031	0.028519378
6.408260000	1.025605202	0.026801258
6.408261000	1.061617017	0.027255113
6.408262000	1.085853100	0.027400222
6.408263000	1.083265066	0.023658031
6.408264000	1.078098297	0.024701185
6.408265000	1.070877790	0.022754564
6.408266000	1.089245439	0.025108539
6.408267000	1.054661632	0.020400808
6.408268000	1.073685884	0.022075564
6.408269000	1.077396154	0.020567212
6.408270000	1.054887295	0.018080392
6.408271000	1.070934534	0.018566525
6.408272000	1.066658974	0.021532317
6.408273000	1.068039894	0.017764119
6.408274000	1.072236180	0.017895304
6.408275000	1.066718340	0.019408931
6.408276000	1.064582109	0.017428097
6.408277000	1.061187148	0.014536403
6.408278000	1.036916256	0.017486607
6.408279000	1.037448525	0.017674235
6.408280000	1.058887482	0.017313499
6.408281000	1.094881654	0.011901917
6.408282000	1.052192926	0.015876317
6.408283000	1.082134843	0.012385494
6.408284000	1.083093762	0.011522277
6.408285000	1.049224257	0.014670583
6.408286000	1.057955503	0.013144051
6.408287000	1.069534779	0.007851786
6.408288000	1.085765719	0.008911508
6.408289000	1.051519632	0.009999983
6.408290000	1.083540440	0.010536908
6.408291000	1.084087849	0.010128866
6.408292000	1.072920918	0.011205913
6.408293000	1.069555879	0.006098021
6.408294000	1.059781313	0.006695957
6.408295000	1.091407299	0.007895038
6.408296000	1.086032391	0.006411048
6.408297000	1.081053615	0.004921303
6.408298000	1.035157800	0.005077221
6.408299000	1.080794811	0.003728606
6.408300000	1.073064089	0.004644053
6.408301000	1.078326941	0.004135190
6.408302000	1.079238296	0.004467511
6.408303000	1.083588362	0.000436329
6.408304000	1.073536396	0.002958869
6.408305000	1.059043527	0.000725317
6.408306000	1.087030768	0.000069044
6.408307000	1.034496903	-0.001503690
6.408308000	1.095434189	-0.000253818
6.408309000	1.076474905	-0.001911659
6.408310000	1.078826785	-0.003663889
6.408311000	1.081783772	-0.004274708
6.408312000	1.092962980	-0.003250691
6.408313000	1.090874791	-0.004571206
6.408314000	1.089011908	-0.006843316
6.408315000	1.062000394	-0.006639350
6.408316000	1.066519499	-0.007838442
6.408317000	1.069118023	-0.006528665
6.408318000	1.046309829	-0.007857012
6.408319000	1.066137671	-0.009494098
6.408320000	1.059826970	-0.007946305
6.408321000	1.080099344	-0.005532942
6.408322000	1.070276618	-0.007989128
6.408323000	1.082729936	-0.009741387
6.408324000	1.061970234	-0.012317574
6.408325000	1.054785132	-0.012698384
6.408326000	1.071801543	-0.014994496
6.408327000	1.073432684	-0.009541950
6.408328000	1.074052572	-0.009989301
6.408329000	1.046053886	-0.014276338
6.408330000	1.043172359	-0.014683574
6.408331000	1.066643000	-0.014930761
6.408332000	1.070739269	-0.013099976
6.408333000	1.039518476	-0.015888558
6.408334000	1.057056189	-0.014706017
6.408335000	1.079458117	-0.016113477
6.408336000	1.059880614	-0.018322625
6.408337000	1.053862214	-0.015867608
6.408338000	1.046050072	-0.018743332
6.408339000	1.063843131	-0.019143201
6.408340000	1.072429180	-0.017977317
6.408341000	1.068765402	-0.023123038
6.408342000	1.059295774	-0.020206708
6.408343000	1.049641609	-0.021390227
6.408344000	1.079761267	-0.024391774
6.408345000	1.063997030	-0.024152183
6.408346000	1.059091091	-0.024350393
6.408347000	1.077861667	-0.025275902
6.408348000	1.052166104	-0.025815891
6.408349000	1.060272336	-0.027421844
6.408350000	1.066917181	-0.030118188
6.408351000	1.043113470	-0.027403955
6.408352000	1.065512300	-0.024945584
6.408353000	1.064402938	-0.028771721
6.408354000	1.080987692	-0.026145401
6.408355000	1.035868049	-0.031804298
6.408356000	1.042616606	-0.032784123
6.408357000	1.050371528	-0.031401326
6.408358000	1.027083755	-0.034299162
6.408359000	1.051016688	-0.032760899
6.408360000	1.079644322	-0.035588700
6.408361000	1.061705709	-0.034562819
6.408362000	1.041794777	-0.038097618
6.408363000	1.086786151	-0.037001931
6.408364000	1.038905501	-0.033715994
6.408365000	1.052635550	-0.037269691
6.408366000	1.057550073	-0.040632182
6.408367000	1.062985301	-0.039255793
6.408368000	1.053364158	-0.036996205
6.408369000	1.037856102	-0.040482246
6.408370000	1.084715366	-0.042476853
6.408371000	1.037359238	-0.043692204
6.408372000	1.033657074	-0.046147268
6.408373000	1.047590494	-0.046067248
6.408374000	1.045100570	-0.046694964
6.408375000	1.042527676	-0.043593051
6.408376000	1.052106261	-0.043888458
6.408377000	1.036665678	-0.046807565
6.408378000	1.070500970	-0.047211126
6.408379000	1.032855392	-0.047010760
6.408380000	1.045394421	-0.050053788
6.408381000	1.048255444	-0.051258086
6.408382000	1.048450232	-0.050189073
6.408383000	1.045392990	-0.049292727
6.408384000	1.027018309	-0.051267436
6.408385000	1.033196330	-0.052087174
6.408386000	1.023353457	-0.052176307
6.408387000	1.030626416	-0.053013663
6.408388000	1.038346171	-0.054899909
6.408389000	1.033085942	-0.057465411
6.408390000	1.031940937	-0.055640817
6.408391000	1.041811466	-0.060084980
6.408392000	1.041343808	-0.059505929
6.408393000	1.027261496	-0.058790842
6.408394000	1.020892620	-0.057588832
6.408395000	1.051072836	-0.059368931
6.408396000	1.040187359	-0.061477742
6.408397000	1.022249341	-0.061630965
6.408398000	1.050928593	-0.063566251
6.408399000	1.022624373	-0.063796269
6.408400000	1.034121990	-0.064997442
6.408401000	1.012609959	-0.067900167
6.408402000	1.048787475	-0.066534482
6.408403000	1.020775676	-0.066864477
6.408404000	1.032321215	-0.066221773
6.408405000	1.034428835	-0.069948184
6.408406000	1.028732657	-0.069157521
6.408407000	1.042631626	-0.068368293
6.408408000	1.032408714	-0.071444939
6.408409000	1.030984282	-0.072551241
6.408410000	1.019021511	-0.073320553
6.408411000	1.015287757	-0.073256845
6.408412000	1.033246756	-0.075740734
6.408413000	1.021697521	-0.072613650
6.408414000	1.038119197	-0.077597399
6.408415000	1.038658261	-0.076507575
6.408416000	1.018896341	-0.077715060
6.408417000	1.011725426	-0.081995767
6.408418000	1.002250314	-0.079777853
6.408419000	0.976844907	-0.082438859
6.408420000	1.000000238	-0.082687557
6.408421000	0.991308868	-0.084644547
6.408422000	1.019067168	-0.083755218
6.408423000	0.986522913	-0.088552045
6.408424000	0.987459183	-0.087175874
6.408425000	1.014514685	-0.088942540
6.408426000	0.979405105	-0.089352009
6.408427000	1.007032752	-0.087800401
6.408428000	1.026939154	-0.090638965
6.408429000	0.999393404	-0.088634587
6.408430000	1.023788691	-0.092563091
6.408431000	0.970594049	-0.092342140
6.408432000	0.988572776	-0.095462873
6.408433000	0.984556556	-0.094118452
6.408434000	0.960316777	-0.094897160
6.408435000	0.969259858	-0.095766599
6.408436000	0.969096243	-0.100374192
6.408437000	1.004858494	-0.096121789
6.408438000	0.967897177	-0.098707561
6.408439000	0.985347688	-0.098247566
6.408440000	0.989612401	-0.101768174
6.408441000	0.979246616	-0.100480710
6.408442000	0.982034862	-0.105012120
6.408443000	1.003928304	-0.102339363
6.408444000	0.961255968	-0.106101694
6.408445000	0.990917623	-0.110951677
6.408446000	0.956374228	-0.107263607
6.408447000	0.978456795	-0.108374569
6.408448000	0.956522942	-0.110488204
6.408449000	0.955644488	-0.111137790
6.408450000	1.004483700	-0.109205143
6.408451000	0.961588442	-0.107448172
6.408452000	0.953611493	-0.108939559
6.408453000	0.944549978	-0.112452177
6.408454000	0.964138031	-0.114033845
6.408455000	0.981724262	-0.110895642
6.408456000	0.944215894	-0.114137267
6.408457000	0.967340946	-0.115807984
6.408458000	0.945562005	-0.120639591
6.408459000	0.940573990	-0.121387765
6.408460000	0.944021523	-0.118585112
6.408461000	0.925984442	-0.122076874
6.408462000	0.928107500	-0.124148198
6.408463000	0.937113881	-0.118742413
6.408464000	0.986915350	-0.124678308
6.408465000	0.908849597	-0.121377412
6.408466000	0.919608176	-0.126900783
6.408467000	0.933287621	-0.124077091
6.408468000	0.939626634	-0.129232255
6.408469000	0.946357608	-0.129118247
6.408470000	0.924449801	-0.130911587
6.408471000	0.934100926	-0.129336177
6.408472000	0.934790134	-0.133844526
6.408473000	0.939842463	-0.134297346
6.408474000	0.915550113	-0.136494696
6.408475000	0.891088724	-0.138629852
6.408476000	0.891367137	-0.136119140
6.408477000	0.926292121	-0.138931097
6.408478000	0.913024783	-0.139934085
6.408479000	0.912748039	-0.141547545
6.408480000	0.906336963	-0.144938747
6.408481000	0.902530193	-0.142846601
6.408482000	0.917623520	-0.147905792
6.408483000	0.890520692	-0.150118829
6.408484000	0.854332983	-0.150979479
6.408485000	0.872380972	-0.152349526
6.408486000	0.878859818	-0.150336209
6.408487000	0.895061016	-0.149903662
6.408488000	0.870229483	-0.156226456
6.408489000	0.825099051	-0.153467787
6.408490000	0.882687032	-0.157611200
6.408491000	0.857840061	-0.159183463
6.408492000	0.888633966	-0.154290288
6.408493000	0.865070939	-0.160298729
6.408494000	0.855890334	-0.159196413
6.408495000	0.853526235	-0.160465043
6.408496000	0.855287850	-0.163819128
6.408497000	0.867964268	-0.170460436
6.408498000	0.822660565	-0.169306338
6.408499000	0.830382049	-0.168070815
6.408500000	0.828399599	-0.168667862
6.408501000	0.822274625	-0.172263146
6.408502000	0.826054752	-0.169732178
6.408503000	0.843278944	-0.167664150
6.408504000	0.843836367	-0.174606079
6.408505000	0.823066890	-0.178744531
6.408506000	0.825168729	-0.176635574
6.408507000	0.820114553	-0.176378829
6.408508000	0.779947400	-0.182098017
6.408509000	0.787992060	-0.184746181
6.408510000	0.804216862	-0.184963978
6.408511000	0.785444558	-0.185400886
6.408512000	0.785558283	-0.189689358
6.408513000	0.782042384	-0.187772165
6.408514000	0.772397757	-0.190437357
6.408515000	0.780583322	-0.188391266
6.408516000	0.758363783	-0.194201235
6.408517000	0.753440738	-0.199514042
6.408518000	0.736268103	-0.194978579
6.408519000	0.762787938	-0.199721719
6.408520000	0.730043411	-0.200712248
6.408521000	0.735273182	-0.202190269
6.408522000	0.727264345	-0.199487094
6.408523000	0.757148266	-0.201586348
6.408524000	0.733834982	-0.205234229
6.408525000	0.750327229	-0.200231181
6.408526000	0.735066533	-0.204474579
6.408527000	0.720051169	-0.208569156
6.408528000	0.736672163	-0.206777015
6.408529000	0.718702197	-0.210231817
6.408530000	0.691061199	-0.215889570
6.408531000	0.660460234	-0.217594625
6.408532000	0.689676464	-0.215743362
6.408533000	0.696012557	-0.218092870
6.408534000	0.656324863	-0.220734642
6.408535000	0.680042803	-0.219082034
6.408536000	0.638459682	-0.223026309
6.408537000	0.658763826	-0.226012861
6.408538000	0.660389483	-0.231035999
6.408539000	0.619219601	-0.231076213
6.408540000	0.631723583	-0.235770034
6.408541000	0.632465661	-0.236700809
6.408542000	0.626472592	-0.235087999
6.408543000	0.611029506	-0.234778106
6.408544000	0.628193378	-0.241068243
6.408545000	0.625405788	-0.240799064
6.408546000	0.586676538	-0.240921686
6.408547000	0.607289135	-0.243249689
6.408548000	0.582220614	-0.244164834
6.408549000	0.592431724	-0.248306981
6.408550000	0.533121109	-0.247070626
6.408551000	0.555348098	-0.249253802
6.408552000	0.538291872	-0.255971726
6.408553000	0.582382262	-0.251634069
6.408554000	0.519600868	-0.254901767
6.408555000	0.534951985	-0.264604778
6.408556000	0.511706710	-0.264462083
6.408557000	0.490827292	-0.266873542
6.408558000	0.477269024	-0.265196050
6.408559000	0.475435346	-0.273259819
6.408560000	0.477058411	-0.269813572
6.408561000	0.452128649	-0.271779234
6.408562000	0.451327235	-0.279982686
6.408563000	0.438822269	-0.283073285
6.408564000	0.440062582	-0.278404896
6.408565000	0.450742066	-0.282005357
6.408566000	0.408874899	-0.280710561
6.408567000	0.379870802	-0.291310908
6.408568000	0.360912144	-0.290722682
6.408569000	0.369356006	-0.295222359
6.408570000	0.337910414	-0.298397546
6.408571000	0.346602380	-0.295779592
6.408572000	0.320683181	-0.300769357
6.408573000	0.311694384	-0.305456687
6.408574000	0.309524655	-0.302452675
6.408575000	0.292743266	-0.307400096
6.408576000	0.271753848	-0.310898524
6.408577000	0.268598318	-0.312539098
6.408578000	0.263569444	-0.313991353
6.408579000	0.254264653	-0.308829248
6.408580000	0.191317797	-0.321618547
6.408581000	0.249429002	-0.321767983
6.408582000	0.233105838	-0.325100596
6.408583000	0.188978776	-0.324151346
6.408584000	0.186121270	-0.327008918
6.408585000	0.184696555	-0.328357509
6.408586000	0.116624169	-0.337970156
6.408587000	0.148984835	-0.335529302
6.408588000	0.085678376	-0.341020241
6.408589000	0.061187696	-0.343717857
6.408590000	0.058838934	-0.346190236
6.408591000	0.063128144	-0.352622369
6.408592000	0.024830200	-0.351663365
6.408593000	-0.008998767	-0.354652663
6.408594000	-0.022340860	-0.358570273
6.408595000	-0.016711054	-0.358662951
6.408596000	-0.038496409	-0.362567877
6.408597000	-0.006328066	-0.368958732
6.408598000	-0.119197339	-0.370205424
6.408599000	-0.151478887	-0.373735744
6.408600000	-0.157811046	-0.379711078
6.408601000	-0.186959326	-0.383179945
6.408602000	-0.225317731	-0.383861881
6.408603000	-0.184069961	-0.386788395
6.408604000	-0.251358449	-0.394934106
6.408605000	-0.256440818	-0.391574229
6.408606000	-0.304839045	-0.400344451
6.408607000	-0.337327749	-0.401773870
6.408608000	-0.338937014	-0.403660520
6.408609000	-0.325068831	-0.399274626
6.408610000	-0.333021849	-0.405149793
6.408611000	-0.408210009	-0.407105385
6.408612000	-0.387231380	-0.412880583
6.408613000	-0.427444041	-0.415173132
6.408614000	-0.450379163	-0.416502615
6.408615000	-0.467580467	-0.422884448
6.408616000	-0.542006254	-0.430281711
6.408617000	-0.561766922	-0.433510627
6.408618000	-0.628133237	-0.436631785
6.408619000	-0.704569876	-0.440517138
6.408620000	-0.757660925	-0.447269749
6.408621000	-0.744231164	-0.446405387
6.408622000	-0.834040821	-0.459391360
6.408623000	-0.858783901	-0.455632907
6.408624000	-0.909716547	-0.461700920
6.408625000	-0.908134818	-0.463194054
6.408626000	-0.983772099	-0.473435640
6.408627000	-0.995324194	-0.470234054
6.408628000	-1.053958178	-0.477161469
6.408629000	-1.080958128	-0.481293163
6.408630000	-1.047175527	-0.473553684
6.408631000	-1.097247362	-0.482769753
6.408632000	-1.161567807	-0.487630322
6.408633000	-1.221115351	-0.489718140
6.408634000	-1.292034268	-0.497504125
6.408635000	-1.348658800	-0.499801667
6.408636000	-1.430014133	-0.505179887
6.408637000	-1.486493230	-0.506321252
6.408638000	-1.446644425	-0.511296203
6.408639000	-1.458051324	-0.513070401
6.408640000	-1.611089468	-0.514569395
6.408641000	-1.694057584	-0.519481429
6.408642000	-1.642574430	-0.522922299
6.408643000	-1.755782962	-0.533072838
6.408644000	-1.783634901	-0.531421379
6.408645000	-1.919930696	-0.540515241
6.408646000	-1.923052549	-0.537626744
6.408647000	-2.091708183	-0.549185029
6.408648000	-2.143718958	-0.554359784
6.408649000	-2.140980959	-0.551030833
6.408650000	-2.262998104	-0.555128273
6.408651000	-2.374991655	-0.559520757
6.408652000	-2.451126814	-0.562538851
6.408653000	-2.501763344	-0.566393045
6.408654000	-2.534518480	-0.568328763
6.408655000	-2.772981644	-0.578512625
6.408656000	-2.624519110	-0.572307126
6.408657000	-2.741026878	-0.575704055
6.408658000	-2.823209286	-0.575066627
6.408659000	-2.913483858	-0.582784601
6.408660000	-3.076507092	-0.589404221
6.408661000	-3.127159595	-0.587287208
6.408662000	-3.295374870	-0.590869759
6.408663000	-3.249563694	-0.593742044
6.408664000	-3.456838846	-0.599187144
6.408665000	-3.661484003	-0.599050723
6.408666000	-3.589224339	-0.598357636
6.408667000	-3.734792709	-0.602427745
6.408668000	-3.956911802	-0.609522739
6.408669000	-3.964904785	-0.599889020
6.408670000	-4.112681866	-0.606856914
6.408671000	-4.139254093	-0.603384352
6.408672000	-4.235769272	-0.605721942
6.408673000	-4.405077934	-0.607819780
6.408674000	-4.428332329	-0.607729899
6.408675000	-4.570367336	-0.605799440
6.408676000	-4.669104099	-0.608122848
6.408677000	-4.881188869	-0.606527947
6.408678000	-4.890081882	-0.610602917
6.408679000	-4.992929459	-0.608367992
6.408680000	-5.239230633	-0.600087558
6.408681000	-5.210881233	-0.601835857
6.408682000	-5.337075710	-0.605385651
6.408683000	-5.522511959	-0.599045730
6.408684000	-5.688344002	-0.598184930
6.408685000	-5.752150536	-0.589279319
6.408686000	-5.996462345	-0.589056213
6.408687000	-6.110649109	-0.583311175
6.408688000	-6.124541759	-0.585958690
6.408689000	-6.396811008	-0.579317032
6.408690000	-6.508081913	-0.576528703
6.408691000	-6.643689632	-0.565322520
6.408692000	-6.777179718	-0.561019252
6.408693000	-6.860088348	-0.559594327
6.408694000	-6.989235878	-0.545008427
6.408695000	-7.175063610	-0.542105315
6.408696000	-7.318218708	-0.540068396
6.408697000	-7.419818401	-0.533164850
6.408698000	-7.718558311	-0.498775018
6.408699000	-7.820213318	-0.499422366
6.408700000	-7.923787117	-0.479282910
6.408701000	-8.197714806	-0.469097850
6.408702000	-8.362597466	-0.461031701
6.408703000	-8.358206749	-0.448973540
6.408704000	-8.485962868	-0.438180347
6.408705000	-8.445794106	-0.432937715
6.408706000	-8.650063515	-0.421602302
6.408707000	-8.842858315	-0.394861569
6.408708000	-8.849411011	-0.404370951
6.408709000	-9.072543144	-0.359157766
6.408710000	-9.201666832	-0.351933975
6.408711000	-9.416153908	-0.312726917
6.408712000	-9.498341560	-0.306861505
6.408713000	-9.457357407	-0.304177438
6.408714000	-9.400528908	-0.313821044
6.408715000	-9.521201134	-0.296017779
6.408716000	-9.672269821	-0.273182837
6.408717000	-9.856794357	-0.212988505
6.408718000	-9.950375557	-0.178562471
6.408719000	-9.916117668	-0.176150962
6.408720000	-9.967487335	-0.191998135
6.408721000	-10.204072952	-0.153761550
6.408722000	-10.110571861	-0.099838505
6.408723000	-10.167995453	-0.114679312
6.408724000	-10.118438721	-0.091023051
6.408725000	-10.105771065	-0.101114692
6.408726000	-10.236230850	-0.061428058
6.408727000	-10.171812057	-0.053197021
6.408728000	-10.218832016	-0.034106006
6.408729000	-10.229921341	-0.010562154
6.408730000	-10.130257607	0.033851403
6.408731000	-10.264196396	0.052514932
6.408732000	-10.184622765	0.067232059
6.408733000	-10.123857498	0.073994782
6.408734000	-10.135217667	0.123838297
6.408735000	-10.176758766	0.111739049
6.408736000	-10.171399117	0.137033670
6.408737000	-10.067262650	0.146128232
6.408738000	-10.052992821	0.171846195
6.408739000	-9.921317101	0.201661099
6.408740000	-9.797074318	0.233732167
6.408741000	-9.746383667	0.239250769
6.408742000	-9.662987709	0.268259135
6.408743000	-9.502185822	0.298548914
6.408744000	-9.464175224	0.297881026
6.408745000	-9.574353218	0.300735269
6.408746000	-9.554197311	0.296349276
6.408747000	-9.328907967	0.329548442
6.408748000	-9.300506592	0.340701827
6.408749000	-9.089848518	0.377891074
6.408750000	-9.121621132	0.367662305
6.408751000	-9.145195961	0.380757068
6.408752000	-9.116907120	0.369074779
6.408753000	-9.043479919	0.393133510
6.408754000	-8.862681389	0.407488314
6.408755000	-8.553314209	0.438541771
6.408756000	-8.668014526	0.433114549
6.408757000	-8.659288406	0.423896782
6.408758000	-8.528330803	0.452350461
6.408759000	-8.335682869	0.451853149
6.408760000	-8.239876747	0.461399516
6.408761000	-8.226294518	0.474996552
6.408762000	-8.009790421	0.490689029
6.408763000	-7.856536388	0.506486068
6.408764000	-7.788832664	0.497688548
6.408765000	-7.720479488	0.505954634
6.408766000	-7.665254116	0.523112482
6.408767000	-7.521846294	0.521698943
6.408768000	-7.441290379	0.525084853
6.408769000	-7.479834080	0.536940214
6.408770000	-7.364285469	0.535546548
6.408771000	-7.247542381	0.545959076
6.408772000	-7.240522385	0.550375695
6.408773000	-7.127729416	0.554028154
6.408774000	-6.819396496	0.569138298
6.408775000	-6.816308498	0.565973197
6.408776000	-6.797462463	0.559985745
6.408777000	-6.589232445	0.574940061
6.408778000	-6.736258507	0.566960697
6.408779000	-6.544047832	0.569526520
6.408780000	-6.400235653	0.580700944
6.408781000	-6.332695007	0.586897654
6.408782000	-6.204230309	0.595171030
6.408783000	-6.107279301	0.592162790
6.408784000	-6.108037949	0.592410064
6.408785000	-5.919761181	0.596797556
6.408786000	-5.926077843	0.596773721
6.408787000	-5.896789074	0.592040684
6.408788000	-5.933132648	0.594413427
6.408789000	-5.725286484	0.602688801
6.408790000	-5.630968094	0.601990187
6.408791000	-5.565731525	0.604572455
6.408792000	-5.495323181	0.601715549
6.408793000	-5.502019882	0.603327427
6.408794000	-5.330849171	0.607956400
6.408795000	-5.273192883	0.610121550
6.408796000	-5.191793919	0.613134251
6.408797000	-5.218748569	0.612584974
6.408798000	-5.129882336	0.607510720
6.408799000	-5.001939297	0.618002976
6.408800000	-4.976615429	0.608291293
6.408801000	-4.965894699	0.608755482
6.408802000	-4.864787579	0.609914223
6.408803000	-4.783143520	0.620903292
6.408804000	-4.701571941	0.615450203
6.408805000	-4.648487091	0.609280191
6.408806000	-4.613814831	0.615715720
6.408807000	-4.484763622	0.615848345
6.408808000	-4.484944820	0.613571676
6.408809000	-4.522951126	0.607208585
6.408810000	-4.351298809	0.611391745
6.408811000	-4.332431316	0.613323070
6.408812000	-4.273834229	0.615634893
6.408813000	-4.206235409	0.616060866
6.408814000	-4.132495403	0.612886111
6.408815000	-4.108596325	0.613870682
6.408816000	-4.062323093	0.607528897
6.408817000	-3.990004301	0.616901160
6.408818000	-3.948478937	0.607158983
6.408819000	-3.903914928	0.610339131
6.408820000	-3.884801149	0.609223466
6.408821000	-3.857568026	0.607708926
6.408822000	-3.871617794	0.607420040
6.408823000	-3.788377523	0.611217907
6.408824000	-3.688080311	0.608236565
6.408825000	-3.632828951	0.605034913
6.408826000	-3.570204258	0.603064174
6.408827000	-3.575371981	0.601736654
6.408828000	-3.539146423	0.600578246
6.408829000	-3.531407595	0.596791098
6.408830000	-3.390518427	0.598972093
6.408831000	-3.361735106	0.598493923
6.408832000	-3.336660385	0.600155336
6.408833000	-3.321704626	0.598075607
6.408834000	-3.313748360	0.597154353
6.408835000	-3.264370680	0.590799718
6.408836000	-3.243690968	0.598727083
6.408837000	-3.173800707	0.594531073
6.408838000	-3.084051132	0.589195030
6.408839000	-3.086147785	0.587068895
6.408840000	-3.039533138	0.587415639
6.408841000	-3.003633022	0.589551427
6.408842000	-2.975975513	0.586627543
6.408843000	-2.937791348	0.583918309
6.408844000	-2.875147581	0.583490272
6.408845000	-2.889400721	0.586011554
6.408846000	-2.845384121	0.586613428
6.408847000	-2.762599945	0.583354784
6.408848000	-2.710297346	0.579588875
6.408849000	-2.704845905	0.578933338
6.408850000	-2.687175989	0.580572180
6.408851000	-2.700283051	0.576402003
6.408852000	-2.666503429	0.577722798
6.408853000	-2.546987295	0.567434873
6.408854000	-2.512142897	0.569765938
6.408855000	-2.564578056	0.566784796
6.408856000	-2.484004498	0.568734429
6.408857000	-2.430532217	0.570290914
6.408858000	-2.412399054	0.566910896
6.408859000	-2.413761854	0.564402665
6.408860000	-2.416906834	0.561717932
6.408861000	-2.296617746	0.560595543
6.408862000	-2.299910784	0.557011860
6.408863000	-2.266155243	0.557959612
6.408864000	-2.281980753	0.562284253
6.408865000	-2.228106737	0.559608309
6.408866000	-2.176376820	0.553409468
6.408867000	-2.182535172	0.554573070
6.408868000	-2.153476238	0.550605726
6.408869000	-2.130503893	0.548881229
6.408870000	-2.123411655	0.547530674
6.408871000	-2.105320692	0.547096079
6.408872000	-2.025155783	0.546775301
6.408873000	-2.018293142	0.547081964
6.408874000	-2.028035879	0.545463694
6.408875000	-1.957675695	0.543369717
6.408876000	-1.944467664	0.543925952
6.408877000	-1.900670648	0.538167498
6.408878000	-1.894590974	0.539898986
6.408879000	-1.819777250	0.537858538
6.408880000	-1.822092295	0.530596198
6.408881000	-1.853245854	0.536504521
6.408882000	-1.814918876	0.532780723
6.408883000	-1.808102250	0.531822384
6.408884000	-1.799276829	0.528756553
6.408885000	-1.704097629	0.524404415
6.408886000	-1.730737925	0.528708749
6.408887000	-1.659455538	0.523117909
6.408888000	-1.628363848	0.519767286
6.408889000	-1.662106276	0.524082073
6.408890000	-1.639189959	0.522596428
6.408891000	-1.613823414	0.514789571
6.408892000	-1.569997191	0.515696877
6.408893000	-1.527471662	0.513488051
6.408894000	-1.530433893	0.512226645
6.408895000	-1.508005500	0.510934313
6.408896000	-1.453067899	0.509074694
6.408897000	-1.457332730	0.507495839
6.408898000	-1.502076745	0.511113777
6.408899000	-1.444865465	0.509538250
6.408900000	-1.435825467	0.508927954
6.408901000	-1.364275336	0.501330188
6.408902000	-1.366900802	0.503249462
6.408903000	-1.356827021	0.499660153
6.408904000	-1.368315697	0.500513863
6.408905000	-1.329214096	0.499979200
6.408906000	-1.308134198	0.500252141
6.408907000	-1.337903023	0.495920642
6.408908000	-1.264239788	0.497356952
6.408909000	-1.267193913	0.495674566
6.408910000	-1.230457902	0.492641292
6.408911000	-1.238372326	0.492553242
6.408912000	-1.230055928	0.491767909
6.408913000	-1.250877261	0.492196844
6.408914000	-1.189403653	0.492776082
6.408915000	-1.149215698	0.488792292
6.408916000	-1.164332032	0.485171259
6.408917000	-1.128804684	0.482433795
6.408918000	-1.148640275	0.482502239
6.408919000	-1.074095488	0.477150217
6.408920000	-1.117290139	0.477222888
6.408921000	-1.049124122	0.474619914
6.408922000	-1.076240301	0.474130126
6.408923000	-1.056673765	0.475930356
6.408924000	-1.028556108	0.475980823
6.408925000	-1.034426689	0.474994255
6.408926000	-1.035132170	0.471541833
6.408927000	-1.020753980	0.473289332
6.408928000	-0.953302205	0.469870399
6.408929000	-0.950751126	0.466755899
6.408930000	-0.972985923	0.466639552
6.408931000	-0.942060947	0.465257938
6.408932000	-0.916349113	0.466829802
6.408933000	-0.911888480	0.463342159
6.408934000	-0.908000290	0.464119037
6.408935000	-0.891379893	0.462641781
6.408936000	-0.849925578	0.456799438
6.408937000	-0.821808934	0.460263079
6.408938000	-0.806444526	0.455207367
6.408939000	-0.853690982	0.457195883
6.408940000	-0.793663442	0.454971911
6.408941000	-0.815566778	0.452712884
6.408942000	-0.809932709	0.455063756
6.408943000	-0.758052647	0.451277440
6.408944000	-0.782052457	0.451065653
6.408945000	-0.750600159	0.449610501
6.408946000	-0.742207170	0.450264773
6.408947000	-0.749341846	0.449974089
6.408948000	-0.739522219	0.444940682
6.408949000	-0.737959564	0.446963952
6.408950000	-0.717246473	0.444698367
6.408951000	-0.698684752	0.441662097
6.408952000	-0.689905465	0.438585647
6.408953000	-0.632138014	0.439124038
6.408954000	-0.665569186	0.435433762
6.408955000	-0.635873199	0.437777943
6.408956000	-0.640927374	0.434790243
6.408957000	-0.616446972	0.435948485
6.408958000	-0.645601153	0.433347242
6.408959000	-0.611830771	0.431292347
6.408960000	-0.615809739	0.437966562
6.408961000	-0.580557883	0.430784516
6.408962000	-0.577608645	0.431054827
6.408963000	-0.601888597	0.430707783
6.408964000	-0.545911491	0.428259040
6.408965000	-0.544473171	0.430751859
6.408966000	-0.523422122	0.420204476
6.408967000	-0.497743517	0.420565967
6.408968000	-0.495280087	0.423758764
6.408969000	-0.489548773	0.421312917
6.408970000	-0.532585621	0.419581729
6.408971000	-0.494935960	0.420125347
6.408972000	-0.468926251	0.416615733
6.408973000	-0.501560569	0.420008001
6.408974000	-0.476715922	0.415662221
6.408975000	-0.447938353	0.419247768
6.408976000	-0.419789016	0.416103008
6.408977000	-0.449820340	0.418127743
6.408978000	-0.472317457	0.414235866
6.408979000	-0.400477976	0.412972895
6.408980000	-0.420263618	0.411074427
6.408981000	-0.421706378	0.413020665
6.408982000	-0.403810263	0.406679779
6.408983000	-0.393396050	0.410270818
6.408984000	-0.393155992	0.406926021
6.408985000	-0.380772978	0.408274113
6.408986000	-0.383662969	0.407674037
6.408987000	-0.356133491	0.405343105
6.408988000	-0.357314855	0.406449781
6.408989000	-0.328142971	0.404553311
6.408990000	-0.335441589	0.400955281
6.408991000	-0.324458301	0.400851917
6.408992000	-0.322338849	0.399303355
6.408993000	-0.291530460	0.400807042
6.408994000	-0.303290367	0.398558835
6.408995000	-0.273381412	0.395206814
6.408996000	-0.274039537	0.393921672
6.408997000	-0.265588433	0.392515623
6.408998000	-0.274329633	0.392544319
6.408999000	-0.268745571	0.391764246
6.409000000	-0.284651786	0.394707538
6.409001000	-0.237862781	0.389082709
6.409002000	-0.227287546	0.390887100
6.409003000	-0.218972668	0.390585131
6.409004000	-0.187223434	0.388993459
6.409005000	-0.234399706	0.386741990
6.409006000	-0.239342213	0.390694187
6.409007000	-0.251217186	0.387081776
6.409008000	-0.224289909	0.383921769
6.409009000	-0.202947482	0.385064864
6.409010000	-0.174532235	0.385870703
6.409011000	-0.218020171	0.385446129
6.409012000	-0.160225391	0.378028093
6.409013000	-0.200517148	0.378059619
6.409014000	-0.150063932	0.378713092
6.409015000	-0.145801067	0.383731086
6.409016000	-0.140832976	0.380518615
6.409017000	-0.162556052	0.377940708
6.409018000	-0.144530654	0.377766538
6.409019000	-0.123311244	0.379588073
6.409020000	-0.145426467	0.374903240
6.409021000	-0.147783086	0.370915589
6.409022000	-0.092547812	0.370779801
6.409023000	-0.111330219	0.368531061
6.409024000	-0.100786328	0.370211816
6.409025000	-0.081728786	0.369284603
6.409026000	-0.069988236	0.370447272
6.409027000	-0.079743639	0.368344840
6.409028000	-0.112813242	0.363195252
6.409029000	-0.072972670	0.366690584
6.409030000	-0.073583528	0.366543478
6.409031000	-0.050341345	0.367220420
6.409032000	-0.072004735	0.366204257
6.409033000	-0.098093778	0.364439381
6.409034000	-0.060935888	0.363083232
6.409035000	-0.053962935	0.361172115
6.409036000	-0.017981051	0.362091338
6.409037000	-0.023767387	0.361732677
6.409038000	-0.014935076	0.359352477
6.409039000	-0.022066317	0.358443806
6.409040000	-0.017709013	0.361820861
6.409041000	-0.011351387	0.358174028
6.409042000	-0.001169211	0.359124577
6.409043000	-0.010697158	0.358864186
6.409044000	0.008250133	0.354797905
6.409045000	0.016436063	0.355285796
6.409046000	-0.004565375	0.357304306
6.409047000	-0.013513669	0.356037607
6.409048000	0.022220613	0.355191387
6.409049000	0.019432187	0.353323047
6.409050000	-0.010239337	0.351756475
6.409051000	0.029384332	0.352297596
6.409052000	0.033850778	0.348249958
6.409053000	0.041041922	0.350549298
6.409054000	0.065090083	0.349578409
6.409055000	0.040767848	0.350348429
6.409056000	0.059574921	0.347851549
6.409057000	0.073743306	0.343651944
6.409058000	0.063069254	0.348013169
6.409059000	0.084867127	0.347712432
6.409060000	0.067009673	0.341472113
6.409061000	0.048999719	0.343792459
6.409062000	0.087759018	0.341851014
6.409063000	0.081022009	0.343555470
6.409064000	0.087392844	0.342233278
6.409065000	0.110903978	0.342270861
6.409066000	0.127282515	0.341757437
6.409067000	0.068224162	0.341000600
6.409068000	0.113299958	0.338897069
6.409069000	0.119076185	0.334942475
6.409070000	0.101854987	0.337992893
6.409071000	0.130470335	0.337697715
6.409072000	0.143156886	0.334665240
6.409073000	0.150019690	0.333719784
6.409074000	0.147145301	0.338029911
6.409075000	0.120288529	0.332578353
6.409076000	0.153617918	0.334789443
6.409077000	0.146643817	0.335921553
6.409078000	0.140519381	0.332847033
6.409079000	0.153002307	0.331191113
6.409080000	0.126870975	0.331092775
6.409081000	0.160768971	0.329179394
6.409082000	0.139932424	0.330354381
6.409083000	0.136315137	0.335687660
6.409084000	0.176971853	0.329905738
6.409085000	0.162650734	0.331905605
6.409086000	0.174383685	0.328966508
6.409087000	0.189315781	0.327727505
6.409088000	0.192822829	0.328070720
6.409089000	0.174123436	0.323032053
6.409090000	0.201575935	0.328195722
6.409091000	0.185211897	0.325201896
6.409092000	0.192595914	0.324947864
6.409093000	0.216338292	0.323484557
6.409094000	0.213100061	0.322880951
6.409095000	0.216158643	0.323311019
6.409096000	0.199526876	0.321383955
6.409097000	0.174253240	0.322924827
6.409098000	0.239372611	0.321255425
6.409099000	0.203781426	0.319363814
6.409100000	0.224504679	0.320474486
6.409101000	0.227901921	0.319208819
6.409102000	0.246541217	0.320333538
6.409103000	0.252720505	0.316663136
6.409104000	0.228913218	0.317075826
6.409105000	0.222166553	0.317848476
6.409106000	0.252683938	0.316035596
6.409107000	0.271220982	0.311283917
6.409108000	0.239371881	0.316835975
6.409109000	0.248989984	0.312868864
6.409110000	0.264648437	0.311996745
6.409111000	0.267297745	0.312134098
6.409112000	0.258772284	0.310153139
6.409113000	0.263303816	0.313204988
6.409114000	0.282112271	0.311751568
6.409115000	0.309792697	0.310448250
6.409116000	0.273933798	0.311026256
6.409117000	0.257245988	0.309220466
6.409118000	0.259094983	0.306928783
6.409119000	0.277687341	0.309036575
6.409120000	0.289335430	0.307595572
6.409121000	0.304505229	0.308408102
6.409122000	0.303559005	0.303249360
6.409123000	0.287780702	0.305881894
6.409124000	0.292052984	0.307341906
6.409125000	0.315090597	0.302318651
6.409126000	0.295523405	0.304750584
6.409127000	0.292849839	0.302975387
6.409128000	0.295886844	0.305416840
6.409129000	0.332035393	0.300970659
6.409130000	0.315179408	0.302281367
6.409131000	0.308113128	0.302233031
6.409132000	0.314918429	0.300940965
6.409133000	0.322849631	0.300473514
6.409134000	0.302751452	0.297204816
6.409135000	0.303255349	0.297218898
6.409136000	0.307510436	0.298767060
6.409137000	0.342021763	0.300202703
6.409138000	0.326354146	0.295551493
6.409139000	0.327840894	0.294829143
6.409140000	0.339112580	0.299355086
6.409141000	0.328934640	0.294385095
6.409142000	0.345570982	0.294278435
6.409143000	0.333249629	0.298162023
6.409144000	0.347637683	0.298487395
6.409145000	0.373838037	0.296093113
6.409146000	0.343516260	0.290968359
6.409147000	0.376005709	0.294866328
6.409148000	0.348405063	0.294451041
6.409149000	0.357952714	0.294571915
6.409150000	0.367693007	0.291957989
6.409151000	0.358092189	0.291790343
6.409152000	0.425320894	0.290270011
6.409153000	0.369917095	0.292081493
6.409154000	0.357802540	0.290835101
6.409155000	0.385921597	0.291852661
6.409156000	0.376678377	0.291476690
6.409157000	0.387470931	0.290278733
6.409158000	0.396330506	0.289058107
6.409159000	0.366996497	0.290045107
6.409160000	0.400466889	0.288158524
6.409161000	0.368595511	0.287762113
6.409162000	0.403643459	0.283865142
6.409163000	0.386741340	0.288142712
6.409164000	0.382468879	0.284770717
6.409165000	0.413986355	0.284783034
6.409166000	0.431693524	0.286374306
6.409167000	0.410654128	0.281841073
6.409168000	0.399297267	0.283760646
6.409169000	0.407996029	0.286866491
6.409170000	0.415748239	0.279796997
6.409171000	0.446224719	0.282288284
6.409172000	0.417700827	0.282379065
6.409173000	0.432346314	0.279315431
6.409174000	0.446195871	0.281188499
6.409175000	0.433521301	0.279531913
6.409176000	0.439562768	0.279551354
6.409177000	0.423458636	0.282632165
6.409178000	0.428044111	0.281234605
6.409179000	0.437302917	0.277042839
6.409180000	0.459683478	0.281008070
6.409181000	0.425684154	0.279686975
6.409182000	0.437318653	0.277877307
6.409183000	0.427490234	0.277464601
6.409184000	0.439294636	0.278502551
6.409185000	0.453609377	0.277305793
6.409186000	0.450195968	0.275496608
6.409187000	0.473589510	0.277614304
6.409188000	0.451030821	0.276290213
6.409189000	0.425766945	0.277195838
6.409190000	0.451438397	0.272760060
6.409191000	0.471101284	0.274798211
6.409192000	0.452066809	0.274857849
6.409193000	0.435849339	0.273508708
6.409194000	0.462502211	0.274199249
6.409195000	0.443086922	0.272126910
6.409196000	0.496498019	0.274928655
6.409197000	0.483317584	0.271523388
6.409198000	0.480773360	0.272837791
6.409199000	0.468066126	0.270509239
6.409200000	0.461208731	0.270374450
6.409201000	0.457036555	0.269023445
6.409202000	0.469537586	0.271853487
6.409203000	0.495354325	0.267245469
6.409204000	0.460913986	0.268019051
6.409205000	0.461525291	0.268157901
6.409206000	0.488009214	0.265695210
6.409207000	0.489471644	0.266177841
6.409208000	0.463881642	0.268160232
6.409209000	0.496008039	0.265604462
6.409210000	0.507349730	0.267022080
6.409211000	0.483797103	0.268374333
6.409212000	0.500572562	0.262662535
6.409213000	0.489714950	0.265914654
6.409214000	0.499011427	0.267923693
6.409215000	0.493304372	0.266472287
6.409216000	0.491570920	0.262526780
6.409217000	0.499236882	0.261350895
6.409218000	0.483512938	0.264770843
6.409219000	0.489814043	0.262297549
6.409220000	0.511733413	0.262559421
6.409221000	0.498314083	0.261599185
6.409222000	0.534891903	0.261102555
6.409223000	0.514965177	0.258797023
6.409224000	0.492950082	0.261805530
6.409225000	0.511660874	0.265297799
6.409226000	0.490498960	0.260225243
6.409227000	0.519927680	0.258877484
6.409228000	0.519101679	0.258925438
6.409229000	0.492664456	0.260944213
6.409230000	0.548429310	0.257594656
6.409231000	0.518063426	0.258484718
6.409232000	0.499260068	0.256247130
6.409233000	0.533320069	0.257598051
6.409234000	0.507238746	0.257698153
6.409235000	0.550866246	0.257390591
6.409236000	0.538100958	0.252869725
6.409237000	0.531066358	0.254041733
6.409238000	0.538410306	0.252814981
6.409239000	0.524188638	0.253419485
6.409240000	0.540279210	0.253718292
6.409241000	0.581508338	0.255262709
6.409242000	0.539273918	0.253517340
6.409243000	0.573882103	0.253686134
6.409244000	0.559738576	0.248861851
6.409245000	0.543528736	0.252983576
6.409246000	0.556755960	0.252944061
6.409247000	0.566789865	0.252669456
6.409248000	0.576966643	0.254073474
6.409249000	0.557568550	0.249257763
6.409250000	0.530449271	0.250357715
6.409251000	0.559080243	0.249796288
6.409252000	0.532332301	0.250108244
6.409253000	0.534999251	0.249639394
6.409254000	0.559208870	0.248140700
6.409255000	0.557316899	0.249606870
6.409256000	0.557971776	0.248205299
6.409257000	0.548620105	0.248560082
6.409258000	0.583068252	0.248767675
6.409259000	0.571949244	0.244879510
6.409260000	0.567555130	0.246393883
6.409261000	0.576018810	0.244338455
6.409262000	0.563225389	0.246131279
6.409263000	0.592365026	0.244813280
6.409264000	0.583621323	0.244026816
6.409265000	0.561713994	0.243928795
6.409266000	0.583705723	0.245183243
6.409267000	0.591770947	0.245680622
6.409268000	0.566620409	0.242465920
6.409269000	0.578435719	0.243562959
6.409270000	0.599530041	0.244744521
6.409271000	0.587451398	0.245365437
6.409272000	0.586207271	0.244053231
6.409273000	0.575959444	0.244836749
6.409274000	0.573153198	0.245018427
6.409275000	0.563034594	0.240138650
6.409276000	0.594947219	0.240582699
6.409277000	0.567865670	0.237863079
6.409278000	0.595836818	0.241557832
6.409279000	0.590981364	0.242082874
6.409280000	0.572241724	0.240985702
6.409281000	0.599208355	0.239804973
6.409282000	0.592583179	0.238410658
6.409283000	0.592925787	0.240839944
6.409284000	0.587132037	0.241666323
6.409285000	0.588380396	0.238985685
6.409286000	0.612422407	0.239819520
6.409287000	0.587508917	0.240589557
6.409288000	0.579912901	0.238255862
6.409289000	0.605921268	0.241344347
6.409290000	0.624858022	0.240063882
6.409291000	0.614396930	0.237844287
6.409292000	0.620475769	0.236168926
6.409293000	0.604949415	0.237737561
6.409294000	0.621339679	0.235789309
6.409295000	0.600484252	0.236659513
6.409296000	0.590394974	0.236628388
6.409297000	0.589576721	0.237056940
6.409298000	0.628134310	0.235835015
6.409299000	0.603281081	0.236256560
6.409300000	0.622406721	0.234826609
6.409301000	0.626118362	0.234878108
6.409302000	0.645498753	0.233245025
6.409303000	0.642591715	0.233799644
6.409304000	0.632482886	0.230956387
6.409305000	0.637269199	0.232581614
6.409306000	0.615913928	0.231431545
6.409307000	0.645497739	0.230359390
6.409308000	0.629301548	0.231678853
6.409309000	0.618430197	0.235927910
6.409310000	0.623388827	0.231696546
6.409311000	0.618599772	0.232945319
6.409312000	0.630220294	0.231429348
6.409313000	0.624343216	0.231114562
6.409314000	0.635375798	0.232125182
6.409315000	0.639293015	0.230074531
6.409316000	0.619569063	0.228353014
6.409317000	0.615725935	0.230240063
6.409318000	0.638168097	0.228193374
6.409319000	0.629048824	0.230202613
6.409320000	0.660341144	0.227193906
6.409321000	0.659901083	0.227155757
6.409322000	0.639563084	0.228129475
6.409323000	0.642254889	0.229199233
6.409324000	0.649757445	0.228021001
6.409325000	0.633985579	0.227158137
6.409326000	0.631656408	0.227352781
6.409327000	0.662059724	0.228083286
6.409328000	0.674168408	0.226537604
6.409329000	0.645678878	0.226187082
6.409330000	0.644652724	0.227459224
6.409331000	0.647783399	0.226684760
6.409332000	0.658620238	0.222481260
6.409333000	0.640501022	0.224176162
6.409334000	0.647718906	0.224701937
6.409335000	0.672571182	0.225413317
6.409336000	0.632208884	0.221259884
6.409337000	0.639591515	0.222835161
6.409338000	0.662454009	0.222167473
6.409339000	0.658213913	0.221401947
6.409340000	0.648878872	0.219175927
6.409341000	0.652701199	0.222161930
6.409342000	0.665480494	0.222225363
6.409343000	0.675864100	0.224910412
6.409344000	0.668925464	0.221474635
6.409345000	0.657079220	0.222257338
6.409346000	0.673207581	0.220119435
6.409347000	0.654630125	0.222085714
6.409348000	0.665382445	0.221429544
6.409349000	0.648191392	0.217519924
6.409350000	0.674628556	0.218214559
6.409351000	0.654205739	0.218034779
6.409352000	0.674055099	0.222926474
6.409353000	0.703276575	0.221338131
6.409354000	0.664694667	0.221920481
6.409355000	0.689646840	0.216552364
6.409356000	0.679618478	0.217892683
6.409357000	0.658950925	0.217468874
6.409358000	0.673321724	0.220510271
6.409359000	0.680658102	0.218508356
6.409360000	0.706818640	0.216273198
6.409361000	0.691649616	0.216885858
6.409362000	0.704831243	0.217986393
6.409363000	0.675731957	0.220012975
6.409364000	0.703365207	0.220219404
6.409365000	0.651956975	0.216291741
6.409366000	0.695917547	0.216926755
6.409367000	0.684755206	0.216196882
6.409368000	0.695723951	0.213288510
6.409369000	0.677654207	0.215880632
6.409370000	0.689301670	0.215801602
6.409371000	0.696877599	0.215736638
6.409372000	0.687870085	0.217064257
6.409373000	0.667416036	0.215259915
6.409374000	0.713334024	0.216330173
6.409375000	0.687908351	0.214708574
6.409376000	0.708803654	0.212645723
6.409377000	0.687791765	0.214844945
6.409378000	0.678867579	0.211363444
6.409379000	0.682016611	0.212714449
6.409380000	0.697266579	0.213005932
6.409381000	0.712018907	0.210151090
6.409382000	0.713239789	0.209527861
6.409383000	0.697272182	0.212122395
6.409384000	0.687353194	0.211525847
6.409385000	0.693661749	0.210920411
6.409386000	0.731817126	0.211820509
6.409387000	0.701151192	0.210307701
6.409388000	0.713566244	0.207739498
6.409389000	0.707692981	0.211087757
6.409390000	0.699878156	0.210278007
6.409391000	0.663581431	0.210194167
6.409392000	0.679927468	0.207015651
6.409393000	0.695538819	0.210881662
6.409394000	0.701801658	0.209825236
6.409395000	0.713225365	0.208342055
6.409396000	0.710391641	0.205851883
6.409397000	0.713494301	0.208661867
6.409398000	0.714259863	0.205840348
6.409399000	0.711600006	0.208659853
6.409400000	0.703176618	0.206954698
6.409401000	0.714997351	0.204341671
6.409402000	0.713348866	0.209540977
6.409403000	0.709985137	0.207640878
6.409404000	0.736876011	0.208981596
6.409405000	0.699443579	0.204244299
6.409406000	0.738662601	0.207099474
6.409407000	0.735169053	0.207123309
6.409408000	0.715218782	0.206763433
6.409409000	0.703209937	0.204175623
6.409410000	0.703398407	0.205051203
6.409411000	0.743829489	0.205949205
6.409412000	0.723451555	0.205913568
6.409413000	0.743410707	0.206174225
6.409414000	0.730846345	0.205427009
6.409415000	0.699707687	0.206072642
6.409416000	0.706514716	0.201392469
6.409417000	0.707715690	0.205756741
6.409418000	0.745495260	0.205486314
6.409419000	0.743065894	0.204245114
6.409420000	0.717883408	0.205108811
6.409421000	0.720729232	0.201419517
6.409422000	0.735897899	0.203430736
6.409423000	0.745215714	0.202822071
6.409424000	0.718471646	0.202459814
6.409425000	0.745844543	0.203243716
6.409426000	0.728371024	0.201074621
6.409427000	0.727107465	0.203346031
6.409428000	0.727676868	0.202167133
6.409429000	0.720765352	0.202071159
6.409430000	0.734265983	0.199832107
6.409431000	0.750019491	0.199888632
6.409432000	0.736703217	0.201658719
6.409433000	0.733734131	0.199568770
6.409434000	0.756921172	0.198887850
6.409435000	0.737495482	0.202711233
6.409436000	0.743487656	0.196334311
6.409437000	0.743753016	0.197391586
6.409438000	0.748333037	0.202592107
6.409439000	0.736974716	0.200109708
6.409440000	0.735149384	0.200372113
6.409441000	0.730975807	0.197273441
6.409442000	0.771509647	0.197603324
6.409443000	0.746191680	0.196432199
6.409444000	0.756611466	0.197869424
6.409445000	0.766098499	0.195468484
6.409446000	0.730664074	0.197959954
6.409447000	0.743251324	0.198112021
6.409448000	0.735258877	0.196709001
6.409449000	0.759414375	0.196989682
6.409450000	0.771334589	0.194025267
6.409451000	0.744246125	0.199084874
6.409452000	0.768805802	0.196317616
6.409453000	0.745679617	0.198207112
6.409454000	0.736373723	0.195396412
6.409455000	0.755228400	0.195090182
6.409456000	0.756094277	0.194501374
6.409457000	0.775263369	0.195447844
6.409458000	0.755076170	0.195206662
6.409459000	0.758026659	0.197031976
6.409460000	0.757658899	0.195975999
6.409461000	0.751066744	0.194392367
6.409462000	0.772568285	0.192218628
6.409463000	0.751701713	0.192597463
6.409464000	0.765352190	0.193707102
6.409465000	0.768781185	0.194516371
6.409466000	0.748070776	0.193301786
6.409467000	0.772672117	0.194309776
6.409468000	0.753772855	0.191904708
6.409469000	0.746624649	0.191373974
6.409470000	0.768460512	0.192123021
6.409471000	0.762051821	0.193395846
6.409472000	0.752221286	0.193045307
6.409473000	0.761093080	0.189227932
6.409474000	0.766322315	0.193258177
6.409475000	0.759440958	0.188529551
6.409476000	0.794536114	0.190612493
6.409477000	0.770455003	0.192057823
6.409478000	0.775430381	0.188388570
6.409479000	0.770563066	0.191005093
6.409480000	0.796626627	0.192943774
6.409481000	0.779541075	0.189186403
6.409482000	0.783501625	0.189237053
6.409483000	0.769940257	0.188974299
6.409484000	0.753401339	0.189495313
6.409485000	0.748574495	0.189679504
6.409486000	0.788799822	0.190233075
6.409487000	0.769126117	0.187711628
6.409488000	0.757964075	0.188718353
6.409489000	0.787803173	0.187776093
6.409490000	0.774445891	0.188060419
6.409491000	0.779677927	0.187705935
6.409492000	0.792362630	0.189978411
6.409493000	0.787309468	0.185543748
6.409494000	0.756753147	0.186610377
6.409495000	0.793265343	0.186757051
6.409496000	0.792087615	0.186935449
6.409497000	0.771882057	0.187361439
6.409498000	0.776800334	0.184564404
6.409499000	0.773495197	0.187692553
6.409500000	0.791772366	0.187024016
6.409501000	0.775286853	0.186955157
6.409502000	0.805969179	0.186032538
6.409503000	0.816145182	0.184991442
6.409504000	0.759846210	0.184094556
6.409505000	0.787570775	0.184310704
6.409506000	0.801763892	0.185920069
6.409507000	0.790773094	0.185944104
6.409508000	0.772461355	0.186566252
6.409509000	0.785908639	0.186838128
6.409510000	0.791838706	0.184507562
6.409511000	0.789568007	0.183345092
6.409512000	0.796062648	0.185417181
6.409513000	0.800104380	0.184738791
6.409514000	0.785943329	0.184310338
6.409515000	0.784771383	0.182870817
6.409516000	0.776159227	0.181861146
6.409517000	0.770000279	0.181498506
6.409518000	0.774315238	0.180180391
6.409519000	0.785575330	0.182214996
6.409520000	0.796800017	0.181564886
6.409521000	0.778107882	0.180677454
6.409522000	0.792567074	0.179867836
6.409523000	0.787784338	0.182352515
6.409524000	0.791699767	0.179894734
6.409525000	0.801952660	0.183211884
6.409526000	0.799600124	0.180296505
6.409527000	0.794758558	0.180730218
6.409528000	0.789764583	0.182331826
6.409529000	0.798183262	0.181356543
6.409530000	0.791234791	0.181869934
6.409531000	0.814963818	0.180819983
6.409532000	0.794545114	0.177920816
6.409533000	0.785718560	0.180345457
6.409534000	0.796123862	0.178344075
6.409535000	0.785762548	0.179701255
6.409536000	0.797811985	0.177316628
6.409537000	0.811527133	0.174647824
6.409538000	0.799692631	0.185265647
6.409539000	0.819412351	0.180260652
6.409540000	0.795907795	0.176557077
6.409541000	0.813833535	0.180115210
6.409542000	0.803212345	0.176234718
6.409543000	0.805883110	0.177094587
6.409544000	0.817401111	0.177419043
6.409545000	0.810422003	0.177506910
6.409546000	0.806585550	0.177341528
6.409547000	0.805329680	0.178031886
6.409548000	0.821141124	0.177451583
6.409549000	0.796366036	0.175349500
6.409550000	0.815892100	0.175170519
6.409551000	0.814815760	0.175223849
6.409552000	0.801402807	0.174698524
6.409553000	0.815337479	0.175859546
6.409554000	0.815112054	0.174933165
6.409555000	0.821715355	0.177434406
6.409556000	0.837156355	0.176079456
6.409557000	0.827013493	0.172335201
6.409558000	0.807229757	0.176369025
6.409559000	0.836413741	0.175905984
6.409560000	0.838790119	0.176894916
6.409561000	0.810358346	0.175800557
6.409562000	0.810065269	0.175058933
6.409563000	0.813604593	0.173708627
6.409564000	0.822437406	0.170767049
6.409565000	0.828548670	0.171231371
6.409566000	0.823062718	0.169783677
6.409567000	0.778327107	0.170765601
6.409568000	0.822357237	0.173256322
6.409569000	0.813243687	0.172497271
6.409570000	0.826022387	0.173952090
6.409571000	0.805807233	0.172735441
6.409572000	0.795210540	0.174365762
6.409573000	0.832448781	0.171984213
6.409574000	0.814136565	0.172678000
6.409575000	0.842403173	0.170982182
6.409576000	0.827344358	0.172867983
6.409577000	0.823958576	0.169968117
6.409578000	0.819247961	0.170174080
6.409579000	0.829961479	0.169021164
6.409580000	0.824774027	0.167801270
6.409581000	0.808969259	0.167360799
6.409582000	0.843454838	0.171694628
6.409583000	0.835773885	0.169136562
6.409584000	0.820918977	0.169375547
6.409585000	0.822130084	0.169734941
6.409586000	0.832772315	0.168825122
6.409587000	0.839178979	0.169186513
6.409588000	0.813755989	0.169841351
6.409589000	0.830206871	0.169198197
6.409590000	0.835030138	0.170334918
6.409591000	0.815245450	0.167741798
6.409592000	0.814474344	0.168613667
6.409593000	0.846343458	0.169176526
6.409594000	0.836975515	0.168084064
6.409595000	0.823140919	0.169750887
6.409596000	0.839569449	0.166008430
6.409597000	0.851101935	0.167764818
6.409598000	0.854650438	0.165470854
6.409599000	0.844919920	0.170752851
6.409600000	0.834392369	0.164871526
6.409601000	0.855872691	0.165411665
6.409602000	0.823381543	0.169089657
6.409603000	0.847721696	0.164333501
6.409604000	0.852089345	0.167544041
6.409605000	0.846773267	0.168333119
6.409606000	0.852712810	0.165538848
6.409607000	0.838210881	0.164832278
6.409608000	0.842615843	0.163875371
6.409609000	0.832786739	0.165936058
6.409610000	0.835410535	0.166041619
6.409611000	0.844203115	0.164916783
6.409612000	0.866768181	0.166853451
6.409613000	0.828405142	0.163648270
6.409614000	0.846879601	0.167653165
6.409615000	0.840612769	0.164721041
6.409616000	0.849030137	0.164419088
6.409617000	0.841966093	0.164998226
6.409618000	0.841284633	0.162938487
6.409619000	0.849122941	0.163538647
6.409620000	0.859319806	0.165008829
6.409621000	0.845842659	0.162694142
6.409622000	0.851687431	0.164356437
6.409623000	0.843007088	0.161494055
6.409624000	0.859393597	0.163374264
6.409625000	0.852772534	0.163861322
6.409626000	0.854273140	0.162761803
6.409627000	0.843785644	0.164944247
6.409628000	0.853593946	0.162653013
6.409629000	0.843757749	0.164088041
6.409630000	0.847667098	0.164075324
6.409631000	0.836574376	0.162865750
6.409632000	0.855930328	0.163046711
6.409633000	0.866433978	0.161344918
6.409634000	0.839570642	0.161023025
6.409635000	0.867658079	0.161566610
6.409636000	0.832299232	0.160543357
6.409637000	0.823797643	0.164635320
6.409638000	0.864032388	0.161026154
6.409639000	0.867453933	0.157513229
6.409640000	0.855421543	0.159115120
6.409641000	0.856111109	0.158895859
6.409642000	0.867629588	0.163538980
6.409643000	0.852604866	0.162049391
6.409644000	0.860111594	0.157357284
6.409645000	0.859405100	0.158413494
6.409646000	0.868548095	0.161219949
6.409647000	0.857657075	0.158166685
6.409648000	0.845964432	0.161666711
6.409649000	0.890775859	0.159401393
6.409650000	0.854154170	0.159719142
6.409651000	0.863698721	0.159853781
6.409652000	0.850126922	0.156731008
6.409653000	0.878551602	0.156032628
6.409654000	0.871012926	0.156862236
6.409655000	0.839959204	0.155272861
6.409656000	0.859984457	0.157737900
6.409657000	0.860101104	0.157682772
6.409658000	0.867140949	0.158084510
6.409659000	0.874896109	0.156294666
6.409660000	0.857445359	0.157271447
6.409661000	0.879886270	0.157472732
6.409662000	0.904018998	0.156642908
6.409663000	0.864882171	0.153222277
6.409664000	0.846708596	0.154698134
6.409665000	0.874933302	0.157537696
6.409666000	0.842846930	0.158011839
6.409667000	0.873204768	0.153657088
6.409668000	0.876389146	0.155814431
6.409669000	0.870915174	0.155968495
6.409670000	0.866102397	0.153421282
6.409671000	0.889250994	0.157074839
6.409672000	0.861545444	0.155971508
6.409673000	0.856996834	0.152244397
6.409674000	0.872597158	0.155163472
6.409675000	0.882818997	0.154997856
6.409676000	0.873620272	0.154282381
6.409677000	0.879606724	0.153898803
6.409678000	0.889762282	0.152880643
6.409679000	0.886279404	0.152750315
6.409680000	0.879051924	0.153243865
6.409681000	0.883613050	0.151615192
6.409682000	0.878029466	0.158414875
6.409683000	0.886831939	0.151770288
6.409684000	0.857354343	0.151223774
6.409685000	0.868761301	0.152583518
6.409686000	0.880953491	0.153792227
6.409687000	0.887145400	0.152263173
6.409688000	0.860359013	0.150470000
6.409689000	0.866666377	0.152083110
6.409690000	0.885950625	0.152587795
6.409691000	0.884366691	0.150945424
6.409692000	0.881300509	0.151822669
6.409693000	0.895824194	0.151603375
6.409694000	0.862191319	0.150795138
6.409695000	0.897476375	0.152053166
6.409696000	0.890288830	0.150296245
6.409697000	0.884158313	0.151699515
6.409698000	0.874391377	0.150637529
6.409699000	0.879548609	0.146963848
6.409700000	0.893935084	0.151887783
6.409701000	0.910383463	0.149891162
6.409702000	0.884715974	0.153737415
6.409703000	0.874037683	0.149551509
6.409704000	0.882953525	0.151190335
6.409705000	0.882107317	0.148684683
6.409706000	0.904381216	0.147229848
6.409707000	0.871000946	0.150592605
6.409708000	0.861205816	0.150158443
6.409709000	0.886384487	0.148737713
6.409710000	0.877007663	0.145986452
6.409711000	0.879175127	0.147142663
6.409712000	0.887750268	0.149404952
6.409713000	0.888084114	0.147300022
6.409714000	0.884865761	0.148796369
6.409715000	0.906220555	0.146899466
6.409716000	0.890339553	0.146385210
6.409717000	0.886577547	0.149170893
6.409718000	0.900770366	0.147494616
6.409719000	0.880522490	0.147596316
6.409720000	0.890009582	0.145899533
6.409721000	0.881252229	0.147457482
6.409722000	0.876581550	0.145690258
6.409723000	0.888979137	0.147445248
6.409724000	0.882913589	0.148809968
6.409725000	0.902468145	0.145114982
6.409726000	0.900308728	0.148044143
6.409727000	0.900063336	0.146881806
6.409728000	0.892370462	0.144845537
6.409729000	0.890313864	0.145285541
6.409730000	0.868676424	0.146304200
6.409731000	0.879640579	0.144649944
6.409732000	0.892299116	0.146891394
6.409733000	0.889404297	0.143770369
6.409734000	0.894762278	0.149519934
6.409735000	0.876826108	0.142376753
6.409736000	0.890572250	0.145756388
6.409737000	0.930283129	0.143349905
6.409738000	0.870310962	0.143305897
6.409739000	0.906549037	0.146785916
6.409740000	0.886700213	0.148288871
6.409741000	0.902064860	0.145277202
6.409742000	0.890635669	0.145450973
6.409743000	0.904967308	0.143618086
6.409744000	0.909695923	0.143993691
6.409745000	0.875233293	0.141441418
6.409746000	0.881503463	0.142103113
6.409747000	0.879382253	0.141706768
6.409748000	0.893571854	0.140885965
6.409749000	0.904030263	0.143559529
6.409750000	0.887385666	0.144589008
6.409751000	0.907732308	0.139995121
6.409752000	0.901298642	0.142425489
6.409753000	0.880460024	0.145115964
6.409754000	0.893894136	0.140357727
6.409755000	0.898729682	0.140116861
6.409756000	0.914902985	0.140312387
6.409757000	0.892602026	0.140474990
6.409758000	0.920808971	0.141679854
6.409759000	0.886252165	0.142610113
6.409760000	0.885231078	0.140015078
6.409761000	0.927450061	0.142654770
6.409762000	0.915024221	0.139088723
6.409763000	0.910199821	0.141438705
6.409764000	0.901906073	0.142814244
6.409765000	0.909853160	0.140055092
6.409766000	0.906714797	0.141925863
6.409767000	0.922746241	0.139671930
6.409768000	0.926757693	0.138312669
6.409769000	0.914567292	0.139784582
6.409770000	0.909438014	0.137905439
6.409771000	0.916822910	0.140747514
6.409772000	0.892612338	0.137777957
6.409773000	0.918180406	0.137466908
6.409774000	0.883660316	0.140219276
6.409775000	0.903571248	0.136838094
6.409776000	0.897476852	0.134904040
6.409777000	0.923803091	0.139414644
6.409778000	0.894694448	0.135355745
6.409779000	0.908757448	0.137703105
6.409780000	0.902905405	0.140384043
6.409781000	0.934153020	0.137887179
6.409782000	0.900330544	0.137482745
6.409783000	0.929274082	0.136601081
6.409784000	0.929964244	0.137120722
6.409785000	0.921683490	0.138054534
6.409786000	0.926228523	0.139114622
6.409787000	0.920239747	0.133951235
6.409788000	0.911837518	0.137095838
6.409789000	0.933008015	0.137568524
6.409790000	0.914903581	0.135244491
6.409791000	0.922107577	0.135662733
6.409792000	0.887580574	0.137386430
6.409793000	0.934003294	0.133855237
6.409794000	0.885638297	0.136436864
6.409795000	0.899901867	0.137090195
6.409796000	0.914421439	0.136405696
6.409797000	0.902881742	0.137483211
6.409798000	0.909471631	0.135568415
6.409799000	0.910621047	0.136106149
6.409800000	0.911727965	0.133633479
6.409801000	0.911894917	0.133885755
6.409802000	0.927888513	0.135587024
6.409803000	0.922087312	0.134669482
6.409804000	0.934616029	0.132746979
6.409805000	0.928704679	0.133121578
6.409806000	0.916667044	0.132212341
6.409807000	0.899827957	0.137385224
6.409808000	0.910530150	0.133010599
6.409809000	0.935650229	0.132576678
6.409810000	0.894909561	0.134580707
6.409811000	0.936546564	0.133874461
6.409812000	0.917422831	0.132613779
6.409813000	0.907402217	0.134841414
6.409814000	0.913569272	0.133068264
6.409815000	0.895042002	0.135885223
6.409816000	0.909743130	0.130806317
6.409817000	0.912067175	0.134097951
6.409818000	0.910278499	0.134555415
6.409819000	0.912325740	0.132690562
6.409820000	0.914358437	0.127965157
6.409821000	0.934878528	0.134266753
6.409822000	0.894805491	0.130870715
6.409823000	0.919716775	0.134490892
6.409824000	0.917316973	0.133342994
6.409825000	0.948460102	0.132264006
6.409826000	0.918589950	0.131690686
6.409827000	0.924792886	0.130369766
6.409828000	0.943723738	0.130129649
6.409829000	0.905088663	0.130343018
6.409830000	0.924281955	0.129329993
6.409831000	0.928675413	0.130147442
6.409832000	0.940997660	0.132267269
6.409833000	0.922217011	0.128839997
6.409834000	0.924951255	0.129448745
6.409835000	0.934289515	0.129293142
6.409836000	0.937626064	0.130804869
6.409837000	0.929771364	0.130106155
6.409838000	0.946470559	0.129935655
6.409839000	0.907369673	0.130369841
6.409840000	0.934092462	0.127722559
6.409841000	0.922884107	0.131556754
6.409842000	0.921191037	0.128323560
6.409843000	0.925686181	0.127670078
6.409844000	0.910238028	0.127457783
6.409845000	0.935783207	0.126102850
6.409846000	0.928688884	0.128966181
6.409847000	0.934878051	0.130045352
6.409848000	0.947534025	0.128760368
6.409849000	0.921635330	0.127109991
6.409850000	0.945801675	0.126867984
6.409851000	0.922331452	0.131071734
6.409852000	0.922250748	0.127643780
6.409853000	0.945161164	0.128053790
6.409854000	0.926428080	0.129159068
6.409855000	0.921164155	0.130295215
6.409856000	0.946521163	0.127018752
6.409857000	0.942425430	0.124355675
6.409858000	0.932535350	0.125834262
6.409859000	0.926053643	0.125341835
