D:\KID metingen\Entropy ADR\LT343chip5_BF_20240530_mapping\S21\Power\KID149_94dBm_.dat
Power at KID:94dBm
resonance Frequency in GHz :6.387326
Q=15354.149038, Qc=22207.209820, Qi=49754.820530  S21min=-10.212188


Temperature in K:0.100013
GHz	dB	Rad
6.386617000	-2.839500427	-0.639649016
6.386618000	-2.846985579	-0.639195413
6.386619000	-2.840021133	-0.640130516
6.386620000	-2.843697786	-0.640716411
6.386621000	-2.842524290	-0.640804029
6.386622000	-2.850338221	-0.640606556
6.386623000	-2.851324797	-0.640643840
6.386624000	-2.848443508	-0.641045445
6.386625000	-2.859149218	-0.640013669
6.386626000	-2.846323729	-0.641555773
6.386627000	-2.849800587	-0.640495236
6.386628000	-2.847410917	-0.641439260
6.386629000	-2.862939835	-0.641449779
6.386630000	-2.857266903	-0.642193267
6.386631000	-2.852543116	-0.642508252
6.386632000	-2.852451324	-0.642050122
6.386633000	-2.854550123	-0.642274360
6.386634000	-2.853518248	-0.641751782
6.386635000	-2.853226662	-0.643472050
6.386636000	-2.859827280	-0.643632373
6.386637000	-2.854232788	-0.642370367
6.386638000	-2.854717493	-0.643791297
6.386639000	-2.859546185	-0.644081981
6.386640000	-2.856891155	-0.643433368
6.386641000	-2.857393026	-0.643721788
6.386642000	-2.872515440	-0.644567209
6.386643000	-2.847104788	-0.643897823
6.386644000	-2.862710953	-0.645395319
6.386645000	-2.858882427	-0.644843712
6.386646000	-2.863377571	-0.646461049
6.386647000	-2.863471508	-0.645775285
6.386648000	-2.863604546	-0.645031531
6.386649000	-2.859733343	-0.645171946
6.386650000	-2.873970270	-0.646943215
6.386651000	-2.860327244	-0.645532205
6.386652000	-2.868663311	-0.646472634
6.386653000	-2.864670515	-0.646455057
6.386654000	-2.864614248	-0.646447734
6.386655000	-2.866056204	-0.646752865
6.386656000	-2.867728949	-0.646929033
6.386657000	-2.872893095	-0.647048809
6.386658000	-2.868351460	-0.647239491
6.386659000	-2.870544195	-0.647542892
6.386660000	-2.870414734	-0.647433902
6.386661000	-2.871741295	-0.648288178
6.386662000	-2.872040749	-0.647956547
6.386663000	-2.873244286	-0.648317539
6.386664000	-2.868044615	-0.649587667
6.386665000	-2.865177393	-0.648641180
6.386666000	-2.870005369	-0.648326394
6.386667000	-2.873203516	-0.648828666
6.386668000	-2.867932796	-0.649660105
6.386669000	-2.877242327	-0.650466777
6.386670000	-2.876113415	-0.650190007
6.386671000	-2.875246048	-0.650550000
6.386672000	-2.880514860	-0.650421503
6.386673000	-2.874942780	-0.650588416
6.386674000	-2.880578756	-0.651414129
6.386675000	-2.883317232	-0.650422235
6.386676000	-2.878683329	-0.650057782
6.386677000	-2.881551743	-0.651225777
6.386678000	-2.873901844	-0.652451764
6.386679000	-2.883011341	-0.653262030
6.386680000	-2.880713224	-0.653631211
6.386681000	-2.881470203	-0.653193254
6.386682000	-2.884899378	-0.653015422
6.386683000	-2.891674519	-0.652649304
6.386684000	-2.890411615	-0.654178757
6.386685000	-2.877859831	-0.652582392
6.386686000	-2.883870363	-0.652895779
6.386687000	-2.894557476	-0.653364163
6.386688000	-2.881971598	-0.654188744
6.386689000	-2.891756535	-0.654251861
6.386690000	-2.881911993	-0.654224763
6.386691000	-2.881154299	-0.654604796
6.386692000	-2.890398979	-0.654533091
6.386693000	-2.895333290	-0.656709160
6.386694000	-2.900109529	-0.655824657
6.386695000	-2.886035681	-0.655602150
6.386696000	-2.891813517	-0.656190176
6.386697000	-2.898339510	-0.657020217
6.386698000	-2.902904272	-0.656494109
6.386699000	-2.883376837	-0.656481060
6.386700000	-2.896886349	-0.656914556
6.386701000	-2.897732496	-0.657601252
6.386702000	-2.895944118	-0.656533924
6.386703000	-2.898158789	-0.657193522
6.386704000	-2.901669025	-0.658620444
6.386705000	-2.902947664	-0.658469775
6.386706000	-2.895396948	-0.658523238
6.386707000	-2.894397497	-0.659197418
6.386708000	-2.907163858	-0.658255324
6.386709000	-2.904409885	-0.658570176
6.386710000	-2.899832726	-0.659097349
6.386711000	-2.898653269	-0.658415513
6.386712000	-2.902606726	-0.660195570
6.386713000	-2.903825045	-0.659495425
6.386714000	-2.903483629	-0.660142640
6.386715000	-2.905977488	-0.659824525
6.386716000	-2.908340216	-0.661046051
6.386717000	-2.907311916	-0.660684993
6.386718000	-2.906929731	-0.661249183
6.386719000	-2.900607109	-0.661533409
6.386720000	-2.908010483	-0.661480479
6.386721000	-2.906770468	-0.661789872
6.386722000	-2.911764860	-0.662083152
6.386723000	-2.911596775	-0.662793218
6.386724000	-2.911897898	-0.662879371
6.386725000	-2.904001474	-0.662796813
6.386726000	-2.910986900	-0.663744632
6.386727000	-2.912200212	-0.663419460
6.386728000	-2.913521767	-0.663456078
6.386729000	-2.911533833	-0.663388834
6.386730000	-2.914463758	-0.665267161
6.386731000	-2.912788153	-0.664399303
6.386732000	-2.922656775	-0.664754436
6.386733000	-2.913723707	-0.665243792
6.386734000	-2.913266659	-0.665065560
6.386735000	-2.912292004	-0.665835546
6.386736000	-2.910656929	-0.666140545
6.386737000	-2.914841175	-0.665697128
6.386738000	-2.918349504	-0.666834099
6.386739000	-2.920916080	-0.665857517
6.386740000	-2.916210890	-0.666520178
6.386741000	-2.925668955	-0.666290614
6.386742000	-2.922759295	-0.666915924
6.386743000	-2.920144081	-0.667173185
6.386744000	-2.921437263	-0.667810080
6.386745000	-2.919454813	-0.667716004
6.386746000	-2.919321537	-0.668592251
6.386747000	-2.927559853	-0.669090994
6.386748000	-2.925833464	-0.667585576
6.386749000	-2.930875301	-0.669100515
6.386750000	-2.926983118	-0.669631882
6.386751000	-2.932752848	-0.670683432
6.386752000	-2.922144890	-0.669501654
6.386753000	-2.925513029	-0.670177964
6.386754000	-2.920522690	-0.669327616
6.386755000	-2.925372124	-0.670700010
6.386756000	-2.925906897	-0.670849147
6.386757000	-2.929843187	-0.670625508
6.386758000	-2.924980164	-0.672149169
6.386759000	-2.928041697	-0.670788959
6.386760000	-2.935299873	-0.670770850
6.386761000	-2.927611828	-0.672721882
6.386762000	-2.932345152	-0.672549375
6.386763000	-2.932910442	-0.672699378
6.386764000	-2.948560953	-0.673102714
6.386765000	-2.933304071	-0.673539605
6.386766000	-2.927723646	-0.672833268
6.386767000	-2.938689470	-0.674519515
6.386768000	-2.944620371	-0.673331812
6.386769000	-2.948685169	-0.675487974
6.386770000	-2.950905085	-0.673661245
6.386771000	-2.941708803	-0.675291433
6.386772000	-2.942929268	-0.674697881
6.386773000	-2.942085266	-0.675245027
6.386774000	-2.936499119	-0.674744752
6.386775000	-2.944208622	-0.676235656
6.386776000	-2.954409838	-0.675887248
6.386777000	-2.947384357	-0.676185123
6.386778000	-2.949302912	-0.676419747
6.386779000	-2.944298744	-0.676951714
6.386780000	-2.953357697	-0.676520615
6.386781000	-2.954846621	-0.678311524
6.386782000	-2.950056553	-0.677975100
6.386783000	-2.960267305	-0.677609448
6.386784000	-2.951931953	-0.678644153
6.386785000	-2.962937593	-0.678330765
6.386786000	-2.954989910	-0.679399026
6.386787000	-2.954591990	-0.678935103
6.386788000	-2.948670864	-0.680029596
6.386789000	-2.966410398	-0.680433664
6.386790000	-2.961583853	-0.680010155
6.386791000	-2.953644753	-0.679405950
6.386792000	-2.966474533	-0.680608234
6.386793000	-2.958927631	-0.681749798
6.386794000	-2.967327118	-0.680705040
6.386795000	-2.966533661	-0.681628757
6.386796000	-2.971384287	-0.682069178
6.386797000	-2.967780352	-0.682295213
6.386798000	-2.972330332	-0.682986836
6.386799000	-2.973565340	-0.682439557
6.386800000	-2.976760864	-0.684191051
6.386801000	-2.978766680	-0.683019460
6.386802000	-2.970137596	-0.683313074
6.386803000	-2.973008156	-0.684983208
6.386804000	-2.979406834	-0.684425409
6.386805000	-2.980945349	-0.685716044
6.386806000	-2.978569984	-0.685220363
6.386807000	-2.980132341	-0.685237740
6.386808000	-2.974412441	-0.685596202
6.386809000	-2.980296850	-0.685409913
6.386810000	-2.978230476	-0.686476310
6.386811000	-2.977265358	-0.685834821
6.386812000	-2.980143785	-0.685894875
6.386813000	-2.985768557	-0.686587364
6.386814000	-2.978644848	-0.687576129
6.386815000	-2.989229441	-0.688027601
6.386816000	-2.984690905	-0.687679193
6.386817000	-2.980234861	-0.688159561
6.386818000	-2.985022068	-0.688367021
6.386819000	-2.985814571	-0.689163639
6.386820000	-3.002142429	-0.689260711
6.386821000	-2.995020390	-0.689292736
6.386822000	-2.997112274	-0.689597867
6.386823000	-2.995091200	-0.689015834
6.386824000	-2.994812250	-0.690661068
6.386825000	-2.997566462	-0.691302024
6.386826000	-2.997647047	-0.690163257
6.386827000	-2.998705149	-0.690529574
6.386828000	-2.996777773	-0.690807608
6.386829000	-3.001102209	-0.692821824
6.386830000	-3.001254559	-0.692213225
6.386831000	-3.000869513	-0.693401128
6.386832000	-3.002312422	-0.692825485
6.386833000	-3.011785984	-0.693790282
6.386834000	-3.008292675	-0.694015053
6.386835000	-3.005388498	-0.694709006
6.386836000	-3.009663343	-0.694422317
6.386837000	-3.010097742	-0.693994014
6.386838000	-3.021000147	-0.694872524
6.386839000	-3.016396999	-0.696520422
6.386840000	-3.014633894	-0.695717745
6.386841000	-3.019996643	-0.697372101
6.386842000	-3.024107456	-0.696985609
6.386843000	-3.021592379	-0.696517625
6.386844000	-3.024711132	-0.696591129
6.386845000	-3.016449213	-0.696925622
6.386846000	-3.016806602	-0.696959843
6.386847000	-3.020203590	-0.697662785
6.386848000	-3.024560690	-0.698568459
6.386849000	-3.028640032	-0.699409352
6.386850000	-3.030062675	-0.699330390
6.386851000	-3.032330275	-0.699143236
6.386852000	-3.032720566	-0.699804432
6.386853000	-3.035969973	-0.699849506
6.386854000	-3.026376009	-0.699379125
6.386855000	-3.036760330	-0.700201310
6.386856000	-3.034407377	-0.701805465
6.386857000	-3.033943653	-0.702409936
6.386858000	-3.040662766	-0.701817050
6.386859000	-3.036245108	-0.703018535
6.386860000	-3.047514200	-0.702320187
6.386861000	-3.044638872	-0.702286698
6.386862000	-3.040541649	-0.703339645
6.386863000	-3.038944960	-0.704558841
6.386864000	-3.046336889	-0.703916286
6.386865000	-3.043694973	-0.705260650
6.386866000	-3.051794052	-0.705259851
6.386867000	-3.050906658	-0.705232088
6.386868000	-3.050888300	-0.705500534
6.386869000	-3.057030201	-0.705107185
6.386870000	-3.058238268	-0.705969184
6.386871000	-3.045812368	-0.706650487
6.386872000	-3.060285807	-0.707149963
6.386873000	-3.069174767	-0.707743848
6.386874000	-3.057279110	-0.709306058
6.386875000	-3.064663410	-0.708694463
6.386876000	-3.067773581	-0.709199332
6.386877000	-3.066754341	-0.709670246
6.386878000	-3.070360661	-0.709339481
6.386879000	-3.072307825	-0.710145753
6.386880000	-3.079812288	-0.709431760
6.386881000	-3.069728136	-0.710706881
6.386882000	-3.062498331	-0.710659543
6.386883000	-3.084533691	-0.712130074
6.386884000	-3.076746225	-0.713312318
6.386885000	-3.075181961	-0.712425685
6.386886000	-3.079339027	-0.712416431
6.386887000	-3.084878445	-0.713676306
6.386888000	-3.077084064	-0.712796530
6.386889000	-3.085602283	-0.712736010
6.386890000	-3.092824936	-0.713219773
6.386891000	-3.091546059	-0.714664339
6.386892000	-3.087681055	-0.713471842
6.386893000	-3.091480494	-0.714529250
6.386894000	-3.087577581	-0.715356294
6.386895000	-3.097944021	-0.715313351
6.386896000	-3.093992949	-0.715649841
6.386897000	-3.098260880	-0.716719367
6.386898000	-3.090469122	-0.716917573
6.386899000	-3.100535154	-0.716282608
6.386900000	-3.097992182	-0.717257126
6.386901000	-3.107801676	-0.717951745
6.386902000	-3.104314089	-0.718682849
6.386903000	-3.103115320	-0.718812811
6.386904000	-3.108050585	-0.719257226
6.386905000	-3.110487461	-0.719914894
6.386906000	-3.110532761	-0.719541585
6.386907000	-3.114763021	-0.721106991
6.386908000	-3.118566036	-0.721213318
6.386909000	-3.120611191	-0.721539489
6.386910000	-3.131260157	-0.722525857
6.386911000	-3.116410494	-0.721674245
6.386912000	-3.117585659	-0.722888380
6.386913000	-3.127723455	-0.722835782
6.386914000	-3.120605946	-0.723491652
6.386915000	-3.129263878	-0.724068826
6.386916000	-3.129428148	-0.726108741
6.386917000	-3.138776779	-0.724686746
6.386918000	-3.141254902	-0.724814578
6.386919000	-3.139179230	-0.726122855
6.386920000	-3.138656378	-0.727360759
6.386921000	-3.138305902	-0.726692173
6.386922000	-3.150221825	-0.727068078
6.386923000	-3.147876263	-0.727715825
6.386924000	-3.146531582	-0.727191183
6.386925000	-3.146348476	-0.728303185
6.386926000	-3.147673130	-0.729282629
6.386927000	-3.156350851	-0.729504604
6.386928000	-3.151935816	-0.729218980
6.386929000	-3.151149750	-0.729774249
6.386930000	-3.152434349	-0.730674730
6.386931000	-3.162590981	-0.731213954
6.386932000	-3.157747030	-0.731511096
6.386933000	-3.159316540	-0.732368368
6.386934000	-3.154137135	-0.732853929
6.386935000	-3.164673567	-0.732535880
6.386936000	-3.156372309	-0.732283746
6.386937000	-3.164965868	-0.732866445
6.386938000	-3.160168886	-0.733563661
6.386939000	-3.173338890	-0.734791578
6.386940000	-3.168871164	-0.736155582
6.386941000	-3.175615311	-0.735252305
6.386942000	-3.170369387	-0.735196112
6.386943000	-3.178284407	-0.736258647
6.386944000	-3.180919886	-0.736713448
6.386945000	-3.178388596	-0.736325758
6.386946000	-3.179168224	-0.738415741
6.386947000	-3.183920383	-0.738809955
6.386948000	-3.191223145	-0.737526711
6.386949000	-3.188827038	-0.739970894
6.386950000	-3.191937923	-0.739710769
6.386951000	-3.190531969	-0.739489993
6.386952000	-3.195384026	-0.741126173
6.386953000	-3.199031830	-0.740952135
6.386954000	-3.198125362	-0.741685370
6.386955000	-3.199684620	-0.742162742
6.386956000	-3.204437017	-0.743493057
6.386957000	-3.212559700	-0.743891266
6.386958000	-3.206082582	-0.743999391
6.386959000	-3.215344667	-0.745095548
6.386960000	-3.213466883	-0.744938555
6.386961000	-3.217257500	-0.744414178
6.386962000	-3.215762377	-0.745632907
6.386963000	-3.221345425	-0.745314327
6.386964000	-3.225458145	-0.746210680
6.386965000	-3.226691484	-0.747814369
6.386966000	-3.226900578	-0.748206187
6.386967000	-3.233912468	-0.748187877
6.386968000	-3.227368593	-0.747879417
6.386969000	-3.233283520	-0.749269121
6.386970000	-3.242202759	-0.750423401
6.386971000	-3.236157179	-0.749775521
6.386972000	-3.236317873	-0.751932149
6.386973000	-3.242959976	-0.751968834
6.386974000	-3.240711689	-0.751769230
6.386975000	-3.242534637	-0.752534356
6.386976000	-3.252718687	-0.752632294
6.386977000	-3.251474380	-0.754496507
6.386978000	-3.254746675	-0.753736773
6.386979000	-3.256958485	-0.753345422
6.386980000	-3.261249065	-0.753945299
6.386981000	-3.263053179	-0.755162031
6.386982000	-3.266366720	-0.755936278
6.386983000	-3.270672798	-0.757285768
6.386984000	-3.273974895	-0.756498138
6.386985000	-3.273447514	-0.758271870
6.386986000	-3.279427052	-0.759261168
6.386987000	-3.283419132	-0.759589669
6.386988000	-3.282354355	-0.759888609
6.386989000	-3.280256033	-0.760116109
6.386990000	-3.281377792	-0.760191011
6.386991000	-3.285061121	-0.760794283
6.386992000	-3.294722557	-0.761623658
6.386993000	-3.292340755	-0.763187267
6.386994000	-3.291455030	-0.762202297
6.386995000	-3.300626993	-0.763793935
6.386996000	-3.305112600	-0.764700275
6.386997000	-3.305204630	-0.765661676
6.386998000	-3.308967352	-0.765187900
6.386999000	-3.314307451	-0.765872332
6.387000000	-3.315186739	-0.766559428
6.387001000	-3.323946953	-0.766683132
6.387002000	-3.326212645	-0.767118492
6.387003000	-3.318296194	-0.768598277
6.387004000	-3.329292536	-0.768940960
6.387005000	-3.330987215	-0.769109405
6.387006000	-3.331258774	-0.771186071
6.387007000	-3.333145618	-0.771586344
6.387008000	-3.344521761	-0.771743005
6.387009000	-3.345563889	-0.771591937
6.387010000	-3.333832741	-0.772327502
6.387011000	-3.355464697	-0.774028862
6.387012000	-3.351955175	-0.773743838
6.387013000	-3.357718945	-0.774830607
6.387014000	-3.361320972	-0.774565556
6.387015000	-3.369226217	-0.775799731
6.387016000	-3.365899324	-0.776293282
6.387017000	-3.365244389	-0.776805940
6.387018000	-3.388292074	-0.778340853
6.387019000	-3.385365009	-0.777221593
6.387020000	-3.385855198	-0.780548214
6.387021000	-3.390666485	-0.779817975
6.387022000	-3.391845942	-0.779964582
6.387023000	-3.398795128	-0.781713347
6.387024000	-3.396960497	-0.781999570
6.387025000	-3.396924973	-0.782675347
6.387026000	-3.399004221	-0.782564227
6.387027000	-3.405885220	-0.783316104
6.387028000	-3.398275137	-0.783781891
6.387029000	-3.404523134	-0.783025420
6.387030000	-3.413174152	-0.785087173
6.387031000	-3.413304329	-0.786673418
6.387032000	-3.409545183	-0.786389392
6.387033000	-3.424838781	-0.787278355
6.387034000	-3.425907135	-0.788447217
6.387035000	-3.419523239	-0.788436364
6.387036000	-3.433387041	-0.789862620
6.387037000	-3.437699318	-0.789887587
6.387038000	-3.437406301	-0.789633588
6.387039000	-3.438314438	-0.791116902
6.387040000	-3.443789959	-0.789897907
6.387041000	-3.448847055	-0.792604744
6.387042000	-3.449625254	-0.792974391
6.387043000	-3.459305525	-0.794168352
6.387044000	-3.457281828	-0.795118435
6.387045000	-3.463254213	-0.796202874
6.387046000	-3.470147610	-0.794612102
6.387047000	-3.479497194	-0.796413863
6.387048000	-3.485824347	-0.798670426
6.387049000	-3.483729362	-0.798340993
6.387050000	-3.487735033	-0.798451315
6.387051000	-3.491187334	-0.801225063
6.387052000	-3.495399714	-0.801545841
6.387053000	-3.498572350	-0.801476865
6.387054000	-3.505847692	-0.802826755
6.387055000	-3.507908583	-0.802112562
6.387056000	-3.512151718	-0.803253993
6.387057000	-3.514921665	-0.804616133
6.387058000	-3.532968760	-0.804903954
6.387059000	-3.538233519	-0.805892719
6.387060000	-3.540017843	-0.807478765
6.387061000	-3.545442820	-0.808026111
6.387062000	-3.549584150	-0.807922647
6.387063000	-3.547999382	-0.809354496
6.387064000	-3.549016476	-0.810253978
6.387065000	-3.562731266	-0.809773677
6.387066000	-3.564194202	-0.811847081
6.387067000	-3.572442293	-0.812011998
6.387068000	-3.571240187	-0.814342663
6.387069000	-3.564570904	-0.814034402
6.387070000	-3.575436592	-0.814893139
6.387071000	-3.582646132	-0.816125183
6.387072000	-3.596930265	-0.816276651
6.387073000	-3.592070818	-0.816989113
6.387074000	-3.585807085	-0.817799446
6.387075000	-3.594738483	-0.817782801
6.387076000	-3.611151218	-0.819824181
6.387077000	-3.605762005	-0.818539539
6.387078000	-3.617745638	-0.822131544
6.387079000	-3.622744560	-0.822046389
6.387080000	-3.630374908	-0.822473494
6.387081000	-3.645755053	-0.825084324
6.387082000	-3.644014835	-0.825331665
6.387083000	-3.651383877	-0.826198590
6.387084000	-3.659592390	-0.827498413
6.387085000	-3.660494804	-0.827603541
6.387086000	-3.667183638	-0.828155947
6.387087000	-3.674311876	-0.830051452
6.387088000	-3.666267157	-0.829334263
6.387089000	-3.679751635	-0.830713381
6.387090000	-3.696509361	-0.831611465
6.387091000	-3.691808462	-0.832838383
6.387092000	-3.688154697	-0.834127553
6.387093000	-3.705802917	-0.834845475
6.387094000	-3.706194878	-0.834137540
6.387095000	-3.730208635	-0.836439976
6.387096000	-3.726931572	-0.838581291
6.387097000	-3.738051891	-0.837522351
6.387098000	-3.735866070	-0.838860656
6.387099000	-3.740353346	-0.839879582
6.387100000	-3.749659538	-0.841002171
6.387101000	-3.748492002	-0.841681476
6.387102000	-3.760682583	-0.842212577
6.387103000	-3.774934530	-0.844368406
6.387104000	-3.775593996	-0.844377528
6.387105000	-3.773963690	-0.845307903
6.387106000	-3.786934853	-0.846259450
6.387107000	-3.796161413	-0.847299082
6.387108000	-3.791378736	-0.848250230
6.387109000	-3.801714659	-0.849554380
6.387110000	-3.808377981	-0.851043087
6.387111000	-3.816637754	-0.850587487
6.387112000	-3.840530872	-0.853442462
6.387113000	-3.838143349	-0.854005854
6.387114000	-3.844428062	-0.853796063
6.387115000	-3.846601963	-0.855466198
6.387116000	-3.859609127	-0.857096385
6.387117000	-3.878551245	-0.857765638
6.387118000	-3.880200386	-0.858869119
6.387119000	-3.878906727	-0.860109819
6.387120000	-3.900882244	-0.863118525
6.387121000	-3.900938988	-0.862423041
6.387122000	-3.912293434	-0.863226649
6.387123000	-3.923472404	-0.865308442
6.387124000	-3.931707621	-0.866256328
6.387125000	-3.933067322	-0.867214201
6.387126000	-3.941480875	-0.868853576
6.387127000	-3.948755503	-0.869423159
6.387128000	-3.971762896	-0.870514656
6.387129000	-3.990759134	-0.872487526
6.387130000	-3.987137318	-0.871715209
6.387131000	-3.988831997	-0.871436176
6.387132000	-3.998748064	-0.874598946
6.387133000	-4.024796009	-0.875200555
6.387134000	-4.047108173	-0.879196029
6.387135000	-4.055959225	-0.879989584
6.387136000	-4.075127125	-0.882198809
6.387137000	-4.067750454	-0.883638914
6.387138000	-4.065614223	-0.883948440
6.387139000	-4.083286285	-0.884224077
6.387140000	-4.097579956	-0.884591260
6.387141000	-4.101631641	-0.886706476
6.387142000	-4.107006073	-0.886859208
6.387143000	-4.115725994	-0.888526014
6.387144000	-4.116046906	-0.890620058
6.387145000	-4.143782616	-0.891308485
6.387146000	-4.164173126	-0.892495788
6.387147000	-4.177647591	-0.893926305
6.387148000	-4.166966915	-0.896467294
6.387149000	-4.172575474	-0.895519874
6.387150000	-4.204075336	-0.895758028
6.387151000	-4.209461212	-0.899578931
6.387152000	-4.242301941	-0.902316528
6.387153000	-4.227459908	-0.901682163
6.387154000	-4.231292248	-0.902683245
6.387155000	-4.266026497	-0.906360072
6.387156000	-4.262092113	-0.905798611
6.387157000	-4.283173561	-0.906010865
6.387158000	-4.302143097	-0.908930488
6.387159000	-4.331645966	-0.911320942
6.387160000	-4.318077087	-0.911194442
6.387161000	-4.358638287	-0.913754538
6.387162000	-4.366090775	-0.915689258
6.387163000	-4.379386902	-0.916072354
6.387164000	-4.399127960	-0.917890294
6.387165000	-4.395972729	-0.918437374
6.387166000	-4.429711342	-0.921783303
6.387167000	-4.443520069	-0.922004146
6.387168000	-4.465656281	-0.924893476
6.387169000	-4.477493763	-0.924721835
6.387170000	-4.484908581	-0.927175139
6.387171000	-4.508044720	-0.929337360
6.387172000	-4.517295361	-0.928679226
6.387173000	-4.526829243	-0.930429322
6.387174000	-4.539102554	-0.930669406
6.387175000	-4.556862354	-0.933534235
6.387176000	-4.600377083	-0.937673054
6.387177000	-4.596259594	-0.938277592
6.387178000	-4.626649380	-0.940888488
6.387179000	-4.629959106	-0.940748872
6.387180000	-4.656551361	-0.943305373
6.387181000	-4.654933929	-0.943018218
6.387182000	-4.684718132	-0.945132235
6.387183000	-4.712366581	-0.946667348
6.387184000	-4.722901821	-0.949817535
6.387185000	-4.751795769	-0.950821680
6.387186000	-4.767420769	-0.953990708
6.387187000	-4.798690796	-0.955097584
6.387188000	-4.793050289	-0.953789573
6.387189000	-4.858109951	-0.959875229
6.387190000	-4.853648186	-0.959517699
6.387191000	-4.872781277	-0.961324388
6.387192000	-4.923353195	-0.963797732
6.387193000	-4.939213753	-0.966056759
6.387194000	-4.948902607	-0.966090780
6.387195000	-4.991660595	-0.970093312
6.387196000	-5.050007820	-0.972536030
6.387197000	-5.054425240	-0.973780791
6.387198000	-5.083210468	-0.975495401
6.387199000	-5.100296021	-0.976743824
6.387200000	-5.157822132	-0.980596553
6.387201000	-5.195273876	-0.982970162
6.387202000	-5.230100155	-0.983854132
6.387203000	-5.271649361	-0.986488664
6.387204000	-5.302573204	-0.988820594
6.387205000	-5.320219517	-0.990321951
6.387206000	-5.371797085	-0.993008881
6.387207000	-5.404747009	-0.993857098
6.387208000	-5.428574562	-0.997005220
6.387209000	-5.457551003	-0.998258371
6.387210000	-5.476480007	-0.998192524
6.387211000	-5.503668785	-0.999936029
6.387212000	-5.529218197	-1.003514918
6.387213000	-5.637507915	-1.007985633
6.387214000	-5.682624817	-1.010464770
6.387215000	-5.671231747	-1.009919554
6.387216000	-5.723398209	-1.011034487
6.387217000	-5.690307140	-1.010875230
6.387218000	-5.805460930	-1.016621865
6.387219000	-5.864984512	-1.018888748
6.387220000	-5.904142857	-1.022133211
6.387221000	-5.970064163	-1.024723667
6.387222000	-6.031516075	-1.027527110
6.387223000	-6.067857265	-1.027396216
6.387224000	-6.135881424	-1.029029000
6.387225000	-6.175845623	-1.032476462
6.387226000	-6.213481903	-1.034232018
6.387227000	-6.263153076	-1.034193735
6.387228000	-6.309047222	-1.037905849
6.387229000	-6.373959541	-1.038714451
6.387230000	-6.429762363	-1.040789054
6.387231000	-6.514555931	-1.042379360
6.387232000	-6.570027351	-1.043980386
6.387233000	-6.644808769	-1.046768316
6.387234000	-6.668401718	-1.046172900
6.387235000	-6.720249176	-1.048730733
6.387236000	-6.762301922	-1.051222320
6.387237000	-6.873672485	-1.052549972
6.387238000	-6.950713158	-1.055285239
6.387239000	-7.107358456	-1.054528102
6.387240000	-7.090398788	-1.054712992
6.387241000	-7.126126289	-1.055352483
6.387242000	-7.212972641	-1.056998517
6.387243000	-7.278909683	-1.058407928
6.387244000	-7.380381584	-1.058710796
6.387245000	-7.404043674	-1.060014014
6.387246000	-7.519328117	-1.059665473
6.387247000	-7.570751190	-1.061214567
6.387248000	-7.758252144	-1.060264351
6.387249000	-7.789889336	-1.059474857
6.387250000	-7.950411797	-1.060073402
6.387251000	-8.020271301	-1.059597629
6.387252000	-8.101802826	-1.060088316
6.387253000	-8.151455879	-1.059236038
6.387254000	-8.215697289	-1.059188035
6.387255000	-8.364723206	-1.057479883
6.387256000	-8.477259636	-1.056590454
6.387257000	-8.622225761	-1.053165296
6.387258000	-8.681041718	-1.051774127
6.387259000	-8.765137672	-1.049024014
6.387260000	-8.932830811	-1.045215494
6.387261000	-8.957859993	-1.044745113
6.387262000	-9.066142082	-1.044290045
6.387263000	-9.203424454	-1.040201693
6.387264000	-9.290863991	-1.035352010
6.387265000	-9.308925629	-1.032923474
6.387266000	-9.483657837	-1.026441007
6.387267000	-9.629208565	-1.020289904
6.387268000	-9.742216110	-1.014461309
6.387269000	-9.807994843	-1.013810499
6.387270000	-9.890117645	-1.010237336
6.387271000	-9.972975731	-1.004560941
6.387272000	-10.120663643	-0.997586788
6.387273000	-10.185781479	-0.992614200
6.387274000	-10.301232338	-0.986934277
6.387275000	-10.431491852	-0.978453441
6.387276000	-10.422994614	-0.979005447
6.387277000	-10.562171936	-0.969768206
6.387278000	-10.740605354	-0.953236634
6.387279000	-10.711936951	-0.957530981
6.387280000	-10.897205353	-0.941140689
6.387281000	-11.001191139	-0.932680226
6.387282000	-11.008025169	-0.933388094
6.387283000	-11.069873810	-0.931796256
6.387284000	-11.153551102	-0.923990798
6.387285000	-11.201628685	-0.921634899
6.387286000	-11.357623100	-0.898739104
6.387287000	-11.462082863	-0.890015720
6.387288000	-11.469552994	-0.891274995
6.387289000	-11.530505180	-0.885309381
6.387290000	-11.639861107	-0.873001050
6.387291000	-11.668137550	-0.869870770
6.387292000	-11.795921326	-0.850322968
6.387293000	-11.881609917	-0.841207767
6.387294000	-11.916920662	-0.836850036
6.387295000	-12.007396698	-0.823897819
6.387296000	-12.045170784	-0.806376283
6.387297000	-12.074021339	-0.809009550
6.387298000	-12.218946457	-0.787566376
6.387299000	-12.218257904	-0.784522383
6.387300000	-12.282347679	-0.768466185
6.387301000	-12.317735672	-0.758896714
6.387302000	-12.405022621	-0.747014023
6.387303000	-12.456461906	-0.739659171
6.387304000	-12.489970207	-0.727558033
6.387305000	-12.540345192	-0.719195441
6.387306000	-12.575742722	-0.713244075
6.387307000	-12.586228371	-0.700926355
6.387308000	-12.641977310	-0.685801664
6.387309000	-12.687294960	-0.676434528
6.387310000	-12.719872475	-0.658382224
6.387311000	-12.729291916	-0.656527532
6.387312000	-12.769143105	-0.654538683
6.387313000	-12.772354126	-0.644984460
6.387314000	-12.804697990	-0.630097922
6.387315000	-12.836121559	-0.607567646
6.387316000	-12.881002426	-0.607127425
6.387317000	-12.872249603	-0.594504641
6.387318000	-12.902986526	-0.586050103
6.387319000	-12.939689636	-0.577565605
6.387320000	-12.954635620	-0.562641782
6.387321000	-12.964757919	-0.561193689
6.387322000	-12.981232643	-0.536989083
6.387323000	-12.975586891	-0.536354385
6.387324000	-12.994699478	-0.533091979
6.387325000	-12.992046356	-0.512666166
6.387326000	-13.016180038	-0.494096111
6.387327000	-12.975451469	-0.483179347
6.387328000	-12.982619286	-0.475331245
6.387329000	-13.006426811	-0.468116042
6.387330000	-12.965929985	-0.454345768
6.387331000	-12.951307297	-0.449509634
6.387332000	-12.987382889	-0.436749997
6.387333000	-12.977581978	-0.431938430
6.387334000	-12.961394310	-0.418749791
6.387335000	-12.947584152	-0.411733027
6.387336000	-12.938431740	-0.402762235
6.387337000	-12.909806252	-0.383861681
6.387338000	-12.890204430	-0.377341730
6.387339000	-12.871556282	-0.370613687
6.387340000	-12.831603050	-0.358158981
6.387341000	-12.824229240	-0.346293367
6.387342000	-12.816290855	-0.340549427
6.387343000	-12.789097786	-0.331896151
6.387344000	-12.729707718	-0.319555129
6.387345000	-12.737181664	-0.315505194
6.387346000	-12.764328957	-0.310053303
6.387347000	-12.725952148	-0.299491140
6.387348000	-12.710172653	-0.296484032
6.387349000	-12.661354065	-0.288902645
6.387350000	-12.696814537	-0.283093591
6.387351000	-12.656419754	-0.272645478
6.387352000	-12.569468498	-0.260843047
6.387353000	-12.540845871	-0.250135608
6.387354000	-12.492670059	-0.239466668
6.387355000	-12.475613594	-0.236342614
6.387356000	-12.448923111	-0.227495792
6.387357000	-12.426686287	-0.224101128
6.387358000	-12.356389999	-0.215320269
6.387359000	-12.326901436	-0.212145781
6.387360000	-12.269217491	-0.201072674
6.387361000	-12.316091537	-0.200004646
6.387362000	-12.190444946	-0.185044955
6.387363000	-12.159501076	-0.180967539
6.387364000	-12.151140213	-0.173999677
6.387365000	-12.102928162	-0.166861024
6.387366000	-12.087276459	-0.165167670
6.387367000	-12.004277229	-0.154167516
6.387368000	-11.997509003	-0.151134259
6.387369000	-11.943019867	-0.143875813
6.387370000	-11.908603668	-0.141509145
6.387371000	-11.902023315	-0.134122685
6.387372000	-11.881267548	-0.130337958
6.387373000	-11.819788933	-0.123563243
6.387374000	-11.747388840	-0.116964504
6.387375000	-11.704561234	-0.110227896
6.387376000	-11.688184738	-0.107343526
6.387377000	-11.642480850	-0.100670602
6.387378000	-11.611396790	-0.098493526
6.387379000	-11.568469048	-0.093211837
6.387380000	-11.570279121	-0.089490418
6.387381000	-11.597636223	-0.089353008
6.387382000	-11.465450287	-0.079467695
6.387383000	-11.451402664	-0.077171259
6.387384000	-11.391522408	-0.069677815
6.387385000	-11.317735672	-0.068576003
6.387386000	-11.277290344	-0.060475653
6.387387000	-11.274300575	-0.058686625
6.387388000	-11.184749603	-0.050561786
6.387389000	-11.175962448	-0.052322011
6.387390000	-11.159864426	-0.049459208
6.387391000	-11.098839760	-0.046008967
6.387392000	-11.072480202	-0.040551675
6.387393000	-11.045787811	-0.040898028
6.387394000	-10.977570534	-0.034339696
6.387395000	-10.928479195	-0.032720115
6.387396000	-10.859822273	-0.026531474
6.387397000	-10.828999519	-0.022922739
6.387398000	-10.777141571	-0.020369887
6.387399000	-10.735396385	-0.016132443
6.387400000	-10.675172806	-0.010533557
6.387401000	-10.642454147	-0.008634857
6.387402000	-10.605948448	-0.005544023
6.387403000	-10.576416969	-0.002793339
6.387404000	-10.522321701	-0.001451567
6.387405000	-10.493910789	0.001751738
6.387406000	-10.456415176	0.003322538
6.387407000	-10.455587387	0.005898228
6.387408000	-10.409861565	0.009381586
6.387409000	-10.379785538	0.012869332
6.387410000	-10.347532272	0.010470830
6.387411000	-10.257182121	0.017034089
6.387412000	-10.243055344	0.018355224
6.387413000	-10.214049339	0.018955066
6.387414000	-10.156793594	0.018541751
6.387415000	-10.098892212	0.025991637
6.387416000	-10.081110954	0.028420277
6.387417000	-10.049628258	0.028138806
6.387418000	-10.013642311	0.031014797
6.387419000	-9.979134560	0.033292406
6.387420000	-9.939624786	0.035877461
6.387421000	-9.905803680	0.035337926
6.387422000	-9.876069069	0.038830095
6.387423000	-9.800647736	0.039451165
6.387424000	-9.814439774	0.042032151
6.387425000	-9.774694443	0.041931022
6.387426000	-9.737031937	0.043258117
6.387427000	-9.696744919	0.047832341
6.387428000	-9.665953636	0.049285354
6.387429000	-9.633043289	0.051321307
6.387430000	-9.605162621	0.050053484
6.387431000	-9.538040161	0.051205992
6.387432000	-9.525189400	0.054936544
6.387433000	-9.462838173	0.058376861
6.387434000	-9.484480858	0.059810183
6.387435000	-9.410752296	0.058052642
6.387436000	-9.432858467	0.059849240
6.387437000	-9.384933472	0.059856035
6.387438000	-9.336616516	0.060325230
6.387439000	-9.267407417	0.062372639
6.387440000	-9.240628242	0.064670244
6.387441000	-9.222987175	0.064620526
6.387442000	-9.188920021	0.065126165
6.387443000	-9.141228676	0.066252582
6.387444000	-9.094312668	0.068135071
6.387445000	-9.089230537	0.068843596
6.387446000	-9.083806038	0.070473351
6.387447000	-9.041475296	0.070258734
6.387448000	-8.994096756	0.073060287
6.387449000	-8.974604607	0.073747275
6.387450000	-8.915894508	0.072236097
6.387451000	-8.895689964	0.073016171
6.387452000	-8.832800865	0.073566105
6.387453000	-8.785321236	0.075059339
6.387454000	-8.786538124	0.073848949
6.387455000	-8.775769234	0.076086712
6.387456000	-8.712975502	0.078175438
6.387457000	-8.671978951	0.076736365
6.387458000	-8.635132790	0.078010014
6.387459000	-8.621971130	0.079648399
6.387460000	-8.595775604	0.079385095
6.387461000	-8.575264931	0.080602876
6.387462000	-8.578955650	0.079446198
6.387463000	-8.524238586	0.080856525
6.387464000	-8.447180748	0.082036347
6.387465000	-8.437675476	0.082512063
6.387466000	-8.427156448	0.080924203
6.387467000	-8.406081200	0.082334105
6.387468000	-8.379121780	0.083362784
6.387469000	-8.344560623	0.084738565
6.387470000	-8.335524559	0.082921798
6.387471000	-8.285536766	0.084039311
6.387472000	-8.231722832	0.083550304
6.387473000	-8.204773903	0.083865315
6.387474000	-8.207058907	0.085690670
6.387475000	-8.166218758	0.085366031
6.387476000	-8.139949799	0.084920018
6.387477000	-8.119127274	0.084958950
6.387478000	-8.102323532	0.085615894
6.387479000	-8.071733475	0.085333632
6.387480000	-8.059921265	0.085667659
6.387481000	-8.022122383	0.085953741
6.387482000	-7.990392208	0.087465917
6.387483000	-7.939816952	0.085782325
6.387484000	-7.942851067	0.087388976
6.387485000	-7.929931164	0.088638307
6.387486000	-7.916917801	0.088843512
6.387487000	-7.882860661	0.088805828
6.387488000	-7.850592136	0.087743734
6.387489000	-7.829213619	0.087689764
6.387490000	-7.791993618	0.087826192
6.387491000	-7.780528069	0.087026745
6.387492000	-7.766168118	0.087283981
6.387493000	-7.739594936	0.087358300
6.387494000	-7.735059261	0.088160769
6.387495000	-7.698723793	0.087910698
6.387496000	-7.630340099	0.086602745
6.387497000	-7.608104229	0.088001487
6.387498000	-7.590162277	0.087459658
6.387499000	-7.567457199	0.086789807
6.387500000	-7.536486626	0.085821307
6.387501000	-7.541661739	0.088246156
6.387502000	-7.506215572	0.086241978
6.387503000	-7.467218399	0.083845807
6.387504000	-7.444541931	0.085319667
6.387505000	-7.415752411	0.086935956
6.387506000	-7.380068302	0.084879430
6.387507000	-7.375598907	0.086322755
6.387508000	-7.364181042	0.084854562
6.387509000	-7.355697632	0.086257865
6.387510000	-7.321801186	0.084552968
6.387511000	-7.300191879	0.085851500
6.387512000	-7.270443916	0.085266137
6.387513000	-7.250174999	0.084720281
6.387514000	-7.233548641	0.085295540
6.387515000	-7.214279652	0.084338392
6.387516000	-7.174110413	0.083451143
6.387517000	-7.138932705	0.082132803
6.387518000	-7.150458336	0.084842728
6.387519000	-7.119758606	0.081245613
6.387520000	-7.083532810	0.081847995
6.387521000	-7.053345680	0.081468428
6.387522000	-7.045468807	0.083075196
6.387523000	-7.033196449	0.079361901
6.387524000	-7.006887913	0.080874759
6.387525000	-6.967790127	0.081463551
6.387526000	-6.970510960	0.081454896
6.387527000	-6.929028511	0.079225281
6.387528000	-6.923914433	0.080490948
6.387529000	-6.891578197	0.078761083
6.387530000	-6.891479492	0.079095019
6.387531000	-6.875681400	0.078564334
6.387532000	-6.860984802	0.076322277
6.387533000	-6.847097874	0.078595268
6.387534000	-6.799423695	0.077217590
6.387535000	-6.812034130	0.078484606
6.387536000	-6.774805546	0.077910062
6.387537000	-6.746065617	0.077432199
6.387538000	-6.717262745	0.075289062
6.387539000	-6.701074600	0.074634066
6.387540000	-6.685498238	0.074467477
6.387541000	-6.668411255	0.075214652
6.387542000	-6.679895878	0.075320554
6.387543000	-6.651868343	0.074668762
6.387544000	-6.645607948	0.074472928
6.387545000	-6.603789806	0.073394855
6.387546000	-6.608378410	0.072882530
6.387547000	-6.577919006	0.073611995
6.387548000	-6.557804585	0.071347109
6.387549000	-6.522961617	0.070462074
6.387550000	-6.519572735	0.071121714
6.387551000	-6.494999886	0.069947976
6.387552000	-6.478136539	0.069960668
6.387553000	-6.449888229	0.069517434
6.387554000	-6.426929474	0.068732605
6.387555000	-6.411522865	0.067194284
6.387556000	-6.392534256	0.068460347
6.387557000	-6.389360905	0.067483845
6.387558000	-6.356498718	0.065281281
6.387559000	-6.355233192	0.065249914
6.387560000	-6.306331635	0.063937246
6.387561000	-6.320514679	0.064701424
6.387562000	-6.302450657	0.063679839
6.387563000	-6.293356895	0.064824603
6.387564000	-6.267560005	0.063078701
6.387565000	-6.241006851	0.060380204
6.387566000	-6.222970486	0.061553725
6.387567000	-6.210008144	0.062053226
6.387568000	-6.203359127	0.061207931
6.387569000	-6.196786880	0.060492980
6.387570000	-6.183406830	0.061077115
6.387571000	-6.158167839	0.060426222
6.387572000	-6.142278671	0.057551323
6.387573000	-6.108736038	0.058230841
6.387574000	-6.095438957	0.055008225
6.387575000	-6.076910496	0.057301781
6.387576000	-6.060856342	0.055073489
6.387577000	-6.048842430	0.054865442
6.387578000	-6.038746357	0.054100969
6.387579000	-6.029200077	0.052950712
6.387580000	-6.009361744	0.053851040
6.387581000	-5.993332863	0.052427056
6.387582000	-5.973992825	0.052614268
6.387583000	-5.970681667	0.051607085
6.387584000	-5.935731411	0.052041900
6.387585000	-5.927112579	0.050047929
6.387586000	-5.916544914	0.049164130
6.387587000	-5.900045872	0.049374008
6.387588000	-5.889492035	0.047647385
6.387589000	-5.862407684	0.047519953
6.387590000	-5.827681541	0.045143681
6.387591000	-5.840534210	0.047879404
6.387592000	-5.824054241	0.045638205
6.387593000	-5.799923420	0.044877356
6.387594000	-5.784962177	0.044009686
6.387595000	-5.784506798	0.043688529
6.387596000	-5.769621372	0.043689724
6.387597000	-5.753092766	0.041923220
6.387598000	-5.746112823	0.043154004
6.387599000	-5.723261356	0.040384000
6.387600000	-5.701161861	0.039466857
6.387601000	-5.695805550	0.039717232
6.387602000	-5.688158035	0.039672574
6.387603000	-5.669847965	0.038874828
6.387604000	-5.652576923	0.036135567
6.387605000	-5.646774769	0.037467585
6.387606000	-5.647451878	0.038117841
6.387607000	-5.615954876	0.036047413
6.387608000	-5.590188503	0.035139549
6.387609000	-5.604027271	0.034639441
6.387610000	-5.568352222	0.033399885
6.387611000	-5.564682007	0.034747917
6.387612000	-5.556982040	0.033734101
6.387613000	-5.550544739	0.032997076
6.387614000	-5.528523445	0.032329619
6.387615000	-5.512972832	0.031076485
6.387616000	-5.522970200	0.031798185
6.387617000	-5.494232655	0.029397620
6.387618000	-5.460821152	0.027694337
6.387619000	-5.471350193	0.028111927
6.387620000	-5.441169739	0.027856003
6.387621000	-5.444044113	0.028408077
6.387622000	-5.432135582	0.025546046
6.387623000	-5.416085720	0.024969389
6.387624000	-5.396337986	0.024898871
6.387625000	-5.386628628	0.024721303
6.387626000	-5.366203308	0.021260801
6.387627000	-5.372449875	0.022918010
6.387628000	-5.353560925	0.022015416
6.387629000	-5.350225925	0.022247195
6.387630000	-5.316278458	0.018596868
6.387631000	-5.321722984	0.019795803
6.387632000	-5.303973198	0.017016329
6.387633000	-5.278940201	0.018091128
6.387634000	-5.273106098	0.016667669
6.387635000	-5.270202160	0.015762331
6.387636000	-5.267405987	0.015227977
6.387637000	-5.232908726	0.014576467
6.387638000	-5.235319614	0.012931825
6.387639000	-5.228009701	0.012248197
6.387640000	-5.194962978	0.012061394
6.387641000	-5.185761929	0.009966126
6.387642000	-5.178691864	0.010375451
6.387643000	-5.186583996	0.010400851
6.387644000	-5.155370712	0.009758827
6.387645000	-5.155878067	0.006871388
6.387646000	-5.146577358	0.008785690
6.387647000	-5.130189896	0.008157831
6.387648000	-5.130596161	0.007548946
6.387649000	-5.096892834	0.004102062
6.387650000	-5.094853401	0.005328190
6.387651000	-5.076649666	0.004431808
6.387652000	-5.074184895	0.004038069
6.387653000	-5.061367512	0.002115361
6.387654000	-5.050065517	0.001281373
6.387655000	-5.046494007	0.000730784
6.387656000	-5.039090633	0.000600514
6.387657000	-5.027416706	0.000191734
6.387658000	-4.996426582	-0.002731019
6.387659000	-4.996473789	-0.004136562
6.387660000	-4.992098808	-0.002342384
6.387661000	-4.980831623	-0.002265185
6.387662000	-4.966370106	-0.005124713
6.387663000	-4.951945305	-0.004083421
6.387664000	-4.946646690	-0.006425968
6.387665000	-4.939959049	-0.006997461
6.387666000	-4.931158543	-0.006829831
6.387667000	-4.916396618	-0.008112580
6.387668000	-4.898303032	-0.011103653
6.387669000	-4.896233082	-0.010154333
6.387670000	-4.878553867	-0.010322247
6.387671000	-4.869005203	-0.012508834
6.387672000	-4.863711834	-0.012913016
6.387673000	-4.859890461	-0.011405281
6.387674000	-4.847539425	-0.013280702
6.387675000	-4.848759651	-0.014096789
6.387676000	-4.832918167	-0.015580084
6.387677000	-4.823121071	-0.016083133
6.387678000	-4.819604874	-0.016220983
6.387679000	-4.803561687	-0.016784883
6.387680000	-4.798503399	-0.017672978
6.387681000	-4.794960499	-0.019014954
6.387682000	-4.776731014	-0.019687321
6.387683000	-4.760842323	-0.020495163
6.387684000	-4.760393143	-0.020299330
6.387685000	-4.757950306	-0.021153164
6.387686000	-4.726991653	-0.022453941
6.387687000	-4.740635395	-0.021788332
6.387688000	-4.718375206	-0.023069442
6.387689000	-4.712496758	-0.023117314
6.387690000	-4.707386971	-0.024934724
6.387691000	-4.695633888	-0.025512432
6.387692000	-4.683340073	-0.026440024
6.387693000	-4.677573204	-0.027539422
6.387694000	-4.665117264	-0.028761012
6.387695000	-4.665453434	-0.029791075
6.387696000	-4.643583775	-0.030813005
6.387697000	-4.651037216	-0.030907882
6.387698000	-4.625449181	-0.031707246
6.387699000	-4.619895935	-0.032040843
6.387700000	-4.606272221	-0.033265803
6.387701000	-4.603387356	-0.035159897
6.387702000	-4.593539715	-0.036915603
6.387703000	-4.596387863	-0.035637273
6.387704000	-4.574500084	-0.037454831
6.387705000	-4.579486370	-0.036569629
6.387706000	-4.561357975	-0.038103702
6.387707000	-4.560521126	-0.039364276
6.387708000	-4.538698196	-0.040470445
6.387709000	-4.553146839	-0.039972450
6.387710000	-4.539555550	-0.038745677
6.387711000	-4.519048214	-0.041305533
6.387712000	-4.519606590	-0.041146580
6.387713000	-4.513175011	-0.045057981
6.387714000	-4.501237392	-0.044519848
6.387715000	-4.492803097	-0.044707892
6.387716000	-4.492283821	-0.044035718
6.387717000	-4.471139908	-0.046710926
6.387718000	-4.462972164	-0.046268113
6.387719000	-4.454235554	-0.047998964
6.387720000	-4.466812134	-0.047596144
6.387721000	-4.436275959	-0.048396977
6.387722000	-4.439036846	-0.048248040
6.387723000	-4.447235107	-0.049627004
6.387724000	-4.434802055	-0.049347122
6.387725000	-4.411858082	-0.051081793
6.387726000	-4.405792713	-0.051662109
6.387727000	-4.406164169	-0.052883193
6.387728000	-4.400081635	-0.054222251
6.387729000	-4.386602402	-0.055158781
6.387730000	-4.384732723	-0.054528935
6.387731000	-4.376389503	-0.054426478
6.387732000	-4.362253189	-0.056249915
6.387733000	-4.351884842	-0.058345519
6.387734000	-4.348541737	-0.057901271
6.387735000	-4.340616703	-0.058295677
6.387736000	-4.338605881	-0.059346427
6.387737000	-4.324347496	-0.059882983
6.387738000	-4.318226814	-0.059864021
6.387739000	-4.314918518	-0.061954028
6.387740000	-4.297415257	-0.063150727
6.387741000	-4.307842731	-0.062797189
6.387742000	-4.285184860	-0.063584390
6.387743000	-4.282471657	-0.064591356
6.387744000	-4.276450157	-0.065710687
6.387745000	-4.272538662	-0.066103840
6.387746000	-4.268336296	-0.068114290
6.387747000	-4.266893864	-0.066303777
6.387748000	-4.257199764	-0.067863087
6.387749000	-4.249484062	-0.068887905
6.387750000	-4.243603706	-0.069225760
6.387751000	-4.240794659	-0.068249121
6.387752000	-4.223217487	-0.069862563
6.387753000	-4.228728294	-0.071995364
6.387754000	-4.212947845	-0.071723980
6.387755000	-4.205877304	-0.073601692
6.387756000	-4.198578358	-0.074052565
6.387757000	-4.199493885	-0.074452122
6.387758000	-4.178532124	-0.074840461
6.387759000	-4.182573318	-0.075885943
6.387760000	-4.172275543	-0.076117655
6.387761000	-4.168478966	-0.076640650
6.387762000	-4.162812233	-0.076335510
6.387763000	-4.150587082	-0.079206680
6.387764000	-4.139734745	-0.079458990
6.387765000	-4.151641846	-0.079109175
6.387766000	-4.138203144	-0.081342436
6.387767000	-4.134899139	-0.081189836
6.387768000	-4.122296333	-0.081322004
6.387769000	-4.120360374	-0.081891712
6.387770000	-4.124277115	-0.082669489
6.387771000	-4.108405113	-0.083962595
6.387772000	-4.095261097	-0.085077777
6.387773000	-4.099715710	-0.085822413
6.387774000	-4.100897312	-0.084874769
6.387775000	-4.082169533	-0.085936189
6.387776000	-4.082671642	-0.088629518
6.387777000	-4.070837975	-0.087532779
6.387778000	-4.064584255	-0.088686119
6.387779000	-4.058084965	-0.090275111
6.387780000	-4.058038235	-0.089916558
6.387781000	-4.054582119	-0.090822232
6.387782000	-4.044289589	-0.091663075
6.387783000	-4.033198357	-0.093379083
6.387784000	-4.029887199	-0.094421453
6.387785000	-4.018354416	-0.093614390
6.387786000	-4.018010616	-0.094724129
6.387787000	-4.020334244	-0.093851320
6.387788000	-4.015388966	-0.094820777
6.387789000	-4.008085728	-0.096829566
6.387790000	-3.999736309	-0.097195926
6.387791000	-3.990774155	-0.097788221
6.387792000	-3.990479469	-0.097120575
6.387793000	-3.993888617	-0.097876022
6.387794000	-3.983384609	-0.099265293
6.387795000	-3.970403910	-0.101125045
6.387796000	-3.964926243	-0.100996656
6.387797000	-3.959301949	-0.100836425
6.387798000	-3.948554754	-0.101898003
6.387799000	-3.941236973	-0.102874384
6.387800000	-3.952709198	-0.102343317
6.387801000	-3.959119320	-0.102711998
6.387802000	-3.928236485	-0.105185883
6.387803000	-3.928776264	-0.105181805
6.387804000	-3.920242071	-0.105673425
6.387805000	-3.915655136	-0.107301615
6.387806000	-3.915981531	-0.107198867
6.387807000	-3.922073603	-0.108015758
6.387808000	-3.907184362	-0.108127777
6.387809000	-3.915432453	-0.109148559
6.387810000	-3.892799139	-0.110482736
6.387811000	-3.892426491	-0.110466574
6.387812000	-3.884191513	-0.111728529
6.387813000	-3.879860163	-0.112126073
6.387814000	-3.876689196	-0.111676906
6.387815000	-3.871744156	-0.113672429
6.387816000	-3.869605541	-0.113491301
6.387817000	-3.857623100	-0.114742545
6.387818000	-3.854632616	-0.115063390
6.387819000	-3.853739500	-0.115487032
6.387820000	-3.851247311	-0.116390651
6.387821000	-3.842769384	-0.116966709
6.387822000	-3.840346336	-0.116571604
6.387823000	-3.833074093	-0.117432130
6.387824000	-3.838911533	-0.117638475
6.387825000	-3.827363729	-0.119896777
6.387826000	-3.810517073	-0.120553821
6.387827000	-3.818334103	-0.121631311
6.387828000	-3.806833744	-0.122526249
6.387829000	-3.807377815	-0.122452380
6.387830000	-3.802065611	-0.122923044
6.387831000	-3.800010920	-0.124719704
6.387832000	-3.787642479	-0.124242149
6.387833000	-3.793289423	-0.124460978
6.387834000	-3.782052279	-0.125259576
6.387835000	-3.784879923	-0.126072332
6.387836000	-3.781500340	-0.125595526
6.387837000	-3.763998508	-0.127759636
6.387838000	-3.766400814	-0.128840180
6.387839000	-3.765799761	-0.129360420
6.387840000	-3.746371508	-0.129782664
6.387841000	-3.762919426	-0.130411420
6.387842000	-3.759737730	-0.131294308
6.387843000	-3.739473820	-0.130832524
6.387844000	-3.747457743	-0.130867570
6.387845000	-3.741367579	-0.133333732
6.387846000	-3.738437653	-0.132295806
6.387847000	-3.726855516	-0.133427966
6.387848000	-3.729533195	-0.134362927
6.387849000	-3.721898556	-0.133113055
6.387850000	-3.722450972	-0.133817195
6.387851000	-3.715971947	-0.135427983
6.387852000	-3.710670233	-0.135401518
6.387853000	-3.702988148	-0.138051971
6.387854000	-3.694304466	-0.139040811
6.387855000	-3.699429512	-0.138419495
6.387856000	-3.691909313	-0.138858235
6.387857000	-3.682177305	-0.138745949
6.387858000	-3.675185919	-0.139694068
6.387859000	-3.688200712	-0.140915277
6.387860000	-3.668830156	-0.139911798
6.387861000	-3.666577101	-0.141724195
6.387862000	-3.662777185	-0.143015995
6.387863000	-3.662127018	-0.143128963
6.387864000	-3.665814400	-0.143421628
6.387865000	-3.657796383	-0.144109589
6.387866000	-3.661038399	-0.144329949
6.387867000	-3.645063639	-0.146042711
6.387868000	-3.645264149	-0.145290634
6.387869000	-3.638781786	-0.147296560
6.387870000	-3.637671947	-0.147720519
6.387871000	-3.629509687	-0.147039565
6.387872000	-3.634257555	-0.146948868
6.387873000	-3.629824638	-0.148572464
6.387874000	-3.619956255	-0.149256930
6.387875000	-3.623335361	-0.150092463
6.387876000	-3.616785765	-0.150054497
6.387877000	-3.610991716	-0.151782655
6.387878000	-3.612555265	-0.150921156
6.387879000	-3.604375362	-0.151987452
6.387880000	-3.600854158	-0.153521067
6.387881000	-3.594514370	-0.153746520
6.387882000	-3.593623161	-0.154538344
6.387883000	-3.594321966	-0.154364407
6.387884000	-3.597883224	-0.154115734
6.387885000	-3.584570885	-0.156453157
6.387886000	-3.577998161	-0.155175839
6.387887000	-3.575016499	-0.157003616
6.387888000	-3.575159788	-0.157340323
6.387889000	-3.577554226	-0.156943995
6.387890000	-3.577700138	-0.158301175
6.387891000	-3.572156429	-0.157110542
6.387892000	-3.571758509	-0.158914667
6.387893000	-3.559959412	-0.158745673
6.387894000	-3.548747301	-0.160586317
6.387895000	-3.551801443	-0.159926019
6.387896000	-3.544306755	-0.161292038
6.387897000	-3.543018103	-0.161862354
6.387898000	-3.544428110	-0.162429091
6.387899000	-3.533928871	-0.163182117
6.387900000	-3.544543982	-0.163115554
6.387901000	-3.532088757	-0.162651648
6.387902000	-3.531008720	-0.164598269
6.387903000	-3.527187347	-0.165037358
6.387904000	-3.527352333	-0.164282901
6.387905000	-3.521768332	-0.166385417
6.387906000	-3.512909174	-0.167397335
6.387907000	-3.510195017	-0.167905249
6.387908000	-3.507970810	-0.168267606
6.387909000	-3.506159544	-0.168427595
6.387910000	-3.510057688	-0.167748389
6.387911000	-3.505890608	-0.169392142
6.387912000	-3.504084587	-0.169987991
6.387913000	-3.498075485	-0.170425848
6.387914000	-3.491599798	-0.171913090
6.387915000	-3.485718727	-0.172295687
6.387916000	-3.486066580	-0.172215725
6.387917000	-3.486223698	-0.172975625
6.387918000	-3.483918428	-0.174428912
6.387919000	-3.479691267	-0.174721227
6.387920000	-3.475149155	-0.174861459
6.387921000	-3.472397566	-0.174541131
6.387922000	-3.469966650	-0.175148848
6.387923000	-3.465731382	-0.175338764
6.387924000	-3.459579706	-0.177052808
6.387925000	-3.458351374	-0.176764022
6.387926000	-3.462603807	-0.176740286
6.387927000	-3.453708887	-0.178462902
6.387928000	-3.451093435	-0.178903472
6.387929000	-3.452269316	-0.179193807
6.387930000	-3.437028885	-0.179638388
6.387931000	-3.447055578	-0.179690519
6.387932000	-3.445509434	-0.179851558
6.387933000	-3.442422152	-0.181740471
6.387934000	-3.439701080	-0.181460190
6.387935000	-3.436050892	-0.181453282
6.387936000	-3.435041666	-0.181830569
6.387937000	-3.422913313	-0.182221355
6.387938000	-3.430448055	-0.182917805
6.387939000	-3.420259476	-0.184356461
6.387940000	-3.426469564	-0.184112332
6.387941000	-3.414829254	-0.184590453
6.387942000	-3.416459560	-0.184777573
6.387943000	-3.416436195	-0.185159371
6.387944000	-3.405128002	-0.186469013
6.387945000	-3.410835266	-0.186213100
6.387946000	-3.400086641	-0.187108155
6.387947000	-3.390929461	-0.187814442
6.387948000	-3.394829988	-0.187513522
6.387949000	-3.389784813	-0.188598194
6.387950000	-3.392334223	-0.189669434
6.387951000	-3.382787943	-0.189675110
6.387952000	-3.390097380	-0.190460226
6.387953000	-3.394007206	-0.190835882
6.387954000	-3.377137423	-0.190932721
6.387955000	-3.387971401	-0.190701226
6.387956000	-3.374103785	-0.191229164
6.387957000	-3.377782345	-0.191954576
6.387958000	-3.376549721	-0.192806771
6.387959000	-3.373573542	-0.193240866
6.387960000	-3.384261370	-0.193447161
6.387961000	-3.362510204	-0.193477405
6.387962000	-3.364609957	-0.194989032
6.387963000	-3.360938311	-0.195489506
6.387964000	-3.363720655	-0.194714327
6.387965000	-3.358894825	-0.196213537
6.387966000	-3.361597061	-0.196492403
6.387967000	-3.361901283	-0.197901332
6.387968000	-3.344417572	-0.197888399
6.387969000	-3.346925974	-0.197890662
6.387970000	-3.336799860	-0.199068528
6.387971000	-3.335863590	-0.199504555
6.387972000	-3.337342024	-0.198863016
6.387973000	-3.330407858	-0.200567988
6.387974000	-3.335798979	-0.200802330
6.387975000	-3.334140301	-0.199385029
6.387976000	-3.329869032	-0.201257447
6.387977000	-3.326148987	-0.202639178
6.387978000	-3.326664448	-0.202082012
6.387979000	-3.318706274	-0.202595669
6.387980000	-3.316936016	-0.202432950
6.387981000	-3.314915180	-0.203508834
6.387982000	-3.313641787	-0.202615360
6.387983000	-3.314676285	-0.204213273
6.387984000	-3.313876152	-0.204682822
6.387985000	-3.311946869	-0.204041982
6.387986000	-3.302660465	-0.205693874
6.387987000	-3.308522701	-0.205680625
6.387988000	-3.293945551	-0.206642675
6.387989000	-3.298874855	-0.207291504
6.387990000	-3.301488161	-0.207053318
6.387991000	-3.292392731	-0.207226357
6.387992000	-3.293905735	-0.208576297
6.387993000	-3.290834904	-0.207954898
6.387994000	-3.294260979	-0.208721589
6.387995000	-3.287693024	-0.209399996
6.387996000	-3.276905775	-0.209686751
6.387997000	-3.284472466	-0.210011907
6.387998000	-3.282943964	-0.210143467
6.387999000	-3.289975882	-0.210585768
6.388000000	-3.281667471	-0.210994197
6.388001000	-3.272893429	-0.211946777
6.388002000	-3.262661695	-0.212199461
6.388003000	-3.266152382	-0.213248230
6.388004000	-3.267701387	-0.213816748
6.388005000	-3.262295723	-0.214084196
6.388006000	-3.260774374	-0.215030601
6.388007000	-3.265593052	-0.214257385
6.388008000	-3.256651402	-0.214562184
6.388009000	-3.264381409	-0.215062226
6.388010000	-3.251704454	-0.214994698
6.388011000	-3.256944656	-0.216117204
6.388012000	-3.253219366	-0.217319987
6.388013000	-3.246197939	-0.217442359
6.388014000	-3.247827768	-0.217396153
6.388015000	-3.256503820	-0.218053605
6.388016000	-3.248322725	-0.217565431
6.388017000	-3.249512196	-0.219140524
6.388018000	-3.245105743	-0.218384403
6.388019000	-3.246172428	-0.219640100
6.388020000	-3.245421171	-0.219850523
6.388021000	-3.229578257	-0.221699356
6.388022000	-3.231447935	-0.220711439
6.388023000	-3.238817215	-0.221627517
6.388024000	-3.233184338	-0.221350249
6.388025000	-3.233536005	-0.221118237
6.388026000	-3.230147839	-0.221979504
6.388027000	-3.223875523	-0.222820380
6.388028000	-3.230665684	-0.223510355
6.388029000	-3.227977514	-0.224436553
6.388030000	-3.229023933	-0.224288265
6.388031000	-3.210919857	-0.224880601
6.388032000	-3.222256184	-0.224137629
6.388033000	-3.216721773	-0.224798576
6.388034000	-3.223888636	-0.225447056
6.388035000	-3.217957020	-0.226429529
6.388036000	-3.213437796	-0.226414632
6.388037000	-3.218812704	-0.227955604
6.388038000	-3.213865757	-0.226393377
6.388039000	-3.208564520	-0.227673908
6.388040000	-3.207013369	-0.228275383
6.388041000	-3.200969934	-0.228139412
6.388042000	-3.212051868	-0.229059368
6.388043000	-3.197732925	-0.229257440
6.388044000	-3.196421862	-0.229143657
6.388045000	-3.192078590	-0.230991974
6.388046000	-3.196327448	-0.230916922
6.388047000	-3.191432238	-0.231673543
6.388048000	-3.193126202	-0.231288517
6.388049000	-3.193347454	-0.233589205
6.388050000	-3.185809374	-0.232143524
6.388051000	-3.190167665	-0.232567833
6.388052000	-3.182625294	-0.233392680
6.388053000	-3.193362713	-0.232792420
6.388054000	-3.189404726	-0.233987264
6.388055000	-3.179424286	-0.234284257
6.388056000	-3.186805010	-0.233848830
6.388057000	-3.174120665	-0.235193277
6.388058000	-3.174931288	-0.235211852
6.388059000	-3.176089287	-0.235759448
6.388060000	-3.171300173	-0.235773563
6.388061000	-3.178437710	-0.236193793
6.388062000	-3.169199228	-0.236689990
6.388063000	-3.169842720	-0.236778939
6.388064000	-3.166979790	-0.237196640
6.388065000	-3.175418615	-0.237139764
6.388066000	-3.156758070	-0.238893057
6.388067000	-3.169139147	-0.238774130
6.388068000	-3.161155701	-0.238551490
6.388069000	-3.162262201	-0.238789476
6.388070000	-3.151889563	-0.239381846
6.388071000	-3.153867483	-0.239378751
6.388072000	-3.153730631	-0.240338138
6.388073000	-3.155492306	-0.239800895
6.388074000	-3.153630257	-0.240547962
6.388075000	-3.143139362	-0.241396062
6.388076000	-3.148502111	-0.242395663
6.388077000	-3.143237591	-0.242298374
6.388078000	-3.137463570	-0.242988649
6.388079000	-3.153989315	-0.241990712
6.388080000	-3.151114702	-0.243581152
6.388081000	-3.149991751	-0.243415404
6.388082000	-3.140024662	-0.243109024
6.388083000	-3.143869400	-0.243176518
6.388084000	-3.140178919	-0.244823300
6.388085000	-3.144216299	-0.244913282
6.388086000	-3.127868414	-0.244235291
6.388087000	-3.130807877	-0.246343749
6.388088000	-3.133773804	-0.245705256
6.388089000	-3.134085178	-0.246279384
6.388090000	-3.125422239	-0.246912168
6.388091000	-3.129024982	-0.247861801
6.388092000	-3.120787144	-0.248234344
6.388093000	-3.128116131	-0.247502490
6.388094000	-3.125258446	-0.247874151
6.388095000	-3.119554758	-0.248203834
6.388096000	-3.116059780	-0.248766760
6.388097000	-3.121505737	-0.248670753
6.388098000	-3.119082451	-0.248695553
6.388099000	-3.117304802	-0.250427374
6.388100000	-3.124562263	-0.250912019
6.388101000	-3.108227015	-0.251229734
6.388102000	-3.113413572	-0.249994727
6.388103000	-3.119056463	-0.251141351
6.388104000	-3.109410286	-0.252092998
6.388105000	-3.110543966	-0.251823369
6.388106000	-3.109817266	-0.251511164
6.388107000	-3.101220846	-0.253125971
6.388108000	-3.104496479	-0.252900818
6.388109000	-3.106567621	-0.251869708
6.388110000	-3.103326321	-0.252895891
6.388111000	-3.107709646	-0.253657905
6.388112000	-3.096558571	-0.253330569
6.388113000	-3.110392332	-0.254285545
6.388114000	-3.096020222	-0.255392255
6.388115000	-3.100535870	-0.254899720
6.388116000	-3.105842352	-0.255291904
6.388117000	-3.096322298	-0.254907460
6.388118000	-3.091357231	-0.255988803
6.388119000	-3.103050232	-0.256110876
6.388120000	-3.098505259	-0.255833391
6.388121000	-3.078139782	-0.255840931
6.388122000	-3.085950613	-0.257273728
6.388123000	-3.082023382	-0.258247563
6.388124000	-3.086037159	-0.256965051
6.388125000	-3.082720995	-0.259251841
6.388126000	-3.083924294	-0.258225808
6.388127000	-3.068738222	-0.258874272
6.388128000	-3.078385353	-0.258642294
6.388129000	-3.080124140	-0.260309915
6.388130000	-3.082364559	-0.259471502
6.388131000	-3.084601164	-0.260445353
6.388132000	-3.081920624	-0.260989670
6.388133000	-3.084515095	-0.259937289
6.388134000	-3.070542812	-0.261273147
6.388135000	-3.066584349	-0.261627997
6.388136000	-3.068270922	-0.261304090
6.388137000	-3.069911242	-0.262002138
6.388138000	-3.067643881	-0.262594341
6.388139000	-3.075449467	-0.261418939
6.388140000	-3.072240829	-0.263747457
6.388141000	-3.066432476	-0.262646206
6.388142000	-3.062830687	-0.263011076
6.388143000	-3.060442686	-0.263839369
6.388144000	-3.062516928	-0.264058181
6.388145000	-3.064805031	-0.264949391
6.388146000	-3.054254532	-0.264002871
6.388147000	-3.055019617	-0.265805215
6.388148000	-3.060680866	-0.264736422
6.388149000	-3.053835630	-0.266410585
6.388150000	-3.048825979	-0.266032765
6.388151000	-3.053913116	-0.266025608
6.388152000	-3.059142113	-0.266005285
6.388153000	-3.051493168	-0.266537784
6.388154000	-3.047803640	-0.267430958
6.388155000	-3.049564838	-0.266533323
6.388156000	-3.058969259	-0.267925740
6.388157000	-3.050522804	-0.267739152
6.388158000	-3.050620556	-0.269368391
6.388159000	-3.043039083	-0.268372835
6.388160000	-3.044298410	-0.268799523
6.388161000	-3.047719002	-0.268602549
6.388162000	-3.046647787	-0.270644245
6.388163000	-3.045972347	-0.269539383
6.388164000	-3.041798115	-0.270149114
6.388165000	-3.047772884	-0.269950059
6.388166000	-3.041709185	-0.270633609
6.388167000	-3.035341501	-0.270397337
6.388168000	-3.042484045	-0.271165675
6.388169000	-3.037406445	-0.272080538
6.388170000	-3.034794331	-0.271443243
6.388171000	-3.036663055	-0.271868384
6.388172000	-3.029263258	-0.272847978
6.388173000	-3.025229216	-0.272221336
6.388174000	-3.036321163	-0.272521141
6.388175000	-3.032163143	-0.273304726
6.388176000	-3.023454189	-0.273385104
6.388177000	-3.026138783	-0.273500718
6.388178000	-3.028327227	-0.274266361
6.388179000	-3.029433250	-0.274217408
6.388180000	-3.027050257	-0.275391912
6.388181000	-3.026946306	-0.274881567
6.388182000	-3.023593664	-0.275033717
6.388183000	-3.023223639	-0.275986996
6.388184000	-3.017381907	-0.276245023
6.388185000	-3.021830797	-0.276751290
6.388186000	-3.022201538	-0.275069004
6.388187000	-3.020580053	-0.276557927
6.388188000	-3.013489008	-0.276783164
6.388189000	-3.013006926	-0.276659527
6.388190000	-3.024407148	-0.277556297
6.388191000	-3.018225193	-0.277839124
6.388192000	-3.014542580	-0.277800525
6.388193000	-3.019540310	-0.278286319
6.388194000	-3.012373209	-0.278045569
6.388195000	-3.010945797	-0.279181690
6.388196000	-3.008324623	-0.279528784
6.388197000	-3.011100292	-0.279414467
6.388198000	-3.002942085	-0.279352516
6.388199000	-3.010512829	-0.280873047
6.388200000	-3.007930279	-0.279888876
6.388201000	-3.010413885	-0.280477368
6.388202000	-3.008616209	-0.280337719
6.388203000	-3.007445335	-0.281244292
6.388204000	-3.000069141	-0.282021336
6.388205000	-3.002620697	-0.281318095
6.388206000	-3.004833698	-0.281969537
6.388207000	-2.994885683	-0.281962946
6.388208000	-3.001254559	-0.282003160
6.388209000	-2.989943743	-0.282722579
6.388210000	-3.005285263	-0.282457262
6.388211000	-3.005508661	-0.283082206
6.388212000	-2.993928194	-0.283163732
6.388213000	-2.995076895	-0.283334441
6.388214000	-2.995373011	-0.284389951
6.388215000	-2.999338150	-0.283394195
6.388216000	-2.994970322	-0.285443698
6.388217000	-2.995007753	-0.284581433
6.388218000	-2.989928007	-0.285114331
6.388219000	-2.993108511	-0.284462223
6.388220000	-2.987390280	-0.285400887
6.388221000	-2.994644165	-0.285873665
6.388222000	-2.988806725	-0.285247955
6.388223000	-2.980835676	-0.286041511
6.388224000	-2.986436367	-0.285986616
6.388225000	-2.989217997	-0.286736696
6.388226000	-2.990740299	-0.286241481
6.388227000	-2.984776258	-0.287228581
6.388228000	-2.979624510	-0.288364020
6.388229000	-2.983707428	-0.287805389
6.388230000	-2.977521420	-0.287921303
6.388231000	-2.973079920	-0.287922168
6.388232000	-2.982341051	-0.288675543
6.388233000	-2.984711647	-0.288116912
6.388234000	-2.980826139	-0.288644884
6.388235000	-2.981080770	-0.288655070
6.388236000	-2.973608971	-0.289479219
6.388237000	-2.979824066	-0.289719003
6.388238000	-2.985103369	-0.288942126
6.388239000	-2.978030920	-0.291249688
6.388240000	-2.974495649	-0.290728708
6.388241000	-2.974656343	-0.290301370
6.388242000	-2.964669943	-0.291230614
6.388243000	-2.969529390	-0.290867958
6.388244000	-2.969232559	-0.291039698
6.388245000	-2.978745222	-0.292266716
6.388246000	-2.967131615	-0.292295179
6.388247000	-2.969929457	-0.292146408
6.388248000	-2.965845585	-0.292281996
6.388249000	-2.964339972	-0.292040148
6.388250000	-2.964600325	-0.292622881
6.388251000	-2.952699661	-0.293360743
6.388252000	-2.961590528	-0.293711315
6.388253000	-2.958821535	-0.293980294
6.388254000	-2.958326817	-0.293110905
6.388255000	-2.958141327	-0.294787665
6.388256000	-2.959361076	-0.294798450
6.388257000	-2.963420153	-0.294611796
6.388258000	-2.959320784	-0.295645735
6.388259000	-2.960196495	-0.295270163
6.388260000	-2.952503204	-0.294273641
6.388261000	-2.954733133	-0.295520400
6.388262000	-2.946222782	-0.296632336
6.388263000	-2.943942070	-0.296563194
6.388264000	-2.956992149	-0.296368351
6.388265000	-2.949922800	-0.296769955
6.388266000	-2.951707125	-0.298269481
6.388267000	-2.955146074	-0.296954412
6.388268000	-2.952996492	-0.297870706
6.388269000	-2.951894283	-0.298052301
6.388270000	-2.952186823	-0.297954130
6.388271000	-2.953551531	-0.298436462
6.388272000	-2.945654631	-0.298113420
6.388273000	-2.945976496	-0.297890447
6.388274000	-2.951555729	-0.299319333
6.388275000	-2.954330206	-0.299052018
6.388276000	-2.949635744	-0.298684768
6.388277000	-2.947168589	-0.299435646
6.388278000	-2.951067209	-0.299738648
6.388279000	-2.948994160	-0.299120361
6.388280000	-2.939178228	-0.299754527
6.388281000	-2.946206331	-0.299811552
6.388282000	-2.943677664	-0.300241652
6.388283000	-2.935955763	-0.300263091
6.388284000	-2.940826654	-0.300575379
6.388285000	-2.939174414	-0.301615344
6.388286000	-2.942172766	-0.301468437
6.388287000	-2.933316708	-0.301480788
6.388288000	-2.942789078	-0.301380786
6.388289000	-2.940947294	-0.302906211
6.388290000	-2.942263126	-0.301387644
6.388291000	-2.943993092	-0.301839382
6.388292000	-2.935035944	-0.302544721
6.388293000	-2.938976526	-0.303866614
6.388294000	-2.930241346	-0.302709304
6.388295000	-2.930906296	-0.302670122
6.388296000	-2.928640366	-0.302965800
6.388297000	-2.932631969	-0.304092849
6.388298000	-2.935348272	-0.304646421
6.388299000	-2.938114882	-0.304012855
6.388300000	-2.939996481	-0.304859041
6.388301000	-2.937868834	-0.304938902
6.388302000	-2.930167675	-0.304145480
6.388303000	-2.931849003	-0.305587082
6.388304000	-2.934319973	-0.305803864
6.388305000	-2.930499315	-0.305380454
6.388306000	-2.931309700	-0.305893945
6.388307000	-2.919026613	-0.305862686
6.388308000	-2.929540634	-0.306082331
6.388309000	-2.928048849	-0.305785122
6.388310000	-2.932152748	-0.306206966
6.388311000	-2.927645445	-0.306930547
6.388312000	-2.917276859	-0.307650466
6.388313000	-2.933337688	-0.306816997
6.388314000	-2.927462578	-0.307960924
6.388315000	-2.923186541	-0.307503926
6.388316000	-2.924315929	-0.308058196
6.388317000	-2.924432993	-0.308896460
6.388318000	-2.920904398	-0.308232367
6.388319000	-2.920809269	-0.308389161
6.388320000	-2.928593874	-0.308689399
6.388321000	-2.920207739	-0.308494622
6.388322000	-2.917472601	-0.308365525
6.388323000	-2.925647497	-0.310203572
6.388324000	-2.922937632	-0.308532905
6.388325000	-2.924184322	-0.309777034
6.388326000	-2.916815281	-0.310393589
6.388327000	-2.915103436	-0.309973675
6.388328000	-2.916135788	-0.310922060
6.388329000	-2.915441751	-0.310636969
6.388330000	-2.915899277	-0.310942167
6.388331000	-2.915231705	-0.310252708
6.388332000	-2.919934988	-0.311908528
6.388333000	-2.910491943	-0.310877785
6.388334000	-2.914881945	-0.311646207
6.388335000	-2.917327166	-0.311901371
6.388336000	-2.911361456	-0.312114257
6.388337000	-2.923822403	-0.312317024
6.388338000	-2.905267000	-0.312076873
6.388339000	-2.911735535	-0.312031200
6.388340000	-2.912995338	-0.312917333
6.388341000	-2.908333540	-0.313213976
6.388342000	-2.904113770	-0.314158300
6.388343000	-2.902693510	-0.313115173
6.388344000	-2.911729336	-0.314244154
6.388345000	-2.900411606	-0.314154805
6.388346000	-2.905374289	-0.314209066
6.388347000	-2.911450863	-0.314804716
6.388348000	-2.902889013	-0.314250545
6.388349000	-2.900872707	-0.313868215
6.388350000	-2.901797533	-0.314735340
6.388351000	-2.898264885	-0.314935743
6.388352000	-2.894473791	-0.316247017
6.388353000	-2.900915146	-0.316519226
6.388354000	-2.895043135	-0.316389330
6.388355000	-2.902727842	-0.316000642
6.388356000	-2.889684916	-0.316341027
6.388357000	-2.896637201	-0.316524718
6.388358000	-2.895648956	-0.316505377
6.388359000	-2.891272306	-0.317761424
6.388360000	-2.899631023	-0.317768015
6.388361000	-2.898534298	-0.318109565
6.388362000	-2.895652056	-0.317258186
6.388363000	-2.899788380	-0.317702002
6.388364000	-2.896110296	-0.317862857
6.388365000	-2.890707731	-0.317798009
6.388366000	-2.895382166	-0.318625952
6.388367000	-2.892987251	-0.318009464
6.388368000	-2.896288395	-0.318132901
6.388369000	-2.896105528	-0.317312049
6.388370000	-2.897030592	-0.318679981
6.388371000	-2.892612934	-0.318976191
6.388372000	-2.901023149	-0.319185150
6.388373000	-2.893572330	-0.319027324
6.388374000	-2.889141798	-0.319717615
6.388375000	-2.886585474	-0.319580263
6.388376000	-2.885987759	-0.319011412
6.388377000	-2.889555693	-0.320465198
6.388378000	-2.885854244	-0.320683111
6.388379000	-2.886716604	-0.320938309
6.388380000	-2.883897066	-0.320877755
6.388381000	-2.879014254	-0.321487253
6.388382000	-2.881364584	-0.322621393
6.388383000	-2.887839794	-0.321625637
6.388384000	-2.883979321	-0.321900242
6.388385000	-2.892622232	-0.321251263
6.388386000	-2.876728058	-0.322902556
6.388387000	-2.886914492	-0.321526534
6.388388000	-2.886349440	-0.322549621
6.388389000	-2.877548933	-0.321887126
6.388390000	-2.879281521	-0.322026410
6.388391000	-2.882169962	-0.322382741
6.388392000	-2.873084784	-0.324599989
6.388393000	-2.883644581	-0.322605381
6.388394000	-2.883476019	-0.323987262
6.388395000	-2.885195494	-0.322773992
6.388396000	-2.885432720	-0.323353030
6.388397000	-2.882269859	-0.324344625
6.388398000	-2.879728079	-0.324397522
6.388399000	-2.876361370	-0.324923529
6.388400000	-2.881578684	-0.324413201
6.388401000	-2.873721838	-0.325139479
6.388402000	-2.878084660	-0.324318892
6.388403000	-2.874235392	-0.325013411
6.388404000	-2.875531912	-0.324770198
6.388405000	-2.875410557	-0.326212300
6.388406000	-2.873477936	-0.325361686
6.388407000	-2.877306700	-0.324973297
6.388408000	-2.878656149	-0.325383291
6.388409000	-2.867938757	-0.324947531
6.388410000	-2.876318455	-0.326635343
6.388411000	-2.871436119	-0.325881735
6.388412000	-2.881734848	-0.327164147
6.388413000	-2.866552830	-0.326711609
6.388414000	-2.868434191	-0.326949796
6.388415000	-2.868980885	-0.328139829
6.388416000	-2.872617483	-0.326903357
6.388417000	-2.870656729	-0.327316113
6.388418000	-2.868460894	-0.328103277
6.388419000	-2.865222931	-0.328084602
6.388420000	-2.873475790	-0.328598658
6.388421000	-2.880169868	-0.328818403
6.388422000	-2.869182587	-0.327847580
6.388423000	-2.863508463	-0.329263517
6.388424000	-2.878218651	-0.328324553
6.388425000	-2.874530077	-0.328545828
6.388426000	-2.869826078	-0.328650790
6.388427000	-2.863130331	-0.330048184
6.388428000	-2.867184877	-0.329924613
6.388429000	-2.867848873	-0.330106407
6.388430000	-2.867660999	-0.329399637
6.388431000	-2.865090847	-0.328949830
6.388432000	-2.868387938	-0.329302432
6.388433000	-2.865896225	-0.329834964
6.388434000	-2.860069752	-0.330877492
6.388435000	-2.863134861	-0.331259256
6.388436000	-2.862606287	-0.330886380
6.388437000	-2.867097855	-0.330565936
6.388438000	-2.869087458	-0.331251134
6.388439000	-2.869571686	-0.330321957
6.388440000	-2.863786936	-0.332239865
6.388441000	-2.866797447	-0.331675974
6.388442000	-2.869324207	-0.332007005
6.388443000	-2.861766100	-0.332181642
6.388444000	-2.863306999	-0.332198487
6.388445000	-2.858045578	-0.332664806
6.388446000	-2.860761881	-0.332767571
6.388447000	-2.859939575	-0.333104427
6.388448000	-2.858872414	-0.332108538
6.388449000	-2.853611469	-0.332426886
6.388450000	-2.863038301	-0.333864294
6.388451000	-2.859634876	-0.334252583
6.388452000	-2.856338739	-0.334176117
6.388453000	-2.854215622	-0.333280762
6.388454000	-2.855553865	-0.332921568
6.388455000	-2.855876684	-0.334172988
6.388456000	-2.849369287	-0.335027263
6.388457000	-2.859577179	-0.333766622
6.388458000	-2.848339081	-0.333812662
6.388459000	-2.860759020	-0.333823281
6.388460000	-2.850258112	-0.335143244
6.388461000	-2.856271267	-0.334605185
6.388462000	-2.857567310	-0.335190115
6.388463000	-2.861770630	-0.335859468
6.388464000	-2.849524975	-0.335262587
6.388465000	-2.850531578	-0.333677706
6.388466000	-2.852300644	-0.336376986
6.388467000	-2.848456860	-0.335491918
6.388468000	-2.844598770	-0.335831504
6.388469000	-2.854794502	-0.335637460
6.388470000	-2.852067232	-0.335984936
6.388471000	-2.843749285	-0.336041262
6.388472000	-2.847213745	-0.338164367
6.388473000	-2.849079847	-0.337202866
6.388474000	-2.854087591	-0.337820786
6.388475000	-2.846390724	-0.337933038
6.388476000	-2.852314234	-0.337958871
6.388477000	-2.840671778	-0.337302967
6.388478000	-2.849147558	-0.337857804
6.388479000	-2.845262766	-0.337929576
6.388480000	-2.850178957	-0.337740492
6.388481000	-2.841077805	-0.338442701
6.388482000	-2.846307278	-0.338832487
6.388483000	-2.844142199	-0.338089865
6.388484000	-2.844947338	-0.337729539
6.388485000	-2.844244003	-0.338147755
6.388486000	-2.845362902	-0.338507549
6.388487000	-2.841811180	-0.338380915
6.388488000	-2.842856884	-0.339871287
6.388489000	-2.847723484	-0.339775579
6.388490000	-2.844144821	-0.340155080
6.388491000	-2.842090607	-0.340360276
6.388492000	-2.841778040	-0.339834668
6.388493000	-2.837676048	-0.340224189
6.388494000	-2.844542503	-0.339982241
6.388495000	-2.836646318	-0.340582151
6.388496000	-2.840909243	-0.339983106
6.388497000	-2.843812704	-0.339813330
6.388498000	-2.837821960	-0.340308944
6.388499000	-2.841106892	-0.340541371
6.388500000	-2.845344067	-0.341575477
6.388501000	-2.838721037	-0.341936269
6.388502000	-2.846334696	-0.340127350
6.388503000	-2.837331057	-0.341651044
6.388504000	-2.832855463	-0.341843491
6.388505000	-2.834536791	-0.340983756
6.388506000	-2.838119030	-0.341957441
6.388507000	-2.837263823	-0.341652376
6.388508000	-2.840140104	-0.340696734
6.388509000	-2.837325573	-0.342372062
6.388510000	-2.834154606	-0.342404086
6.388511000	-2.832071066	-0.342235575
6.388512000	-2.830169916	-0.342025152
6.388513000	-2.835730553	-0.342850465
6.388514000	-2.832050085	-0.343495849
6.388515000	-2.831012487	-0.342357614
6.388516000	-2.838385820	-0.343881674
6.388517000	-2.832957983	-0.343444117
6.388518000	-2.835680008	-0.344317368
6.388519000	-2.831842422	-0.343724681
6.388520000	-2.835481882	-0.343648315
6.388521000	-2.832015753	-0.344917644
6.388522000	-2.838350058	-0.345086056
6.388523000	-2.833696127	-0.344600994
6.388524000	-2.833881378	-0.344282081
6.388525000	-2.835806131	-0.344161173
6.388526000	-2.829711437	-0.344675063
6.388527000	-2.832293510	-0.343656038
6.388528000	-2.834311724	-0.345553773
6.388529000	-2.827232361	-0.345764330
6.388530000	-2.833063602	-0.345808139
6.388531000	-2.834275007	-0.345708636
6.388532000	-2.822922230	-0.346061605
6.388533000	-2.823017120	-0.346154150
6.388534000	-2.826730251	-0.346479055
6.388535000	-2.828018904	-0.345453905
6.388536000	-2.830554485	-0.345787532
6.388537000	-2.828078032	-0.345957475
6.388538000	-2.824687004	-0.347530438
6.388539000	-2.823214531	-0.346204450
6.388540000	-2.825943708	-0.347166883
6.388541000	-2.823323011	-0.347915698
6.388542000	-2.829657316	-0.346573165
6.388543000	-2.828746319	-0.347508301
6.388544000	-2.827733040	-0.346521167
6.388545000	-2.833791494	-0.347062321
6.388546000	-2.827726364	-0.346935555
6.388547000	-2.833046913	-0.348429721
6.388548000	-2.826384783	-0.348151854
6.388549000	-2.823740005	-0.348424461
6.388550000	-2.825679779	-0.348704726
6.388551000	-2.821836472	-0.347378305
6.388552000	-2.821586370	-0.348325658
6.388553000	-2.826777935	-0.348677029
6.388554000	-2.827288628	-0.348347463
6.388555000	-2.825212955	-0.349178069
6.388556000	-2.825297832	-0.349191785
6.388557000	-2.822092772	-0.349587098
6.388558000	-2.819416046	-0.349024372
6.388559000	-2.826214552	-0.350268401
6.388560000	-2.817335129	-0.350331185
6.388561000	-2.817916870	-0.349418619
6.388562000	-2.817062616	-0.351249576
6.388563000	-2.819091797	-0.349998756
6.388564000	-2.822600126	-0.350030614
6.388565000	-2.820120811	-0.349984941
6.388566000	-2.821996689	-0.350687915
6.388567000	-2.823838949	-0.350934158
6.388568000	-2.826275826	-0.350372697
6.388569000	-2.827564001	-0.351209096
6.388570000	-2.815971136	-0.351874919
6.388571000	-2.820214510	-0.350615544
6.388572000	-2.820365191	-0.352035475
6.388573000	-2.815313578	-0.352083145
6.388574000	-2.817291498	-0.351041516
6.388575000	-2.826735735	-0.350961156
6.388576000	-2.829499245	-0.351353672
6.388577000	-2.822653055	-0.350945410
6.388578000	-2.830147266	-0.352306152
6.388579000	-2.826895714	-0.351687200
6.388580000	-2.822075844	-0.351886071
6.388581000	-2.824334145	-0.352358716
6.388582000	-2.818547249	-0.352775634
6.388583000	-2.818650961	-0.352624333
6.388584000	-2.818052769	-0.352892347
6.388585000	-2.812375784	-0.352518339
6.388586000	-2.818475485	-0.353199010
6.388587000	-2.822465420	-0.352130050
6.388588000	-2.821095705	-0.353223777
6.388589000	-2.815143347	-0.353758873
6.388590000	-2.817040205	-0.353791430
6.388591000	-2.808932781	-0.353330870
6.388592000	-2.811794043	-0.353945161
6.388593000	-2.812189102	-0.353016949
6.388594000	-2.815013170	-0.354210512
6.388595000	-2.812620640	-0.353032462
6.388596000	-2.818111897	-0.354853665
6.388597000	-2.807100296	-0.354216204
6.388598000	-2.816106081	-0.354653529
6.388599000	-2.812041759	-0.353882710
6.388600000	-2.819708824	-0.354797472
6.388601000	-2.819392204	-0.354770774
6.388602000	-2.814884424	-0.354953933
6.388603000	-2.804584265	-0.353794859
6.388604000	-2.809158325	-0.354726765
6.388605000	-2.812793732	-0.355297514
6.388606000	-2.819433212	-0.355999856
6.388607000	-2.816606760	-0.356610652
6.388608000	-2.816561937	-0.356443839
6.388609000	-2.811949730	-0.356351327
6.388610000	-2.815036774	-0.356008578
6.388611000	-2.809966087	-0.356848972
6.388612000	-2.812591314	-0.356189407
6.388613000	-2.803991795	-0.356390942
6.388614000	-2.806681156	-0.356730594
6.388615000	-2.808435440	-0.357089023
6.388616000	-2.809238911	-0.356504892
6.388617000	-2.812477827	-0.357859242
