D:\KID metingen\Entropy ADR\LT343chip5_BF_20240530_mapping\S21\Power\KID181_94dBm_.dat
Power at KID:94dBm
resonance Frequency in GHz :6.509451
Q=43396.339998, Qc=68863.768336, Qi=117343.434312  S21min=-8.640114


Temperature in K:0.100013
GHz	dB	Rad
6.508758000	-2.931179047	-0.543805544
6.508759000	-2.939245462	-0.543172111
6.508760000	-2.941013813	-0.544051420
6.508761000	-2.938491344	-0.544288475
6.508762000	-2.934420824	-0.543480538
6.508763000	-2.938378096	-0.544213773
6.508764000	-2.929111004	-0.544933159
6.508765000	-2.929883480	-0.545400278
6.508766000	-2.940235853	-0.544608121
6.508767000	-2.939432383	-0.545289291
6.508768000	-2.939722300	-0.543753745
6.508769000	-2.939705849	-0.544967880
6.508770000	-2.941882610	-0.545791629
6.508771000	-2.942007303	-0.545717261
6.508772000	-2.941620350	-0.544667742
6.508773000	-2.944674730	-0.544929797
6.508774000	-2.941730499	-0.545333266
6.508775000	-2.939116001	-0.544907027
6.508776000	-2.942996979	-0.545408966
6.508777000	-2.943521023	-0.545672120
6.508778000	-2.938790083	-0.545217119
6.508779000	-2.948890924	-0.546113739
6.508780000	-2.939137220	-0.545306102
6.508781000	-2.938719511	-0.546201490
6.508782000	-2.946268320	-0.545948456
6.508783000	-2.948514462	-0.546338576
6.508784000	-2.937052250	-0.547212426
6.508785000	-2.945701361	-0.546775634
6.508786000	-2.939266682	-0.546330054
6.508787000	-2.945046902	-0.547049840
6.508788000	-2.946336269	-0.547499648
6.508789000	-2.939163208	-0.547769492
6.508790000	-2.947748899	-0.547204736
6.508791000	-2.948648691	-0.546445569
6.508792000	-2.938566685	-0.547054001
6.508793000	-2.952404499	-0.547530674
6.508794000	-2.947918177	-0.546824536
6.508795000	-2.946125269	-0.547522018
6.508796000	-2.947466373	-0.547860939
6.508797000	-2.947141647	-0.547726749
6.508798000	-2.944876432	-0.547824553
6.508799000	-2.956202507	-0.547957778
6.508800000	-2.950730562	-0.547950820
6.508801000	-2.944129944	-0.548191604
6.508802000	-2.949287415	-0.548088672
6.508803000	-2.946652651	-0.548511915
6.508804000	-2.949176788	-0.548585319
6.508805000	-2.953674793	-0.548984160
6.508806000	-2.949038982	-0.549688700
6.508807000	-2.948488712	-0.548982629
6.508808000	-2.950175285	-0.549888670
6.508809000	-2.947041512	-0.549140455
6.508810000	-2.950018167	-0.549845460
6.508811000	-2.953955650	-0.548544772
6.508812000	-2.952153444	-0.549468689
6.508813000	-2.950705051	-0.550565312
6.508814000	-2.949685097	-0.549821858
6.508815000	-2.945202112	-0.549897025
6.508816000	-2.952349663	-0.550063306
6.508817000	-2.952936411	-0.550471835
6.508818000	-2.956021786	-0.550153454
6.508819000	-2.953040838	-0.551192886
6.508820000	-2.953103304	-0.550558521
6.508821000	-2.947661400	-0.550869578
6.508822000	-2.952769995	-0.550882928
6.508823000	-2.946740866	-0.551696557
6.508824000	-2.956687689	-0.551936707
6.508825000	-2.958591938	-0.551514263
6.508826000	-2.960662603	-0.551796259
6.508827000	-2.957586527	-0.552511684
6.508828000	-2.947127581	-0.551829648
6.508829000	-2.954882860	-0.553207867
6.508830000	-2.948652744	-0.552522536
6.508831000	-2.950226545	-0.553025674
6.508832000	-2.942561626	-0.552382653
6.508833000	-2.956297398	-0.552752966
6.508834000	-2.955650330	-0.552766082
6.508835000	-2.953036308	-0.552622072
6.508836000	-2.953655481	-0.552968083
6.508837000	-2.952865839	-0.552673171
6.508838000	-2.955754519	-0.552745343
6.508839000	-2.963845491	-0.552744211
6.508840000	-2.960579157	-0.553976655
6.508841000	-2.957515001	-0.553804282
6.508842000	-2.951747417	-0.554230821
6.508843000	-2.956186056	-0.554233018
6.508844000	-2.953530550	-0.554077156
6.508845000	-2.956643343	-0.554000990
6.508846000	-2.961324215	-0.554119967
6.508847000	-2.961359739	-0.553730146
6.508848000	-2.959457159	-0.553954018
6.508849000	-2.961739779	-0.553370886
6.508850000	-2.961214304	-0.554628131
6.508851000	-2.963985682	-0.554171865
6.508852000	-2.962147713	-0.555046147
6.508853000	-2.956234455	-0.555188493
6.508854000	-2.966835976	-0.555616497
6.508855000	-2.955318928	-0.555258768
6.508856000	-2.958944082	-0.555327843
6.508857000	-2.957966328	-0.555472553
6.508858000	-2.960660219	-0.555870296
6.508859000	-2.960070372	-0.555504145
6.508860000	-2.970048904	-0.555273615
6.508861000	-2.963716269	-0.555313595
6.508862000	-2.962791204	-0.555439763
6.508863000	-2.962065220	-0.556692314
6.508864000	-2.964956522	-0.555651484
6.508865000	-2.972005367	-0.557128007
6.508866000	-2.971243143	-0.556737188
6.508867000	-2.972467899	-0.556946746
6.508868000	-2.961225986	-0.557577382
6.508869000	-2.962150335	-0.557180238
6.508870000	-2.963898897	-0.557005002
6.508871000	-2.972819090	-0.557684841
6.508872000	-2.962250710	-0.557854884
6.508873000	-2.965649366	-0.556830465
6.508874000	-2.966962099	-0.557277077
6.508875000	-2.971718550	-0.557759842
6.508876000	-2.968050480	-0.557862573
6.508877000	-2.966411114	-0.557043252
6.508878000	-2.970247030	-0.558383288
6.508879000	-2.972079277	-0.557728417
6.508880000	-2.972461700	-0.557790402
6.508881000	-2.971967220	-0.558432756
6.508882000	-2.969028950	-0.558022862
6.508883000	-2.963763237	-0.557969333
6.508884000	-2.973527908	-0.558916752
6.508885000	-2.962215185	-0.559557043
6.508886000	-2.968825102	-0.559147582
6.508887000	-2.967022419	-0.558967552
6.508888000	-2.965559483	-0.559590532
6.508889000	-2.971749067	-0.559476283
6.508890000	-2.974658489	-0.559593262
6.508891000	-2.967826605	-0.560708394
6.508892000	-2.970277548	-0.560256522
6.508893000	-2.972844601	-0.560819781
6.508894000	-2.971766710	-0.560189344
6.508895000	-2.977081299	-0.560652534
6.508896000	-2.975986004	-0.561490964
6.508897000	-2.971665144	-0.562048230
6.508898000	-2.978284359	-0.561970666
6.508899000	-2.982924461	-0.560697741
6.508900000	-2.974932432	-0.560735691
6.508901000	-2.974269152	-0.561411136
6.508902000	-2.981240034	-0.561205207
6.508903000	-2.977763891	-0.561787507
6.508904000	-2.983442545	-0.562291577
6.508905000	-2.978262186	-0.561969201
6.508906000	-2.971504450	-0.562286317
6.508907000	-2.970554352	-0.561447954
6.508908000	-2.985803127	-0.562022198
6.508909000	-2.987342358	-0.562015474
6.508910000	-2.980527878	-0.562550702
6.508911000	-2.980127811	-0.562421672
6.508912000	-2.977766514	-0.562806033
6.508913000	-2.986257076	-0.562393709
6.508914000	-2.981808424	-0.562916754
6.508915000	-2.983233213	-0.563298318
6.508916000	-2.979637146	-0.563453980
6.508917000	-2.985290766	-0.563596393
6.508918000	-2.985152721	-0.563580480
6.508919000	-2.991117239	-0.563663704
6.508920000	-2.987244606	-0.564383956
6.508921000	-2.973460436	-0.563433807
6.508922000	-2.987377167	-0.564100462
6.508923000	-2.984236479	-0.564386952
6.508924000	-2.985064745	-0.565600155
6.508925000	-2.982012749	-0.565954089
6.508926000	-2.992355585	-0.564555996
6.508927000	-2.997128487	-0.564199599
6.508928000	-2.987861872	-0.566378131
6.508929000	-2.991377354	-0.565316062
6.508930000	-2.983215570	-0.565291361
6.508931000	-2.995182753	-0.565952824
6.508932000	-2.991405249	-0.566657164
6.508933000	-2.991203785	-0.566428931
6.508934000	-2.987119436	-0.566545843
6.508935000	-2.989981413	-0.566887460
6.508936000	-2.986880064	-0.567278479
6.508937000	-2.993687630	-0.566366946
6.508938000	-2.996162653	-0.567047583
6.508939000	-2.991513729	-0.566294841
6.508940000	-2.993743181	-0.567255243
6.508941000	-2.993310452	-0.567525421
6.508942000	-2.995612621	-0.566978474
6.508943000	-2.991397381	-0.568208921
6.508944000	-2.995332479	-0.567424753
6.508945000	-2.998096228	-0.567655982
6.508946000	-3.000379562	-0.567924362
6.508947000	-2.996594906	-0.568297338
6.508948000	-3.005791187	-0.568487954
6.508949000	-2.990323067	-0.568812460
6.508950000	-3.005149603	-0.567802656
6.508951000	-2.997422218	-0.568258589
6.508952000	-2.999179602	-0.568619580
6.508953000	-3.006225109	-0.569057271
6.508954000	-3.003511667	-0.568857800
6.508955000	-3.005051613	-0.569340165
6.508956000	-3.006545782	-0.569569796
6.508957000	-3.003841162	-0.569619065
6.508958000	-2.992978573	-0.569063130
6.508959000	-3.006292582	-0.570313284
6.508960000	-2.996986151	-0.569243359
6.508961000	-2.995250225	-0.570730935
6.508962000	-2.999359846	-0.570510425
6.508963000	-3.005235195	-0.570452301
6.508964000	-2.999736547	-0.570672012
6.508965000	-2.996588230	-0.571130808
6.508966000	-2.998067617	-0.571512106
6.508967000	-2.999052525	-0.571602521
6.508968000	-2.999898195	-0.571915908
6.508969000	-3.012736320	-0.571879023
6.508970000	-2.997963905	-0.571485541
6.508971000	-3.003900051	-0.571288401
6.508972000	-3.012964725	-0.572213450
6.508973000	-3.009681463	-0.572571112
6.508974000	-3.011310816	-0.573306012
6.508975000	-3.005676270	-0.573145756
6.508976000	-3.002049208	-0.572386355
6.508977000	-3.012880087	-0.572568383
6.508978000	-3.009684324	-0.572381429
6.508979000	-3.012499094	-0.573754554
6.508980000	-3.008110285	-0.574462556
6.508981000	-3.015936136	-0.574343779
6.508982000	-3.008435965	-0.573825994
6.508983000	-3.003635645	-0.573943572
6.508984000	-3.012050152	-0.574050099
6.508985000	-3.015408993	-0.574699045
6.508986000	-3.011013746	-0.574376869
6.508987000	-3.015577793	-0.574980874
6.508988000	-3.017367840	-0.575144924
6.508989000	-3.013229132	-0.575093192
6.508990000	-3.015999079	-0.575129811
6.508991000	-3.012342691	-0.576240482
6.508992000	-3.024011135	-0.575663641
6.508993000	-3.014529705	-0.576221174
6.508994000	-3.022652149	-0.576409793
6.508995000	-3.017524004	-0.575357511
6.508996000	-3.024992228	-0.576826178
6.508997000	-3.013954163	-0.577605685
6.508998000	-3.020681620	-0.577003411
6.508999000	-3.019344091	-0.578138650
6.509000000	-3.015152931	-0.577184240
6.509001000	-3.017244101	-0.577444630
6.509002000	-3.017728329	-0.578895920
6.509003000	-3.019126415	-0.578683466
6.509004000	-3.009792089	-0.578743521
6.509005000	-3.021870613	-0.578485327
6.509006000	-3.016208649	-0.579387007
6.509007000	-3.020501375	-0.579820370
6.509008000	-3.022751331	-0.578317082
6.509009000	-3.019953489	-0.579448260
6.509010000	-3.020402670	-0.580293281
6.509011000	-3.030202866	-0.580075301
6.509012000	-3.033398628	-0.580891027
6.509013000	-3.022834301	-0.579839012
6.509014000	-3.021014214	-0.580166315
6.509015000	-3.021681070	-0.580670451
6.509016000	-3.021844625	-0.580894223
6.509017000	-3.026000261	-0.581274722
6.509018000	-3.023518562	-0.580651809
6.509019000	-3.028478622	-0.582314886
6.509020000	-3.022185087	-0.581454952
6.509021000	-3.010758877	-0.582664293
6.509022000	-3.032696247	-0.582242382
6.509023000	-3.026028633	-0.581656153
6.509024000	-3.036201000	-0.582449243
6.509025000	-3.023268938	-0.582860568
6.509026000	-3.026087046	-0.583668238
6.509027000	-3.034941673	-0.584573713
6.509028000	-3.034446239	-0.583673431
6.509029000	-3.035365820	-0.583203383
6.509030000	-3.030870914	-0.583244529
6.509031000	-3.033657312	-0.583867975
6.509032000	-3.035647631	-0.583738546
6.509033000	-3.036226749	-0.585223990
6.509034000	-3.038059473	-0.584881708
6.509035000	-3.040755033	-0.585440638
6.509036000	-3.030019283	-0.585046757
6.509037000	-3.029813766	-0.585554156
6.509038000	-3.035785198	-0.584886634
6.509039000	-3.038081646	-0.586081062
6.509040000	-3.036339045	-0.585989449
6.509041000	-3.047697783	-0.585480386
6.509042000	-3.046409130	-0.585192632
6.509043000	-3.041382313	-0.586274075
6.509044000	-3.043650866	-0.586595718
6.509045000	-3.046061039	-0.586888865
6.509046000	-3.042017698	-0.586591723
6.509047000	-3.050925016	-0.587639011
6.509048000	-3.039208412	-0.586870623
6.509049000	-3.050787926	-0.589096759
6.509050000	-3.043529987	-0.588119645
6.509051000	-3.043912649	-0.587677627
6.509052000	-3.049869776	-0.588245613
6.509053000	-3.054814100	-0.588927848
6.509054000	-3.049666643	-0.587749399
6.509055000	-3.052700996	-0.589316004
6.509056000	-3.043412447	-0.589197760
6.509057000	-3.052781105	-0.588996558
6.509058000	-3.055351496	-0.589273726
6.509059000	-3.041925430	-0.590466623
6.509060000	-3.053728819	-0.590502775
6.509061000	-3.057289600	-0.590076869
6.509062000	-3.056042671	-0.591244465
6.509063000	-3.052289486	-0.591237541
6.509064000	-3.050864935	-0.590708238
6.509065000	-3.062451839	-0.591062505
6.509066000	-3.054660082	-0.591667375
6.509067000	-3.056544065	-0.592232631
6.509068000	-3.058607101	-0.592271780
6.509069000	-3.065074682	-0.592271114
6.509070000	-3.056856871	-0.592870925
6.509071000	-3.057891369	-0.593933992
6.509072000	-3.053142786	-0.593237975
6.509073000	-3.056250095	-0.593369535
6.509074000	-3.054483175	-0.593930596
6.509075000	-3.061250448	-0.593582787
6.509076000	-3.062433243	-0.593790847
6.509077000	-3.063039303	-0.594105499
6.509078000	-3.068189144	-0.594236194
6.509079000	-3.064198971	-0.595377758
6.509080000	-3.072194576	-0.595014436
6.509081000	-3.072323799	-0.595334215
6.509082000	-3.074174166	-0.595830495
6.509083000	-3.071937799	-0.595677097
6.509084000	-3.072071791	-0.595464244
6.509085000	-3.068485975	-0.596103469
6.509086000	-3.071734905	-0.596509468
6.509087000	-3.073260546	-0.596091818
6.509088000	-3.072423220	-0.596773721
6.509089000	-3.075945377	-0.597945511
6.509090000	-3.074956417	-0.597342705
6.509091000	-3.069051504	-0.598402177
6.509092000	-3.072988510	-0.598213359
6.509093000	-3.080543995	-0.598372350
6.509094000	-3.081816435	-0.599048526
6.509095000	-3.072783232	-0.598960975
6.509096000	-3.082361460	-0.599433419
6.509097000	-3.074643850	-0.599297931
6.509098000	-3.079250813	-0.600007863
6.509099000	-3.081496716	-0.599991019
6.509100000	-3.080583811	-0.600347150
6.509101000	-3.077275753	-0.600588566
6.509102000	-3.083416462	-0.600939370
6.509103000	-3.079929829	-0.601066070
6.509104000	-3.071955681	-0.601310815
6.509105000	-3.083764076	-0.601974608
6.509106000	-3.081130266	-0.601525266
6.509107000	-3.084980011	-0.602059762
6.509108000	-3.088393211	-0.602625285
6.509109000	-3.079783916	-0.602543259
6.509110000	-3.088558674	-0.602474283
6.509111000	-3.090613127	-0.603362647
6.509112000	-3.083894730	-0.604014256
6.509113000	-3.098651886	-0.603217106
6.509114000	-3.088054180	-0.604454477
6.509115000	-3.092475176	-0.604595158
6.509116000	-3.098835707	-0.603988956
6.509117000	-3.098763943	-0.605044101
6.509118000	-3.094189167	-0.604783777
6.509119000	-3.094650745	-0.605607293
6.509120000	-3.090942621	-0.606038392
6.509121000	-3.090606689	-0.606053572
6.509122000	-3.095757723	-0.605195967
6.509123000	-3.093762875	-0.606575418
6.509124000	-3.098922014	-0.605189842
6.509125000	-3.102609634	-0.606977023
6.509126000	-3.100934029	-0.606381207
6.509127000	-3.100030661	-0.605929801
6.509128000	-3.101576328	-0.606397586
6.509129000	-3.113132477	-0.606487334
6.509130000	-3.094854116	-0.607106453
6.509131000	-3.107189417	-0.607840952
6.509132000	-3.111391068	-0.609454295
6.509133000	-3.103623867	-0.609785659
6.509134000	-3.109960556	-0.609322402
6.509135000	-3.101091862	-0.608964340
6.509136000	-3.103487015	-0.609868018
6.509137000	-3.109721422	-0.610391861
6.509138000	-3.106994390	-0.611364448
6.509139000	-3.119224310	-0.610703052
6.509140000	-3.104504824	-0.611390946
6.509141000	-3.117718458	-0.611175896
6.509142000	-3.115825415	-0.611702736
6.509143000	-3.117580175	-0.611386086
6.509144000	-3.114982843	-0.612315995
6.509145000	-3.119346142	-0.612395357
6.509146000	-3.114811897	-0.613400368
6.509147000	-3.119450331	-0.614020085
6.509148000	-3.122204304	-0.613528466
6.509149000	-3.124142408	-0.615219440
6.509150000	-3.122076750	-0.614142324
6.509151000	-3.124830484	-0.614701921
6.509152000	-3.119047165	-0.614303912
6.509153000	-3.120267153	-0.614903722
6.509154000	-3.128404856	-0.615372905
6.509155000	-3.129733801	-0.615946749
6.509156000	-3.121369600	-0.616683180
6.509157000	-3.132074118	-0.616820000
6.509158000	-3.127762794	-0.617218475
6.509159000	-3.125284910	-0.617299102
6.509160000	-3.132640123	-0.617404564
6.509161000	-3.133888483	-0.618814241
6.509162000	-3.138039112	-0.617353897
6.509163000	-3.137961864	-0.618254512
6.509164000	-3.136040926	-0.618198319
6.509165000	-3.139950752	-0.618409308
6.509166000	-3.142533779	-0.619240680
6.509167000	-3.143996716	-0.619324303
6.509168000	-3.147847414	-0.620790973
6.509169000	-3.139450550	-0.619863727
6.509170000	-3.141911030	-0.621941458
6.509171000	-3.147296667	-0.621648377
6.509172000	-3.150470734	-0.621682133
6.509173000	-3.147116899	-0.623022369
6.509174000	-3.148406506	-0.622550457
6.509175000	-3.144641876	-0.623019706
6.509176000	-3.146187305	-0.622912580
6.509177000	-3.145581007	-0.623972452
6.509178000	-3.155670881	-0.623517317
6.509179000	-3.151790619	-0.624471395
6.509180000	-3.157624960	-0.625474275
6.509181000	-3.153625965	-0.625228265
6.509182000	-3.160917282	-0.624712943
6.509183000	-3.156600952	-0.625558031
6.509184000	-3.155029297	-0.626285740
6.509185000	-3.162737131	-0.626612510
6.509186000	-3.162418127	-0.627053130
6.509187000	-3.163630247	-0.626524359
6.509188000	-3.175440550	-0.627785166
6.509189000	-3.162940979	-0.627487891
6.509190000	-3.169235945	-0.627714659
6.509191000	-3.172553062	-0.629467552
6.509192000	-3.173213243	-0.629236256
6.509193000	-3.172665358	-0.629237454
6.509194000	-3.171155453	-0.629643387
6.509195000	-3.173659325	-0.630760117
6.509196000	-3.180519342	-0.629938066
6.509197000	-3.173062086	-0.632333113
6.509198000	-3.173432350	-0.631198739
6.509199000	-3.179544687	-0.632233777
6.509200000	-3.171840906	-0.633052366
6.509201000	-3.179175377	-0.632692706
6.509202000	-3.170576572	-0.632321794
6.509203000	-3.185013771	-0.632771536
6.509204000	-3.177328348	-0.634293133
6.509205000	-3.179976940	-0.634872770
6.509206000	-3.189462900	-0.634753860
6.509207000	-3.188351631	-0.635971923
6.509208000	-3.183242798	-0.635677377
6.509209000	-3.183225155	-0.635883506
6.509210000	-3.185593367	-0.635744489
6.509211000	-3.190145969	-0.637659768
6.509212000	-3.193167925	-0.637420217
6.509213000	-3.198160648	-0.638037537
6.509214000	-3.199735165	-0.637876416
6.509215000	-3.198250532	-0.639738032
6.509216000	-3.199401379	-0.638316370
6.509217000	-3.195607901	-0.639130166
6.509218000	-3.200694799	-0.639756674
6.509219000	-3.197613001	-0.640224991
6.509220000	-3.190570593	-0.639822854
6.509221000	-3.198358536	-0.641928416
6.509222000	-3.209656715	-0.641890599
6.509223000	-3.212501764	-0.642397066
6.509224000	-3.213150263	-0.642784156
6.509225000	-3.205456018	-0.642838218
6.509226000	-3.214866161	-0.643678179
6.509227000	-3.205941677	-0.643365924
6.509228000	-3.212191820	-0.643900886
6.509229000	-3.210349321	-0.644890117
6.509230000	-3.214145422	-0.645638532
6.509231000	-3.221854925	-0.645306968
6.509232000	-3.222969532	-0.646411381
6.509233000	-3.224367857	-0.646002187
6.509234000	-3.222098589	-0.646545804
6.509235000	-3.224243641	-0.647534703
6.509236000	-3.230047703	-0.648038839
6.509237000	-3.235325098	-0.648126324
6.509238000	-3.232634544	-0.648583922
6.509239000	-3.230640411	-0.649552646
6.509240000	-3.233325243	-0.649718428
6.509241000	-3.232546568	-0.650201060
6.509242000	-3.232515812	-0.649720426
6.509243000	-3.234907150	-0.650907330
6.509244000	-3.238656521	-0.653027206
6.509245000	-3.245240450	-0.652038308
6.509246000	-3.244998217	-0.652286914
6.509247000	-3.240406513	-0.653230072
6.509248000	-3.240024805	-0.653765102
6.509249000	-3.242286444	-0.653182801
6.509250000	-3.247039080	-0.654900673
6.509251000	-3.249663353	-0.655486103
6.509252000	-3.246845484	-0.655203941
6.509253000	-3.253581762	-0.656240576
6.509254000	-3.258755922	-0.657427081
6.509255000	-3.254622936	-0.655722791
6.509256000	-3.259181499	-0.658187613
6.509257000	-3.262377262	-0.657730215
6.509258000	-3.266448259	-0.659498754
6.509259000	-3.259340048	-0.659591299
6.509260000	-3.264494419	-0.659235368
6.509261000	-3.271320820	-0.660776139
6.509262000	-3.269090652	-0.660779269
6.509263000	-3.278300285	-0.662030954
6.509264000	-3.274000406	-0.662837426
6.509265000	-3.276680470	-0.663429979
6.509266000	-3.277685404	-0.663844900
6.509267000	-3.280009985	-0.664074664
6.509268000	-3.280910015	-0.664727605
6.509269000	-3.284175158	-0.664969220
6.509270000	-3.279944181	-0.665630483
6.509271000	-3.282640457	-0.664825875
6.509272000	-3.283356905	-0.667014461
6.509273000	-3.296992064	-0.666441881
6.509274000	-3.291755676	-0.668230394
6.509275000	-3.292562008	-0.668479533
6.509276000	-3.298905611	-0.668213350
6.509277000	-3.292879343	-0.669345459
6.509278000	-3.307947397	-0.669972234
6.509279000	-3.306425810	-0.671157274
6.509280000	-3.305968046	-0.671694367
6.509281000	-3.306709290	-0.671554152
6.509282000	-3.304210186	-0.672054094
6.509283000	-3.311017752	-0.672151899
6.509284000	-3.319104671	-0.672324471
6.509285000	-3.321690321	-0.672997319
6.509286000	-3.327103138	-0.674626441
6.509287000	-3.326984167	-0.675661412
6.509288000	-3.317940712	-0.675142296
6.509289000	-3.330436707	-0.677491803
6.509290000	-3.335224390	-0.677032807
6.509291000	-3.338170767	-0.678001798
6.509292000	-3.328330755	-0.678591356
6.509293000	-3.337951422	-0.679196958
6.509294000	-3.342547417	-0.680272809
6.509295000	-3.343661785	-0.681400591
6.509296000	-3.339121342	-0.681310510
6.509297000	-3.350410938	-0.681892610
6.509298000	-3.350959778	-0.681412509
6.509299000	-3.348328352	-0.682354402
6.509300000	-3.353215933	-0.684296512
6.509301000	-3.355672836	-0.685759187
6.509302000	-3.361511946	-0.685878164
6.509303000	-3.356307030	-0.686109659
6.509304000	-3.356532812	-0.686880644
6.509305000	-3.368289948	-0.688140319
6.509306000	-3.368045568	-0.688632405
6.509307000	-3.369030952	-0.688805976
6.509308000	-3.373283386	-0.689826566
6.509309000	-3.371072769	-0.689744807
6.509310000	-3.380992889	-0.691821008
6.509311000	-3.384032011	-0.690902683
6.509312000	-3.386071920	-0.692490127
6.509313000	-3.384336472	-0.694278839
6.509314000	-3.395609379	-0.694015186
6.509315000	-3.398878813	-0.693902002
6.509316000	-3.400614738	-0.695849571
6.509317000	-3.400441885	-0.696487931
6.509318000	-3.402787447	-0.697167503
6.509319000	-3.408035755	-0.698127906
6.509320000	-3.410455704	-0.698746958
6.509321000	-3.411367416	-0.698132167
6.509322000	-3.422402859	-0.699624869
6.509323000	-3.413883686	-0.700814569
6.509324000	-3.423116207	-0.701388281
6.509325000	-3.421164751	-0.702062593
6.509326000	-3.429416180	-0.703092904
6.509327000	-3.426379681	-0.703909828
6.509328000	-3.437863111	-0.705107718
6.509329000	-3.441105843	-0.706014258
6.509330000	-3.441105604	-0.706626119
6.509331000	-3.443439960	-0.706857615
6.509332000	-3.446187496	-0.708379145
6.509333000	-3.459228277	-0.708431876
6.509334000	-3.453588486	-0.709314581
6.509335000	-3.462473154	-0.710299817
6.509336000	-3.466368198	-0.712364033
6.509337000	-3.467239857	-0.711472007
6.509338000	-3.471962452	-0.713425969
6.509339000	-3.476732492	-0.715513887
6.509340000	-3.472427130	-0.715577070
6.509341000	-3.487791538	-0.716540336
6.509342000	-3.483242750	-0.715628469
6.509343000	-3.495640516	-0.717748945
6.509344000	-3.490604639	-0.718281511
6.509345000	-3.504009247	-0.718747297
6.509346000	-3.507760286	-0.720322158
6.509347000	-3.505536795	-0.720578820
6.509348000	-3.519343615	-0.722459411
6.509349000	-3.520339489	-0.723511227
6.509350000	-3.524030685	-0.726690641
6.509351000	-3.520560503	-0.725828709
6.509352000	-3.537201881	-0.728142797
6.509353000	-3.536975384	-0.727437591
6.509354000	-3.535293102	-0.728268498
6.509355000	-3.541529417	-0.730083375
6.509356000	-3.553108454	-0.730020192
6.509357000	-3.549064159	-0.731756307
6.509358000	-3.553595066	-0.733431635
6.509359000	-3.567737579	-0.734984391
6.509360000	-3.568284750	-0.735814764
6.509361000	-3.561320305	-0.736571435
6.509362000	-3.574527025	-0.737722187
6.509363000	-3.584141731	-0.738644373
6.509364000	-3.585180283	-0.739724152
6.509365000	-3.579082966	-0.740991750
6.509366000	-3.593623400	-0.742238975
6.509367000	-3.610923290	-0.744293537
6.509368000	-3.603191853	-0.744445737
6.509369000	-3.609287739	-0.746174927
6.509370000	-3.611446619	-0.746511218
6.509371000	-3.623802662	-0.749675919
6.509372000	-3.616217375	-0.748684024
6.509373000	-3.641299248	-0.750589849
6.509374000	-3.637239933	-0.751238462
6.509375000	-3.649061441	-0.752662321
6.509376000	-3.650900126	-0.753779584
6.509377000	-3.651080370	-0.755202910
6.509378000	-3.655104876	-0.756581296
6.509379000	-3.656357765	-0.756294140
6.509380000	-3.667037964	-0.758989526
6.509381000	-3.676567554	-0.759315497
6.509382000	-3.681902647	-0.760559659
6.509383000	-3.684119225	-0.761785712
6.509384000	-3.691265583	-0.762949580
6.509385000	-3.697725296	-0.765209605
6.509386000	-3.695157290	-0.765398889
6.509387000	-3.710422754	-0.766356628
6.509388000	-3.717662096	-0.768749079
6.509389000	-3.721869946	-0.770388587
6.509390000	-3.737366915	-0.771079278
6.509391000	-3.729244947	-0.771652457
6.509392000	-3.754996777	-0.774492119
6.509393000	-3.760425091	-0.775701394
6.509394000	-3.758046627	-0.776949884
6.509395000	-3.770980835	-0.778323210
6.509396000	-3.783634186	-0.782375276
6.509397000	-3.788818598	-0.783560915
6.509398000	-3.790813923	-0.783873903
6.509399000	-3.811233759	-0.786458501
6.509400000	-3.832391500	-0.790122545
6.509401000	-3.818863392	-0.788295816
6.509402000	-3.831564188	-0.790783208
6.509403000	-3.839573145	-0.791652531
6.509404000	-3.844711304	-0.793615414
6.509405000	-3.858892441	-0.795381289
6.509406000	-3.873122931	-0.798232536
6.509407000	-3.880367041	-0.801601102
6.509408000	-3.896822453	-0.801738188
6.509409000	-3.900967836	-0.804215261
6.509410000	-3.918327808	-0.806751522
6.509411000	-3.917347193	-0.808188830
6.509412000	-3.930170298	-0.808143357
6.509413000	-3.936704874	-0.810200316
6.509414000	-3.943717718	-0.812183505
6.509415000	-3.961558580	-0.813450770
6.509416000	-3.980660677	-0.815937564
6.509417000	-3.983713627	-0.817130460
6.509418000	-4.000058174	-0.821069875
6.509419000	-4.013592720	-0.824375723
6.509420000	-4.028421879	-0.828666808
6.509421000	-4.047204018	-0.830594471
6.509422000	-4.061296463	-0.832950969
6.509423000	-4.111893654	-0.839249877
6.509424000	-4.095212460	-0.836205485
6.509425000	-4.112899303	-0.840811222
6.509426000	-4.117670059	-0.842230820
6.509427000	-4.141552925	-0.846462050
6.509428000	-4.151753902	-0.847014590
6.509429000	-4.180367947	-0.850569510
6.509430000	-4.200004101	-0.854606796
6.509431000	-4.218739510	-0.857444128
6.509432000	-4.230545044	-0.860980673
6.509433000	-4.249158382	-0.862973716
6.509434000	-4.271560192	-0.867314735
6.509435000	-4.280879021	-0.869552456
6.509436000	-4.290160656	-0.870044075
6.509437000	-4.325664520	-0.874114451
6.509438000	-4.350331306	-0.878188288
6.509439000	-4.382492542	-0.883013271
6.509440000	-4.395529747	-0.885994746
6.509441000	-4.424866676	-0.891925339
6.509442000	-4.500976086	-0.898443692
6.509443000	-4.508609772	-0.900474619
6.509444000	-4.540186882	-0.907915691
6.509445000	-4.608559608	-0.916476622
6.509446000	-4.644295216	-0.920613710
6.509447000	-4.696630478	-0.928455787
6.509448000	-4.738232613	-0.931580008
6.509449000	-4.808619022	-0.942465346
6.509450000	-4.838450432	-0.945550152
6.509451000	-11.328516006	0.559369423
6.509452000	-10.952098846	0.549430606
6.509453000	-10.816002846	0.547544888
6.509454000	-10.797657967	0.544649799
6.509455000	-10.649376869	0.542969344
6.509456000	-10.549922943	0.544162341
6.509457000	-10.443910599	0.538908789
6.509458000	-10.350398064	0.541123208
6.509459000	-10.309741974	0.539630606
6.509460000	-10.190649033	0.540501127
6.509461000	-10.130965233	0.535706238
6.509462000	-10.035100937	0.538485413
6.509463000	-9.989325523	0.536493369
6.509464000	-9.938907623	0.535729474
6.509465000	-9.822568893	0.532938914
6.509466000	-9.760509491	0.532132576
6.509467000	-9.684732437	0.530034371
6.509468000	-9.613689423	0.528073319
6.509469000	-9.560345650	0.527556799
6.509470000	-9.468052864	0.528444430
6.509471000	-9.431788445	0.527034886
6.509472000	-9.376008034	0.527848016
6.509473000	-9.295627594	0.524291397
6.509474000	-9.213630676	0.523080824
6.509475000	-9.168723106	0.523419378
6.509476000	-9.099355698	0.519559626
6.509477000	-9.055378914	0.520461505
6.509478000	-8.978754044	0.516786210
6.509479000	-8.941934586	0.517069836
6.509480000	-8.896652222	0.513069502
6.509481000	-8.841532707	0.515192641
6.509482000	-8.774477959	0.511506193
6.509483000	-8.713830948	0.511460320
6.509484000	-8.696829796	0.511129689
6.509485000	-8.625728607	0.507893016
6.509486000	-8.594862938	0.506197215
6.509487000	-8.490006447	0.505906997
6.509488000	-8.458742142	0.500997060
6.509489000	-8.425483704	0.503795144
6.509490000	-8.348226547	0.500324146
6.509491000	-8.304745674	0.498361130
6.509492000	-8.280811310	0.495919843
6.509493000	-8.208359718	0.494834239
6.509494000	-8.169049263	0.493827264
6.509495000	-8.127252579	0.491812883
6.509496000	-8.056970596	0.487992878
6.509497000	-8.034504890	0.488448878
6.509498000	-7.972215176	0.484170875
6.509499000	-7.935187340	0.485279616
6.509500000	-7.875959396	0.483362906
6.509501000	-7.876656532	0.483425024
6.509502000	-7.811558723	0.479605485
6.509503000	-7.758465290	0.478066178
6.509504000	-7.777524948	0.476309990
6.509505000	-7.687602997	0.474641552
6.509506000	-7.645777702	0.473268260
6.509507000	-7.593110561	0.469293525
6.509508000	-7.594490051	0.469345291
6.509509000	-7.533378124	0.463497688
6.509510000	-7.492769241	0.465476184
6.509511000	-7.436812878	0.462811891
6.509512000	-7.412014961	0.461518826
6.509513000	-7.382319450	0.460662187
6.509514000	-7.348884583	0.458944415
6.509515000	-7.309097290	0.456850371
6.509516000	-7.277329922	0.456445304
6.509517000	-7.228500843	0.454133115
6.509518000	-7.206492901	0.451192219
6.509519000	-7.171176910	0.450500130
6.509520000	-7.125129700	0.449292021
6.509521000	-7.112544060	0.447979581
6.509522000	-7.065968513	0.445949187
6.509523000	-7.052525043	0.443377806
6.509524000	-7.019086838	0.442783821
6.509525000	-6.967761993	0.440437909
6.509526000	-6.934306622	0.437553372
6.509527000	-6.892975807	0.436012401
6.509528000	-6.880078793	0.433839727
6.509529000	-6.860401154	0.434138501
6.509530000	-6.824796677	0.430987582
6.509531000	-6.783215523	0.429101431
6.509532000	-6.723590851	0.426713807
6.509533000	-6.713313103	0.422900560
6.509534000	-6.683402061	0.425490251
6.509535000	-6.637763500	0.419742850
6.509536000	-6.618617535	0.419712091
6.509537000	-6.593114853	0.417914590
6.509538000	-6.559596539	0.416427481
6.509539000	-6.534219742	0.414166723
6.509540000	-6.501856327	0.412730680
6.509541000	-6.450091362	0.409030218
6.509542000	-6.428896427	0.408251976
6.509543000	-6.406670094	0.406841998
6.509544000	-6.381296635	0.405530458
6.509545000	-6.369721889	0.404176540
6.509546000	-6.336790085	0.399923705
6.509547000	-6.303564548	0.399721305
6.509548000	-6.280519009	0.398012987
6.509549000	-6.277873993	0.396949553
6.509550000	-6.221211433	0.394287624
6.509551000	-6.213994026	0.392273176
6.509552000	-6.183943272	0.390650378
6.509553000	-6.166721821	0.390206596
6.509554000	-6.119643211	0.387365869
6.509555000	-6.106938362	0.386110288
6.509556000	-6.095430374	0.383274454
6.509557000	-6.059954166	0.382134754
6.509558000	-6.017032146	0.378088347
6.509559000	-6.013947010	0.377696963
6.509560000	-5.966743469	0.375643898
6.509561000	-5.944540501	0.373931719
6.509562000	-5.917458057	0.370524570
6.509563000	-5.902112484	0.370184851
6.509564000	-5.875360966	0.368553265
6.509565000	-5.857884884	0.366940921
6.509566000	-5.844277382	0.365782213
6.509567000	-5.814675331	0.363518459
6.509568000	-5.789295197	0.361062659
6.509569000	-5.763370514	0.359049176
6.509570000	-5.730280399	0.356671605
6.509571000	-5.695089340	0.354301592
6.509572000	-5.683826923	0.354114272
6.509573000	-5.666060925	0.349136757
6.509574000	-5.636600971	0.348542140
6.509575000	-5.614128590	0.347878813
6.509576000	-5.599971771	0.345183927
6.509577000	-5.583254337	0.343155930
6.509578000	-5.553302765	0.339086553
6.509579000	-5.547063828	0.339628939
6.509580000	-5.516664028	0.338512009
6.509581000	-5.495750427	0.335752608
6.509582000	-5.471704960	0.335183158
6.509583000	-5.447378635	0.332210271
6.509584000	-5.425951481	0.329530532
6.509585000	-5.415653229	0.328459109
6.509586000	-5.390909195	0.328063430
6.509587000	-5.378308296	0.325963094
6.509588000	-5.353602409	0.323017871
6.509589000	-5.332296371	0.320144221
6.509590000	-5.324247837	0.320141591
6.509591000	-5.291369438	0.318136530
6.509592000	-5.275895596	0.316476781
6.509593000	-5.270768642	0.315876671
6.509594000	-5.239531517	0.313536252
6.509595000	-5.238275051	0.311772441
6.509596000	-5.207252502	0.309944513
6.509597000	-5.189498901	0.305494604
6.509598000	-5.157634735	0.304084294
6.509599000	-5.144694328	0.302160892
6.509600000	-5.125712872	0.301483717
6.509601000	-5.105567932	0.299801997
6.509602000	-5.086739063	0.297230016
6.509603000	-5.062646866	0.294606203
6.509604000	-5.060860157	0.293346362
6.509605000	-5.030913353	0.292210524
6.509606000	-5.021132469	0.290137086
6.509607000	-4.999322414	0.288188385
6.509608000	-4.979512691	0.284170141
6.509609000	-4.960900784	0.284990494
6.509610000	-4.956872940	0.282551571
6.509611000	-4.931066513	0.280879506
6.509612000	-4.931184769	0.280130658
6.509613000	-4.904102802	0.278185369
6.509614000	-4.890727043	0.276293875
6.509615000	-4.869557858	0.274377015
6.509616000	-4.858562469	0.271536021
6.509617000	-4.827795982	0.269942469
6.509618000	-4.815080166	0.269060946
6.509619000	-4.791987419	0.267165907
6.509620000	-4.800532818	0.263763452
6.509621000	-4.770618439	0.263312613
6.509622000	-4.747145176	0.259723420
6.509623000	-4.750768185	0.259308933
6.509624000	-4.723970413	0.256463711
6.509625000	-4.718123436	0.256792645
6.509626000	-4.694593906	0.251325675
6.509627000	-4.675476074	0.251710085
6.509628000	-4.659956932	0.249743990
6.509629000	-4.647969246	0.248932491
6.509630000	-4.630619049	0.246914664
6.509631000	-4.624368191	0.244383546
6.509632000	-4.613130569	0.243138868
6.509633000	-4.583872318	0.240378751
6.509634000	-4.586683750	0.239935901
6.509635000	-4.557895660	0.237558996
6.509636000	-4.540359497	0.235355763
6.509637000	-4.535909653	0.234259905
6.509638000	-4.514042377	0.229401734
6.509639000	-4.502341270	0.226482193
6.509640000	-4.482020378	0.226845865
6.509641000	-4.478429794	0.223393992
6.509642000	-4.451782703	0.223609408
6.509643000	-4.456195831	0.222241575
6.509644000	-4.430483818	0.220869182
6.509645000	-4.422352791	0.218506126
6.509646000	-4.404921055	0.215469689
6.509647000	-4.393810749	0.214271317
6.509648000	-4.374628067	0.212914586
6.509649000	-4.377315998	0.212234431
6.509650000	-4.350985050	0.208914551
6.509651000	-4.337223053	0.208399280
6.509652000	-4.335167885	0.205715862
6.509653000	-4.331548691	0.204546634
6.509654000	-4.309945107	0.204692292
6.509655000	-4.299896717	0.200306765
6.509656000	-4.282731533	0.199322311
6.509657000	-4.261995316	0.196715026
6.509658000	-4.267354012	0.195182660
6.509659000	-4.240656376	0.192366650
6.509660000	-4.218327045	0.191778491
6.509661000	-4.221457481	0.189607782
6.509662000	-4.216667652	0.188667203
6.509663000	-4.192036152	0.185350819
6.509664000	-4.186576366	0.184598193
6.509665000	-4.177329540	0.183638689
6.509666000	-4.159193516	0.180363217
6.509667000	-4.146092415	0.177384305
6.509668000	-4.144685268	0.176499720
6.509669000	-4.120462418	0.174894716
6.509670000	-4.121469498	0.174902139
6.509671000	-4.099959373	0.171729765
6.509672000	-4.094030380	0.169942451
6.509673000	-4.077014446	0.168215391
6.509674000	-4.057525635	0.166438330
6.509675000	-4.059224606	0.166250195
6.509676000	-4.039894104	0.161477544
6.509677000	-4.033466339	0.159856794
6.509678000	-4.026048660	0.159025754
6.509679000	-4.022296906	0.157583919
6.509680000	-4.009261131	0.156553692
6.509681000	-3.998621225	0.154909240
6.509682000	-3.988925934	0.153093380
6.509683000	-3.971997023	0.150640509
6.509684000	-3.953319550	0.148960653
6.509685000	-3.940514803	0.146621898
6.509686000	-3.926219702	0.144478903
6.509687000	-3.919056654	0.143681103
6.509688000	-3.915778160	0.142402835
6.509689000	-3.901336670	0.139613898
6.509690000	-3.903759003	0.138521703
6.509691000	-3.882772684	0.136077586
6.509692000	-3.873279095	0.133285595
6.509693000	-3.860582590	0.132513986
6.509694000	-3.852113724	0.130079032
6.509695000	-3.848451138	0.128871697
6.509696000	-3.843605995	0.127815162
6.509697000	-3.837513685	0.125634042
6.509698000	-3.821405411	0.124903637
6.509699000	-3.802381277	0.122252610
6.509700000	-3.807271957	0.121265809
6.509701000	-3.792426825	0.120022570
6.509702000	-3.770004034	0.117763003
6.509703000	-3.780795813	0.116277250
6.509704000	-3.765672445	0.114455914
6.509705000	-3.751087904	0.111857926
6.509706000	-3.737573147	0.110546968
6.509707000	-3.732533932	0.107939941
6.509708000	-3.725112200	0.106644680
6.509709000	-3.711424112	0.104966996
6.509710000	-3.715226412	0.104987078
6.509711000	-3.705324650	0.102250297
6.509712000	-3.689460039	0.100146783
6.509713000	-3.688773870	0.100159758
6.509714000	-3.675154209	0.096047013
6.509715000	-3.669713020	0.096738353
6.509716000	-3.662827730	0.093905557
6.509717000	-3.646110773	0.091147063
6.509718000	-3.636298656	0.089086375
6.509719000	-3.625502348	0.087535725
6.509720000	-3.628205538	0.087649700
6.509721000	-3.622579813	0.084919435
6.509722000	-3.613769293	0.083562829
6.509723000	-3.609491587	0.082030621
6.509724000	-3.596059799	0.081564909
6.509725000	-3.592680216	0.080124048
6.509726000	-3.576667070	0.077483607
6.509727000	-3.578992844	0.075449601
6.509728000	-3.568488121	0.074500475
6.509729000	-3.561482430	0.073572097
6.509730000	-3.546331882	0.071479535
6.509731000	-3.542643785	0.069043571
6.509732000	-3.539947033	0.067534195
6.509733000	-3.527448177	0.065053843
6.509734000	-3.523726940	0.065222255
6.509735000	-3.517393112	0.062057541
6.509736000	-3.513327360	0.061233085
6.509737000	-3.500658512	0.059602207
6.509738000	-3.485509634	0.058971358
6.509739000	-3.487614393	0.056619221
6.509740000	-3.483371973	0.053279272
6.509741000	-3.468413830	0.052801571
6.509742000	-3.471242189	0.051982191
6.509743000	-3.458993673	0.049307092
6.509744000	-3.461140156	0.047457759
6.509745000	-3.444382429	0.046597479
6.509746000	-3.429990292	0.044560644
6.509747000	-3.427559137	0.044053732
6.509748000	-3.426343918	0.042070646
6.509749000	-3.415732384	0.039224830
6.509750000	-3.409482956	0.038776724
6.509751000	-3.408061743	0.038163103
6.509752000	-3.399080038	0.036528280
6.509753000	-3.396517992	0.033695146
6.509754000	-3.397979021	0.032236521
6.509755000	-3.383416891	0.030989435
6.509756000	-3.375771046	0.027908472
6.509757000	-3.368236303	0.028136033
6.509758000	-3.359920263	0.026152138
6.509759000	-3.352259636	0.022688281
6.509760000	-3.342201948	0.021321530
6.509761000	-3.337816715	0.020170601
6.509762000	-3.344242334	0.018796298
6.509763000	-3.332761765	0.018244946
6.509764000	-3.329147816	0.017016136
6.509765000	-3.315704346	0.014229417
6.509766000	-3.311977386	0.013832463
6.509767000	-3.312956333	0.012518603
6.509768000	-3.300071478	0.011978196
6.509769000	-3.304959536	0.011288652
6.509770000	-3.293370485	0.008010269
6.509771000	-3.283322334	0.005224386
6.509772000	-3.288873196	0.004619525
6.509773000	-3.280430555	0.003462258
6.509774000	-3.266811371	0.002190823
6.509775000	-3.268753052	0.001393021
6.509776000	-3.252618790	-0.001199602
6.509777000	-3.254512310	-0.003273658
6.509778000	-3.245538473	-0.004295438
6.509779000	-3.251176357	-0.005172695
6.509780000	-3.238079071	-0.007285005
6.509781000	-3.237744331	-0.008626842
6.509782000	-3.221994400	-0.009954303
6.509783000	-3.220867634	-0.012055738
6.509784000	-3.223772764	-0.013080863
6.509785000	-3.214700460	-0.013965987
6.509786000	-3.210136414	-0.014709476
6.509787000	-3.206463099	-0.017097488
6.509788000	-3.203210831	-0.018058425
6.509789000	-3.198091507	-0.019415632
6.509790000	-3.193803787	-0.022244960
6.509791000	-3.185605288	-0.023239807
6.509792000	-3.189492226	-0.022797491
6.509793000	-3.171318769	-0.025496097
6.509794000	-3.173105717	-0.027459696
6.509795000	-3.167024374	-0.027929586
6.509796000	-3.163100004	-0.030894219
6.509797000	-3.156127930	-0.028995279
6.509798000	-3.149293900	-0.031724405
6.509799000	-3.150054693	-0.031947378
6.509800000	-3.146592855	-0.034567837
6.509801000	-3.147941828	-0.035400959
6.509802000	-3.139550924	-0.038067241
6.509803000	-3.136099100	-0.038912787
6.509804000	-3.128343105	-0.041641212
6.509805000	-3.122514725	-0.042638383
6.509806000	-3.118724585	-0.042874954
6.509807000	-3.113368750	-0.045215274
6.509808000	-3.107141733	-0.046465308
6.509809000	-3.106472731	-0.048032844
6.509810000	-3.106166840	-0.048439022
6.509811000	-3.104510307	-0.049917667
6.509812000	-3.092958450	-0.050958576
6.509813000	-3.094907284	-0.051964685
6.509814000	-3.097396612	-0.053563227
6.509815000	-3.082660675	-0.055169562
6.509816000	-3.073214531	-0.056518886
6.509817000	-3.080266476	-0.057980492
6.509818000	-3.072688818	-0.058967971
6.509819000	-3.075992584	-0.060364840
6.509820000	-3.066927433	-0.061197145
6.509821000	-3.069192886	-0.062492361
6.509822000	-3.062131166	-0.064182781
6.509823000	-3.059640408	-0.065370784
6.509824000	-3.052296877	-0.066721128
6.509825000	-3.048955917	-0.067811700
6.509826000	-3.046752691	-0.068173462
6.509827000	-3.045736790	-0.069696890
6.509828000	-3.039235830	-0.071244827
6.509829000	-3.039548635	-0.074010753
6.509830000	-3.029686213	-0.075158001
6.509831000	-3.022734404	-0.076944292
6.509832000	-3.026955605	-0.078058192
6.509833000	-3.021942139	-0.079045368
6.509834000	-3.019045591	-0.079213005
6.509835000	-3.013135433	-0.080108868
6.509836000	-3.013597250	-0.080118780
6.509837000	-3.012644053	-0.084242127
6.509838000	-2.999302149	-0.084445884
6.509839000	-3.008331776	-0.085972940
6.509840000	-2.993519545	-0.086159586
6.509841000	-2.994712830	-0.087477452
6.509842000	-2.995157480	-0.088131799
6.509843000	-2.983812571	-0.090200459
6.509844000	-2.996008873	-0.090252557
6.509845000	-2.980995655	-0.093568176
6.509846000	-2.986823082	-0.092314801
6.509847000	-2.988527775	-0.095325662
6.509848000	-2.984768629	-0.095582216
6.509849000	-2.975471735	-0.096466552
6.509850000	-2.972265959	-0.098032358
6.509851000	-2.966527462	-0.099655496
6.509852000	-2.963410378	-0.100020033
6.509853000	-2.963924646	-0.101135814
6.509854000	-2.960985184	-0.102225339
6.509855000	-2.952560186	-0.104182329
6.509856000	-2.960181952	-0.103828820
6.509857000	-2.957597256	-0.105221927
6.509858000	-2.955221891	-0.107881210
6.509859000	-2.946549416	-0.107902873
6.509860000	-2.947868347	-0.107358423
6.509861000	-2.941740990	-0.110581664
6.509862000	-2.935112953	-0.111097818
6.509863000	-2.940609932	-0.111869818
6.509864000	-2.937241793	-0.113943364
6.509865000	-2.932989597	-0.115657566
6.509866000	-2.931465626	-0.115476030
6.509867000	-2.928999662	-0.117799138
6.509868000	-2.927968740	-0.119503012
6.509869000	-2.913826227	-0.119421711
6.509870000	-2.922812462	-0.118791249
6.509871000	-2.914167643	-0.120874590
6.509872000	-2.917564392	-0.122189251
6.509873000	-2.917310476	-0.123693446
6.509874000	-2.918386936	-0.124507650
6.509875000	-2.907892704	-0.124493144
6.509876000	-2.919529438	-0.124867534
6.509877000	-2.905947208	-0.127863274
6.509878000	-2.908819437	-0.127831075
6.509879000	-2.908145428	-0.129427315
6.509880000	-2.900463820	-0.129959298
6.509881000	-2.904497385	-0.131413850
6.509882000	-2.896758795	-0.131977916
6.509883000	-2.894058943	-0.133784180
6.509884000	-2.898875475	-0.133659528
6.509885000	-2.890694618	-0.134632905
6.509886000	-2.892443419	-0.136320384
6.509887000	-2.887939930	-0.136985674
6.509888000	-2.884956360	-0.138627846
6.509889000	-2.891281128	-0.139321675
6.509890000	-2.879835129	-0.140472526
6.509891000	-2.885878086	-0.140794453
6.509892000	-2.884449482	-0.141705537
6.509893000	-2.881957769	-0.142907088
6.509894000	-2.877891064	-0.143187719
6.509895000	-2.878876448	-0.145448759
6.509896000	-2.871884108	-0.146372776
6.509897000	-2.865682602	-0.147375523
6.509898000	-2.875029087	-0.147069992
6.509899000	-2.867284298	-0.149464790
6.509900000	-2.862541437	-0.149400674
6.509901000	-2.858258963	-0.151136689
6.509902000	-2.858029127	-0.151633685
6.509903000	-2.855588198	-0.152780225
6.509904000	-2.855772257	-0.154311277
6.509905000	-2.856302738	-0.155682089
6.509906000	-2.855388165	-0.156300458
6.509907000	-2.848265409	-0.157013936
6.509908000	-2.849659204	-0.158169997
6.509909000	-2.847357035	-0.159045495
6.509910000	-2.848495960	-0.159270066
6.509911000	-2.845447779	-0.160294384
6.509912000	-2.845557928	-0.161549116
6.509913000	-2.840239286	-0.161637583
6.509914000	-2.836415291	-0.161800236
6.509915000	-2.833595276	-0.164902269
6.509916000	-2.836383581	-0.164089272
6.509917000	-2.834590197	-0.166325429
6.509918000	-2.840488434	-0.167464763
6.509919000	-2.833697081	-0.168079653
6.509920000	-2.834131479	-0.168025325
6.509921000	-2.833752155	-0.168284001
6.509922000	-2.831477642	-0.170316425
6.509923000	-2.825474501	-0.169801853
6.509924000	-2.829523325	-0.171415545
6.509925000	-2.828426838	-0.171996647
6.509926000	-2.824887753	-0.172686156
6.509927000	-2.829247713	-0.174088477
6.509928000	-2.811473370	-0.174638969
6.509929000	-2.820026875	-0.175167690
6.509930000	-2.829701424	-0.175846563
6.509931000	-2.817091465	-0.175920582
6.509932000	-2.815840960	-0.177259087
6.509933000	-2.823319912	-0.177680981
6.509934000	-2.810066938	-0.178848278
6.509935000	-2.821821690	-0.178432226
6.509936000	-2.821303606	-0.180619597
6.509937000	-2.812890768	-0.182044654
6.509938000	-2.821915627	-0.182054275
6.509939000	-2.812667847	-0.182855437
6.509940000	-2.811011791	-0.182352932
6.509941000	-2.814309359	-0.184237518
6.509942000	-2.803662300	-0.186099966
6.509943000	-2.801377773	-0.187038464
6.509944000	-2.802963972	-0.187541502
6.509945000	-2.802911520	-0.187574125
6.509946000	-2.797696114	-0.187936582
6.509947000	-2.808799982	-0.188035318
6.509948000	-2.804459095	-0.189517301
6.509949000	-2.804381609	-0.190298523
6.509950000	-2.797021866	-0.191200336
6.509951000	-2.797799110	-0.192167829
6.509952000	-2.799661398	-0.192268080
6.509953000	-2.797039986	-0.193305764
6.509954000	-2.798037767	-0.193944623
6.509955000	-2.796643972	-0.194687529
6.509956000	-2.790405035	-0.194891194
6.509957000	-2.796547413	-0.194831972
6.509958000	-2.795467615	-0.196685848
6.509959000	-2.793749094	-0.197829709
6.509960000	-2.791556835	-0.197857506
6.509961000	-2.796633244	-0.199756639
6.509962000	-2.785998583	-0.200065400
6.509963000	-2.792073011	-0.201244647
6.509964000	-2.790329456	-0.201681589
6.509965000	-2.789273262	-0.202140035
6.509966000	-2.788640499	-0.203768808
6.509967000	-2.789643049	-0.203874536
6.509968000	-2.788182497	-0.203753229
6.509969000	-2.782230854	-0.204672152
6.509970000	-2.782935381	-0.204955879
6.509971000	-2.789901733	-0.205974205
6.509972000	-2.782048702	-0.205656340
6.509973000	-2.789413452	-0.207064503
6.509974000	-2.780536652	-0.207641144
6.509975000	-2.780967474	-0.208818544
6.509976000	-2.771768332	-0.209024856
6.509977000	-2.778999329	-0.210296266
6.509978000	-2.776129007	-0.212152123
6.509979000	-2.772223234	-0.210811521
6.509980000	-2.778414726	-0.212851469
6.509981000	-2.770908594	-0.213092868
6.509982000	-2.765966892	-0.214046812
6.509983000	-2.773196220	-0.214063956
6.509984000	-2.776698351	-0.214905748
6.509985000	-2.775122643	-0.215368472
6.509986000	-2.771083355	-0.216359118
6.509987000	-2.773620844	-0.216721092
6.509988000	-2.764963627	-0.216291774
6.509989000	-2.767162085	-0.217995331
6.509990000	-2.772904873	-0.218371686
6.509991000	-2.760162354	-0.219971963
6.509992000	-2.764627695	-0.220025609
6.509993000	-2.770319939	-0.221007999
6.509994000	-2.760101557	-0.220994783
6.509995000	-2.758288622	-0.222310285
6.509996000	-2.759946823	-0.222259851
6.509997000	-2.763887644	-0.224229708
6.509998000	-2.767838955	-0.223469359
6.509999000	-2.761765242	-0.223613186
6.510000000	-2.757132769	-0.224615700
6.510001000	-2.756759405	-0.225879570
6.510002000	-2.756802320	-0.226263415
6.510003000	-2.752049923	-0.226688588
6.510004000	-2.759133101	-0.227287034
6.510005000	-2.759998322	-0.227793084
6.510006000	-2.759541273	-0.228860779
6.510007000	-2.752501488	-0.228691036
6.510008000	-2.763611078	-0.229343244
6.510009000	-2.756121397	-0.228143906
6.510010000	-2.759122133	-0.230315248
6.510011000	-2.748463154	-0.231486656
6.510012000	-2.753010988	-0.231485407
6.510013000	-2.755255938	-0.231855603
6.510014000	-2.758173466	-0.232346873
6.510015000	-2.755896330	-0.234010484
6.510016000	-2.759615898	-0.233108022
6.510017000	-2.751614094	-0.234587075
6.510018000	-2.752046824	-0.235149218
6.510019000	-2.753632069	-0.234696397
6.510020000	-2.745709419	-0.236438488
6.510021000	-2.749850273	-0.236472276
6.510022000	-2.748934746	-0.236908652
6.510023000	-2.744238615	-0.238237969
6.510024000	-2.735093832	-0.238107341
6.510025000	-2.743232012	-0.238900946
6.510026000	-2.746012688	-0.239308144
6.510027000	-2.744726896	-0.239607400
6.510028000	-2.746190548	-0.239722698
6.510029000	-2.748557806	-0.240960652
6.510030000	-2.746138334	-0.241305015
6.510031000	-2.738332033	-0.241332812
6.510032000	-2.734008312	-0.242224338
6.510033000	-2.737047911	-0.242673147
6.510034000	-2.742937565	-0.243393566
6.510035000	-2.745584249	-0.243618503
6.510036000	-2.737316847	-0.244373526
6.510037000	-2.738646746	-0.243896470
6.510038000	-2.734090805	-0.245082076
6.510039000	-2.733439207	-0.244954644
6.510040000	-2.738980055	-0.246504870
6.510041000	-2.739582062	-0.246714811
6.510042000	-2.741721630	-0.246963284
6.510043000	-2.734782219	-0.248256664
6.510044000	-2.726984739	-0.247659634
6.510045000	-2.737965584	-0.249460180
6.510046000	-2.730473757	-0.249756507
6.510047000	-2.736824989	-0.250642124
6.510048000	-2.729389429	-0.250540591
6.510049000	-2.734773159	-0.249840530
6.510050000	-2.735066652	-0.251674682
6.510051000	-2.730529785	-0.252216252
6.510052000	-2.736533880	-0.252189371
6.510053000	-2.737621784	-0.252523431
6.510054000	-2.731768131	-0.252863317
6.510055000	-2.730163574	-0.254324411
6.510056000	-2.727691650	-0.254969095
6.510057000	-2.736188412	-0.254125273
6.510058000	-2.734691858	-0.255417805
6.510059000	-2.738958597	-0.254640495
6.510060000	-2.730947733	-0.256950654
6.510061000	-2.730359554	-0.257115420
6.510062000	-2.734529018	-0.257827549
6.510063000	-2.732498646	-0.257459101
6.510064000	-2.728156328	-0.258245766
6.510065000	-2.736262560	-0.258191853
6.510066000	-2.724400997	-0.258123726
6.510067000	-2.728126287	-0.259487997
6.510068000	-2.720867157	-0.260263543
6.510069000	-2.728396177	-0.259606924
6.510070000	-2.730458260	-0.261067934
6.510071000	-2.727796555	-0.261620107
6.510072000	-2.729855776	-0.261825054
6.510073000	-2.728242397	-0.261683940
6.510074000	-2.725837231	-0.262165156
6.510075000	-2.729767084	-0.263441177
6.510076000	-2.725053549	-0.262098494
6.510077000	-2.730270147	-0.262735556
6.510078000	-2.725805521	-0.263547603
6.510079000	-2.727975130	-0.265211679
6.510080000	-2.726543188	-0.264617445
6.510081000	-2.726648569	-0.265509521
6.510082000	-2.729246855	-0.265955534
6.510083000	-2.723443508	-0.265446787
6.510084000	-2.730006933	-0.265871594
6.510085000	-2.723559380	-0.267103739
6.510086000	-2.721985579	-0.267760691
6.510087000	-2.723109007	-0.267377412
6.510088000	-2.722447634	-0.267897427
6.510089000	-2.727599859	-0.268718214
6.510090000	-2.719715357	-0.269805649
6.510091000	-2.728007555	-0.270228393
6.510092000	-2.724697113	-0.269183069
6.510093000	-2.729194641	-0.270253776
6.510094000	-2.721494198	-0.270238762
6.510095000	-2.725881100	-0.271282139
6.510096000	-2.723933458	-0.272122266
6.510097000	-2.722413063	-0.271619212
6.510098000	-2.726835012	-0.271930252
6.510099000	-2.723219156	-0.272791835
6.510100000	-2.721014500	-0.273270638
6.510101000	-2.714006662	-0.273686707
6.510102000	-2.716471195	-0.275090343
6.510103000	-2.718078375	-0.274690070
6.510104000	-2.722581387	-0.274202678
6.510105000	-2.714731455	-0.275059999
6.510106000	-2.720032454	-0.276290563
6.510107000	-2.721663475	-0.275317227
6.510108000	-2.723640919	-0.276130407
6.510109000	-2.725377083	-0.276096052
6.510110000	-2.722139597	-0.276519894
6.510111000	-2.725865126	-0.277608128
6.510112000	-2.721335173	-0.278144955
6.510113000	-2.718414068	-0.276782931
6.510114000	-2.713265896	-0.278748660
6.510115000	-2.708064556	-0.278272654
6.510116000	-2.715384722	-0.279345958
6.510117000	-2.713781357	-0.280554533
6.510118000	-2.718790054	-0.279997367
6.510119000	-2.719858646	-0.280390449
6.510120000	-2.715955496	-0.279534176
6.510121000	-2.721786976	-0.281288134
6.510122000	-2.715500355	-0.281534244
6.510123000	-2.714076281	-0.282768719
6.510124000	-2.715407372	-0.281357610
6.510125000	-2.720089674	-0.282405397
6.510126000	-2.717612267	-0.282446210
6.510127000	-2.718145132	-0.282760130
6.510128000	-2.708094835	-0.283798297
6.510129000	-2.713251591	-0.283768170
6.510130000	-2.715481043	-0.283701058
6.510131000	-2.709998608	-0.284809399
6.510132000	-2.714217901	-0.284455232
6.510133000	-2.719876051	-0.285278515
6.510134000	-2.708064795	-0.286038914
6.510135000	-2.720887661	-0.286625742
6.510136000	-2.717693329	-0.286543150
6.510137000	-2.716907978	-0.285581783
6.510138000	-2.713496447	-0.287407446
6.510139000	-2.711755037	-0.286688093
6.510140000	-2.719072342	-0.287269461
6.510141000	-2.714376450	-0.287672198
6.510142000	-2.713490486	-0.288935801
6.510143000	-2.720404148	-0.288796684
6.510144000	-2.726063251	-0.289050317
6.510145000	-2.712208986	-0.289627690
6.510146000	-2.719174147	-0.288755438
6.510147000	-2.719876051	-0.289334543
6.510148000	-2.712622404	-0.290867225
6.510149000	-2.717809439	-0.290923018
6.510150000	-2.713115454	-0.290949717
6.510151000	-2.715195179	-0.291402154
6.510152000	-2.716679335	-0.291923235
6.510153000	-2.713008404	-0.291583083
6.510154000	-2.716727734	-0.292111055
6.510155000	-2.716836691	-0.292883038
6.510156000	-2.711593151	-0.292213087
6.510157000	-2.718887806	-0.293169761
6.510158000	-2.715220690	-0.293700396
6.510159000	-2.716831207	-0.293533083
6.510160000	-2.718633175	-0.293546698
6.510161000	-2.715153694	-0.295148190
6.510162000	-2.712962627	-0.293949135
6.510163000	-2.719012976	-0.295324092
6.510164000	-2.714070320	-0.296836801
6.510165000	-2.712682486	-0.294965397
6.510166000	-2.710623264	-0.295797369
6.510167000	-2.710051775	-0.298133860
6.510168000	-2.715563774	-0.297017829
6.510169000	-2.715671539	-0.297936320
6.510170000	-2.709355354	-0.298143614
6.510171000	-2.713513374	-0.298073539
6.510172000	-2.710825682	-0.298550811
6.510173000	-2.716334105	-0.298533734
6.510174000	-2.721680641	-0.299066266
6.510175000	-2.706739426	-0.298994560
6.510176000	-2.711405754	-0.299331850
6.510177000	-2.710754871	-0.299943578
6.510178000	-2.712611914	-0.300291819
6.510179000	-2.711995125	-0.300440157
6.510180000	-2.710100412	-0.300818992
6.510181000	-2.707175732	-0.300034458
6.510182000	-2.715226650	-0.301080348
6.510183000	-2.712266922	-0.301070295
6.510184000	-2.713147879	-0.301683354
6.510185000	-2.710037708	-0.301180017
6.510186000	-2.705232382	-0.301885155
6.510187000	-2.711620569	-0.302603909
6.510188000	-2.713290691	-0.302673751
6.510189000	-2.706469059	-0.303823371
6.510190000	-2.703818083	-0.303658588
6.510191000	-2.711817265	-0.303819542
6.510192000	-2.716711998	-0.303368603
6.510193000	-2.708346128	-0.304914834
6.510194000	-2.706940413	-0.303656690
6.510195000	-2.707500935	-0.305254454
6.510196000	-2.708778381	-0.304503143
6.510197000	-2.710143089	-0.305466674
6.510198000	-2.715365171	-0.305654627
6.510199000	-2.701189756	-0.305864850
6.510200000	-2.713971615	-0.305608288
6.510201000	-2.710524082	-0.306519189
6.510202000	-2.700692415	-0.307071961
6.510203000	-2.710881710	-0.306753580
6.510204000	-2.712102175	-0.307537082
6.510205000	-2.708147049	-0.306961440
6.510206000	-2.705413342	-0.307785322
6.510207000	-2.703656197	-0.308240823
6.510208000	-2.709854126	-0.308249378
6.510209000	-2.708805561	-0.308349147
6.510210000	-2.713083267	-0.307768245
6.510211000	-2.710701704	-0.308872092
6.510212000	-2.701140642	-0.308668426
6.510213000	-2.711086273	-0.308803482
6.510214000	-2.705167770	-0.310025407
6.510215000	-2.699236393	-0.309219734
6.510216000	-2.707215309	-0.310785939
6.510217000	-2.702810049	-0.310756278
6.510218000	-2.703558445	-0.311367973
6.510219000	-2.712306499	-0.311250561
6.510220000	-2.712466955	-0.311898375
6.510221000	-2.705328226	-0.311647971
6.510222000	-2.703202248	-0.311535919
6.510223000	-2.707235098	-0.312926621
6.510224000	-2.709415197	-0.312693428
6.510225000	-2.709072113	-0.312826653
6.510226000	-2.703705549	-0.313142004
6.510227000	-2.712116480	-0.311799172
6.510228000	-2.703285217	-0.313722274
6.510229000	-2.701830149	-0.314588301
6.510230000	-2.710508585	-0.314419556
6.510231000	-2.710880041	-0.313940953
6.510232000	-2.709195614	-0.314413597
6.510233000	-2.709274530	-0.314558640
6.510234000	-2.702689409	-0.314824590
6.510235000	-2.709795713	-0.315066771
6.510236000	-2.716033936	-0.315488016
6.510237000	-2.702535391	-0.315954336
6.510238000	-2.703845501	-0.316253442
6.510239000	-2.710981607	-0.316319455
6.510240000	-2.705970764	-0.316523320
6.510241000	-2.706310272	-0.317323234
6.510242000	-2.708032608	-0.316353444
6.510243000	-2.708725214	-0.317151227
6.510244000	-2.711847067	-0.317486020
6.510245000	-2.708792448	-0.317689818
6.510246000	-2.707293510	-0.316709974
6.510247000	-2.708526134	-0.318330575
6.510248000	-2.703418493	-0.318391661
6.510249000	-2.713204384	-0.318511237
6.510250000	-2.711167812	-0.318473253
6.510251000	-2.706427336	-0.318789071
6.510252000	-2.705785513	-0.319630697
6.510253000	-2.705633879	-0.319306956
6.510254000	-2.696422338	-0.319584790
6.510255000	-2.710320711	-0.319964357
6.510256000	-2.704934835	-0.320879653
6.510257000	-2.704988241	-0.320865837
6.510258000	-2.706056833	-0.321247668
6.510259000	-2.707615852	-0.321217408
6.510260000	-2.706887245	-0.320970799
6.510261000	-2.703431368	-0.321445308
6.510262000	-2.705392838	-0.321484257
6.510263000	-2.703717470	-0.322367128
6.510264000	-2.704987764	-0.322562870
6.510265000	-2.701671600	-0.322035165
6.510266000	-2.705166340	-0.323188314
6.510267000	-2.704361916	-0.322690635
6.510268000	-2.702282667	-0.323204659
6.510269000	-2.701324463	-0.322282273
6.510270000	-2.711751699	-0.323685659
6.510271000	-2.705084085	-0.324311502
6.510272000	-2.704452515	-0.324653918
6.510273000	-2.697955608	-0.323928606
6.510274000	-2.698165894	-0.324620961
6.510275000	-2.702215672	-0.324586007
6.510276000	-2.700419664	-0.325052726
6.510277000	-2.703282356	-0.325124099
6.510278000	-2.706066370	-0.325716885
6.510279000	-2.697857141	-0.325611357
6.510280000	-2.705332756	-0.325569146
6.510281000	-2.694809675	-0.326350152
6.510282000	-2.706588507	-0.325933367
6.510283000	-2.710513353	-0.325396107
6.510284000	-2.703944206	-0.326709079
6.510285000	-2.698051929	-0.326727921
6.510286000	-2.706919670	-0.326679252
6.510287000	-2.704547882	-0.327108254
6.510288000	-2.705040455	-0.327003125
6.510289000	-2.708183050	-0.327331060
6.510290000	-2.702908278	-0.327736393
6.510291000	-2.703916788	-0.327403299
6.510292000	-2.709778547	-0.327984300
6.510293000	-2.706000566	-0.327188282
6.510294000	-2.706263304	-0.328584244
6.510295000	-2.708163977	-0.328448856
6.510296000	-2.701898098	-0.329001295
6.510297000	-2.706340313	-0.327866789
6.510298000	-2.704642057	-0.329235687
6.510299000	-2.699026585	-0.328893371
6.510300000	-2.699742079	-0.328972333
6.510301000	-2.707275629	-0.329806169
6.510302000	-2.708908558	-0.329211885
6.510303000	-2.700041056	-0.329672145
6.510304000	-2.706357718	-0.330802524
6.510305000	-2.705493689	-0.330439202
6.510306000	-2.697485924	-0.330138831
6.510307000	-2.702660322	-0.331351535
6.510308000	-2.708492517	-0.331216013
6.510309000	-2.709597111	-0.330767038
6.510310000	-2.698379040	-0.331548209
6.510311000	-2.702911854	-0.330872832
6.510312000	-2.702028751	-0.332122387
6.510313000	-2.701776028	-0.332692836
6.510314000	-2.703041792	-0.331684896
6.510315000	-2.703803778	-0.332368529
6.510316000	-2.704722166	-0.332264699
6.510317000	-2.700968504	-0.332317297
6.510318000	-2.709869862	-0.333588424
6.510319000	-2.700943470	-0.332618800
6.510320000	-2.702525616	-0.333194043
6.510321000	-2.703727007	-0.333621846
6.510322000	-2.705894470	-0.333918423
6.510323000	-2.701738596	-0.334892307
6.510324000	-2.705655575	-0.333586027
6.510325000	-2.700906992	-0.334563141
6.510326000	-2.704689264	-0.333354465
6.510327000	-2.707587242	-0.335365917
6.510328000	-2.709755898	-0.334631384
6.510329000	-2.705280304	-0.334243262
6.510330000	-2.705933094	-0.334753623
6.510331000	-2.705939054	-0.335360591
6.510332000	-2.700771093	-0.335497011
6.510333000	-2.712588549	-0.336027047
6.510334000	-2.705997705	-0.336299488
6.510335000	-2.702906847	-0.336983455
6.510336000	-2.704956770	-0.336390735
6.510337000	-2.702523470	-0.336432846
6.510338000	-2.702246428	-0.337177533
6.510339000	-2.706272125	-0.336876329
6.510340000	-2.701576710	-0.338045091
6.510341000	-2.706909418	-0.338538375
6.510342000	-2.699954271	-0.338011601
6.510343000	-2.711606979	-0.338085904
6.510344000	-2.705281973	-0.338459811
6.510345000	-2.705294609	-0.338463040
6.510346000	-2.703789234	-0.338782686
6.510347000	-2.706485987	-0.338755456
6.510348000	-2.701259375	-0.339366817
6.510349000	-2.708451986	-0.338970672
6.510350000	-2.697410583	-0.338447128
6.510351000	-2.700188875	-0.340171924
6.510352000	-2.698201418	-0.338721067
6.510353000	-2.698682070	-0.339489689
6.510354000	-2.700273037	-0.340417235
6.510355000	-2.703374386	-0.340335842
6.510356000	-2.698041439	-0.340439106
6.510357000	-2.704411030	-0.340343465
6.510358000	-2.699493885	-0.340586645
6.510359000	-2.701107264	-0.340601692
6.510360000	-2.705015421	-0.340604289
6.510361000	-2.705700874	-0.340402421
6.510362000	-2.700296164	-0.341313655
6.510363000	-2.701214790	-0.342240501
6.510364000	-2.700286388	-0.342526625
6.510365000	-2.706374407	-0.341622981
6.510366000	-2.697533607	-0.341805774
6.510367000	-2.699149609	-0.342050152
6.510368000	-2.697227955	-0.342705489
6.510369000	-2.703711271	-0.343019476
6.510370000	-2.706073284	-0.343252669
6.510371000	-2.696275711	-0.343642523
6.510372000	-2.705804586	-0.343390721
6.510373000	-2.702234030	-0.343157195
6.510374000	-2.704581022	-0.342754924
6.510375000	-2.707638741	-0.344514541
6.510376000	-2.702897310	-0.343813664
6.510377000	-2.703662872	-0.343320180
6.510378000	-2.700557947	-0.343455602
6.510379000	-2.713090897	-0.344797968
6.510380000	-2.702299595	-0.344735284
6.510381000	-2.695350409	-0.344487876
6.510382000	-2.694773197	-0.345380801
6.510383000	-2.697407007	-0.344624597
6.510384000	-2.698229790	-0.345029497
6.510385000	-2.696821928	-0.345099738
6.510386000	-2.701439857	-0.345347844
6.510387000	-2.702981234	-0.344981993
6.510388000	-2.709117889	-0.344810785
6.510389000	-2.703435898	-0.345271245
6.510390000	-2.688402176	-0.345212523
6.510391000	-2.706840038	-0.345953248
6.510392000	-2.703082323	-0.345796288
6.510393000	-2.701931238	-0.346815712
6.510394000	-2.700165749	-0.346475061
6.510395000	-2.707441092	-0.346668706
6.510396000	-2.708257675	-0.346734819
6.510397000	-2.706388950	-0.347016781
6.510398000	-2.703681469	-0.347543920
6.510399000	-2.700747252	-0.347485397
6.510400000	-2.705535173	-0.346761251
6.510401000	-2.705219507	-0.346857258
6.510402000	-2.707106829	-0.347450277
6.510403000	-2.699949026	-0.348387643
6.510404000	-2.703433752	-0.347829212
6.510405000	-2.706962824	-0.348190902
6.510406000	-2.701414824	-0.348426259
6.510407000	-2.705654860	-0.348604358
6.510408000	-2.702286482	-0.349300375
6.510409000	-2.697591543	-0.349071776
6.510410000	-2.700317383	-0.349534001
6.510411000	-2.706813812	-0.349057595
6.510412000	-2.705661774	-0.349162357
6.510413000	-2.699773788	-0.349180200
6.510414000	-2.703238487	-0.349429671
6.510415000	-2.703226566	-0.349759171
6.510416000	-2.705512047	-0.349878913
6.510417000	-2.693515778	-0.349617258
6.510418000	-2.703363419	-0.349641859
6.510419000	-2.700781822	-0.351166985
6.510420000	-2.709953547	-0.350444835
6.510421000	-2.706602573	-0.351173143
6.510422000	-2.698847532	-0.350277422
6.510423000	-2.695213318	-0.351635235
6.510424000	-2.700183392	-0.350980497
6.510425000	-2.699345112	-0.351049606
6.510426000	-2.703340292	-0.351060658
6.510427000	-2.708178282	-0.350874237
6.510428000	-2.704940557	-0.352098525
6.510429000	-2.704664230	-0.352153886
6.510430000	-2.707529545	-0.352114238
6.510431000	-2.702826023	-0.352148126
6.510432000	-2.706078768	-0.351890233
6.510433000	-2.705119371	-0.352501495
6.510434000	-2.708626509	-0.351264789
6.510435000	-2.709012508	-0.353575414
6.510436000	-2.698039293	-0.352348796
6.510437000	-2.704970121	-0.353950487
6.510438000	-2.708411217	-0.352649600
6.510439000	-2.709426403	-0.352800701
6.510440000	-2.710239172	-0.353067450
6.510441000	-2.705741167	-0.352612582
6.510442000	-2.702498436	-0.351844892
6.510443000	-2.711790085	-0.353636035
6.510444000	-2.706230640	-0.353105167
6.510445000	-2.710548162	-0.353856345
6.510446000	-2.708228350	-0.353891332
6.510447000	-2.709377527	-0.354300793
6.510448000	-2.712931633	-0.353993764
6.510449000	-2.705020189	-0.352938186
6.510450000	-2.707555294	-0.354334748
6.510451000	-2.706155062	-0.354368437
6.510452000	-2.707358360	-0.354054118
6.510453000	-2.708966494	-0.354039037
6.510454000	-2.711834908	-0.354542408
6.510455000	-2.706859827	-0.354850935
6.510456000	-2.706599951	-0.354827133
6.510457000	-2.703930378	-0.354939785
6.510458000	-2.709489107	-0.354935125
6.510459000	-2.709761143	-0.355121612
6.510460000	-2.711565495	-0.355288659
6.510461000	-2.707751751	-0.355736503
6.510462000	-2.714906454	-0.355648952
6.510463000	-2.711814404	-0.355744326
6.510464000	-2.706213951	-0.355885041
6.510465000	-2.706493378	-0.356414610
6.510466000	-2.703682184	-0.355791630
6.510467000	-2.698774338	-0.356097594
6.510468000	-2.703978062	-0.357322948
6.510469000	-2.703204632	-0.357219251
6.510470000	-2.702952385	-0.357922559
6.510471000	-2.699369192	-0.357532073
6.510472000	-2.706491947	-0.357445886
6.510473000	-2.701665878	-0.357879848
6.510474000	-2.710515738	-0.357359933
6.510475000	-2.699042082	-0.357776817
6.510476000	-2.703294992	-0.358662019
6.510477000	-2.704416513	-0.357287794
6.510478000	-2.713055134	-0.357763302
6.510479000	-2.701292753	-0.357816099
6.510480000	-2.713699818	-0.357500215
6.510481000	-2.707843781	-0.358269768
6.510482000	-2.705464363	-0.357951687
6.510483000	-2.712225914	-0.358164041
6.510484000	-2.705334187	-0.358171631
6.510485000	-2.709953308	-0.359242555
6.510486000	-2.713639975	-0.358894912
6.510487000	-2.702231646	-0.359731211
6.510488000	-2.708113909	-0.359916467
6.510489000	-2.707133293	-0.358597703
6.510490000	-2.708859921	-0.359501680
6.510491000	-2.713293076	-0.358981631
6.510492000	-2.709975958	-0.359827218
6.510493000	-2.702231169	-0.360087775
6.510494000	-2.707408667	-0.360533455
6.510495000	-2.701189518	-0.360195533
6.510496000	-2.707889080	-0.359256569
6.510497000	-2.706803799	-0.359957946
6.510498000	-2.717555523	-0.360306021
6.510499000	-2.705020666	-0.360308385
6.510500000	-2.709287643	-0.360039672
6.510501000	-2.710445166	-0.360977205
6.510502000	-2.706809044	-0.360618044
6.510503000	-2.704421759	-0.360723838
6.510504000	-2.709233522	-0.360498901
6.510505000	-2.705671072	-0.361491261
6.510506000	-2.710860729	-0.361178506
6.510507000	-2.714941740	-0.360635854
6.510508000	-2.704230547	-0.361080568
6.510509000	-2.709435701	-0.361437565
6.510510000	-2.702506065	-0.362603830
6.510511000	-2.714453459	-0.361484437
6.510512000	-2.713316441	-0.361289793
6.510513000	-2.714658737	-0.361986975
6.510514000	-2.704465151	-0.362268139
6.510515000	-2.712361813	-0.362211114
6.510516000	-2.711192846	-0.362100792
6.510517000	-2.708397150	-0.362985894
6.510518000	-2.709600210	-0.361996330
6.510519000	-2.709058046	-0.362820079
6.510520000	-2.710354567	-0.362636820
6.510521000	-2.712274313	-0.363252510
6.510522000	-2.708931923	-0.363097047
6.510523000	-2.700739622	-0.363308835
6.510524000	-2.714256525	-0.363901988
6.510525000	-2.705106735	-0.362458754
6.510526000	-2.705783129	-0.362695842
6.510527000	-2.711063385	-0.363403311
6.510528000	-2.712815523	-0.363962442
6.510529000	-2.714613676	-0.363560904
6.510530000	-2.711748123	-0.363098446
6.510531000	-2.703802824	-0.363859178
6.510532000	-2.722974539	-0.364480193
6.510533000	-2.714846849	-0.363612869
6.510534000	-2.712875605	-0.364085879
6.510535000	-2.709375143	-0.364090307
6.510536000	-2.708688974	-0.364852903
6.510537000	-2.711663723	-0.363965305
6.510538000	-2.710217476	-0.364741050
6.510539000	-2.710763931	-0.365336034
6.510540000	-2.713488102	-0.364588917
6.510541000	-2.709764004	-0.364560421
6.510542000	-2.715137720	-0.365130105
6.510543000	-2.714142323	-0.365189626
6.510544000	-2.704919100	-0.365440896
6.510545000	-2.714258909	-0.365458006
6.510546000	-2.711488724	-0.365265360
6.510547000	-2.705789566	-0.365631878
6.510548000	-2.708263874	-0.365986444
6.510549000	-2.709663153	-0.366547639
6.510550000	-2.709594727	-0.365665933
6.510551000	-2.704399586	-0.366138511
6.510552000	-2.708399296	-0.365886875
6.510553000	-2.713635445	-0.367232104
6.510554000	-2.707046986	-0.367428113
6.510555000	-2.710103035	-0.367068154
6.510556000	-2.705064058	-0.366979870
6.510557000	-2.717849493	-0.366205822
6.510558000	-2.713209152	-0.367543994
6.510559000	-2.709866762	-0.366617280
6.510560000	-2.707446098	-0.366690284
6.510561000	-2.711634398	-0.366962925
6.510562000	-2.701589584	-0.367686606
6.510563000	-2.703021765	-0.366986894
6.510564000	-2.709838390	-0.366262847
6.510565000	-2.706690788	-0.367361301
6.510566000	-2.705992460	-0.368170103
6.510567000	-2.710731745	-0.367539467
6.510568000	-2.712317467	-0.367700188
6.510569000	-2.713916540	-0.367248483
6.510570000	-2.707735062	-0.368587321
6.510571000	-2.715602160	-0.368191874
6.510572000	-2.709660769	-0.368158119
6.510573000	-2.712718248	-0.367556411
6.510574000	-2.719154835	-0.368119270
6.510575000	-2.709439516	-0.368224165
6.510576000	-2.716624260	-0.368130855
6.510577000	-2.711390257	-0.368106021
6.510578000	-2.703869343	-0.368021166
6.510579000	-2.713188410	-0.369292526
6.510580000	-2.711011648	-0.369293591
6.510581000	-2.717008591	-0.369033666
6.510582000	-2.708985090	-0.368920782
6.510583000	-2.711047888	-0.370017172
6.510584000	-2.710590839	-0.368999411
6.510585000	-2.713921785	-0.369790171
6.510586000	-2.708235979	-0.370095635
6.510587000	-2.708481789	-0.370035980
6.510588000	-2.719877243	-0.369578183
6.510589000	-2.710226297	-0.369877689
6.510590000	-2.712354660	-0.370118671
6.510591000	-2.715565205	-0.368804601
6.510592000	-2.716870070	-0.370806200
6.510593000	-2.703793526	-0.370179225
6.510594000	-2.708593845	-0.370334221
6.510595000	-2.708561182	-0.370487619
6.510596000	-2.711525202	-0.370944351
6.510597000	-2.709454060	-0.370571742
6.510598000	-2.713684797	-0.371055605
6.510599000	-2.710576057	-0.370973247
6.510600000	-2.708354235	-0.371778120
6.510601000	-2.708675623	-0.371471790
6.510602000	-2.718214035	-0.371403913
6.510603000	-2.709262609	-0.371422988
6.510604000	-2.714818478	-0.370599871
6.510605000	-2.712638140	-0.372338583
6.510606000	-2.709043026	-0.370950543
6.510607000	-2.707152367	-0.371798161
6.510608000	-2.706465960	-0.372763656
6.510609000	-2.710583210	-0.373283372
6.510610000	-2.711706877	-0.371693066
6.510611000	-2.706985950	-0.372213447
6.510612000	-2.706140995	-0.371827256
6.510613000	-2.715182066	-0.371671527
6.510614000	-2.711742401	-0.372844117
6.510615000	-2.706660271	-0.373032003
6.510616000	-2.705969334	-0.372217143
6.510617000	-2.705723524	-0.373371556
6.510618000	-2.714772463	-0.372517547
6.510619000	-2.714790583	-0.373164862
6.510620000	-2.709063292	-0.373754186
6.510621000	-2.712861538	-0.372689454
6.510622000	-2.713047981	-0.372743117
6.510623000	-2.708810568	-0.372701904
6.510624000	-2.718705893	-0.373715670
6.510625000	-2.708039522	-0.373458375
6.510626000	-2.714671135	-0.372481794
6.510627000	-2.709010363	-0.373892337
6.510628000	-2.712151527	-0.373152811
6.510629000	-2.712775230	-0.373568930
6.510630000	-2.721311331	-0.374456595
6.510631000	-2.712715149	-0.373415498
6.510632000	-2.709305763	-0.373974629
6.510633000	-2.713836670	-0.374119072
6.510634000	-2.710278034	-0.373182805
6.510635000	-2.717181683	-0.374686292
6.510636000	-2.711343527	-0.373453282
6.510637000	-2.716794968	-0.373800059
6.510638000	-2.716729164	-0.374194540
6.510639000	-2.712410688	-0.374763990
6.510640000	-2.715750217	-0.373913243
6.510641000	-2.713918924	-0.375079741
6.510642000	-2.704473257	-0.375530514
6.510643000	-2.714088202	-0.375100081
6.510644000	-2.719259501	-0.375279611
6.510645000	-2.710078001	-0.375886812
6.510646000	-2.709088802	-0.375596860
6.510647000	-2.710165024	-0.375864375
6.510648000	-2.717512846	-0.375831385
6.510649000	-2.703836203	-0.375065094
6.510650000	-2.709856510	-0.376236518
6.510651000	-2.712523460	-0.377123118
6.510652000	-2.710684299	-0.375430812
6.510653000	-2.713964701	-0.376311054
6.510654000	-2.712326050	-0.374858832
6.510655000	-2.714883089	-0.375729519
6.510656000	-2.709046602	-0.376814291
6.510657000	-2.713854551	-0.376659095
6.510658000	-2.714730024	-0.375987480
6.510659000	-2.722598791	-0.377534177
6.510660000	-2.716166258	-0.377037231
6.510661000	-2.710917473	-0.376967723
6.510662000	-2.714161396	-0.376771581
6.510663000	-2.726214886	-0.377519696
6.510664000	-2.715643883	-0.377248287
6.510665000	-2.710537434	-0.377408942
6.510666000	-2.716557026	-0.377628320
6.510667000	-2.710148573	-0.377351251
6.510668000	-2.709838629	-0.376969787
6.510669000	-2.716807604	-0.377968971
6.510670000	-2.719699383	-0.377557147
6.510671000	-2.711567879	-0.377590137
6.510672000	-2.712853670	-0.378275235
6.510673000	-2.717106819	-0.378648177
6.510674000	-2.715901852	-0.378478800
6.510675000	-2.714244366	-0.378518148
6.510676000	-2.710591555	-0.378044838
6.510677000	-2.713625669	-0.378232824
6.510678000	-2.714599371	-0.378538355
6.510679000	-2.716206551	-0.377996435
6.510680000	-2.714540482	-0.378794518
6.510681000	-2.714351892	-0.377860314
6.510682000	-2.707211971	-0.378032554
6.510683000	-2.711185455	-0.379149983
6.510684000	-2.711547136	-0.379603220
6.510685000	-2.715425968	-0.378548875
6.510686000	-2.704476595	-0.378806136
6.510687000	-2.717420816	-0.378785896
6.510688000	-2.711894512	-0.379571595
6.510689000	-2.708022594	-0.379244226
6.510690000	-2.711138487	-0.379785746
6.510691000	-2.706029177	-0.378613390
6.510692000	-2.715317249	-0.379379082
6.510693000	-2.717468500	-0.379612475
6.510694000	-2.709711790	-0.379232808
6.510695000	-2.708138466	-0.379907919
6.510696000	-2.713521242	-0.380285988
6.510697000	-2.712078571	-0.379729687
6.510698000	-2.720183134	-0.380849779
6.510699000	-2.715625763	-0.381046687
6.510700000	-2.710442543	-0.379527287
6.510701000	-2.716765165	-0.380389352
6.510702000	-2.717277288	-0.380715423
6.510703000	-2.709438562	-0.379972367
6.510704000	-2.712937593	-0.380546179
6.510705000	-2.713304281	-0.380612758
6.510706000	-2.713420630	-0.381248920
6.510707000	-2.712801218	-0.380601406
6.510708000	-2.710639000	-0.380482529
6.510709000	-2.713727236	-0.381854923
6.510710000	-2.713593006	-0.381326185
6.510711000	-2.715959549	-0.381137234
6.510712000	-2.715202808	-0.381749062
6.510713000	-2.713736296	-0.380654037
6.510714000	-2.723068953	-0.381548892
6.510715000	-2.721660614	-0.381250385
6.510716000	-2.722285271	-0.380886764
6.510717000	-2.711129189	-0.381790374
6.510718000	-2.714121342	-0.381508912
6.510719000	-2.704833508	-0.382179029
6.510720000	-2.712697268	-0.380838894
6.510721000	-2.711428642	-0.381715839
6.510722000	-2.719106674	-0.382094008
6.510723000	-2.714509487	-0.382006623
6.510724000	-2.710992575	-0.381679121
6.510725000	-2.712432146	-0.382340184
6.510726000	-2.710484743	-0.382432063
6.510727000	-2.723406315	-0.382245642
6.510728000	-2.711691141	-0.382285789
6.510729000	-2.712592602	-0.382221973
6.510730000	-2.721991301	-0.382620948
6.510731000	-2.727144718	-0.383757485
6.510732000	-2.714929819	-0.382834533
6.510733000	-2.714630604	-0.383466601
6.510734000	-2.709834576	-0.382550074
6.510735000	-2.716531754	-0.382711162
6.510736000	-2.713493109	-0.382826111
6.510737000	-2.710361719	-0.383550491
6.510738000	-2.713702917	-0.382201001
6.510739000	-2.717682600	-0.382618351
6.510740000	-2.719635010	-0.383676991
6.510741000	-2.715723515	-0.383609813
6.510742000	-2.717829704	-0.383672930
6.510743000	-2.711874723	-0.383094125
6.510744000	-2.715009928	-0.384194343
6.510745000	-2.718617439	-0.383431814
6.510746000	-2.718599796	-0.383380215
6.510747000	-2.720114470	-0.384446977
6.510748000	-2.709612370	-0.383465303
6.510749000	-2.714605093	-0.383794703
6.510750000	-2.716526508	-0.383931090
6.510751000	-2.722604990	-0.384513756
6.510752000	-2.715341568	-0.383461408
6.510753000	-2.711504221	-0.383701359
6.510754000	-2.710707664	-0.384555834
6.510755000	-2.715285540	-0.383588674
6.510756000	-2.711086273	-0.383672131
6.510757000	-2.712759495	-0.385127848
6.510758000	-2.713420153	-0.384508230
