D:\KID metingen\Entropy ADR\LT343chip5_BF_20240530_mapping\S21\Power\KID252_92dBm_.dat
Power at KID:92dBm
resonance Frequency in GHz :7.152726
Q=14449.951515, Qc=20926.858015, Qi=46687.733359  S21min=-10.186728


Temperature in K:0.100004
GHz	dB	Rad
7.152172000	-6.173762798	-0.608068852
7.152173000	-6.170525551	-0.609092039
7.152174000	-6.170434475	-0.609983066
7.152175000	-6.174553871	-0.609451832
7.152176000	-6.163212776	-0.609486853
7.152177000	-6.169419289	-0.609667415
7.152178000	-6.168322086	-0.609729733
7.152179000	-6.167245388	-0.610100645
7.152180000	-6.166512489	-0.609810094
7.152181000	-6.167427540	-0.609731730
7.152182000	-6.169619083	-0.611111714
7.152183000	-6.169041634	-0.610887609
7.152184000	-6.168434620	-0.611110782
7.152185000	-6.165103912	-0.611095002
7.152186000	-6.158268452	-0.611643880
7.152187000	-6.164860725	-0.611398336
7.152188000	-6.172534466	-0.611502333
7.152189000	-6.167616844	-0.612591366
7.152190000	-6.168093204	-0.612128376
7.152191000	-6.159935951	-0.612019386
7.152192000	-6.166634560	-0.611804735
7.152193000	-6.169306755	-0.612905220
7.152194000	-6.163551331	-0.612995900
7.152195000	-6.166866302	-0.613026393
7.152196000	-6.164383411	-0.612807282
7.152197000	-6.161107540	-0.613562355
7.152198000	-6.166285038	-0.613350633
7.152199000	-6.164760590	-0.613866754
7.152200000	-6.169241905	-0.613947448
7.152201000	-6.166230202	-0.614628618
7.152202000	-6.168328762	-0.614410904
7.152203000	-6.168394566	-0.615118240
7.152204000	-6.164247513	-0.614849127
7.152205000	-6.164876461	-0.615160451
7.152206000	-6.162658215	-0.615034084
7.152207000	-6.169212341	-0.614826890
7.152208000	-6.165421486	-0.615061914
7.152209000	-6.163773060	-0.615758397
7.152210000	-6.165155888	-0.615308989
7.152211000	-6.166993141	-0.615187482
7.152212000	-6.169499874	-0.616119122
7.152213000	-6.157796383	-0.615796880
7.152214000	-6.166108608	-0.616382709
7.152215000	-6.159795761	-0.616620662
7.152216000	-6.167891026	-0.616660010
7.152217000	-6.163196564	-0.617138647
7.152218000	-6.161457539	-0.617969620
7.152219000	-6.158778667	-0.617276066
7.152220000	-6.158559322	-0.617669482
7.152221000	-6.162816048	-0.617202030
7.152222000	-6.165536880	-0.617523940
7.152223000	-6.158730984	-0.617815822
7.152224000	-6.161896706	-0.618572493
7.152225000	-6.160950184	-0.619202797
7.152226000	-6.158724785	-0.619219774
7.152227000	-6.158984661	-0.619400270
7.152228000	-6.159727097	-0.618808915
7.152229000	-6.158481598	-0.619887296
7.152230000	-6.160542488	-0.619700075
7.152231000	-6.162610054	-0.619415716
7.152232000	-6.161087990	-0.620187168
7.152233000	-6.162905216	-0.619858866
7.152234000	-6.158041954	-0.620345426
7.152235000	-6.155784130	-0.620806552
7.152236000	-6.160439491	-0.621800910
7.152237000	-6.162621975	-0.621705369
7.152238000	-6.165235996	-0.621465019
7.152239000	-6.166223049	-0.621226133
7.152240000	-6.160725117	-0.621723479
7.152241000	-6.157546043	-0.622895602
7.152242000	-6.157030582	-0.622183273
7.152243000	-6.160905361	-0.621925013
7.152244000	-6.157083988	-0.622576755
7.152245000	-6.157785416	-0.622649060
7.152246000	-6.163592339	-0.622933086
7.152247000	-6.163649082	-0.622384275
7.152248000	-6.160634995	-0.623035884
7.152249000	-6.157961369	-0.623454533
7.152250000	-6.161495686	-0.622743935
7.152251000	-6.156929016	-0.623810332
7.152252000	-6.155257702	-0.624989380
7.152253000	-6.161272049	-0.624804090
7.152254000	-6.152969837	-0.624881788
7.152255000	-6.160312176	-0.625932205
7.152256000	-6.155786037	-0.625826811
7.152257000	-6.157945156	-0.625060553
7.152258000	-6.156157970	-0.625740924
7.152259000	-6.157371998	-0.626112368
7.152260000	-6.161654949	-0.625886732
7.152261000	-6.164221764	-0.626444464
7.152262000	-6.160761356	-0.627072837
7.152263000	-6.158493996	-0.627806005
7.152264000	-6.153063774	-0.627118976
7.152265000	-6.154776573	-0.627945821
7.152266000	-6.158885956	-0.626534479
7.152267000	-6.158394814	-0.627529902
7.152268000	-6.150454998	-0.627882039
7.152269000	-6.155999660	-0.628235773
7.152270000	-6.157801151	-0.627747349
7.152271000	-6.158385277	-0.627738228
7.152272000	-6.157585144	-0.628386708
7.152273000	-6.154014587	-0.628783186
7.152274000	-6.151130199	-0.628209208
7.152275000	-6.155344009	-0.629370546
7.152276000	-6.155735970	-0.629791259
7.152277000	-6.154351234	-0.629263021
7.152278000	-6.158419609	-0.630984022
7.152279000	-6.155100346	-0.630853261
7.152280000	-6.152898788	-0.630584947
7.152281000	-6.156001568	-0.630895539
7.152282000	-6.158929825	-0.631998953
7.152283000	-6.155704498	-0.632131778
7.152284000	-6.155956268	-0.631737763
7.152285000	-6.151155949	-0.632079780
7.152286000	-6.155779362	-0.632142431
7.152287000	-6.155048370	-0.631765726
7.152288000	-6.151384354	-0.633023804
7.152289000	-6.155325413	-0.633017678
7.152290000	-6.157148361	-0.633339921
7.152291000	-6.144484520	-0.633242116
7.152292000	-6.149981976	-0.633702177
7.152293000	-6.153099537	-0.634425559
7.152294000	-6.148718834	-0.633869024
7.152295000	-6.155763149	-0.634224357
7.152296000	-6.149630547	-0.634890413
7.152297000	-6.153723240	-0.635085623
7.152298000	-6.150866032	-0.635040882
7.152299000	-6.145823479	-0.635746953
7.152300000	-6.159324646	-0.634720837
7.152301000	-6.150259972	-0.636644105
7.152302000	-6.146420956	-0.636060473
7.152303000	-6.145279408	-0.636696503
7.152304000	-6.145426273	-0.637695454
7.152305000	-6.150976181	-0.637154233
7.152306000	-6.152077675	-0.637178069
7.152307000	-6.157683372	-0.637313823
7.152308000	-6.150484085	-0.637537995
7.152309000	-6.142389774	-0.637756640
7.152310000	-6.145785809	-0.637856110
7.152311000	-6.150088310	-0.638138871
7.152312000	-6.152775764	-0.638579757
7.152313000	-6.157855034	-0.638274292
7.152314000	-6.154494286	-0.638663580
7.152315000	-6.150238514	-0.639338358
7.152316000	-6.145765781	-0.639527909
7.152317000	-6.151640415	-0.640159944
7.152318000	-6.152929783	-0.641355370
7.152319000	-6.150852680	-0.640247162
7.152320000	-6.149179459	-0.641167884
7.152321000	-6.147233963	-0.641794592
7.152322000	-6.151493073	-0.641126937
7.152323000	-6.147445679	-0.642112507
7.152324000	-6.141004086	-0.642043997
7.152325000	-6.146854401	-0.641811570
7.152326000	-6.148567677	-0.642148859
7.152327000	-6.152187347	-0.642269167
7.152328000	-6.144809723	-0.643378174
7.152329000	-6.147822380	-0.644028318
7.152330000	-6.147517204	-0.642623101
7.152331000	-6.145792961	-0.643284031
7.152332000	-6.149643421	-0.644281651
7.152333000	-6.150192261	-0.644840116
7.152334000	-6.153941154	-0.644662550
7.152335000	-6.143743038	-0.644888320
7.152336000	-6.148639679	-0.646298197
7.152337000	-6.141442299	-0.646061642
7.152338000	-6.146140099	-0.645805978
7.152339000	-6.146487713	-0.646139606
7.152340000	-6.148262024	-0.646358851
7.152341000	-6.147574425	-0.646442807
7.152342000	-6.138548851	-0.646120764
7.152343000	-6.147861958	-0.647054335
7.152344000	-6.143652439	-0.648050823
7.152345000	-6.150574684	-0.647422783
7.152346000	-6.142582893	-0.647246016
7.152347000	-6.147149086	-0.648456955
7.152348000	-6.148226261	-0.648701567
7.152349000	-6.146831512	-0.649387997
7.152350000	-6.145403862	-0.649641396
7.152351000	-6.141621113	-0.648559021
7.152352000	-6.140498161	-0.650195334
7.152353000	-6.142239094	-0.650166305
7.152354000	-6.144114017	-0.650040737
7.152355000	-6.143609524	-0.650647405
7.152356000	-6.147346020	-0.650986559
7.152357000	-6.146991253	-0.652098096
7.152358000	-6.142858028	-0.651008131
7.152359000	-6.140642643	-0.652184449
7.152360000	-6.147555351	-0.652828135
7.152361000	-6.140285015	-0.652669810
7.152362000	-6.146527767	-0.653220485
7.152363000	-6.137439728	-0.653046115
7.152364000	-6.139123440	-0.653297317
7.152365000	-6.143299103	-0.654032283
7.152366000	-6.134890079	-0.654128756
7.152367000	-6.147594452	-0.654432689
7.152368000	-6.147025585	-0.654636887
7.152369000	-6.142664909	-0.654711522
7.152370000	-6.139640331	-0.654976507
7.152371000	-6.140422344	-0.655903620
7.152372000	-6.137901306	-0.656269738
7.152373000	-6.137457371	-0.656299033
7.152374000	-6.140006065	-0.655814670
7.152375000	-6.137955189	-0.656624538
7.152376000	-6.137385845	-0.657653050
7.152377000	-6.145246506	-0.657153308
7.152378000	-6.138174534	-0.657987077
7.152379000	-6.150195599	-0.658577167
7.152380000	-6.140522957	-0.658321371
7.152381000	-6.142957687	-0.658748142
7.152382000	-6.141656876	-0.659166658
7.152383000	-6.139515877	-0.659525253
7.152384000	-6.138105392	-0.659193423
7.152385000	-6.140815735	-0.659063927
7.152386000	-6.144720554	-0.659692166
7.152387000	-6.138462067	-0.659915472
7.152388000	-6.141368389	-0.661170221
7.152389000	-6.141060352	-0.660583593
7.152390000	-6.142021179	-0.662322437
7.152391000	-6.138183117	-0.662358323
7.152392000	-6.138342381	-0.661658312
7.152393000	-6.134122849	-0.661694997
7.152394000	-6.137555122	-0.663175381
7.152395000	-6.139212608	-0.663620329
7.152396000	-6.139842987	-0.663502883
7.152397000	-6.140346527	-0.662553799
7.152398000	-6.139669895	-0.663345025
7.152399000	-6.142797470	-0.664528533
7.152400000	-6.143279076	-0.665218425
7.152401000	-6.148752689	-0.664213415
7.152402000	-6.148538589	-0.664941590
7.152403000	-6.141661644	-0.665475221
7.152404000	-6.144445896	-0.665871632
7.152405000	-6.150482178	-0.666349670
7.152406000	-6.141554356	-0.666483360
7.152407000	-6.134773731	-0.667662275
7.152408000	-6.141984940	-0.667988379
7.152409000	-6.139595985	-0.668385723
7.152410000	-6.145881653	-0.668186984
7.152411000	-6.144943714	-0.669116561
7.152412000	-6.140224457	-0.669377817
7.152413000	-6.141726971	-0.669304114
7.152414000	-6.136959553	-0.670254862
7.152415000	-6.141441822	-0.669553852
7.152416000	-6.136034489	-0.670826643
7.152417000	-6.137152672	-0.670298671
7.152418000	-6.134885788	-0.670796216
7.152419000	-6.140310287	-0.671272256
7.152420000	-6.137325287	-0.671963347
7.152421000	-6.139032841	-0.671807286
7.152422000	-6.143247604	-0.672165414
7.152423000	-6.136187077	-0.673314768
7.152424000	-6.131965637	-0.672855905
7.152425000	-6.144723415	-0.673707984
7.152426000	-6.136002541	-0.674099335
7.152427000	-6.141926289	-0.675105144
7.152428000	-6.143896103	-0.675409877
7.152429000	-6.139488220	-0.675348824
7.152430000	-6.137199879	-0.675457547
7.152431000	-6.137696743	-0.676258426
7.152432000	-6.132704735	-0.675665474
7.152433000	-6.138315201	-0.676363222
7.152434000	-6.144751549	-0.676159956
7.152435000	-6.142081261	-0.678264719
7.152436000	-6.139527798	-0.677820970
7.152437000	-6.142228127	-0.677898601
7.152438000	-6.138390064	-0.678787164
7.152439000	-6.132400036	-0.679384511
7.152440000	-6.133527279	-0.678559264
7.152441000	-6.135476112	-0.678940629
7.152442000	-6.141188622	-0.679720203
7.152443000	-6.141871452	-0.679928795
7.152444000	-6.142343998	-0.680219612
7.152445000	-6.141982079	-0.681563643
7.152446000	-6.142934322	-0.681275822
7.152447000	-6.136034966	-0.681692207
7.152448000	-6.139157772	-0.683244431
7.152449000	-6.136320114	-0.682728510
7.152450000	-6.141673088	-0.683938251
7.152451000	-6.135747910	-0.683852896
7.152452000	-6.146506310	-0.684665027
7.152453000	-6.141745090	-0.685569304
7.152454000	-6.130631924	-0.684757239
7.152455000	-6.136476517	-0.684609434
7.152456000	-6.140186787	-0.685432151
7.152457000	-6.140981197	-0.687028316
7.152458000	-6.136505127	-0.686460264
7.152459000	-6.140490055	-0.687504090
7.152460000	-6.143045425	-0.687539710
7.152461000	-6.144034863	-0.688736268
7.152462000	-6.144498825	-0.688947590
7.152463000	-6.139288425	-0.689687283
7.152464000	-6.142168045	-0.690072043
7.152465000	-6.145462513	-0.690400278
7.152466000	-6.147080421	-0.690864001
7.152467000	-6.146591663	-0.690722653
7.152468000	-6.147986889	-0.691205751
7.152469000	-6.143611908	-0.691373264
7.152470000	-6.142935753	-0.692087324
7.152471000	-6.143129826	-0.692325876
7.152472000	-6.139486313	-0.693391873
7.152473000	-6.142585278	-0.694047011
7.152474000	-6.142014027	-0.694141020
7.152475000	-6.145254135	-0.694691696
7.152476000	-6.144996166	-0.695971411
7.152477000	-6.143423557	-0.696351378
7.152478000	-6.144751549	-0.696303973
7.152479000	-6.143486500	-0.696537466
7.152480000	-6.149831295	-0.696367157
7.152481000	-6.146501064	-0.697463247
7.152482000	-6.143550396	-0.697594941
7.152483000	-6.141803265	-0.698126108
7.152484000	-6.143494129	-0.699160547
7.152485000	-6.148447990	-0.699019399
7.152486000	-6.145869255	-0.699113409
7.152487000	-6.138689041	-0.700626883
7.152488000	-6.150461197	-0.700830149
7.152489000	-6.147583008	-0.701532558
7.152490000	-6.145925999	-0.701402595
7.152491000	-6.144743919	-0.702754216
7.152492000	-6.145387650	-0.703180655
7.152493000	-6.146652699	-0.703278459
7.152494000	-6.149492264	-0.703348034
7.152495000	-6.148608208	-0.704317026
7.152496000	-6.143153191	-0.704319556
7.152497000	-6.152839184	-0.705101726
7.152498000	-6.148993969	-0.706946098
7.152499000	-6.145907402	-0.705912459
7.152500000	-6.145740509	-0.707601103
7.152501000	-6.140826702	-0.707221203
7.152502000	-6.152680397	-0.708605847
7.152503000	-6.150201321	-0.708058367
7.152504000	-6.147816181	-0.709528366
7.152505000	-6.149016380	-0.710213730
7.152506000	-6.154548645	-0.709538552
7.152507000	-6.149373055	-0.709001126
7.152508000	-6.150920391	-0.709591283
7.152509000	-6.150983810	-0.709859730
7.152510000	-6.147121429	-0.711035049
7.152511000	-6.153916359	-0.711898379
7.152512000	-6.147791862	-0.712851325
7.152513000	-6.155774593	-0.711836994
7.152514000	-6.151512623	-0.712951993
7.152515000	-6.151413918	-0.713987696
7.152516000	-6.149039745	-0.713873779
7.152517000	-6.153289318	-0.714693300
7.152518000	-6.163311481	-0.716639871
7.152519000	-6.151049137	-0.715748112
7.152520000	-6.155410767	-0.716377883
7.152521000	-6.152139187	-0.718444096
7.152522000	-6.156080246	-0.718290366
7.152523000	-6.156918049	-0.718702823
7.152524000	-6.155738831	-0.718908485
7.152525000	-6.155056953	-0.719156425
7.152526000	-6.158893585	-0.719678139
7.152527000	-6.162448406	-0.720692870
7.152528000	-6.155466080	-0.721269977
7.152529000	-6.157634258	-0.721768587
7.152530000	-6.163599014	-0.721701475
7.152531000	-6.163014412	-0.722428385
7.152532000	-6.158509254	-0.724140598
7.152533000	-6.163244724	-0.723896186
7.152534000	-6.164495945	-0.724936351
7.152535000	-6.163591385	-0.725990629
7.152536000	-6.166891575	-0.725941161
7.152537000	-6.162852287	-0.727131261
7.152538000	-6.163136959	-0.727397245
7.152539000	-6.167069912	-0.728264104
7.152540000	-6.168554783	-0.728811516
7.152541000	-6.167065620	-0.729740360
7.152542000	-6.158617496	-0.730477124
7.152543000	-6.166496754	-0.731045709
7.152544000	-6.165188789	-0.731680873
7.152545000	-6.171883106	-0.732035672
7.152546000	-6.169529915	-0.732901133
7.152547000	-6.165775776	-0.733851948
7.152548000	-6.170014858	-0.735546118
7.152549000	-6.171911716	-0.735101237
7.152550000	-6.168131828	-0.735468420
7.152551000	-6.174187660	-0.735726347
7.152552000	-6.169731140	-0.737593756
7.152553000	-6.177426338	-0.737180500
7.152554000	-6.175424099	-0.738478325
7.152555000	-6.165024281	-0.739990601
7.152556000	-6.175897121	-0.741104868
7.152557000	-6.173790932	-0.741007862
7.152558000	-6.178462982	-0.741224910
7.152559000	-6.177250385	-0.741494688
7.152560000	-6.175938129	-0.743367955
7.152561000	-6.180575371	-0.744219168
7.152562000	-6.180088520	-0.744891217
7.152563000	-6.179597378	-0.744146397
7.152564000	-6.180659771	-0.745309133
7.152565000	-6.181081772	-0.747214425
7.152566000	-6.180890560	-0.746935859
7.152567000	-6.182229996	-0.748704597
7.152568000	-6.180960178	-0.749017985
7.152569000	-6.189553738	-0.749799955
7.152570000	-6.187228680	-0.750439647
7.152571000	-6.181856632	-0.751496256
7.152572000	-6.196423054	-0.752743547
7.152573000	-6.190454006	-0.753866003
7.152574000	-6.203475952	-0.754031186
7.152575000	-6.196913719	-0.755062828
7.152576000	-6.196046829	-0.755563702
7.152577000	-6.195179462	-0.755685475
7.152578000	-6.188795567	-0.756837825
7.152579000	-6.200181007	-0.758805901
7.152580000	-6.197674274	-0.757999629
7.152581000	-6.200306892	-0.759520627
7.152582000	-6.199118137	-0.759693665
7.152583000	-6.202067852	-0.760672311
7.152584000	-6.201837063	-0.761955355
7.152585000	-6.203331947	-0.764112449
7.152586000	-6.200264931	-0.764119972
7.152587000	-6.212890148	-0.765118525
7.152588000	-6.213644505	-0.766324204
7.152589000	-6.208332539	-0.766977278
7.152590000	-6.208293915	-0.767711844
7.152591000	-6.204741955	-0.768117910
7.152592000	-6.213308334	-0.769706818
7.152593000	-6.215935707	-0.770244244
7.152594000	-6.216312408	-0.770850779
7.152595000	-6.218565464	-0.772310857
7.152596000	-6.212521076	-0.773127782
7.152597000	-6.215361118	-0.774037185
7.152598000	-6.223033905	-0.776015248
7.152599000	-6.217864037	-0.776295878
7.152600000	-6.219964981	-0.776375840
7.152601000	-6.223627567	-0.777968743
7.152602000	-6.221576214	-0.779991880
7.152603000	-6.226243973	-0.779262640
7.152604000	-6.224725246	-0.780925185
7.152605000	-6.232524395	-0.784357666
7.152606000	-6.233302593	-0.782940665
7.152607000	-6.232429981	-0.783902665
7.152608000	-6.237691402	-0.785215870
7.152609000	-6.237236023	-0.785869210
7.152610000	-6.235414505	-0.786388460
7.152611000	-6.236050606	-0.787398131
7.152612000	-6.237983704	-0.787910590
7.152613000	-6.245848179	-0.789800901
7.152614000	-6.244635105	-0.792335898
7.152615000	-6.246901989	-0.793825936
7.152616000	-6.245232582	-0.793519140
7.152617000	-6.247150421	-0.795906930
7.152618000	-6.257429123	-0.797001689
7.152619000	-6.259112835	-0.798422752
7.152620000	-6.262303829	-0.799884029
7.152621000	-6.257678509	-0.800855483
7.152622000	-6.255018711	-0.801473736
7.152623000	-6.262545586	-0.803536288
7.152624000	-6.264191628	-0.804949028
7.152625000	-6.270544052	-0.806443128
7.152626000	-6.271715641	-0.807451534
7.152627000	-6.276100159	-0.808590169
7.152628000	-6.278687000	-0.809581730
7.152629000	-6.283990860	-0.810705318
7.152630000	-6.285562038	-0.813709164
7.152631000	-6.290944576	-0.815766789
7.152632000	-6.297039986	-0.816743902
7.152633000	-6.306124687	-0.817696848
7.152634000	-6.305506706	-0.820863546
7.152635000	-6.308321953	-0.820411009
7.152636000	-6.308293819	-0.824040897
7.152637000	-6.315951824	-0.824185107
7.152638000	-6.320253849	-0.826078548
7.152639000	-6.321943760	-0.827888166
7.152640000	-6.320204258	-0.828279318
7.152641000	-6.322417736	-0.829474345
7.152642000	-6.328654289	-0.832190969
7.152643000	-6.332810402	-0.833199442
7.152644000	-6.341847420	-0.836630192
7.152645000	-6.337166309	-0.837731210
7.152646000	-6.355075836	-0.840699436
7.152647000	-6.356996536	-0.841067485
7.152648000	-6.361889362	-0.844167138
7.152649000	-6.371815205	-0.846144535
7.152650000	-6.373781204	-0.846863056
7.152651000	-6.379706860	-0.848653366
7.152652000	-6.385306358	-0.852495775
7.152653000	-6.398212910	-0.854832632
7.152654000	-6.395100117	-0.854097999
7.152655000	-6.395337582	-0.856732465
7.152656000	-6.405301571	-0.858661525
7.152657000	-6.406501293	-0.859439834
7.152658000	-6.411368847	-0.860523741
7.152659000	-6.429967880	-0.866306129
7.152660000	-6.435526371	-0.868721749
7.152661000	-6.434125423	-0.869228283
7.152662000	-6.447164059	-0.874428904
7.152663000	-6.455747128	-0.876262024
7.152664000	-6.463758469	-0.877820839
7.152665000	-6.489401817	-0.884152837
7.152666000	-6.481115818	-0.882489626
7.152667000	-6.489900589	-0.886032829
7.152668000	-6.494478703	-0.887603229
7.152669000	-6.519799709	-0.892335799
7.152670000	-6.543471813	-0.900751788
7.152671000	-6.524537563	-0.895376863
7.152672000	-6.549120903	-0.903444443
7.152673000	-6.578081608	-0.909949880
7.152674000	-6.617027760	-0.917972653
7.152675000	-6.631273270	-0.922316202
7.152676000	-6.645259380	-0.925699548
7.152677000	-6.674590111	-0.932475229
7.152678000	-6.724956989	-0.941632309
7.152679000	-6.760874748	-0.949133369
7.152680000	-6.807911396	-0.958581665
7.152681000	-6.856010437	-0.968837631
7.152682000	-14.811498642	-1.006125082
7.152683000	-15.096124649	-0.969567937
7.152684000	-15.184673309	-0.957709280
7.152685000	-15.264037132	-0.948831166
7.152686000	-15.282174110	-0.945124312
7.152687000	-15.342574120	-0.931045378
7.152688000	-15.344159126	-0.934612882
7.152689000	-15.424799919	-0.922079780
7.152690000	-15.475913048	-0.912503385
7.152691000	-15.463173866	-0.905887494
7.152692000	-15.542520523	-0.895805432
7.152693000	-15.618753433	-0.886045612
7.152694000	-15.637171745	-0.879476393
7.152695000	-15.684310913	-0.870382763
7.152696000	-15.710991859	-0.861666703
7.152697000	-15.711434364	-0.860729137
7.152698000	-15.771031380	-0.851142623
7.152699000	-15.819842339	-0.841914636
7.152700000	-15.834135056	-0.834972441
7.152701000	-15.873044014	-0.822980093
7.152702000	-15.897689819	-0.814616702
7.152703000	-15.921389580	-0.809459691
7.152704000	-15.953042030	-0.801819548
7.152705000	-15.992725372	-0.789072127
7.152706000	-16.006423950	-0.782862301
7.152707000	-16.022310257	-0.777019526
7.152708000	-16.034133911	-0.777516072
7.152709000	-16.063245773	-0.767680885
7.152710000	-16.108402252	-0.754257355
7.152711000	-16.122554779	-0.743183531
7.152712000	-16.152559280	-0.736885555
7.152713000	-16.183843613	-0.727043510
7.152714000	-16.171010971	-0.720542867
7.152715000	-16.196241379	-0.720088332
7.152716000	-16.191598892	-0.715168408
7.152717000	-16.209299088	-0.708775823
7.152718000	-16.241992950	-0.701486152
7.152719000	-16.228277206	-0.684837001
7.152720000	-16.243534088	-0.678266383
7.152721000	-16.265356064	-0.675894772
7.152722000	-16.265720367	-0.672051231
7.152723000	-16.250099182	-0.664353364
7.152724000	-16.252582550	-0.654741017
7.152725000	-16.282146454	-0.653054770
7.152726000	-16.317359924	-0.645148377
7.152727000	-16.270435333	-0.632251354
7.152728000	-16.291046143	-0.633152168
7.152729000	-16.303339005	-0.617640320
7.152730000	-16.287839890	-0.609250497
7.152731000	-16.291641235	-0.598029601
7.152732000	-16.270473480	-0.593476394
7.152733000	-16.298667908	-0.584275106
7.152734000	-16.294403076	-0.581842042
7.152735000	-16.291248322	-0.571999265
7.152736000	-16.289873123	-0.562800640
7.152737000	-16.296199799	-0.561660274
7.152738000	-16.271795273	-0.553897926
7.152739000	-16.284627914	-0.546101089
7.152740000	-16.248941422	-0.539071808
7.152741000	-16.245309830	-0.530387107
7.152742000	-16.267051697	-0.528692371
7.152743000	-16.246387482	-0.519025928
7.152744000	-16.227014542	-0.518020285
7.152745000	-16.222730637	-0.508610838
7.152746000	-16.222482681	-0.494361162
7.152747000	-16.211175919	-0.493489043
7.152748000	-16.210279465	-0.490406334
7.152749000	-16.183437347	-0.484470647
7.152750000	-16.180950165	-0.471109735
7.152751000	-16.132366180	-0.461739602
7.152752000	-16.155338287	-0.458376429
7.152753000	-16.131715775	-0.455032065
7.152754000	-16.108163834	-0.445262691
7.152755000	-16.113569260	-0.447693558
7.152756000	-16.086511612	-0.439654307
7.152757000	-16.081832886	-0.436941711
7.152758000	-16.063980103	-0.429192545
7.152759000	-16.062950134	-0.427449872
7.152760000	-16.027048111	-0.417950210
7.152761000	-16.031694412	-0.413981367
7.152762000	-16.030134201	-0.411408188
7.152763000	-15.989419937	-0.402881478
7.152764000	-15.957649231	-0.397817644
7.152765000	-15.958125114	-0.393745305
7.152766000	-15.925443649	-0.384119875
7.152767000	-15.927339554	-0.382277733
7.152768000	-15.915594101	-0.374497474
7.152769000	-15.881121635	-0.368492013
7.152770000	-15.855316162	-0.364347402
7.152771000	-15.840001106	-0.359995996
7.152772000	-15.850378990	-0.355283799
7.152773000	-15.830252647	-0.351240521
7.152774000	-15.784654617	-0.346285810
7.152775000	-15.771309853	-0.343124971
7.152776000	-15.764019966	-0.339747949
7.152777000	-15.741226196	-0.332736978
7.152778000	-15.708897591	-0.326273519
7.152779000	-15.668174744	-0.323628800
7.152780000	-15.663884163	-0.318556277
7.152781000	-15.620258331	-0.312259732
7.152782000	-15.629214287	-0.311494839
7.152783000	-15.609945297	-0.304041583
7.152784000	-15.557922363	-0.298070710
7.152785000	-15.542257309	-0.296509365
7.152786000	-15.509522438	-0.290187220
7.152787000	-15.504474640	-0.286149102
7.152788000	-15.476135254	-0.285790574
7.152789000	-15.473828316	-0.282241213
7.152790000	-15.421136856	-0.274077659
7.152791000	-15.417677879	-0.271907599
7.152792000	-15.356104851	-0.267424883
7.152793000	-15.333127975	-0.264661021
7.152794000	-15.321269989	-0.258313510
7.152795000	-15.316886902	-0.255726731
7.152796000	-15.255205154	-0.251414308
7.152797000	-15.244937897	-0.249571334
7.152798000	-15.180888176	-0.245781589
7.152799000	-15.164255142	-0.242696400
7.152800000	-15.172291756	-0.238507547
7.152801000	-15.132140160	-0.237512457
7.152802000	-15.118562698	-0.231415799
7.152803000	-15.128785133	-0.230633029
7.152804000	-15.123793602	-0.228152994
7.152805000	-15.044100761	-0.223351614
7.152806000	-15.056147575	-0.219964539
7.152807000	-15.017806053	-0.215581758
7.152808000	-15.002496719	-0.214845994
7.152809000	-14.961813927	-0.210184979
7.152810000	-14.910698891	-0.208122727
7.152811000	-14.899844170	-0.207806676
7.152812000	-14.844273567	-0.201414091
7.152813000	-14.838953018	-0.194727543
7.152814000	-14.804029465	-0.191997902
7.152815000	-14.800232887	-0.191055976
7.152816000	-14.757850647	-0.189107690
7.152817000	-14.746337891	-0.184962313
7.152818000	-14.737186432	-0.183585293
7.152819000	-14.654123306	-0.181382143
7.152820000	-14.655160904	-0.179424170
7.152821000	-14.632648468	-0.174574104
7.152822000	-14.616340637	-0.171617713
7.152823000	-14.598404884	-0.170830615
7.152824000	-14.541190147	-0.168478578
7.152825000	-14.514971733	-0.165468773
7.152826000	-14.480398178	-0.162904732
7.152827000	-14.482865334	-0.161360348
7.152828000	-14.447223663	-0.158993297
7.152829000	-14.424214363	-0.154262574
7.152830000	-14.395829201	-0.152113104
7.152831000	-14.370143890	-0.149700879
7.152832000	-14.326024055	-0.149729708
7.152833000	-14.316056252	-0.146576009
7.152834000	-14.263889313	-0.144596748
7.152835000	-14.263256073	-0.141671531
7.152836000	-14.211646080	-0.140301318
7.152837000	-14.206487656	-0.136223811
7.152838000	-14.172054291	-0.136378499
7.152839000	-14.163538933	-0.132754910
7.152840000	-14.120148659	-0.129148740
7.152841000	-14.120993614	-0.127844174
7.152842000	-14.085958481	-0.125666890
7.152843000	-14.059947968	-0.123996164
7.152844000	-14.060121536	-0.123672341
7.152845000	-14.019021034	-0.123053297
7.152846000	-14.009716988	-0.121900665
7.152847000	-13.972587585	-0.117052663
7.152848000	-13.945111275	-0.116214067
7.152849000	-13.908712387	-0.114520671
7.152850000	-13.889432907	-0.113114946
7.152851000	-13.845255852	-0.111664505
7.152852000	-13.809915543	-0.109943953
7.152853000	-13.808613777	-0.108492539
7.152854000	-13.810604095	-0.105690336
7.152855000	-13.737761497	-0.103714254
7.152856000	-13.731897354	-0.103611006
7.152857000	-13.693150520	-0.102364996
7.152858000	-13.677538872	-0.097968642
7.152859000	-13.656798363	-0.097440379
7.152860000	-13.625670433	-0.096300113
7.152861000	-13.587359428	-0.094807611
7.152862000	-13.586523056	-0.093545747
7.152863000	-13.564789772	-0.093049600
7.152864000	-13.500225067	-0.090803690
7.152865000	-13.516073227	-0.088842888
7.152866000	-13.488100052	-0.087387537
7.152867000	-13.447089195	-0.087297330
7.152868000	-13.427147865	-0.086450820
7.152869000	-13.411443710	-0.085722345
7.152870000	-13.387210846	-0.083788690
7.152871000	-13.350631714	-0.081047632
7.152872000	-13.344238281	-0.083029764
7.152873000	-13.301803589	-0.079321113
7.152874000	-13.259478569	-0.078712173
7.152875000	-13.254526138	-0.077978588
7.152876000	-13.244643211	-0.076835518
7.152877000	-13.207927704	-0.075541397
7.152878000	-13.184288979	-0.074271435
7.152879000	-13.167070389	-0.073050717
7.152880000	-13.148001671	-0.074335084
7.152881000	-13.147007942	-0.071161237
7.152882000	-13.118332863	-0.073566779
7.152883000	-13.084591866	-0.069184468
7.152884000	-13.041487694	-0.068256619
7.152885000	-13.025708199	-0.066579618
7.152886000	-13.010618210	-0.063965879
7.152887000	-12.978453636	-0.066612758
7.152888000	-12.966858864	-0.064324016
7.152889000	-12.934583664	-0.062096419
7.152890000	-12.931741714	-0.062205426
7.152891000	-12.916364670	-0.061058095
7.152892000	-12.874202728	-0.060490205
7.152893000	-12.828980446	-0.059343468
7.152894000	-12.816677094	-0.059010153
7.152895000	-12.825751305	-0.060804166
7.152896000	-12.757145882	-0.055038622
7.152897000	-12.735192299	-0.057127585
7.152898000	-12.728240013	-0.056594304
7.152899000	-12.712767601	-0.056414420
7.152900000	-12.681069374	-0.056389573
7.152901000	-12.654437065	-0.054192228
7.152902000	-12.643981934	-0.054260418
7.152903000	-12.618456841	-0.054457546
7.152904000	-12.603811264	-0.053355313
7.152905000	-12.578103065	-0.052406400
7.152906000	-12.559248924	-0.050968522
7.152907000	-12.538764000	-0.050758078
7.152908000	-12.509895325	-0.050471609
7.152909000	-12.459077835	-0.050724609
7.152910000	-12.468196869	-0.049305690
7.152911000	-12.451841354	-0.048049281
7.152912000	-12.401157379	-0.047562006
7.152913000	-12.405491829	-0.048251764
7.152914000	-12.384346962	-0.047739926
7.152915000	-12.342380524	-0.045982318
7.152916000	-12.310378075	-0.045811847
7.152917000	-12.295126915	-0.045869367
7.152918000	-12.295025826	-0.045615576
7.152919000	-12.281014442	-0.045915565
7.152920000	-12.259756088	-0.043538227
7.152921000	-12.242233276	-0.044049500
7.152922000	-12.209827423	-0.043643859
7.152923000	-12.185696602	-0.042465298
7.152924000	-12.181517601	-0.042860969
7.152925000	-12.140603065	-0.042198066
7.152926000	-12.133404732	-0.042214977
7.152927000	-12.120242119	-0.041539483
7.152928000	-12.086248398	-0.041269909
7.152929000	-12.058135986	-0.040496544
7.152930000	-12.067307472	-0.039960029
7.152931000	-12.051226616	-0.039442810
7.152932000	-12.021532059	-0.038831510
7.152933000	-12.032430649	-0.039542570
7.152934000	-12.000881195	-0.038311199
7.152935000	-11.952240944	-0.037540110
7.152936000	-11.951326370	-0.036872364
7.152937000	-11.921022415	-0.039790793
7.152938000	-11.897726059	-0.037412062
7.152939000	-11.871464729	-0.036989048
7.152940000	-11.859323502	-0.035601187
7.152941000	-11.813848495	-0.036329341
7.152942000	-11.815215111	-0.037531326
7.152943000	-11.792488098	-0.038468804
7.152944000	-11.750485420	-0.036979186
7.152945000	-11.748373032	-0.035983118
7.152946000	-11.738327980	-0.035553496
7.152947000	-11.732592583	-0.035066304
7.152948000	-11.682859421	-0.036091263
7.152949000	-11.671282768	-0.035415303
7.152950000	-11.668318748	-0.036576583
7.152951000	-11.636692047	-0.035503075
7.152952000	-11.604907036	-0.035679364
7.152953000	-11.615343094	-0.033972619
7.152954000	-11.565954208	-0.035928906
7.152955000	-11.558969498	-0.034968807
7.152956000	-11.539227486	-0.036771147
7.152957000	-11.510959625	-0.036312197
7.152958000	-11.519578934	-0.035466427
7.152959000	-11.494094849	-0.036284833
7.152960000	-11.475699425	-0.035898421
7.152961000	-11.442384720	-0.035479947
7.152962000	-11.417466164	-0.035139899
7.152963000	-11.419535637	-0.035592715
7.152964000	-11.383625031	-0.036840302
7.152965000	-11.387629509	-0.035013394
7.152966000	-11.356357574	-0.033708129
7.152967000	-11.346448898	-0.035454655
7.152968000	-11.334262848	-0.034933516
7.152969000	-11.301996231	-0.035077248
7.152970000	-11.290189743	-0.034339506
7.152971000	-11.277188301	-0.034324676
7.152972000	-11.272758484	-0.034549832
7.152973000	-11.253304482	-0.035148130
7.152974000	-11.220566750	-0.034882371
7.152975000	-11.213655472	-0.035544770
7.152976000	-11.207053185	-0.034875925
7.152977000	-11.187593460	-0.035099693
7.152978000	-11.152934074	-0.037852753
7.152979000	-11.146785736	-0.035125930
7.152980000	-11.107517242	-0.036072646
7.152981000	-11.093620300	-0.037003059
7.152982000	-11.096975327	-0.033856582
7.152983000	-11.067834854	-0.037035774
7.152984000	-11.063060760	-0.036354288
7.152985000	-11.025860786	-0.036866888
7.152986000	-10.992851257	-0.037014806
7.152987000	-10.984981537	-0.036190383
7.152988000	-10.971622467	-0.038028505
7.152989000	-10.962621689	-0.036938273
7.152990000	-10.936817169	-0.038701972
7.152991000	-10.930837631	-0.037361412
7.152992000	-10.903985977	-0.037574573
7.152993000	-10.906429291	-0.038178865
7.152994000	-10.891263962	-0.037833715
7.152995000	-10.879152298	-0.038408858
7.152996000	-10.866979599	-0.037416527
7.152997000	-10.827923775	-0.038825897
7.152998000	-10.833933830	-0.038473819
7.152999000	-10.812044144	-0.037879530
7.153000000	-10.790893555	-0.038620463
7.153001000	-10.766850471	-0.038923002
7.153002000	-10.769728661	-0.039366955
7.153003000	-10.737923622	-0.038927592
7.153004000	-10.717705727	-0.040301638
7.153005000	-10.699231148	-0.039459097
7.153006000	-10.693281174	-0.039942947
7.153007000	-10.666809082	-0.040974261
7.153008000	-10.658708572	-0.041515323
7.153009000	-10.645630836	-0.042246648
7.153010000	-10.608020782	-0.043388237
7.153011000	-10.602144241	-0.042842102
7.153012000	-10.592679977	-0.042925692
7.153013000	-10.574775696	-0.043262320
7.153014000	-10.583628654	-0.043806591
7.153015000	-10.556430817	-0.043326102
7.153016000	-10.543069839	-0.044164703
7.153017000	-10.512445450	-0.044093596
7.153018000	-10.494585037	-0.045239209
7.153019000	-10.485743523	-0.044277100
7.153020000	-10.465908051	-0.045921577
7.153021000	-10.458704948	-0.046279203
7.153022000	-10.446023941	-0.045306670
7.153023000	-10.433699608	-0.045849597
7.153024000	-10.416906357	-0.047373870
7.153025000	-10.409823418	-0.047059425
7.153026000	-10.391010284	-0.047347742
7.153027000	-10.379220009	-0.048565060
7.153028000	-10.354869843	-0.048564877
7.153029000	-10.348692894	-0.048888060
7.153030000	-10.331477165	-0.048436738
7.153031000	-10.314556122	-0.049621907
7.153032000	-10.306275368	-0.050670376
7.153033000	-10.305418968	-0.050396653
7.153034000	-10.264316559	-0.051170185
7.153035000	-10.277806282	-0.050459001
7.153036000	-10.246554375	-0.051752581
7.153037000	-10.216925621	-0.052347094
7.153038000	-10.205635071	-0.051755710
7.153039000	-10.215873718	-0.053227032
7.153040000	-10.187945366	-0.052575044
7.153041000	-10.175996780	-0.053299657
7.153042000	-10.166944504	-0.053829992
7.153043000	-10.154852867	-0.054129581
7.153044000	-10.134082794	-0.054858314
7.153045000	-10.128939629	-0.055021728
7.153046000	-10.119199753	-0.055186382
7.153047000	-10.108738899	-0.056317385
7.153048000	-10.080496788	-0.056028836
7.153049000	-10.063030243	-0.058077580
7.153050000	-10.059922218	-0.056718153
7.153051000	-10.068323135	-0.057860770
7.153052000	-10.030601501	-0.057437452
7.153053000	-10.023167610	-0.058971046
7.153054000	-10.003167152	-0.058679384
7.153055000	-9.984367371	-0.059932197
7.153056000	-9.995885849	-0.059526660
7.153057000	-9.970975876	-0.059919914
7.153058000	-9.962204933	-0.061098883
7.153059000	-9.954957008	-0.061192576
7.153060000	-9.942286491	-0.061825068
7.153061000	-9.921828270	-0.062365411
7.153062000	-9.905569077	-0.062930130
7.153063000	-9.899383545	-0.062304749
7.153064000	-9.870068550	-0.063692256
7.153065000	-9.871164322	-0.063890475
7.153066000	-9.859485626	-0.064249098
7.153067000	-9.850119591	-0.065939419
7.153068000	-9.828742027	-0.065079668
7.153069000	-9.814825058	-0.065960437
7.153070000	-9.797713280	-0.066445740
7.153071000	-9.790010452	-0.067421789
7.153072000	-9.783559799	-0.067074629
7.153073000	-9.765171051	-0.068778865
7.153074000	-9.754506111	-0.069834242
7.153075000	-9.745265007	-0.067515673
7.153076000	-9.726466179	-0.069404537
7.153077000	-9.713025093	-0.069597491
7.153078000	-9.702143669	-0.071049659
7.153079000	-9.693447113	-0.070648271
7.153080000	-9.683930397	-0.072112610
7.153081000	-9.683498383	-0.071024184
7.153082000	-9.653186798	-0.072590289
7.153083000	-9.642695427	-0.074413390
7.153084000	-9.628156662	-0.073695818
7.153085000	-9.626514435	-0.073507083
7.153086000	-9.621100426	-0.073974775
7.153087000	-9.600324631	-0.075365520
7.153088000	-9.572526932	-0.076128465
7.153089000	-9.560793877	-0.075550867
7.153090000	-9.560450554	-0.076702585
7.153091000	-9.534169197	-0.077382332
7.153092000	-9.542642593	-0.077785925
7.153093000	-9.529276848	-0.078509939
7.153094000	-9.513939857	-0.079441038
7.153095000	-9.496315956	-0.080396098
7.153096000	-9.503230095	-0.079964266
7.153097000	-9.481577873	-0.080583876
7.153098000	-9.471742630	-0.081000968
7.153099000	-9.464822769	-0.081235701
7.153100000	-9.456987381	-0.082594787
7.153101000	-9.454634666	-0.081893077
7.153102000	-9.436223030	-0.082817269
7.153103000	-9.418781281	-0.084329903
7.153104000	-9.401700974	-0.083823553
7.153105000	-9.401968956	-0.085595828
7.153106000	-9.383717537	-0.085999031
7.153107000	-9.384512901	-0.085670730
7.153108000	-9.370797157	-0.087795025
7.153109000	-9.356599808	-0.086871949
7.153110000	-9.361461639	-0.086713466
7.153111000	-9.342013359	-0.087662624
7.153112000	-9.328224182	-0.088437205
7.153113000	-9.329257011	-0.089508370
7.153114000	-9.315402031	-0.090073667
7.153115000	-9.302167892	-0.089841856
7.153116000	-9.278182983	-0.091016992
7.153117000	-9.282660484	-0.091929899
7.153118000	-9.275480270	-0.092108913
7.153119000	-9.267269135	-0.092400754
7.153120000	-9.261493683	-0.092728664
7.153121000	-9.231356621	-0.093075150
7.153122000	-9.241578102	-0.093754298
7.153123000	-9.228077888	-0.094233151
7.153124000	-9.221639633	-0.095574676
7.153125000	-9.202987671	-0.095731811
7.153126000	-9.192898750	-0.096314652
7.153127000	-9.182276726	-0.097193853
7.153128000	-9.169487000	-0.097884353
7.153129000	-9.152831078	-0.098997762
7.153130000	-9.145755768	-0.098945548
7.153131000	-9.138382912	-0.098643945
7.153132000	-9.127467155	-0.099814579
7.153133000	-9.108959198	-0.101011703
7.153134000	-9.116590500	-0.100228584
7.153135000	-9.100055695	-0.102154981
7.153136000	-9.081457138	-0.102585390
7.153137000	-9.088570595	-0.102675363
7.153138000	-9.076577187	-0.102722168
7.153139000	-9.060407639	-0.103949544
7.153140000	-9.051164627	-0.103657437
7.153141000	-9.052277565	-0.105670512
7.153142000	-9.034261703	-0.103969418
7.153143000	-9.028562546	-0.106088429
7.153144000	-9.010066032	-0.107332499
7.153145000	-9.011916161	-0.107192417
7.153146000	-9.004681587	-0.107617108
7.153147000	-8.985161781	-0.108915307
7.153148000	-8.982856750	-0.110163955
7.153149000	-8.960840225	-0.109826267
7.153150000	-8.956809044	-0.109781950
7.153151000	-8.953111649	-0.111296323
7.153152000	-8.943634987	-0.111888985
7.153153000	-8.929213524	-0.111690355
7.153154000	-8.930427551	-0.113420144
7.153155000	-8.917634010	-0.113610868
7.153156000	-8.912150383	-0.114907370
7.153157000	-8.908629417	-0.114153279
7.153158000	-8.906313896	-0.114312520
7.153159000	-8.878914833	-0.116390226
7.153160000	-8.877508163	-0.115556990
7.153161000	-8.856254578	-0.117420079
7.153162000	-8.860525131	-0.116807594
7.153163000	-8.843208313	-0.117518366
7.153164000	-8.828120232	-0.119303200
7.153165000	-8.833763123	-0.118538773
7.153166000	-8.819923401	-0.119418831
7.153167000	-8.797976494	-0.120380998
7.153168000	-8.809803009	-0.121978654
7.153169000	-8.787315369	-0.122453562
7.153170000	-8.785114288	-0.122713212
7.153171000	-8.774797440	-0.122663410
7.153172000	-8.770037651	-0.123159965
7.153173000	-8.760205269	-0.122767307
7.153174000	-8.755517960	-0.124361309
7.153175000	-8.743924141	-0.126102375
7.153176000	-8.740750313	-0.124938566
7.153177000	-8.727489471	-0.125732346
7.153178000	-8.722268105	-0.127804576
7.153179000	-8.722403526	-0.127512469
7.153180000	-8.706150055	-0.128829794
7.153181000	-8.687731743	-0.129664137
7.153182000	-8.680245399	-0.130128143
7.153183000	-8.675327301	-0.130078333
7.153184000	-8.657102585	-0.131474346
7.153185000	-8.661618233	-0.131280243
7.153186000	-8.657640457	-0.131114919
7.153187000	-8.652832031	-0.132219290
7.153188000	-8.631036758	-0.133076537
7.153189000	-8.618902206	-0.134022733
7.153190000	-8.619675636	-0.132730367
7.153191000	-8.616311073	-0.135672794
7.153192000	-8.614556313	-0.135525671
7.153193000	-8.600412369	-0.135754545
7.153194000	-8.593378067	-0.137459700
7.153195000	-8.582426071	-0.137529567
7.153196000	-8.576130867	-0.138785830
7.153197000	-8.563716888	-0.139474157
7.153198000	-8.552004814	-0.139909101
7.153199000	-8.551404953	-0.139369695
7.153200000	-8.542819023	-0.140936083
7.153201000	-8.542934418	-0.140529352
7.153202000	-8.528465271	-0.141805555
7.153203000	-8.519558907	-0.143063882
7.153204000	-8.509296417	-0.143364303
7.153205000	-8.511265755	-0.143286639
7.153206000	-8.499703407	-0.144947319
7.153207000	-8.498901367	-0.144461043
7.153208000	-8.492582321	-0.144903627
7.153209000	-8.481961250	-0.146884503
7.153210000	-8.478708267	-0.147119943
7.153211000	-8.466647148	-0.147417152
7.153212000	-8.458719254	-0.147475475
7.153213000	-8.450666428	-0.147953496
7.153214000	-8.442118645	-0.148903445
7.153215000	-8.440120697	-0.150077300
7.153216000	-8.422590256	-0.150228717
7.153217000	-8.423581123	-0.151294082
7.153218000	-8.420276642	-0.151750265
7.153219000	-8.410829544	-0.152206664
7.153220000	-8.398860931	-0.153375958
7.153221000	-8.391617775	-0.153975818
7.153222000	-8.384348869	-0.152689045
7.153223000	-8.390209198	-0.154516140
7.153224000	-8.378388405	-0.154283097
7.153225000	-8.371319771	-0.156049172
7.153226000	-8.351617813	-0.157211443
7.153227000	-8.359104156	-0.155880062
7.153228000	-8.351105690	-0.156644822
7.153229000	-8.345527649	-0.156501211
7.153230000	-8.344019890	-0.157681640
7.153231000	-8.331959724	-0.158094081
7.153232000	-8.327037811	-0.157957494
7.153233000	-8.323415756	-0.159251108
7.153234000	-8.300868988	-0.160439660
7.153235000	-8.293730736	-0.161161992
7.153236000	-8.302487373	-0.161438911
7.153237000	-8.278508186	-0.162863253
7.153238000	-8.279664993	-0.163363944
7.153239000	-8.272653580	-0.163667361
7.153240000	-8.269913673	-0.163555325
7.153241000	-8.273371696	-0.164623203
7.153242000	-8.262736320	-0.164514446
7.153243000	-8.252890587	-0.165703597
7.153244000	-8.239727974	-0.166395770
7.153245000	-8.233938217	-0.167543043
7.153246000	-8.240580559	-0.167397834
7.153247000	-8.233312607	-0.168647755
7.153248000	-8.219054222	-0.169050692
7.153249000	-8.217012405	-0.169403560
7.153250000	-8.215615273	-0.168689251
7.153251000	-8.197029114	-0.170389945
7.153252000	-8.196552277	-0.170776720
7.153253000	-8.184266090	-0.172044701
7.153254000	-8.181735992	-0.173259435
7.153255000	-8.181420326	-0.173246752
7.153256000	-8.174512863	-0.173465464
7.153257000	-8.178509712	-0.172933897
7.153258000	-8.167120934	-0.174322302
7.153259000	-8.152758598	-0.175114676
7.153260000	-8.147509575	-0.176130273
7.153261000	-8.140080452	-0.176447022
7.153262000	-8.137117386	-0.176043304
7.153263000	-8.126869202	-0.178718532
7.153264000	-8.120132446	-0.177862426
7.153265000	-8.126177788	-0.178944318
7.153266000	-8.117304802	-0.179134651
7.153267000	-8.109924316	-0.179579516
7.153268000	-8.100103378	-0.180137614
7.153269000	-8.102867126	-0.180360388
7.153270000	-8.088932991	-0.181167792
7.153271000	-8.067396164	-0.182348171
7.153272000	-8.070394516	-0.182267511
7.153273000	-8.070563316	-0.183258373
7.153274000	-8.069046021	-0.182472657
7.153275000	-8.060543060	-0.184885365
7.153276000	-8.050484657	-0.184960233
7.153277000	-8.054422379	-0.185614538
7.153278000	-8.042469978	-0.186700143
7.153279000	-8.033642769	-0.186902160
7.153280000	-8.025793076	-0.187008187
7.153281000	-8.023630142	-0.188065479
7.153282000	-8.009869576	-0.188832219
7.153283000	-8.017326355	-0.188874430
7.153284000	-8.002885818	-0.190364919
7.153285000	-8.002293587	-0.189487806
7.153286000	-7.998200893	-0.191208225
7.153287000	-8.002417564	-0.190920754
7.153288000	-8.001409531	-0.191170125
7.153289000	-7.986212254	-0.192589956
7.153290000	-7.985782146	-0.192538557
7.153291000	-7.980813980	-0.193411159
7.153292000	-7.971860886	-0.194083540
7.153293000	-7.961609364	-0.194164284
7.153294000	-7.964136600	-0.194679206
7.153295000	-7.955161572	-0.195240850
7.153296000	-7.951663494	-0.195181828
7.153297000	-7.949610710	-0.196752227
7.153298000	-7.936748028	-0.197391519
7.153299000	-7.943641186	-0.197368333
7.153300000	-7.941662312	-0.197885286
7.153301000	-7.932003975	-0.199177635
7.153302000	-7.929595470	-0.199053299
7.153303000	-7.921338558	-0.199599113
7.153304000	-7.911957264	-0.200760701
7.153305000	-7.911229610	-0.200620602
7.153306000	-7.902217865	-0.201869708
7.153307000	-7.894663811	-0.201884855
7.153308000	-7.888367176	-0.202050903
7.153309000	-7.888949394	-0.203574247
7.153310000	-7.877453804	-0.204182114
7.153311000	-7.876414299	-0.203288690
7.153312000	-7.869302750	-0.203822654
7.153313000	-7.870693207	-0.204847987
7.153314000	-7.863581657	-0.205512430
7.153315000	-7.858762264	-0.205734837
7.153316000	-7.856828690	-0.206151988
7.153317000	-7.853352070	-0.208529558
7.153318000	-7.848720551	-0.207640695
7.153319000	-7.834425449	-0.208552861
7.153320000	-7.830865860	-0.209233798
7.153321000	-7.830966473	-0.209356303
7.153322000	-7.819527149	-0.210513746
7.153323000	-7.814812660	-0.211299745
7.153324000	-7.812360764	-0.211667278
7.153325000	-7.806658745	-0.212094815
7.153326000	-7.812770844	-0.211946044
7.153327000	-7.809281349	-0.212532522
7.153328000	-7.789389610	-0.213168785
7.153329000	-7.792942524	-0.214149693
7.153330000	-7.780060768	-0.215563549
7.153331000	-7.786522388	-0.215121514
7.153332000	-7.773531437	-0.216065272
7.153333000	-7.773546219	-0.215442076
7.153334000	-7.761977196	-0.216817382
7.153335000	-7.766127110	-0.217015554
7.153336000	-7.760035038	-0.217138859
7.153337000	-7.758757114	-0.218498586
7.153338000	-7.749246597	-0.217889903
7.153339000	-7.744922638	-0.219219337
7.153340000	-7.749428749	-0.219735474
7.153341000	-7.739095211	-0.219863739
7.153342000	-7.734542370	-0.220563451
7.153343000	-7.731251717	-0.220092121
7.153344000	-7.729158878	-0.221051275
7.153345000	-7.720511913	-0.222521490
7.153346000	-7.717675686	-0.222184966
7.153347000	-7.714630127	-0.222958681
7.153348000	-7.713890076	-0.223075394
7.153349000	-7.705314159	-0.223069286
7.153350000	-7.703401089	-0.224906451
7.153351000	-7.700807571	-0.224793949
7.153352000	-7.703754902	-0.224817718
7.153353000	-7.691726685	-0.225766818
7.153354000	-7.690523148	-0.226496558
7.153355000	-7.684592724	-0.226989675
7.153356000	-7.687552929	-0.227372338
7.153357000	-7.674613953	-0.227438917
7.153358000	-7.679040909	-0.227637373
7.153359000	-7.668547153	-0.228501102
7.153360000	-7.667690754	-0.230660244
7.153361000	-7.658733845	-0.229861894
7.153362000	-7.650067806	-0.229960964
7.153363000	-7.652346134	-0.233328415
7.153364000	-7.644940853	-0.232819801
7.153365000	-7.642221928	-0.232436972
7.153366000	-7.642083168	-0.232757350
7.153367000	-7.635546684	-0.232641735
7.153368000	-7.628186703	-0.233771199
7.153369000	-7.628117085	-0.233639422
7.153370000	-7.627206326	-0.232689855
7.153371000	-7.616173267	-0.235204895
7.153372000	-7.615262985	-0.234884217
7.153373000	-7.623388290	-0.235033653
7.153374000	-7.614742279	-0.236399322
7.153375000	-7.613572598	-0.236643168
7.153376000	-7.607292175	-0.236244676
7.153377000	-7.603057861	-0.236634213
7.153378000	-7.604697227	-0.237110203
7.153379000	-7.596925259	-0.238266348
7.153380000	-7.596954346	-0.238224337
7.153381000	-7.586015701	-0.239195292
7.153382000	-7.582384586	-0.239910068
7.153383000	-7.585470676	-0.240380898
7.153384000	-7.576948643	-0.239381347
7.153385000	-7.567207813	-0.241197773
7.153386000	-7.567872524	-0.241385143
7.153387000	-7.559068680	-0.242644818
7.153388000	-7.557739735	-0.243720186
7.153389000	-7.559571743	-0.243172790
7.153390000	-7.544138432	-0.243967444
7.153391000	-7.544390678	-0.244214219
7.153392000	-7.549217224	-0.244748998
7.153393000	-7.540848732	-0.245246477
7.153394000	-7.552309036	-0.243890445
7.153395000	-7.537249088	-0.246202069
7.153396000	-7.538099289	-0.246783087
7.153397000	-7.530738354	-0.245669254
7.153398000	-7.527677059	-0.247398494
7.153399000	-7.524609089	-0.248772668
7.153400000	-7.514468670	-0.248437709
7.153401000	-7.514191628	-0.248159642
7.153402000	-7.511674881	-0.249901732
7.153403000	-7.509223938	-0.249431252
7.153404000	-7.509062290	-0.250013302
7.153405000	-7.502208710	-0.250897954
7.153406000	-7.500083923	-0.251316170
7.153407000	-7.496441364	-0.251723235
7.153408000	-7.497759342	-0.252125322
7.153409000	-7.484448910	-0.251824435
7.153410000	-7.487182617	-0.253097442
7.153411000	-7.491194248	-0.253195946
7.153412000	-7.483806133	-0.253066699
7.153413000	-7.475586891	-0.254388992
7.153414000	-7.475654602	-0.255132797
7.153415000	-7.480898857	-0.253903981
7.153416000	-7.472677231	-0.255498116
7.153417000	-7.462160110	-0.255848671
7.153418000	-7.460405827	-0.257207133
7.153419000	-7.448644161	-0.258051671
7.153420000	-7.446681023	-0.257288792
7.153421000	-7.449448586	-0.258298363
7.153422000	-7.447847843	-0.258850703
7.153423000	-7.444395542	-0.258717711
7.153424000	-7.439302921	-0.259194234
7.153425000	-7.439284325	-0.259551197
7.153426000	-7.434229851	-0.261237444
7.153427000	-7.427151203	-0.261454192
7.153428000	-7.428943157	-0.261325245
7.153429000	-7.423197746	-0.261749387
7.153430000	-7.423973560	-0.262433703
7.153431000	-7.415365219	-0.263180320
7.153432000	-7.416786671	-0.263669160
7.153433000	-7.415495396	-0.262529726
7.153434000	-7.407009125	-0.264812355
7.153435000	-7.404641151	-0.263748256
7.153436000	-7.400297165	-0.265022279
7.153437000	-7.405071259	-0.265344122
7.153438000	-7.393441200	-0.265767764
7.153439000	-7.390839100	-0.265623904
7.153440000	-7.385856628	-0.266161895
7.153441000	-7.392039776	-0.267827070
7.153442000	-7.386257172	-0.266418341
7.153443000	-7.380661488	-0.267916086
7.153444000	-7.375137806	-0.267964123
7.153445000	-7.380514145	-0.267584689
7.153446000	-7.371730328	-0.269551251
7.153447000	-7.367938519	-0.269764037
7.153448000	-7.371799469	-0.269313697
7.153449000	-7.362134457	-0.269556410
7.153450000	-7.367687225	-0.270027574
7.153451000	-7.355074406	-0.270900341
7.153452000	-7.358807564	-0.271801239
7.153453000	-7.348135471	-0.271360819
7.153454000	-7.352380753	-0.272362467
7.153455000	-7.350066662	-0.271822694
7.153456000	-7.357992172	-0.271822045
7.153457000	-7.342643261	-0.272564983
7.153458000	-7.347927094	-0.272973895
7.153459000	-7.344751358	-0.273967121
7.153460000	-7.339862823	-0.274189945
7.153461000	-7.340337276	-0.275735860
7.153462000	-7.335409164	-0.274437435
7.153463000	-7.327227116	-0.275676521
7.153464000	-7.324156284	-0.275669697
7.153465000	-7.323952198	-0.276213731
7.153466000	-7.317553043	-0.276576320
7.153467000	-7.317655087	-0.277736842
7.153468000	-7.315241814	-0.277655033
7.153469000	-7.313323975	-0.278207573
7.153470000	-7.317161560	-0.278384806
7.153471000	-7.319265842	-0.279090178
7.153472000	-7.311706066	-0.278750841
7.153473000	-7.318763256	-0.279358674
7.153474000	-7.299799919	-0.280118174
7.153475000	-7.305821896	-0.280335322
7.153476000	-7.299715996	-0.280311753
7.153477000	-7.298584461	-0.280810130
7.153478000	-7.286310196	-0.281631982
7.153479000	-7.294353008	-0.282074666
7.153480000	-7.280801773	-0.282189881
7.153481000	-7.283184528	-0.282530432
7.153482000	-7.283709049	-0.283590337
7.153483000	-7.280727386	-0.283434609
7.153484000	-7.293878078	-0.282102429
7.153485000	-7.282719135	-0.283353349
7.153486000	-7.271468639	-0.284782368
7.153487000	-7.273411274	-0.284446011
7.153488000	-7.269676208	-0.284708765
7.153489000	-7.266654968	-0.284935134
7.153490000	-7.260914803	-0.284931339
7.153491000	-7.256459713	-0.286265116
7.153492000	-7.259243965	-0.286247839
7.153493000	-7.256600380	-0.286112251
7.153494000	-7.262045383	-0.286570714
7.153495000	-7.262906551	-0.286851578
7.153496000	-7.249927998	-0.286829840
7.153497000	-7.252126217	-0.288497411
7.153498000	-7.246743679	-0.288331496
7.153499000	-7.248546124	-0.289105178
7.153500000	-7.243245602	-0.289623629
7.153501000	-7.236501217	-0.289573961
7.153502000	-7.233226776	-0.290747383
7.153503000	-7.234120846	-0.290695485
7.153504000	-7.238036156	-0.290768189
7.153505000	-7.226653099	-0.291018692
7.153506000	-7.229323864	-0.290948651
7.153507000	-7.228814125	-0.290803942
7.153508000	-7.215758801	-0.292542653
7.153509000	-7.218026161	-0.292244346
7.153510000	-7.221079826	-0.292733568
7.153511000	-7.225400448	-0.292466553
7.153512000	-7.218623161	-0.292679540
7.153513000	-7.213235378	-0.293698465
7.153514000	-7.216382027	-0.294168313
7.153515000	-7.215369701	-0.294422379
7.153516000	-7.211020470	-0.295092530
7.153517000	-7.205747128	-0.294876947
7.153518000	-7.206067085	-0.295254983
7.153519000	-7.201179028	-0.295662213
7.153520000	-7.198770046	-0.296611530
7.153521000	-7.193783760	-0.296962435
7.153522000	-7.196152210	-0.297290404
7.153523000	-7.193508625	-0.297326156
7.153524000	-7.187252998	-0.297361343
7.153525000	-7.187749863	-0.298240187
7.153526000	-7.184019566	-0.297586614
7.153527000	-7.187112331	-0.298784370
7.153528000	-7.182287216	-0.298441222
7.153529000	-7.185924530	-0.298913867
7.153530000	-7.179353237	-0.299692775
7.153531000	-7.177855492	-0.299148957
7.153532000	-7.177490234	-0.300296946
7.153533000	-7.172423363	-0.300105132
7.153534000	-7.172906399	-0.300389757
7.153535000	-7.174942493	-0.301030381
7.153536000	-7.172177792	-0.301506021
7.153537000	-7.165780067	-0.302535699
7.153538000	-7.160855770	-0.302324910
7.153539000	-7.156224728	-0.302441922
7.153540000	-7.156623363	-0.303139837
7.153541000	-7.151105881	-0.303829130
7.153542000	-7.157404423	-0.303953965
7.153543000	-7.160477638	-0.304368353
7.153544000	-7.149444580	-0.305578227
7.153545000	-7.144210815	-0.304997658
7.153546000	-7.149155617	-0.304618591
7.153547000	-7.142498493	-0.304397914
7.153548000	-7.141504288	-0.305409816
7.153549000	-7.143893242	-0.306361596
7.153550000	-7.139154911	-0.306180302
7.153551000	-7.139289379	-0.306192652
7.153552000	-7.135973454	-0.306736103
7.153553000	-7.134984016	-0.307170898
7.153554000	-7.134850025	-0.307590346
7.153555000	-7.119914055	-0.308102804
7.153556000	-7.127067089	-0.307944180
7.153557000	-7.132372856	-0.308307568
7.153558000	-7.123496056	-0.308753148
7.153559000	-7.124079227	-0.309603129
7.153560000	-7.122589588	-0.310135728
7.153561000	-7.121508598	-0.309408952
7.153562000	-7.121191502	-0.309078420
7.153563000	-7.119149685	-0.310185529
7.153564000	-7.114441395	-0.311338878
7.153565000	-7.115890503	-0.310911307
7.153566000	-7.110616207	-0.311743479
7.153567000	-7.106775761	-0.312263827
7.153568000	-7.102459431	-0.311738685
7.153569000	-7.096564293	-0.312416892
7.153570000	-7.097962379	-0.312712004
7.153571000	-7.103863716	-0.311931997
7.153572000	-7.095828056	-0.313550966
7.153573000	-7.102739334	-0.314009529
7.153574000	-7.088706493	-0.314655379
7.153575000	-7.086853981	-0.315247799
7.153576000	-7.093691349	-0.314764602
7.153577000	-7.085468292	-0.316034597
7.153578000	-7.090564728	-0.315720510
7.153579000	-7.087939262	-0.315269604
7.153580000	-7.083969593	-0.315380691
7.153581000	-7.083307266	-0.317115474
7.153582000	-7.077599525	-0.317614484
7.153583000	-7.076016426	-0.317266808
7.153584000	-7.071920395	-0.317438948
7.153585000	-7.073393822	-0.317390978
7.153586000	-7.068920612	-0.317869981
7.153587000	-7.076618195	-0.318413266
7.153588000	-7.070571899	-0.318964407
7.153589000	-7.069063663	-0.318963908
7.153590000	-7.066360474	-0.319400766
7.153591000	-7.060999870	-0.320086796
7.153592000	-7.061011314	-0.319843250
7.153593000	-7.062345982	-0.319755199
7.153594000	-7.058552265	-0.320519660
7.153595000	-7.060576916	-0.319557227
7.153596000	-7.063928604	-0.320628716
7.153597000	-7.056998730	-0.320160765
7.153598000	-7.058214664	-0.320714969
7.153599000	-7.051886559	-0.321179358
7.153600000	-7.050414562	-0.321697809
7.153601000	-7.052436829	-0.322330742
7.153602000	-7.041000843	-0.323538919
7.153603000	-7.051206589	-0.323483691
7.153604000	-7.048924923	-0.323118173
7.153605000	-7.039853096	-0.324141259
7.153606000	-7.041354179	-0.324837110
7.153607000	-7.039533138	-0.324796830
7.153608000	-7.034963131	-0.324742834
7.153609000	-7.033139706	-0.325336419
7.153610000	-7.031821251	-0.325020402
7.153611000	-7.030611515	-0.325611058
7.153612000	-7.030616760	-0.326275017
7.153613000	-7.027262211	-0.325115177
7.153614000	-7.028341293	-0.326523690
7.153615000	-7.024752140	-0.326908750
7.153616000	-7.019187927	-0.326346057
7.153617000	-7.029025078	-0.326737375
7.153618000	-7.026372910	-0.327227131
7.153619000	-7.027288914	-0.327868153
7.153620000	-7.017981529	-0.327770648
7.153621000	-7.018527508	-0.328332875
7.153622000	-7.018440723	-0.328802956
7.153623000	-7.016572952	-0.329133954
7.153624000	-7.019915104	-0.329460824
7.153625000	-7.012949467	-0.328834515
7.153626000	-7.011661053	-0.328805719
7.153627000	-7.013165951	-0.330148352
7.153628000	-7.008789539	-0.329677938
7.153629000	-7.003772736	-0.330264532
7.153630000	-7.005352020	-0.330773196
7.153631000	-6.997713566	-0.331222405
7.153632000	-6.999515057	-0.331725842
7.153633000	-7.003569126	-0.330459076
7.153634000	-6.998172760	-0.332059769
7.153635000	-7.000822544	-0.331636826
7.153636000	-6.995577335	-0.331925513
7.153637000	-6.996438026	-0.332145523
7.153638000	-6.992257595	-0.332602288
7.153639000	-6.993411541	-0.332217062
7.153640000	-6.990020752	-0.333236687
7.153641000	-6.990074158	-0.333382095
7.153642000	-6.980630398	-0.334061434
7.153643000	-6.990334988	-0.334106808
7.153644000	-6.987623215	-0.334496329
7.153645000	-6.981228828	-0.335449041
7.153646000	-6.980771065	-0.335304032
7.153647000	-6.977967262	-0.334675193
7.153648000	-6.979821205	-0.334282111
7.153649000	-6.973104954	-0.337165315
7.153650000	-6.980996609	-0.335263885
7.153651000	-6.976014137	-0.336639341
7.153652000	-6.970444202	-0.336465004
7.153653000	-6.973689079	-0.337697981
7.153654000	-6.975939751	-0.337134523
7.153655000	-6.972913742	-0.337411791
7.153656000	-6.964947701	-0.337343514
7.153657000	-6.969311714	-0.337349573
7.153658000	-6.969444275	-0.337735132
7.153659000	-6.969454765	-0.337273606
7.153660000	-6.962698460	-0.337791291
7.153661000	-6.961733341	-0.338135472
7.153662000	-6.956562519	-0.339404035
7.153663000	-6.959833145	-0.339417784
7.153664000	-6.958416462	-0.339703241
7.153665000	-6.951040268	-0.339844455
7.153666000	-6.957706928	-0.339961768
7.153667000	-6.955311298	-0.340085804
7.153668000	-6.957561016	-0.340293697
7.153669000	-6.951224327	-0.341037452
7.153670000	-6.947299480	-0.341249805
7.153671000	-6.951128483	-0.341574578
7.153672000	-6.951548576	-0.340938116
7.153673000	-6.948905945	-0.341407465
7.153674000	-6.943479061	-0.342632752
7.153675000	-6.944516182	-0.342559082
7.153676000	-6.942612171	-0.342725263
7.153677000	-6.944286346	-0.342918875
7.153678000	-6.944359303	-0.343657403
7.153679000	-6.937658310	-0.343333163
7.153680000	-6.937881947	-0.342696867
7.153681000	-6.943311214	-0.342852296
7.153682000	-6.937375069	-0.343867826
7.153683000	-6.932034492	-0.344733886
7.153684000	-6.937269688	-0.343896588
7.153685000	-6.943023682	-0.344796470
7.153686000	-6.927720547	-0.344780891
7.153687000	-6.925618649	-0.345558933
7.153688000	-6.925951004	-0.345879145
7.153689000	-6.929242134	-0.344937917
7.153690000	-6.921345711	-0.345074970
7.153691000	-6.933060169	-0.346055014
7.153692000	-6.923170090	-0.345173973
7.153693000	-6.926436424	-0.346379786
7.153694000	-6.923182011	-0.347223942
7.153695000	-6.923911095	-0.347561231
7.153696000	-6.927942276	-0.346683719
7.153697000	-6.914193153	-0.347254635
7.153698000	-6.914783001	-0.348258480
7.153699000	-6.919724464	-0.348167267
7.153700000	-6.915804386	-0.348775832
7.153701000	-6.914043903	-0.348437677
7.153702000	-6.916615963	-0.347832807
7.153703000	-6.913229465	-0.348848570
7.153704000	-6.914216995	-0.348846739
7.153705000	-6.902712345	-0.348918045
7.153706000	-6.903052330	-0.349326008
7.153707000	-6.905108929	-0.349971492
7.153708000	-6.898958206	-0.349759271
7.153709000	-6.903698921	-0.350494969
7.153710000	-6.901968002	-0.350330885
7.153711000	-6.899317265	-0.350851800
7.153712000	-6.902922153	-0.350891614
7.153713000	-6.898843765	-0.351116251
7.153714000	-6.885238171	-0.351322879
7.153715000	-6.897144318	-0.351555307
7.153716000	-6.892722130	-0.351856311
7.153717000	-6.886986256	-0.352999106
7.153718000	-6.896512985	-0.352529291
7.153719000	-6.883499146	-0.352648901
7.153720000	-6.889873505	-0.353644989
7.153721000	-6.887376785	-0.353842396
7.153722000	-6.886217117	-0.354860989
7.153723000	-6.889418125	-0.354809723
7.153724000	-6.887670994	-0.354281651
7.153725000	-6.885025024	-0.354426128
7.153726000	-6.877520084	-0.354729196
7.153727000	-6.881796837	-0.354136609
7.153728000	-6.880857468	-0.354443505
7.153729000	-6.880700111	-0.354901469
7.153730000	-6.879090309	-0.355235163
7.153731000	-6.873531818	-0.355730611
7.153732000	-6.876288414	-0.355521220
7.153733000	-6.873757839	-0.356178255
7.153734000	-6.868249416	-0.357018016
7.153735000	-6.874891281	-0.357263193
7.153736000	-6.875881672	-0.356870677
7.153737000	-6.871892452	-0.357136360
7.153738000	-6.872662544	-0.357928851
7.153739000	-6.873655796	-0.356816348
7.153740000	-6.876618862	-0.356697937
7.153741000	-6.870340824	-0.358199228
7.153742000	-6.869013786	-0.357748255
7.153743000	-6.871487141	-0.358147729
7.153744000	-6.861397266	-0.358723538
7.153745000	-6.859945774	-0.359057764
7.153746000	-6.860882282	-0.358877535
7.153747000	-6.862847328	-0.358238410
7.153748000	-6.863702774	-0.359640031
7.153749000	-6.853012085	-0.359496753
7.153750000	-6.860964298	-0.359093418
7.153751000	-6.859328270	-0.360239043
7.153752000	-6.860346317	-0.359405873
7.153753000	-6.858298779	-0.359455275
7.153754000	-6.852543831	-0.359819429
7.153755000	-6.856156826	-0.361297649
7.153756000	-6.855245113	-0.360695242
7.153757000	-6.851634502	-0.361459869
7.153758000	-6.846533775	-0.361023743
7.153759000	-6.846462727	-0.361147181
7.153760000	-6.853195190	-0.361298282
7.153761000	-6.847823620	-0.362445971
7.153762000	-6.844027042	-0.361924757
7.153763000	-6.842923641	-0.362325563
7.153764000	-6.849493504	-0.362162478
7.153765000	-6.850338459	-0.362702733
7.153766000	-6.840672493	-0.362539049
7.153767000	-6.838162899	-0.362933296
7.153768000	-6.841249943	-0.363288962
7.153769000	-6.833206654	-0.363148480
7.153770000	-6.841924667	-0.363439730
7.153771000	-6.832035542	-0.364237014
7.153772000	-6.838014126	-0.364347801
7.153773000	-6.832784176	-0.364517578
7.153774000	-6.834289551	-0.363564832
7.153775000	-6.837222576	-0.364320537
7.153776000	-6.831763744	-0.365095783
7.153777000	-6.830641747	-0.364739885
7.153778000	-6.833554268	-0.365801587
7.153779000	-6.828761578	-0.365488466
7.153780000	-6.829095840	-0.366242907
7.153781000	-6.825818062	-0.366458190
7.153782000	-6.830777168	-0.365925325
7.153783000	-6.825114727	-0.366436086
7.153784000	-6.826900482	-0.365955884
7.153785000	-6.821208954	-0.366809427
7.153786000	-6.813097954	-0.367369224
7.153787000	-6.825336933	-0.366505927
7.153788000	-6.819574833	-0.366601468
7.153789000	-6.818778515	-0.367183868
7.153790000	-6.823027611	-0.368041339
7.153791000	-6.821048737	-0.367701420
7.153792000	-6.818549633	-0.367310734
7.153793000	-6.809874058	-0.368819881
7.153794000	-6.815721035	-0.368578699
7.153795000	-6.814898968	-0.368168905
7.153796000	-6.812181473	-0.368917719
7.153797000	-6.811494827	-0.369245055
7.153798000	-6.816782951	-0.368861293
7.153799000	-6.814084530	-0.369990806
7.153800000	-6.805622578	-0.369785577
7.153801000	-6.814089775	-0.369404245
7.153802000	-6.817132473	-0.370455362
7.153803000	-6.804686546	-0.370118538
7.153804000	-6.812420845	-0.369629682
7.153805000	-6.805662632	-0.370750007
7.153806000	-6.801207066	-0.370704733
7.153807000	-6.801879406	-0.371526086
7.153808000	-6.797963619	-0.371605980
7.153809000	-6.797937870	-0.371532011
7.153810000	-6.800474167	-0.371698292
7.153811000	-6.814126492	-0.371988843
7.153812000	-6.800589561	-0.372030388
7.153813000	-6.802455902	-0.372085183
7.153814000	-6.801135063	-0.373130207
7.153815000	-6.793847561	-0.373281641
7.153816000	-6.797791004	-0.372728902
7.153817000	-6.797015667	-0.373378747
7.153818000	-6.792945862	-0.373654317
7.153819000	-6.796102047	-0.373219357
7.153820000	-6.784479618	-0.373239164
7.153821000	-6.787248611	-0.374020169
7.153822000	-6.787776470	-0.374194440
7.153823000	-6.786371231	-0.374242210
7.153824000	-6.787313938	-0.375093689
7.153825000	-6.788029194	-0.374796381
7.153826000	-6.787385464	-0.375139629
7.153827000	-6.786728859	-0.374997516
7.153828000	-6.784264088	-0.375273186
7.153829000	-6.779423237	-0.375250450
7.153830000	-6.784989357	-0.374831435
7.153831000	-6.777864456	-0.374553034
7.153832000	-6.778848171	-0.375985349
7.153833000	-6.779276371	-0.375780186
7.153834000	-6.780017376	-0.376721180
7.153835000	-6.775902271	-0.376314249
7.153836000	-6.783966541	-0.375983385
7.153837000	-6.776340961	-0.375442364
7.153838000	-6.782600403	-0.376441249
7.153839000	-6.779475689	-0.376584660
7.153840000	-6.779222488	-0.377256875
7.153841000	-6.773025036	-0.377734613
7.153842000	-6.772758961	-0.378914993
7.153843000	-6.773211479	-0.377494829
7.153844000	-6.771679401	-0.378155160
7.153845000	-6.769335747	-0.379188200
7.153846000	-6.771344662	-0.377984218
7.153847000	-6.773859501	-0.378004425
7.153848000	-6.765855789	-0.378810397
7.153849000	-6.770273209	-0.378735862
7.153850000	-6.769744396	-0.378632298
7.153851000	-6.768603802	-0.378395343
7.153852000	-6.773015499	-0.379588273
7.153853000	-6.768857479	-0.379729321
7.153854000	-6.768117428	-0.379428084
7.153855000	-6.765428066	-0.379862512
7.153856000	-6.762069702	-0.380370277
7.153857000	-6.763058186	-0.379995936
7.153858000	-6.761431694	-0.379694167
7.153859000	-6.760781765	-0.380497077
7.153860000	-6.766391754	-0.380715389
7.153861000	-6.760787487	-0.380312387
7.153862000	-6.753258705	-0.380286121
7.153863000	-6.756622791	-0.381350886
7.153864000	-6.750811577	-0.381628887
7.153865000	-6.754743099	-0.381935650
7.153866000	-6.756624699	-0.382392349
7.153867000	-6.755300522	-0.381995571
7.153868000	-6.754613876	-0.381794469
7.153869000	-6.763150215	-0.381837379
7.153870000	-6.750096321	-0.382294711
7.153871000	-6.752400398	-0.382569682
7.153872000	-6.752956390	-0.382856171
7.153873000	-6.744781017	-0.382366350
7.153874000	-6.753711224	-0.382681302
7.153875000	-6.748967171	-0.383260639
7.153876000	-6.748327255	-0.384192612
7.153877000	-6.742976189	-0.383484611
7.153878000	-6.745462418	-0.384016311
7.153879000	-6.740278721	-0.384108556
7.153880000	-6.747874260	-0.383859551
7.153881000	-6.743109703	-0.384634664
7.153882000	-6.737960815	-0.384787429
7.153883000	-6.749704361	-0.384794121
7.153884000	-6.737464428	-0.385491736
7.153885000	-6.742723465	-0.384373075
7.153886000	-6.741065025	-0.385411774
7.153887000	-6.738415241	-0.384394413
7.153888000	-6.741569519	-0.386546947
7.153889000	-6.737115383	-0.385154946
7.153890000	-6.738049030	-0.386535162
7.153891000	-6.734169483	-0.386247441
7.153892000	-6.730654240	-0.386220676
7.153893000	-6.730629921	-0.385860650
7.153894000	-6.736252785	-0.386848250
7.153895000	-6.732527733	-0.387156744
7.153896000	-6.734509945	-0.387230713
7.153897000	-6.726607800	-0.387014631
7.153898000	-6.729193687	-0.387493700
7.153899000	-6.730466843	-0.386964930
7.153900000	-6.733147144	-0.387460910
7.153901000	-6.724221706	-0.387556085
7.153902000	-6.723710537	-0.388197774
7.153903000	-6.718512535	-0.387759617
7.153904000	-6.719217300	-0.388547813
7.153905000	-6.723872185	-0.388771918
7.153906000	-6.723664761	-0.388124037
7.153907000	-6.726083755	-0.388791326
7.153908000	-6.729162216	-0.389271194
7.153909000	-6.720739365	-0.388213586
7.153910000	-6.725594521	-0.388079329
7.153911000	-6.725838184	-0.389057442
7.153912000	-6.717152119	-0.389453521
7.153913000	-6.717082024	-0.390191483
7.153914000	-6.720262527	-0.390704574
7.153915000	-6.717785358	-0.389873068
7.153916000	-6.717916489	-0.389985587
7.153917000	-6.712567329	-0.390640458
7.153918000	-6.706635475	-0.390441154
7.153919000	-6.710965633	-0.390783437
7.153920000	-6.712693691	-0.391033607
7.153921000	-6.708601475	-0.390633234
7.153922000	-6.711258888	-0.391450359
7.153923000	-6.712246418	-0.391365970
7.153924000	-6.715271473	-0.391260076
7.153925000	-6.710345268	-0.391574862
7.153926000	-6.703971863	-0.391141931
7.153927000	-6.709805965	-0.391650828
7.153928000	-6.708260059	-0.391931093
7.153929000	-6.709366322	-0.392714262
7.153930000	-6.710408211	-0.392413424
7.153931000	-6.710458755	-0.391752628
7.153932000	-6.707312584	-0.392386959
7.153933000	-6.712453365	-0.393811651
7.153934000	-6.702164650	-0.393026817
7.153935000	-6.703600883	-0.393439540
7.153936000	-6.705167294	-0.394132129
7.153937000	-6.710049152	-0.393173357
7.153938000	-6.706707001	-0.393403554
7.153939000	-6.700340271	-0.393019194
7.153940000	-6.694431782	-0.393716443
7.153941000	-6.700564861	-0.393856225
7.153942000	-6.699419022	-0.394785136
7.153943000	-6.696455002	-0.394632670
7.153944000	-6.701000214	-0.394638895
7.153945000	-6.705968857	-0.394901849
7.153946000	-6.694968224	-0.394540491
7.153947000	-6.697240353	-0.394401474
7.153948000	-6.690716743	-0.394605572
7.153949000	-6.693602562	-0.395649531
7.153950000	-6.700117111	-0.395600795
7.153951000	-6.690781116	-0.395612081
7.153952000	-6.688906670	-0.396484898
7.153953000	-6.691183090	-0.396128734
7.153954000	-6.687291145	-0.396426209
7.153955000	-6.694493294	-0.395899469
7.153956000	-6.690616131	-0.396267851
7.153957000	-6.689810276	-0.396424445
7.153958000	-6.690076351	-0.396904047
7.153959000	-6.691864967	-0.397243134
7.153960000	-6.693838120	-0.397052917
7.153961000	-6.685141087	-0.396979114
7.153962000	-6.683393955	-0.398001569
7.153963000	-6.683323383	-0.397874935
7.153964000	-6.683522701	-0.398241420
7.153965000	-6.685277939	-0.398247212
7.153966000	-6.685819149	-0.398107296
7.153967000	-6.688158989	-0.398048440
7.153968000	-6.681672573	-0.398380703
7.153969000	-6.680794239	-0.398296514
7.153970000	-6.685801983	-0.399394701
7.153971000	-6.677898884	-0.399161475
7.153972000	-6.682026386	-0.399202255
7.153973000	-6.679498672	-0.398452242
7.153974000	-6.676551819	-0.398834472
7.153975000	-6.682706356	-0.399969179
7.153976000	-6.674790859	-0.399460981
7.153977000	-6.679169178	-0.399107047
7.153978000	-6.679801941	-0.399016865
7.153979000	-6.676812172	-0.399998440
7.153980000	-6.685223103	-0.399703129
7.153981000	-6.673729420	-0.400589562
7.153982000	-6.672020912	-0.400937104
7.153983000	-6.677637577	-0.399690845
7.153984000	-6.681831837	-0.400299411
7.153985000	-6.673756599	-0.401217336
7.153986000	-6.668343544	-0.400355770
7.153987000	-6.675104141	-0.400808740
7.153988000	-6.685091496	-0.400704511
7.153989000	-6.672776699	-0.400914900
7.153990000	-6.676251888	-0.401605591
7.153991000	-6.673419952	-0.402051271
7.153992000	-6.673068523	-0.401255519
7.153993000	-6.669698715	-0.401493372
7.153994000	-6.670491695	-0.401740613
7.153995000	-6.669527054	-0.402662899
7.153996000	-6.671293736	-0.401570171
7.153997000	-6.666239738	-0.402871159
7.153998000	-6.672778606	-0.402640063
7.153999000	-6.670462608	-0.402826717
7.154000000	-6.664358616	-0.402376343
7.154001000	-6.669194698	-0.403198960
7.154002000	-6.659286499	-0.402524249
7.154003000	-6.665911674	-0.403548500
7.154004000	-6.655234814	-0.403295833
7.154005000	-6.673086166	-0.403388111
7.154006000	-6.664056301	-0.403914918
7.154007000	-6.661935329	-0.404219284
7.154008000	-6.658133507	-0.404512764
7.154009000	-6.660906792	-0.403816747
7.154010000	-6.662994385	-0.404454508
7.154011000	-6.660861969	-0.403678962
7.154012000	-6.664254665	-0.403936290
7.154013000	-6.660033703	-0.404294718
7.154014000	-6.656601906	-0.405104852
7.154015000	-6.653350830	-0.405089905
7.154016000	-6.654527664	-0.405098959
7.154017000	-6.660096645	-0.405282152
7.154018000	-6.653856277	-0.405117102
7.154019000	-6.649792194	-0.405993182
7.154020000	-6.659748077	-0.405444838
7.154021000	-6.652783394	-0.406392557
7.154022000	-6.650486946	-0.406625084
7.154023000	-6.651990891	-0.405602330
7.154024000	-6.647307873	-0.406956414
7.154025000	-6.649169922	-0.406275278
7.154026000	-6.645922661	-0.406772590
7.154027000	-6.644984245	-0.406661736
7.154028000	-6.645409584	-0.407188842
7.154029000	-6.641900539	-0.406983545
7.154030000	-6.653240204	-0.407256852
7.154031000	-6.650591373	-0.406948691
7.154032000	-6.648152828	-0.407459020
7.154033000	-6.643310547	-0.407514380
7.154034000	-6.650955200	-0.408066453
7.154035000	-6.644249916	-0.408488797
7.154036000	-6.643347740	-0.408130070
7.154037000	-6.641642094	-0.408369321
7.154038000	-6.644846916	-0.408296517
7.154039000	-6.638369560	-0.408670591
7.154040000	-6.645592690	-0.408206036
7.154041000	-6.649774075	-0.408760440
7.154042000	-6.647073269	-0.408957480
7.154043000	-6.640050888	-0.409224196
7.154044000	-6.644176006	-0.408498951
7.154045000	-6.641546249	-0.408963805
7.154046000	-6.634399891	-0.408747324
7.154047000	-6.649005413	-0.409262113
7.154048000	-6.635307312	-0.408846094
7.154049000	-6.633796215	-0.409908695
7.154050000	-6.643113613	-0.409642179
7.154051000	-6.638673782	-0.409850438
7.154052000	-6.630396366	-0.410139158
7.154053000	-6.636808395	-0.411332188
7.154054000	-6.641787529	-0.410925323
7.154055000	-6.637097359	-0.409898675
7.154056000	-6.634779930	-0.410646957
7.154057000	-6.630434513	-0.410985178
7.154058000	-6.633312225	-0.410760973
7.154059000	-6.637371540	-0.411093502
7.154060000	-6.630423546	-0.411207652
7.154061000	-6.632328987	-0.411302793
7.154062000	-6.639070988	-0.410826753
7.154063000	-6.626233101	-0.410924591
7.154064000	-6.632346153	-0.411502464
7.154065000	-6.630453587	-0.411377695
7.154066000	-6.628736973	-0.412764236
7.154067000	-6.625831127	-0.411803001
7.154068000	-6.626157284	-0.411642579
7.154069000	-6.629664421	-0.413198065
7.154070000	-6.634048462	-0.412743464
7.154071000	-6.628416061	-0.412276944
7.154072000	-6.631006718	-0.412912474
7.154073000	-6.622378826	-0.412804650
7.154074000	-6.626371384	-0.412651751
7.154075000	-6.626240730	-0.412950058
7.154076000	-6.629071236	-0.413065007
7.154077000	-6.627151012	-0.413073329
7.154078000	-6.627128601	-0.413928304
7.154079000	-6.629757404	-0.413298999
7.154080000	-6.627147198	-0.413230789
7.154081000	-6.623013020	-0.413699905
7.154082000	-6.623333931	-0.413386051
7.154083000	-6.625551224	-0.414669628
7.154084000	-6.617688179	-0.414088027
7.154085000	-6.621568203	-0.413796145
7.154086000	-6.620357513	-0.414329576
7.154087000	-6.622418880	-0.414559406
7.154088000	-6.613870621	-0.413648605
7.154089000	-6.623342991	-0.414729083
7.154090000	-6.618204117	-0.415354626
7.154091000	-6.616041183	-0.414924293
7.154092000	-6.615269661	-0.414833446
7.154093000	-6.626730919	-0.415023629
7.154094000	-6.614795685	-0.414656212
7.154095000	-6.611957073	-0.415908963
7.154096000	-6.618645191	-0.415759493
7.154097000	-6.612861633	-0.415402929
7.154098000	-6.612356186	-0.416473920
7.154099000	-6.613971710	-0.416788139
7.154100000	-6.607926369	-0.416742999
7.154101000	-6.617037773	-0.416596958
7.154102000	-6.617397785	-0.416535206
7.154103000	-6.610074520	-0.417433057
7.154104000	-6.610345840	-0.416548255
7.154105000	-6.616795063	-0.416697792
7.154106000	-6.602771282	-0.416280408
7.154107000	-6.616992950	-0.416622990
7.154108000	-6.614727974	-0.417424402
7.154109000	-6.608077526	-0.417207621
7.154110000	-6.615278244	-0.417524237
7.154111000	-6.605587006	-0.417673308
7.154112000	-6.608626842	-0.417275864
7.154113000	-6.610015869	-0.418129973
7.154114000	-6.613645077	-0.417916487
7.154115000	-6.612687588	-0.417838590
7.154116000	-6.602408409	-0.417798310
7.154117000	-6.610147476	-0.418085066
7.154118000	-6.604990959	-0.418561705
7.154119000	-6.606605530	-0.418417162
7.154120000	-6.603792191	-0.419019436
7.154121000	-6.602037907	-0.418992338
7.154122000	-6.606355667	-0.418968769
7.154123000	-6.605449200	-0.418789738
7.154124000	-6.607170582	-0.419295705
7.154125000	-6.606020927	-0.419454297
7.154126000	-6.596177578	-0.419185351
7.154127000	-6.600986958	-0.419105622
7.154128000	-6.598190308	-0.419646410
7.154129000	-6.602779388	-0.419725906
7.154130000	-6.597537518	-0.420001942
7.154131000	-6.602102280	-0.420604183
7.154132000	-6.597642899	-0.420183570
7.154133000	-6.596610069	-0.420813507
7.154134000	-6.598293304	-0.421048132
7.154135000	-6.597428799	-0.419980071
7.154136000	-6.603048325	-0.421252263
7.154137000	-6.590018749	-0.420913110
7.154138000	-6.597906113	-0.420947930
7.154139000	-6.600504398	-0.420649057
7.154140000	-6.593770981	-0.420688672
7.154141000	-6.600102425	-0.421065209
7.154142000	-6.597756863	-0.422083136
7.154143000	-6.595072269	-0.421736592
7.154144000	-6.594445229	-0.421910097
7.154145000	-6.592103004	-0.421522041
7.154146000	-6.599325180	-0.422134635
7.154147000	-6.599086761	-0.421485190
7.154148000	-6.595119953	-0.422996734
7.154149000	-6.590582848	-0.422683712
7.154150000	-6.591191769	-0.423119705
7.154151000	-6.589664936	-0.422830519
7.154152000	-6.591487885	-0.422564636
7.154153000	-6.589284897	-0.423501869
7.154154000	-6.591929913	-0.423223002
7.154155000	-6.586085320	-0.423346240
7.154156000	-6.591780186	-0.423138347
7.154157000	-6.587539673	-0.422733880
7.154158000	-6.585627556	-0.423639920
7.154159000	-6.591814518	-0.423844151
7.154160000	-6.595308304	-0.423627703
7.154161000	-6.585314751	-0.423806301
7.154162000	-6.589474678	-0.424486606
7.154163000	-6.588864326	-0.424014727
7.154164000	-6.589354515	-0.423922082
7.154165000	-6.589572430	-0.424334939
7.154166000	-6.587592602	-0.424554283
7.154167000	-6.587975025	-0.424833316
7.154168000	-6.580033779	-0.424189231
7.154169000	-6.579804420	-0.424291329
7.154170000	-6.579690933	-0.425073833
7.154171000	-6.586204529	-0.425113381
7.154172000	-6.583913326	-0.426003842
