D:\KID metingen\Entropy ADR\LT343chip5_BF_20240530_mapping\S21\Power\KID203_104dBm_.dat
Power at KID:104dBm
resonance Frequency in GHz :6.647764
Q=32587.078430, Qc=35277.234567, Qi=427329.103211  S21min=-22.354341


Temperature in K:0.100034
GHz	dB	Rad
6.646898000	1.481665254	0.093712261
6.646899000	1.485855937	0.093024899
6.646900000	1.457080722	0.095166988
6.646901000	1.480602384	0.091501230
6.646902000	1.503457546	0.094026439
6.646903000	1.506156206	0.092117044
6.646904000	1.463367939	0.091933386
6.646905000	1.503042936	0.092044823
6.646906000	1.472325921	0.090831894
6.646907000	1.471889973	0.095300928
6.646908000	1.485762954	0.091516851
6.646909000	1.467150211	0.091535293
6.646910000	1.468948841	0.092260705
6.646911000	1.476339459	0.089752415
6.646912000	1.476997375	0.091944189
6.646913000	1.461110830	0.090890875
6.646914000	1.463679790	0.092400688
6.646915000	1.497522235	0.093736346
6.646916000	1.469719172	0.092176899
6.646917000	1.483056426	0.094438231
6.646918000	1.485036850	0.088948299
6.646919000	1.488552570	0.092377593
6.646920000	1.489027977	0.091787395
6.646921000	1.468578339	0.088594456
6.646922000	1.500349998	0.091417990
6.646923000	1.502470493	0.089742129
6.646924000	1.476150155	0.093346809
6.646925000	1.465656042	0.089161152
6.646926000	1.491238832	0.093636644
6.646927000	1.482399464	0.091534902
6.646928000	1.497313261	0.089186502
6.646929000	1.484863877	0.091509153
6.646930000	1.484716296	0.091177157
6.646931000	1.474205494	0.090925921
6.646932000	1.488836288	0.092239075
6.646933000	1.466479182	0.089328731
6.646934000	1.491283655	0.089469196
6.646935000	1.473496914	0.090014537
6.646936000	1.482090712	0.088312486
6.646937000	1.496207476	0.088738417
6.646938000	1.470116258	0.088173868
6.646939000	1.489074230	0.088369802
6.646940000	1.483646393	0.089675200
6.646941000	1.497697830	0.089409875
6.646942000	1.500425100	0.088586766
6.646943000	1.495599985	0.088530723
6.646944000	1.497641563	0.086446983
6.646945000	1.502889037	0.086795741
6.646946000	1.490958452	0.087374246
6.646947000	1.501491785	0.089822440
6.646948000	1.491053700	0.086553243
6.646949000	1.496281743	0.085016732
6.646950000	1.494106889	0.086432910
6.646951000	1.501564384	0.086646279
6.646952000	1.500318050	0.085952251
6.646953000	1.486478925	0.088170265
6.646954000	1.475662112	0.087144598
6.646955000	1.473256588	0.086987738
6.646956000	1.496199369	0.088011665
6.646957000	1.481739998	0.086244824
6.646958000	1.479519963	0.085567399
6.646959000	1.501011252	0.086169016
6.646960000	1.511615753	0.087998865
6.646961000	1.500252604	0.086570620
6.646962000	1.479007006	0.087029957
6.646963000	1.496771097	0.083906319
6.646964000	1.523374557	0.084009042
6.646965000	1.500677705	0.080883872
6.646966000	1.492092848	0.086763350
6.646967000	1.518654227	0.085696404
6.646968000	1.489075661	0.086930788
6.646969000	1.499739766	0.083644822
6.646970000	1.498368859	0.087121220
6.646971000	1.484072447	0.082792893
6.646972000	1.503724456	0.083393203
6.646973000	1.504087806	0.087061782
6.646974000	1.485005140	0.082869359
6.646975000	1.480775237	0.083710443
6.646976000	1.517960191	0.084743450
6.646977000	1.479450226	0.081782215
6.646978000	1.499355912	0.083222411
6.646979000	1.495849013	0.084587090
6.646980000	1.500887990	0.087157431
6.646981000	1.517439723	0.083591542
6.646982000	1.500760555	0.085209595
6.646983000	1.488980412	0.084563379
6.646984000	1.517582417	0.082914466
6.646985000	1.504514217	0.083161649
6.646986000	1.484232903	0.082348428
6.646987000	1.494416714	0.081839689
6.646988000	1.498986840	0.081138729
6.646989000	1.477685571	0.082648317
6.646990000	1.484280467	0.081757972
6.646991000	1.478126407	0.080553541
6.646992000	1.491956830	0.082594179
6.646993000	1.499477863	0.080589468
6.646994000	1.495174885	0.080774275
6.646995000	1.504307389	0.079231364
6.646996000	1.491124630	0.081955162
6.646997000	1.488825560	0.079760401
6.646998000	1.513392329	0.082085033
6.646999000	1.494631529	0.083369392
6.647000000	1.496803641	0.081772453
6.647001000	1.479301572	0.083287542
6.647002000	1.500286698	0.082143498
6.647003000	1.509605408	0.082853963
6.647004000	1.513831377	0.081156422
6.647005000	1.492569566	0.078710533
6.647006000	1.500043273	0.077988126
6.647007000	1.491623402	0.080544877
6.647008000	1.515095592	0.081688014
6.647009000	1.515765071	0.078866669
6.647010000	1.485777617	0.083277572
6.647011000	1.495090723	0.083817669
6.647012000	1.509393096	0.079284162
6.647013000	1.493710756	0.079019934
6.647014000	1.499699831	0.081296463
6.647015000	1.519190192	0.081515424
6.647016000	1.507336497	0.079627002
6.647017000	1.493092060	0.080032759
6.647018000	1.508095622	0.079344898
6.647019000	1.500539780	0.079635524
6.647020000	1.505096912	0.080583709
6.647021000	1.511304736	0.081107203
6.647022000	1.515580177	0.078621076
6.647023000	1.501160741	0.078373177
6.647024000	1.507205606	0.076431067
6.647025000	1.530850530	0.078639244
6.647026000	1.489833117	0.078096350
6.647027000	1.526342273	0.078565799
6.647028000	1.495953321	0.080222851
6.647029000	1.512386441	0.078230648
6.647030000	1.496372223	0.077568478
6.647031000	1.499994040	0.077644553
6.647032000	1.510600328	0.076542570
6.647033000	1.510794401	0.076863390
6.647034000	1.516779184	0.079684027
6.647035000	1.496652365	0.076073288
6.647036000	1.507124186	0.075853644
6.647037000	1.487010717	0.074176077
6.647038000	1.517006516	0.077685191
6.647039000	1.508358002	0.077362474
6.647040000	1.515784740	0.075626376
6.647041000	1.531530857	0.078034257
6.647042000	1.508351564	0.076995541
6.647043000	1.506726503	0.074753867
6.647044000	1.536412120	0.074697882
6.647045000	1.519770861	0.075891669
6.647046000	1.487971902	0.075369490
6.647047000	1.509826899	0.078160407
6.647048000	1.510822773	0.073435028
6.647049000	1.537739277	0.072286007
6.647050000	1.527930140	0.075972246
6.647051000	1.504518032	0.074088501
6.647052000	1.522042513	0.071211180
6.647053000	1.501432657	0.074398143
6.647054000	1.515368462	0.074120234
6.647055000	1.513924122	0.071284200
6.647056000	1.508146763	0.072714934
6.647057000	1.491359949	0.071697664
6.647058000	1.512969971	0.075412758
6.647059000	1.514049649	0.069919946
6.647060000	1.517445564	0.072550525
6.647061000	1.530974627	0.069774987
6.647062000	1.547346950	0.075229166
6.647063000	1.516550183	0.072623637
6.647064000	1.526864171	0.074319563
6.647065000	1.528847337	0.073851404
6.647066000	1.536028624	0.072770061
6.647067000	1.524765968	0.070138484
6.647068000	1.517071605	0.070472843
6.647069000	1.516574979	0.070993075
6.647070000	1.519817352	0.070292897
6.647071000	1.511463046	0.072128889
6.647072000	1.502694964	0.070828559
6.647073000	1.523856044	0.070247215
6.647074000	1.546595216	0.070197306
6.647075000	1.502107620	0.068163142
6.647076000	1.532358766	0.069698513
6.647077000	1.495523572	0.068655290
6.647078000	1.517606854	0.066113465
6.647079000	1.535489202	0.066495853
6.647080000	1.510140657	0.070030043
6.647081000	1.527776957	0.071710115
6.647082000	1.499274135	0.070856738
6.647083000	1.528596997	0.068549866
6.647084000	1.517443061	0.071105760
6.647085000	1.501286030	0.069821592
6.647086000	1.505117774	0.066686469
6.647087000	1.521084666	0.069002329
6.647088000	1.523463607	0.066900275
6.647089000	1.518940568	0.068972090
6.647090000	1.530885816	0.065464436
6.647091000	1.530615568	0.064631774
6.647092000	1.517791748	0.069522806
6.647093000	1.531509757	0.065426628
6.647094000	1.500143886	0.069371701
6.647095000	1.543640375	0.064323238
6.647096000	1.542014480	0.066342114
6.647097000	1.508882284	0.066734373
6.647098000	1.520052075	0.067484706
6.647099000	1.494039536	0.064945116
6.647100000	1.521875739	0.066604294
6.647101000	1.550764441	0.064629248
6.647102000	1.535366654	0.065599920
6.647103000	1.547515154	0.064527424
6.647104000	1.529396892	0.064893022
6.647105000	1.509659290	0.065223761
6.647106000	1.504564285	0.063040689
6.647107000	1.502603292	0.068022868
6.647108000	1.508010745	0.065904091
6.647109000	1.546816230	0.065549761
6.647110000	1.522377253	0.062847106
6.647111000	1.521852493	0.065565387
6.647112000	1.500158906	0.062263953
6.647113000	1.528090954	0.064071045
6.647114000	1.533442736	0.065518565
6.647115000	1.528944731	0.062005256
6.647116000	1.543248534	0.059928190
6.647117000	1.522482276	0.062477447
6.647118000	1.549613953	0.062010811
6.647119000	1.529478550	0.060904493
6.647120000	1.532889485	0.064817309
6.647121000	1.513015628	0.061105203
6.647122000	1.521272302	0.058066058
6.647123000	1.551072836	0.060926422
6.647124000	1.527249932	0.060547438
6.647125000	1.532778382	0.060151509
6.647126000	1.554747343	0.062788151
6.647127000	1.540905237	0.060039864
6.647128000	1.532476544	0.064016634
6.647129000	1.545558929	0.060218616
6.647130000	1.535671711	0.060702400
6.647131000	1.537645698	0.062471393
6.647132000	1.530578852	0.061277714
6.647133000	1.544657707	0.063129626
6.647134000	1.540837765	0.061508231
6.647135000	1.535575986	0.058847916
6.647136000	1.539077997	0.061786423
6.647137000	1.524873614	0.058455570
6.647138000	1.555133820	0.059686450
6.647139000	1.543653965	0.059496533
6.647140000	1.519142509	0.059061073
6.647141000	1.521468163	0.057558847
6.647142000	1.541146994	0.060246309
6.647143000	1.552679658	0.057565608
6.647144000	1.562009811	0.056952095
6.647145000	1.559388041	0.058939754
6.647146000	1.529302120	0.056228718
6.647147000	1.528646708	0.057936021
6.647148000	1.540831923	0.055791348
6.647149000	1.542190909	0.056211928
6.647150000	1.552544475	0.055447626
6.647151000	1.542982101	0.053641549
6.647152000	1.534567952	0.057379424
6.647153000	1.543519974	0.057712028
6.647154000	1.558258772	0.055263593
6.647155000	1.558144569	0.054402472
6.647156000	1.527249813	0.055604873
6.647157000	1.532227993	0.054325952
6.647158000	1.549652100	0.054473832
6.647159000	1.545588017	0.053010983
6.647160000	1.533018351	0.053627983
6.647161000	1.535198927	0.055137201
6.647162000	1.522610903	0.051768818
6.647163000	1.530019522	0.052762073
6.647164000	1.538029075	0.054939744
6.647165000	1.545151114	0.055113416
6.647166000	1.525163293	0.052617630
6.647167000	1.554953337	0.053989291
6.647168000	1.540928125	0.052366748
6.647169000	1.544586539	0.051720532
6.647170000	1.557325125	0.052272796
6.647171000	1.545401454	0.053916491
6.647172000	1.558178067	0.052499477
6.647173000	1.546560764	0.052702872
6.647174000	1.531715751	0.053117435
6.647175000	1.559668660	0.052252619
6.647176000	1.540872931	0.049126026
6.647177000	1.533605456	0.050697158
6.647178000	1.538632631	0.050315252
6.647179000	1.555447102	0.050716387
6.647180000	1.519722939	0.052122294
6.647181000	1.568328500	0.048696021
6.647182000	1.549306512	0.052020100
6.647183000	1.555300474	0.051886322
6.647184000	1.546249390	0.053009285
6.647185000	1.555554986	0.051503534
6.647186000	1.560049057	0.051126668
6.647187000	1.551898956	0.050143591
6.647188000	1.561079741	0.047948397
6.647189000	1.583238482	0.049156161
6.647190000	1.545213699	0.049326978
6.647191000	1.557242274	0.048319475
6.647192000	1.573518634	0.048277339
6.647193000	1.555634737	0.047147709
6.647194000	1.577216387	0.046562592
6.647195000	1.552894354	0.050543781
6.647196000	1.565437913	0.051955963
6.647197000	1.557134867	0.047156377
6.647198000	1.567026019	0.046144950
6.647199000	1.535744905	0.048071364
6.647200000	1.534784198	0.043279713
6.647201000	1.549770713	0.045354416
6.647202000	1.553832889	0.043117781
6.647203000	1.548568249	0.046716489
6.647204000	1.552302718	0.049146387
6.647205000	1.558800459	0.044468686
6.647206000	1.541148067	0.044431302
6.647207000	1.571232200	0.046126354
6.647208000	1.564763546	0.043089293
6.647209000	1.548251748	0.043713193
6.647210000	1.610289574	0.045806937
6.647211000	1.559213758	0.044652369
6.647212000	1.548688293	0.041592526
6.647213000	1.545202374	0.040799287
6.647214000	1.555910826	0.042201637
6.647215000	1.572081208	0.042519805
6.647216000	1.570213795	0.046396943
6.647217000	1.556979895	0.039772176
6.647218000	1.586856604	0.043357149
6.647219000	1.566630960	0.041418093
6.647220000	1.579828858	0.042799366
6.647221000	1.593970656	0.041848377
6.647222000	1.584797859	0.042556141
6.647223000	1.569268227	0.038437383
6.647224000	1.559060931	0.041454811
6.647225000	1.557685494	0.035776877
6.647226000	1.578878164	0.041244180
6.647227000	1.561618209	0.038626834
6.647228000	1.582607865	0.038758040
6.647229000	1.562969089	0.038867342
6.647230000	1.559494734	0.038777211
6.647231000	1.576804876	0.036509017
6.647232000	1.552890778	0.039357281
6.647233000	1.587330341	0.037923476
6.647234000	1.551896930	0.038458235
6.647235000	1.564494014	0.039871300
6.647236000	1.598390102	0.039591943
6.647237000	1.581284404	0.040463562
6.647238000	1.567314744	0.037191269
6.647239000	1.587793708	0.038059144
6.647240000	1.556333899	0.036467697
6.647241000	1.566093683	0.037761390
6.647242000	1.572231650	0.037427034
6.647243000	1.565566301	0.033726328
6.647244000	1.599659681	0.035702874
6.647245000	1.570038319	0.039041937
6.647246000	1.552247524	0.035354991
6.647247000	1.602807760	0.034081798
6.647248000	1.572655439	0.032809693
6.647249000	1.573098421	0.035184099
6.647250000	1.585721850	0.033276123
6.647251000	1.587810874	0.034945962
6.647252000	1.588604450	0.031878003
6.647253000	1.585853100	0.034293869
6.647254000	1.607813358	0.036167276
6.647255000	1.597191334	0.032777454
6.647256000	1.581247807	0.031906605
6.647257000	1.576944470	0.033886039
6.647258000	1.564696193	0.030329212
6.647259000	1.608901620	0.032325297
6.647260000	1.582248569	0.029622730
6.647261000	1.605591893	0.032072380
6.647262000	1.576944113	0.031148082
6.647263000	1.592698932	0.029502702
6.647264000	1.595624447	0.031497341
6.647265000	1.597318053	0.028777719
6.647266000	1.585696459	0.032470991
6.647267000	1.611519933	0.027842036
6.647268000	1.588601470	0.027746081
6.647269000	1.589516401	0.025472025
6.647270000	1.594554305	0.029424489
6.647271000	1.587281942	0.025428832
6.647272000	1.588162899	0.026686813
6.647273000	1.593849778	0.028222573
6.647274000	1.591583490	0.026763150
6.647275000	1.579326153	0.027058006
6.647276000	1.598425627	0.029690934
6.647277000	1.616146207	0.025219549
6.647278000	1.597456694	0.026078949
6.647279000	1.604556918	0.023911365
6.647280000	1.591033578	0.023153188
6.647281000	1.640423656	0.024761256
6.647282000	1.607166171	0.024268707
6.647283000	1.593579054	0.025813219
6.647284000	1.602393389	0.022897241
6.647285000	1.602242470	0.023094812
6.647286000	1.621046543	0.023907936
6.647287000	1.615771174	0.022515267
6.647288000	1.592991352	0.021954453
6.647289000	1.599771738	0.021329865
6.647290000	1.573207259	0.021433949
6.647291000	1.583577394	0.022559906
6.647292000	1.575981140	0.021409497
6.647293000	1.600447416	0.021571736
6.647294000	1.580544472	0.023705546
6.647295000	1.590656519	0.021308514
6.647296000	1.598798513	0.022299210
6.647297000	1.612056613	0.018385821
6.647298000	1.593865395	0.019699867
6.647299000	1.596820474	0.018706666
6.647300000	1.620111942	0.020540443
6.647301000	1.595984817	0.021053716
6.647302000	1.589570642	0.018924227
6.647303000	1.595999360	0.018813512
6.647304000	1.594877958	0.018520190
6.647305000	1.619663835	0.017313163
6.647306000	1.608562827	0.014911819
6.647307000	1.617363334	0.015347324
6.647308000	1.621695757	0.016078792
6.647309000	1.606847048	0.017640174
6.647310000	1.617955089	0.015787986
6.647311000	1.621821523	0.019110653
6.647312000	1.595614195	0.015203264
6.647313000	1.621955514	0.014364877
6.647314000	1.608015656	0.015921382
6.647315000	1.601988673	0.015951832
6.647316000	1.633766532	0.014802423
6.647317000	1.596008301	0.014787993
6.647318000	1.624627233	0.014999214
6.647319000	1.597684622	0.015486158
6.647320000	1.616068482	0.011564642
6.647321000	1.619850397	0.013173051
6.647322000	1.609045506	0.013700220
6.647323000	1.620124459	0.015453620
6.647324000	1.620941758	0.012691175
6.647325000	1.619244456	0.010277796
6.647326000	1.632277966	0.009781436
6.647327000	1.632028818	0.009676223
6.647328000	1.625369787	0.009907018
6.647329000	1.625035763	0.008500978
6.647330000	1.610275865	0.008828757
6.647331000	1.612543702	0.007026489
6.647332000	1.597328544	0.009134623
6.647333000	1.615395546	0.006400693
6.647334000	1.633695722	0.008637848
6.647335000	1.612236857	0.006409852
6.647336000	1.639921665	0.006670656
6.647337000	1.614449382	0.006124951
6.647338000	1.621487737	0.008434936
6.647339000	1.627876282	0.006298485
6.647340000	1.637722492	0.007061687
6.647341000	1.612950802	0.005370435
6.647342000	1.623140454	0.004526116
6.647343000	1.618393779	0.004447156
6.647344000	1.614418030	0.007405108
6.647345000	1.648993134	0.005554579
6.647346000	1.636714935	0.001510543
6.647347000	1.624333024	0.002744843
6.647348000	1.624698758	0.002175061
6.647349000	1.618571281	0.002158142
6.647350000	1.633412004	0.000624132
6.647351000	1.644898891	0.001878177
6.647352000	1.629001141	-0.000123762
6.647353000	1.641718507	-0.000347590
6.647354000	1.644108415	0.000223924
6.647355000	1.613112450	0.001060822
6.647356000	1.637417078	-0.000248512
6.647357000	1.607168317	-0.003294795
6.647358000	1.655414820	-0.003224874
6.647359000	1.638248920	0.000287268
6.647360000	1.629232287	-0.001201963
6.647361000	1.653755784	-0.003115302
6.647362000	1.646285772	-0.005610809
6.647363000	1.655916572	-0.003440559
6.647364000	1.643251657	-0.004385523
6.647365000	1.649513245	-0.003493643
6.647366000	1.631069422	-0.007329127
6.647367000	1.653139830	-0.008265831
6.647368000	1.641690016	-0.005848907
6.647369000	1.633468390	-0.002579667
6.647370000	1.650084496	-0.007625279
6.647371000	1.646182656	-0.007137345
6.647372000	1.636103749	-0.005513983
6.647373000	1.653628707	-0.006860679
6.647374000	1.643125057	-0.008284085
6.647375000	1.658219337	-0.009545127
6.647376000	1.614174843	-0.010586470
6.647377000	1.652328253	-0.010032389
6.647378000	1.656736970	-0.009652229
6.647379000	1.641950846	-0.010155672
6.647380000	1.640366316	-0.011534991
6.647381000	1.676243186	-0.013330278
6.647382000	1.653625250	-0.013010481
6.647383000	1.670158148	-0.012798955
6.647384000	1.647169590	-0.014011554
6.647385000	1.656598687	-0.012627509
6.647386000	1.654846430	-0.013432652
6.647387000	1.661141038	-0.016161171
6.647388000	1.649670243	-0.012771590
6.647389000	1.662521958	-0.014047102
6.647390000	1.666827917	-0.016653717
6.647391000	1.652534842	-0.016372520
6.647392000	1.666951418	-0.015788598
6.647393000	1.675067067	-0.014593922
6.647394000	1.673089981	-0.016160782
6.647395000	1.640698671	-0.016816920
6.647396000	1.665071130	-0.015540263
6.647397000	1.670134068	-0.018840960
6.647398000	1.662343144	-0.020378405
6.647399000	1.688118577	-0.019219684
6.647400000	1.687613130	-0.017937522
6.647401000	1.694952726	-0.016760133
6.647402000	1.638155103	-0.020713670
6.647403000	1.664922118	-0.020882968
6.647404000	1.649517775	-0.022056623
6.647405000	1.687784791	-0.019870561
6.647406000	1.665648580	-0.022814379
6.647407000	1.679510236	-0.024395180
6.647408000	1.671249986	-0.024985374
6.647409000	1.673409581	-0.024866308
6.647410000	1.684002161	-0.024697055
6.647411000	1.677843928	-0.027083984
6.647412000	1.691182971	-0.028533969
6.647413000	1.683683634	-0.023283406
6.647414000	1.666887283	-0.027023553
6.647415000	1.661345243	-0.028185530
6.647416000	1.648840308	-0.028718250
6.647417000	1.669600725	-0.028349820
6.647418000	1.674331665	-0.030192719
6.647419000	1.680244088	-0.030917180
6.647420000	1.665212393	-0.031196398
6.647421000	1.674786329	-0.029294601
6.647422000	1.657122254	-0.031795645
6.647423000	1.663198113	-0.033964194
6.647424000	1.686737776	-0.032159686
6.647425000	1.687700391	-0.034723722
6.647426000	1.700324297	-0.036368477
6.647427000	1.676592469	-0.034578007
6.647428000	1.687238336	-0.037938207
6.647429000	1.715145350	-0.034311716
6.647430000	1.699511528	-0.033999839
6.647431000	1.685071349	-0.034875337
6.647432000	1.691262245	-0.036307071
6.647433000	1.666854143	-0.037177829
6.647434000	1.675037742	-0.038368645
6.647435000	1.656868935	-0.037717760
6.647436000	1.691730380	-0.041039749
6.647437000	1.698991656	-0.042564630
6.647438000	1.677616000	-0.042026488
6.647439000	1.693001032	-0.039536703
6.647440000	1.665344357	-0.040819610
6.647441000	1.689950705	-0.042500497
6.647442000	1.682666183	-0.039748545
6.647443000	1.712322593	-0.041265981
6.647444000	1.678251743	-0.047860117
6.647445000	1.700926065	-0.045557278
6.647446000	1.666518092	-0.048602053
6.647447000	1.690835357	-0.048001273
6.647448000	1.698842049	-0.050133974
6.647449000	1.681917787	-0.047615452
6.647450000	1.710903645	-0.048534409
6.647451000	1.682174802	-0.048171366
6.647452000	1.707779646	-0.052018623
6.647453000	1.686668158	-0.053496240
6.647454000	1.709281683	-0.052518298
6.647455000	1.723107934	-0.053198549
6.647456000	1.704831600	-0.052228193
6.647457000	1.704678893	-0.051580308
6.647458000	1.721174002	-0.056154112
6.647459000	1.707189560	-0.056917682
6.647460000	1.696854591	-0.055766319
6.647461000	1.712042689	-0.057143144
6.647462000	1.697368026	-0.056651133
6.647463000	1.705077052	-0.059431444
6.647464000	1.702495933	-0.060158450
6.647465000	1.720778584	-0.059237366
6.647466000	1.701354504	-0.062270611
6.647467000	1.744110703	-0.057548410
6.647468000	1.704969645	-0.060276515
6.647469000	1.712504506	-0.063552411
6.647470000	1.699648857	-0.064942165
6.647471000	1.697387218	-0.063784481
6.647472000	1.718258858	-0.067048401
6.647473000	1.717984915	-0.065758840
6.647474000	1.714403987	-0.067454383
6.647475000	1.716035604	-0.064820043
6.647476000	1.696530700	-0.066099904
6.647477000	1.700278640	-0.069816474
6.647478000	1.706682920	-0.070174719
6.647479000	1.728438020	-0.070568476
6.647480000	1.716693044	-0.073701893
6.647481000	1.717674851	-0.071327310
6.647482000	1.728181362	-0.075867143
6.647483000	1.728918552	-0.075243639
6.647484000	1.714259624	-0.076671534
6.647485000	1.721963286	-0.075270786
6.647486000	1.735443830	-0.074211972
6.647487000	1.752371311	-0.078987818
6.647488000	1.723814011	-0.079222010
6.647489000	1.718072414	-0.079115792
6.647490000	1.718956351	-0.079956743
6.647491000	1.726391435	-0.080379927
6.647492000	1.739044309	-0.081447780
6.647493000	1.725157619	-0.079147500
6.647494000	1.738376856	-0.082945642
6.647495000	1.727462769	-0.084934133
6.647496000	1.735681534	-0.083083943
6.647497000	1.746074080	-0.085557945
6.647498000	1.736535072	-0.085850585
6.647499000	1.731102467	-0.085602744
6.647500000	1.733241200	-0.088427551
6.647501000	1.730642438	-0.086410889
6.647502000	1.750336409	-0.089422142
6.647503000	1.739031792	-0.090498458
6.647504000	1.685525298	-0.092091145
6.647505000	1.754057050	-0.091145340
6.647506000	1.724494576	-0.092677240
6.647507000	1.740235925	-0.096286007
6.647508000	1.737544417	-0.096117662
6.647509000	1.740665317	-0.096403044
6.647510000	1.744200587	-0.097533573
6.647511000	1.749817729	-0.101390779
6.647512000	1.721494675	-0.100139334
6.647513000	1.746032715	-0.100934629
6.647514000	1.754644990	-0.101632827
6.647515000	1.745701671	-0.102256739
6.647516000	1.745730042	-0.103185949
6.647517000	1.723434210	-0.107284995
6.647518000	1.735968471	-0.109287259
6.647519000	1.729359031	-0.107434673
6.647520000	1.743458986	-0.105763523
6.647521000	1.721851349	-0.109261685
6.647522000	1.730182409	-0.110450387
6.647523000	1.736089587	-0.111178037
6.647524000	1.745065212	-0.113061741
6.647525000	1.729074001	-0.111582288
6.647526000	1.744316339	-0.111533203
6.647527000	1.750073910	-0.117897659
6.647528000	1.761707902	-0.114751916
6.647529000	1.736865401	-0.115518174
6.647530000	1.741354346	-0.118061601
6.647531000	1.755991697	-0.117162501
6.647532000	1.754406333	-0.122017794
6.647533000	1.730897069	-0.124690093
6.647534000	1.753964782	-0.124393400
6.647535000	1.748446822	-0.125976566
6.647536000	1.751117826	-0.126479046
6.647537000	1.730359554	-0.125335052
6.647538000	1.742436767	-0.129340039
6.647539000	1.744846821	-0.128354361
6.647540000	1.749838591	-0.130284204
6.647541000	1.742101312	-0.131819217
6.647542000	1.762781739	-0.133540842
6.647543000	1.761632800	-0.135166136
6.647544000	1.774222374	-0.136084361
6.647545000	1.767238498	-0.138755711
6.647546000	1.752986073	-0.137394803
6.647547000	1.753898382	-0.139459734
6.647548000	1.742595553	-0.139425263
6.647549000	1.749959230	-0.139133131
6.647550000	1.754876852	-0.142733201
6.647551000	1.747307539	-0.146103131
6.647552000	1.758423448	-0.149417735
6.647553000	1.755136967	-0.147623996
6.647554000	1.745304227	-0.149997072
6.647555000	1.766352415	-0.152439424
6.647556000	1.738028407	-0.153291403
6.647557000	1.739622235	-0.152054697
6.647558000	1.782132506	-0.155059808
6.647559000	1.746174932	-0.158874969
6.647560000	1.778190732	-0.158874237
6.647561000	1.759194613	-0.164053037
6.647562000	1.745760560	-0.165546804
6.647563000	1.767457962	-0.163591145
6.647564000	1.739568591	-0.168245901
6.647565000	1.759188771	-0.165459918
6.647566000	1.765811086	-0.168022145
6.647567000	1.767970204	-0.169673688
6.647568000	1.745048642	-0.167889570
6.647569000	1.750609517	-0.172609607
6.647570000	1.754784107	-0.178156622
6.647571000	1.767090797	-0.178769915
6.647572000	1.745387793	-0.177168672
6.647573000	1.740473509	-0.181744183
6.647574000	1.772730112	-0.180014027
6.647575000	1.755545020	-0.184783649
6.647576000	1.756882668	-0.184407710
6.647577000	1.750698209	-0.184368811
6.647578000	1.742922306	-0.188096771
6.647579000	1.741401315	-0.191070473
6.647580000	1.749720216	-0.192309276
6.647581000	1.731955051	-0.197099354
6.647582000	1.774396062	-0.193710198
6.647583000	1.747583508	-0.198365637
6.647584000	1.712267995	-0.200054680
6.647585000	1.756517053	-0.199097174
6.647586000	1.758016825	-0.202536630
6.647587000	1.738076329	-0.206519987
6.647588000	1.751025558	-0.207018847
6.647589000	1.741546273	-0.207776116
6.647590000	1.756723046	-0.211442740
6.647591000	1.741450667	-0.213709656
6.647592000	1.771585464	-0.214527596
6.647593000	1.744094729	-0.218969765
6.647594000	1.744842887	-0.218281055
6.647595000	1.737089992	-0.222815204
6.647596000	1.735347867	-0.228122351
6.647597000	1.755796313	-0.224251130
6.647598000	1.744643927	-0.227957551
6.647599000	1.725525260	-0.229111682
6.647600000	1.729863644	-0.234556232
6.647601000	1.737207174	-0.237438438
6.647602000	1.731127977	-0.239009004
6.647603000	1.702602863	-0.239331912
6.647604000	1.714769602	-0.244317882
6.647605000	1.736995101	-0.246231796
6.647606000	1.716501117	-0.248794923
6.647607000	1.727621555	-0.249533717
6.647608000	1.700731039	-0.250526260
6.647609000	1.699546099	-0.257548899
6.647610000	1.727487087	-0.259044747
6.647611000	1.692947030	-0.259947392
6.647612000	1.718474269	-0.260259248
6.647613000	1.702283859	-0.266367025
6.647614000	1.692329288	-0.271175180
6.647615000	1.690100074	-0.269621558
6.647616000	1.695303440	-0.274471407
6.647617000	1.693167448	-0.274731731
6.647618000	1.699426532	-0.281073683
6.647619000	1.678512454	-0.280030723
6.647620000	1.657037973	-0.283755720
6.647621000	1.680907488	-0.285267296
6.647622000	1.686203361	-0.290235124
6.647623000	1.650214553	-0.290850014
6.647624000	1.672530532	-0.291366335
6.647625000	1.626608133	-0.296073006
6.647626000	1.647081017	-0.300148042
6.647627000	1.658101559	-0.305648868
6.647628000	1.664922118	-0.308076439
6.647629000	1.640453100	-0.322549721
6.647630000	1.628930807	-0.319642181
6.647631000	1.626657844	-0.319259585
6.647632000	1.630379319	-0.320516464
6.647633000	1.617991567	-0.327517049
6.647634000	1.607762575	-0.328717036
6.647635000	1.610936284	-0.332860515
6.647636000	1.612168908	-0.333798181
6.647637000	1.589407802	-0.335069707
6.647638000	1.588940978	-0.342955793
6.647639000	1.603797674	-0.339425107
6.647640000	1.574372888	-0.348078284
6.647641000	1.578618646	-0.353417555
6.647642000	1.570103288	-0.359636137
6.647643000	1.553012967	-0.360372367
6.647644000	1.535707951	-0.367805616
6.647645000	1.541490436	-0.364720244
6.647646000	1.518997550	-0.368685225
6.647647000	1.523808002	-0.378845517
6.647648000	1.520901561	-0.380853175
6.647649000	1.507326841	-0.385757419
6.647650000	1.502806187	-0.386219411
6.647651000	1.478884459	-0.390900549
6.647652000	1.482245684	-0.394241851
6.647653000	1.459308028	-0.405833626
6.647654000	1.434481740	-0.405315474
6.647655000	1.453101397	-0.406117219
6.647656000	1.439278126	-0.414634841
6.647657000	1.404117823	-0.427665355
6.647658000	1.404429913	-0.421726339
6.647659000	1.411874533	-0.431531033
6.647660000	1.393617630	-0.437281663
6.647661000	1.347370267	-0.446385613
6.647662000	1.300459743	-0.456199628
6.647663000	1.306363821	-0.463150112
6.647664000	1.285775661	-0.464701570
6.647665000	1.255439520	-0.471102577
6.647666000	1.224307060	-0.481441302
6.647667000	1.212047219	-0.486032691
6.647668000	1.190477490	-0.488824516
6.647669000	1.181107283	-0.499714781
6.647670000	1.120278955	-0.515411619
6.647671000	1.096366048	-0.513627102
6.647672000	1.103615761	-0.511197167
6.647673000	1.064889312	-0.519856635
6.647674000	1.034450293	-0.532205247
6.647675000	0.991239727	-0.546029816
6.647676000	0.924937963	-0.558669212
6.647677000	0.886563063	-0.568769250
6.647678000	0.925577402	-0.558640649
6.647679000	0.884214342	-0.567729752
6.647680000	0.798775733	-0.583365503
6.647681000	0.781769216	-0.589506420
6.647682000	0.763084292	-0.595299528
6.647683000	0.715096951	-0.605863023
6.647684000	0.671758235	-0.619354730
6.647685000	0.631737769	-0.626528953
6.647686000	0.623007178	-0.627417384
6.647687000	0.532732964	-0.638947073
6.647688000	0.456091225	-0.649527879
6.647689000	0.412507683	-0.663624390
6.647690000	0.381368399	-0.665643732
6.647691000	0.281869411	-0.681544735
6.647692000	0.088422388	-0.709765321
6.647693000	0.118155316	-0.706786109
6.647694000	0.011177553	-0.721836032
6.647695000	0.011542859	-0.726174454
6.647696000	-0.130526707	-0.744335149
6.647697000	-0.295952827	-0.765951695
6.647698000	-0.299568832	-0.764604934
6.647699000	-0.450005203	-0.786771422
6.647700000	-0.607721746	-0.802709443
6.647701000	-0.653873146	-0.806008034
6.647702000	-0.756831825	-0.819170908
6.647703000	-0.845175862	-0.831528841
6.647704000	-1.000829816	-0.850220836
6.647705000	-1.143030524	-0.865822233
6.647706000	-1.151252747	-0.862384158
6.647707000	-1.261696219	-0.877418502
6.647708000	-1.491348267	-0.896529013
6.647709000	-1.678305626	-0.913437755
6.647710000	-1.826065660	-0.928997940
6.647711000	-2.115358591	-0.947091323
6.647712000	-2.266445160	-0.961008737
6.647713000	-2.386265039	-0.969794106
6.647714000	-2.684681654	-0.989849173
6.647715000	-2.647326469	-0.983407453
6.647716000	-3.079497814	-1.015549344
6.647717000	-3.049861193	-1.012052813
6.647718000	-3.476870775	-1.042659325
6.647719000	-3.554091215	-1.044391312
6.647720000	-3.878008127	-1.062476439
6.647721000	-4.144056320	-1.068522614
6.647722000	-4.154907227	-1.074258797
6.647723000	-4.435236931	-1.086838171
6.647724000	-4.765734673	-1.104592667
6.647725000	-4.802437782	-1.104810514
6.647726000	-5.021987438	-1.115191449
6.647727000	-5.445755005	-1.127045113
6.647728000	-5.739650249	-1.135732877
6.647729000	-5.968183517	-1.140006451
6.647730000	-6.097763062	-1.146545577
6.647731000	-6.267402649	-1.157172123
6.647732000	-6.720832825	-1.161944241
6.647733000	-7.112724304	-1.170296846
6.647734000	-7.472640038	-1.174605575
6.647735000	-7.874695778	-1.183892683
6.647736000	-8.281026840	-1.182645658
6.647737000	-8.505700111	-1.186309235
6.647738000	-9.100083351	-1.194211633
6.647739000	-9.359985352	-1.193496042
6.647740000	-9.885256767	-1.189921015
6.647741000	-10.069034576	-1.187558258
6.647742000	-10.765760422	-1.183644077
6.647743000	-11.326059341	-1.172036956
6.647744000	-11.464098930	-1.172561199
6.647745000	-11.840507507	-1.167949403
6.647746000	-12.319668770	-1.134944049
6.647747000	-12.903308868	-1.140756531
6.647748000	-13.069803238	-1.129029567
6.647749000	-13.937637329	-1.102268726
6.647750000	-14.310659409	-1.067135373
6.647751000	-15.529488564	-1.034354124
6.647752000	-15.896995544	-0.991463449
6.647753000	-16.404512405	-0.971231946
6.647754000	-17.300748825	-0.895942918
6.647755000	-17.631017685	-0.880634801
6.647756000	-17.939748764	-0.703576068
6.647757000	-18.055330276	-0.782018079
6.647758000	-18.493251801	-0.736002451
6.647759000	-19.641357422	-0.634134009
6.647760000	-19.610464096	-0.497938353
6.647761000	-20.103263855	-0.387330282
6.647762000	-20.258234024	-0.260801385
6.647763000	-20.418449402	-0.148291168
6.647764000	-20.572208405	-0.026023318
6.647765000	-20.166131973	0.028019988
6.647766000	-19.992744446	0.160954865
6.647767000	-19.381114960	0.292942460
6.647768000	-18.787986755	0.400839067
6.647769000	-18.140357971	0.465168189
6.647770000	-17.965555191	0.475342896
6.647771000	-17.327371597	0.541423612
6.647772000	-17.396417618	0.571843403
6.647773000	-16.181409836	0.651552947
6.647774000	-15.747110367	0.684420283
6.647775000	-15.378930092	0.697665914
6.647776000	-14.858054161	0.735801449
6.647777000	-14.560808182	0.747683009
6.647778000	-14.460740089	0.763463437
6.647779000	-14.257985115	0.768972385
6.647780000	-13.161120415	0.800207802
6.647781000	-12.861015320	0.804578782
6.647782000	-12.455941200	0.833363293
6.647783000	-12.528659821	0.823452205
6.647784000	-12.016463280	0.837330870
6.647785000	-11.809182167	0.838518706
6.647786000	-11.572534561	0.837170215
6.647787000	-11.070160866	0.840088041
6.647788000	-11.121148109	0.860225666
6.647789000	-10.803196907	0.858786294
6.647790000	-10.380733490	0.856118340
6.647791000	-10.159293175	0.848257354
6.647792000	-9.906550407	0.851729384
6.647793000	-9.831867218	0.869635413
6.647794000	-9.810730934	0.856561090
6.647795000	-9.280224800	0.857283805
6.647796000	-9.498619080	0.860623809
6.647797000	-8.994395256	0.866151000
6.647798000	-8.919002533	0.863743236
6.647799000	-8.612586021	0.873405051
6.647800000	-8.505485535	0.857873429
6.647801000	-8.263147354	0.857345990
6.647802000	-8.033060074	0.864702573
6.647803000	-7.773363590	0.854866521
6.647804000	-7.767747402	0.852867086
6.647805000	-7.689669132	0.853668431
6.647806000	-7.532346725	0.842239475
6.647807000	-7.371981144	0.849592263
6.647808000	-7.219686031	0.842387880
6.647809000	-7.103453636	0.846902471
6.647810000	-6.886408329	0.835834773
6.647811000	-6.665306091	0.837917564
6.647812000	-6.590443611	0.822623629
6.647813000	-6.495758057	0.837238658
6.647814000	-6.290991783	0.823410194
6.647815000	-6.211087227	0.826404120
6.647816000	-6.040214539	0.823330233
6.647817000	-6.001782417	0.811755868
6.647818000	-5.769758701	0.812346557
6.647819000	-5.718728542	0.805129457
6.647820000	-5.723549366	0.812790107
6.647821000	-5.539979935	0.805775873
6.647822000	-5.503550529	0.800363398
6.647823000	-5.374942303	0.796971196
6.647824000	-5.153793335	0.792409800
6.647825000	-5.072922230	0.784158861
6.647826000	-4.989604473	0.783600130
6.647827000	-4.890315533	0.783257115
6.647828000	-4.771267891	0.780117581
6.647829000	-4.832497597	0.772122838
6.647830000	-4.683104038	0.772292415
6.647831000	-4.581600666	0.768423574
6.647832000	-4.484656811	0.767603986
6.647833000	-4.470199108	0.757251946
6.647834000	-4.439474106	0.759963777
6.647835000	-4.293080330	0.750320137
6.647836000	-4.361094475	0.755901391
6.647837000	-4.214293480	0.749197682
6.647838000	-4.023142338	0.740755527
6.647839000	-4.041370392	0.743156767
6.647840000	-3.890652418	0.734943578
6.647841000	-3.955646276	0.735316953
6.647842000	-3.913967609	0.737894227
6.647843000	-3.723966837	0.724057308
6.647844000	-3.662550211	0.728325223
6.647845000	-3.616586685	0.721518183
6.647846000	-3.585079432	0.711819217
6.647847000	-3.534023762	0.717150932
6.647848000	-3.488410711	0.711191909
6.647849000	-3.376511812	0.705822577
6.647850000	-3.305578232	0.700923027
6.647851000	-3.207494020	0.697658857
6.647852000	-3.197545052	0.696090920
6.647853000	-3.181622982	0.687579058
6.647854000	-3.050397873	0.687848770
6.647855000	-3.057671547	0.687020260
6.647856000	-2.993352652	0.678490755
6.647857000	-2.902374029	0.681529488
6.647858000	-2.885919809	0.680429802
6.647859000	-2.821014643	0.675877728
6.647860000	-2.762011528	0.672446444
6.647861000	-2.763567924	0.664682797
6.647862000	-2.680291414	0.662595944
6.647863000	-2.652268887	0.663937245
6.647864000	-2.693326473	0.659138828
6.647865000	-2.583414793	0.655566131
6.647866000	-2.558669567	0.653510770
6.647867000	-2.536395550	0.653619560
6.647868000	-2.522977352	0.647591561
6.647869000	-2.436775208	0.642680226
6.647870000	-2.327699423	0.641722420
6.647871000	-2.391251564	0.643734838
6.647872000	-2.309678078	0.633585531
6.647873000	-2.266647100	0.633137654
6.647874000	-2.278226852	0.630803859
6.647875000	-2.227763891	0.627573511
6.647876000	-2.152345657	0.622374222
6.647877000	-2.136700630	0.624032839
6.647878000	-2.080703974	0.623766989
6.647879000	-2.053587914	0.617066475
6.647880000	-2.016548395	0.613774808
6.647881000	-1.998696446	0.612742634
6.647882000	-1.962555051	0.605555428
6.647883000	-1.969251513	0.603542011
6.647884000	-1.939879656	0.605174795
6.647885000	-1.853211045	0.598420686
6.647886000	-1.815225244	0.597735521
6.647887000	-1.751299977	0.594964435
6.647888000	-1.766322374	0.589693707
6.647889000	-1.810806990	0.598573019
6.647890000	-1.722697854	0.579929493
6.647891000	-1.661864161	0.587267168
6.647892000	-1.715246439	0.586218148
6.647893000	-1.659838438	0.582690592
6.647894000	-1.624084949	0.579314303
6.647895000	-1.603463054	0.579863580
6.647896000	-1.491735935	0.570990926
6.647897000	-1.515191436	0.568190079
6.647898000	-1.487869024	0.566157288
6.647899000	-1.511264682	0.568418179
6.647900000	-1.453715682	0.563507842
6.647901000	-1.443340063	0.557838272
6.647902000	-1.412906885	0.559329809
6.647903000	-1.358367801	0.555983147
6.647904000	-1.329608917	0.556113243
6.647905000	-1.310244322	0.549323014
6.647906000	-1.348138213	0.547422582
6.647907000	-1.235734344	0.545350510
6.647908000	-1.276729345	0.552057515
6.647909000	-1.261810184	0.544192667
6.647910000	-1.197155118	0.544074723
6.647911000	-1.218864560	0.537372611
6.647912000	-1.202940106	0.539023039
6.647913000	-1.206655025	0.537547481
6.647914000	-1.181654811	0.531084289
6.647915000	-1.130930185	0.530861216
6.647916000	-1.109454274	0.533959105
6.647917000	-1.087975502	0.525532896
6.647918000	-1.091687560	0.526184971
6.647919000	-1.078372240	0.521521810
6.647920000	-1.045119882	0.527997752
6.647921000	-1.019302487	0.520468496
6.647922000	-0.966710687	0.515564751
6.647923000	-1.001294613	0.513882465
6.647924000	-0.991260946	0.514896564
6.647925000	-0.960695922	0.512763805
6.647926000	-0.935981452	0.513046865
6.647927000	-0.931155026	0.508638102
6.647928000	-0.896886051	0.507577898
6.647929000	-0.925128162	0.504713302
6.647930000	-0.844546258	0.503360749
6.647931000	-0.854827881	0.502484036
6.647932000	-0.863910437	0.504863504
6.647933000	-0.801463485	0.498594423
6.647934000	-0.815098763	0.496069646
6.647935000	-0.824092090	0.492509266
6.647936000	-0.756275475	0.492968162
6.647937000	-0.776811063	0.490344149
6.647938000	-0.777592480	0.492537296
6.647939000	-0.737310112	0.482731071
6.647940000	-0.736750364	0.482759700
6.647941000	-0.652214289	0.485394032
6.647942000	-0.705894589	0.481844271
6.647943000	-0.624550104	0.481695334
6.647944000	-0.631121933	0.478996287
6.647945000	-0.653956175	0.474080857
6.647946000	-0.638818800	0.471897098
6.647947000	-0.636171162	0.477186469
6.647948000	-0.599414825	0.471989310
6.647949000	-0.562406063	0.471534642
6.647950000	-0.585368395	0.472251465
6.647951000	-0.579928935	0.469839607
6.647952000	-0.583901644	0.468026360
6.647953000	-0.601085424	0.467668598
6.647954000	-0.518743098	0.463802087
6.647955000	-0.510440409	0.460287946
6.647956000	-0.484733760	0.460731696
6.647957000	-0.484917194	0.463732612
6.647958000	-0.471957713	0.458345969
6.647959000	-0.496826053	0.460954369
6.647960000	-0.462400079	0.456116371
6.647961000	-0.461177140	0.459724721
6.647962000	-0.450002223	0.455176009
6.647963000	-0.418382049	0.454520472
6.647964000	-0.429882675	0.447429006
6.647965000	-0.385383606	0.450327058
6.647966000	-0.408772290	0.448820941
6.647967000	-0.396843761	0.449816830
6.647968000	-0.396989465	0.446304586
6.647969000	-0.377473950	0.444706823
6.647970000	-0.390713871	0.443193215
6.647971000	-0.349923849	0.437268148
6.647972000	-0.357974172	0.436974268
6.647973000	-0.344464839	0.439772019
6.647974000	-0.352263480	0.442772735
6.647975000	-0.323144943	0.438589908
6.647976000	-0.305102497	0.434162469
6.647977000	-0.288905650	0.434561677
6.647978000	-0.276733696	0.432915111
6.647979000	-0.306648403	0.433256195
6.647980000	-0.286920190	0.429796150
6.647981000	-0.280419350	0.429716189
6.647982000	-0.219073519	0.426057538
6.647983000	-0.236052439	0.426771165
6.647984000	-0.264434665	0.427925313
6.647985000	-0.238313630	0.426897898
6.647986000	-0.232402459	0.426778156
6.647987000	-0.203204110	0.422406544
6.647988000	-0.205632851	0.422511439
6.647989000	-0.216106191	0.423127928
6.647990000	-0.192504704	0.422333007
6.647991000	-0.176313117	0.419441913
6.647992000	-0.195126817	0.413286083
6.647993000	-0.157407001	0.418201978
6.647994000	-0.125084251	0.417095834
6.647995000	-0.137361646	0.415562819
6.647996000	-0.122983098	0.415234318
6.647997000	-0.125156134	0.412836874
6.647998000	-0.149279788	0.410792898
6.647999000	-0.092941657	0.414026042
6.648000000	-0.148922890	0.412807612
6.648001000	-0.078223698	0.407888221
6.648002000	-0.081451245	0.404297881
6.648003000	-0.141138479	0.407052188
6.648004000	-0.100263879	0.403651132
6.648005000	-0.084838450	0.403689115
6.648006000	-0.074334063	0.404524016
6.648007000	-0.090762936	0.403523200
6.648008000	-0.060841303	0.403621870
6.648009000	-0.033219341	0.403274994
6.648010000	-0.058472805	0.399580690
6.648011000	-0.040776350	0.400886571
6.648012000	-0.040526126	0.398728212
6.648013000	0.000957314	0.396869459
6.648014000	-0.003232783	0.394302671
6.648015000	0.000421533	0.394241052
6.648016000	-0.003442467	0.391838481
6.648017000	0.001615181	0.395176288
6.648018000	0.000548550	0.390662929
6.648019000	0.034749266	0.390634932
6.648020000	0.045468457	0.389745969
6.648021000	0.063802332	0.387212737
6.648022000	0.041516133	0.387027880
6.648023000	0.063838482	0.389040697
6.648024000	0.042360585	0.387798299
6.648025000	0.044480223	0.387000749
6.648026000	0.073257484	0.386052830
6.648027000	0.082856663	0.382098902
6.648028000	0.074716225	0.382666887
6.648029000	0.094452135	0.383661811
6.648030000	0.083319776	0.381276984
6.648031000	0.101376027	0.381175817
6.648032000	0.056374572	0.377210303
6.648033000	0.091378361	0.376968755
6.648034000	0.103672028	0.377867372
6.648035000	0.116223991	0.377779621
6.648036000	0.097862169	0.376327632
6.648037000	0.119034022	0.375724958
6.648038000	0.149538174	0.374965358
6.648039000	0.177567646	0.373613937
6.648040000	0.146428853	0.371710942
6.648041000	0.144178197	0.373803754
6.648042000	0.145789325	0.368418809
6.648043000	0.155385211	0.364688752
6.648044000	0.140290320	0.364730098
6.648045000	0.165713102	0.368121068
6.648046000	0.156557679	0.367018286
6.648047000	0.179310426	0.368106620
6.648048000	0.182942644	0.369561205
6.648049000	0.186675340	0.365426814
6.648050000	0.184618264	0.363988441
6.648051000	0.191492930	0.365640666
6.648052000	0.213950112	0.364032982
6.648053000	0.200820446	0.362860725
6.648054000	0.173475578	0.361941568
6.648055000	0.209080666	0.363598055
6.648056000	0.193973273	0.363692597
6.648057000	0.214567870	0.360345769
6.648058000	0.214872703	0.358867815
6.648059000	0.219869256	0.360497669
6.648060000	0.224132970	0.360111611
6.648061000	0.234645620	0.355090087
6.648062000	0.258565694	0.357134629
6.648063000	0.214262620	0.359203306
6.648064000	0.253397375	0.349213523
6.648065000	0.258724004	0.353548516
6.648066000	0.231459603	0.352582854
6.648067000	0.259606749	0.352161476
6.648068000	0.278290302	0.352605957
6.648069000	0.277580500	0.350778396
6.648070000	0.265403032	0.351204069
6.648071000	0.297883779	0.350126188
6.648072000	0.265968055	0.348914150
6.648073000	0.283134639	0.353981247
6.648074000	0.280870944	0.345905411
6.648075000	0.252965331	0.343551576
6.648076000	0.305718899	0.346644471
6.648077000	0.310698569	0.344301555
6.648078000	0.291723520	0.341808637
6.648079000	0.309086353	0.345240519
6.648080000	0.301932871	0.341718289
6.648081000	0.302309066	0.341717923
6.648082000	0.287368029	0.341954544
6.648083000	0.328538895	0.340464306
6.648084000	0.299021631	0.343848085
6.648085000	0.371098667	0.341416220
6.648086000	0.329277992	0.341114450
6.648087000	0.333234578	0.341404435
6.648088000	0.332030118	0.337760432
6.648089000	0.346160024	0.334800029
6.648090000	0.362836003	0.332340533
6.648091000	0.358929813	0.336476855
6.648092000	0.349730641	0.337045407
6.648093000	0.360691607	0.339979344
6.648094000	0.347962558	0.335185422
6.648095000	0.365287423	0.333469347
6.648096000	0.355663449	0.332283208
6.648097000	0.360287726	0.334334009
6.648098000	0.386061758	0.335810965
6.648099000	0.391187370	0.335558963
6.648100000	0.380977213	0.334063165
6.648101000	0.391305923	0.332412405
6.648102000	0.385152400	0.334169259
6.648103000	0.416820437	0.331843487
6.648104000	0.367872775	0.329720049
6.648105000	0.388804913	0.329087615
6.648106000	0.402539730	0.327259754
6.648107000	0.388799280	0.327598775
6.648108000	0.434469819	0.326242160
6.648109000	0.418087333	0.326732515
6.648110000	0.408010244	0.328569530
6.648111000	0.428373992	0.325220638
6.648112000	0.410569966	0.326509076
6.648113000	0.413742244	0.325920617
6.648114000	0.419091195	0.325949113
6.648115000	0.453006744	0.326822963
6.648116000	0.431289196	0.322996999
6.648117000	0.440686196	0.323991556
6.648118000	0.461828202	0.322663937
6.648119000	0.450257361	0.321593713
6.648120000	0.438254446	0.322666534
6.648121000	0.429778546	0.322995501
6.648122000	0.455919355	0.321821679
6.648123000	0.434836358	0.319471972
6.648124000	0.475790322	0.319172300
6.648125000	0.466032892	0.320407141
6.648126000	0.466850013	0.319595276
6.648127000	0.453230649	0.314564299
6.648128000	0.474387676	0.319475567
6.648129000	0.486911476	0.317053456
6.648130000	0.453556001	0.318459638
6.648131000	0.495848149	0.314827686
6.648132000	0.503859818	0.317488749
6.648133000	0.470931768	0.315224829
6.648134000	0.493531764	0.311531491
6.648135000	0.488435805	0.313039340
6.648136000	0.480634272	0.314915903
6.648137000	0.483007640	0.312191855
6.648138000	0.522319257	0.314259467
6.648139000	0.509229541	0.311811289
6.648140000	0.513436139	0.310413563
6.648141000	0.480421126	0.311134380
6.648142000	0.505730450	0.313926638
6.648143000	0.531345367	0.311923808
6.648144000	0.501567543	0.311117369
6.648145000	0.514302433	0.310170782
6.648146000	0.512166023	0.311037674
6.648147000	0.491508871	0.309438979
6.648148000	0.515348852	0.307621038
6.648149000	0.507279098	0.308717628
6.648150000	0.531115770	0.307316273
6.648151000	0.532465041	0.307076189
6.648152000	0.505921781	0.304921392
6.648153000	0.528462172	0.302222511
6.648154000	0.532857239	0.306096179
6.648155000	0.522746444	0.306427110
6.648156000	0.521674752	0.306610535
6.648157000	0.525677502	0.301605490
6.648158000	0.535998583	0.301830161
6.648159000	0.534683347	0.303947441
6.648160000	0.548674285	0.302837302
6.648161000	0.533806384	0.302284696
6.648162000	0.529227972	0.304300043
6.648163000	0.565260530	0.302458501
6.648164000	0.586102664	0.301976169
6.648165000	0.534652174	0.299270031
6.648166000	0.560482025	0.299895707
6.648167000	0.572427809	0.299433216
6.648168000	0.550824165	0.297055546
6.648169000	0.577950716	0.297857557
6.648170000	0.588949621	0.298052301
6.648171000	0.595467448	0.295549429
6.648172000	0.561530173	0.298711200
6.648173000	0.586317658	0.298086522
6.648174000	0.559253752	0.300176405
6.648175000	0.572402298	0.296244946
6.648176000	0.593195200	0.294408131
6.648177000	0.587352335	0.299144596
6.648178000	0.586459398	0.294638927
6.648179000	0.581811190	0.293780257
6.648180000	0.569608569	0.294718722
6.648181000	0.584026217	0.294132494
6.648182000	0.565342247	0.292082059
6.648183000	0.593975902	0.294857672
6.648184000	0.554718971	0.290586728
6.648185000	0.603778958	0.292223706
6.648186000	0.618401885	0.292682103
6.648187000	0.593084812	0.293051317
6.648188000	0.596478224	0.292902147
6.648189000	0.613809347	0.291042261
6.648190000	0.591869771	0.289481116
6.648191000	0.617925465	0.292013716
6.648192000	0.587065935	0.287958654
6.648193000	0.615443170	0.288254930
6.648194000	0.618093133	0.288953245
6.648195000	0.624482036	0.288358927
6.648196000	0.620945096	0.290120708
6.648197000	0.614586890	0.292133325
6.648198000	0.601087332	0.290048037
6.648199000	0.649570346	0.287445296
6.648200000	0.609761655	0.288246708
6.648201000	0.622622728	0.288947685
6.648202000	0.609679282	0.285009036
6.648203000	0.628236473	0.285972302
6.648204000	0.628944993	0.289277851
6.648205000	0.621516645	0.285035402
6.648206000	0.643597245	0.284963896
6.648207000	0.644545734	0.284520113
6.648208000	0.635356307	0.287818338
6.648209000	0.638028562	0.282913595
6.648210000	0.660931051	0.284350736
6.648211000	0.659647048	0.284294677
6.648212000	0.658679128	0.281197354
6.648213000	0.626728117	0.283690772
6.648214000	0.655247152	0.284111551
6.648215000	0.654695034	0.283794302
6.648216000	0.672380269	0.283172421
6.648217000	0.649415612	0.278948963
6.648218000	0.645728886	0.279287668
6.648219000	0.635712504	0.281646196
6.648220000	0.651545525	0.280283523
6.648221000	0.668967366	0.279668000
6.648222000	0.668728709	0.279566700
6.648223000	0.664484322	0.281119956
6.648224000	0.673741162	0.279376684
6.648225000	0.653850794	0.277526236
6.648226000	0.670939088	0.279788708
6.648227000	0.660611510	0.281726890
6.648228000	0.676579416	0.279490967
6.648229000	0.672605217	0.276763590
6.648230000	0.678761005	0.277299917
6.648231000	0.656281531	0.277029790
6.648232000	0.659592688	0.275042023
6.648233000	0.697971284	0.276024763
6.648234000	0.675925791	0.278916756
6.648235000	0.665634274	0.275587388
6.648236000	0.678414583	0.273269806
6.648237000	0.678312540	0.276766420
6.648238000	0.682867587	0.272687622
6.648239000	0.685027480	0.277215878
6.648240000	0.682776749	0.273719913
6.648241000	0.685947537	0.273029539
6.648242000	0.685121536	0.272891287
6.648243000	0.684126616	0.271740535
6.648244000	0.692454159	0.270366694
6.648245000	0.704491496	0.272786475
6.648246000	0.699537814	0.272086680
6.648247000	0.690103173	0.274180390
6.648248000	0.678989768	0.273567614
6.648249000	0.693463922	0.271414648
6.648250000	0.725095272	0.267606377
6.648251000	0.695572436	0.270729633
6.648252000	0.715009391	0.269909829
6.648253000	0.694043636	0.268957266
6.648254000	0.709804654	0.268414497
6.648255000	0.678520560	0.271376315
6.648256000	0.720096171	0.271566747
6.648257000	0.714821577	0.269093004
6.648258000	0.710120261	0.272070884
6.648259000	0.710433602	0.268945664
6.648260000	0.724201500	0.268702950
6.648261000	0.705860496	0.266541329
6.648262000	0.714727700	0.268871229
6.648263000	0.711528361	0.267533423
6.648264000	0.711518824	0.268608392
6.648265000	0.697685778	0.268147049
6.648266000	0.725828171	0.264892133
6.648267000	0.688811421	0.266420938
6.648268000	0.727833331	0.265058365
6.648269000	0.737404227	0.267993551
6.648270000	0.729908228	0.266824124
6.648271000	0.736755371	0.268836441
6.648272000	0.737495899	0.266833994
6.648273000	0.727547407	0.265441544
6.648274000	0.750118971	0.265709075
6.648275000	0.713227987	0.263956515
6.648276000	0.757126808	0.265370753
6.648277000	0.730264604	0.265132617
6.648278000	0.740622997	0.263304806
6.648279000	0.746188998	0.262918265
6.648280000	0.723791122	0.263689666
6.648281000	0.766747415	0.264452096
6.648282000	0.729675949	0.263850188
6.648283000	0.708741069	0.263128971
6.648284000	0.749904335	0.261487099
6.648285000	0.734179318	0.261825920
6.648286000	0.739568770	0.259504742
6.648287000	0.737336516	0.262377677
6.648288000	0.748166919	0.260102655
6.648289000	0.738689780	0.260196215
6.648290000	0.740159035	0.261219318
6.648291000	0.767007530	0.259035559
6.648292000	0.759942949	0.261460867
6.648293000	0.749662340	0.261188276
6.648294000	0.757923186	0.259108963
6.648295000	0.765228868	0.258997360
6.648296000	0.744314909	0.259564546
6.648297000	0.745246291	0.259214857
6.648298000	0.753984153	0.260370918
6.648299000	0.771039486	0.259990935
6.648300000	0.764999032	0.256538446
6.648301000	0.754779160	0.261959494
6.648302000	0.766927600	0.256242669
6.648303000	0.766052604	0.256559502
6.648304000	0.784529924	0.259320834
6.648305000	0.770859897	0.259512631
6.648306000	0.735494018	0.259770692
6.648307000	0.782229781	0.255004981
6.648308000	0.765793800	0.256637732
6.648309000	0.793532193	0.257118316
6.648310000	0.775914252	0.253770706
6.648311000	0.740572929	0.253501843
6.648312000	0.782107294	0.255778114
6.648313000	0.803925812	0.258216804
6.648314000	0.787965000	0.253258414
6.648315000	0.752266109	0.256998491
6.648316000	0.777121484	0.254430321
6.648317000	0.781342685	0.255240655
6.648318000	0.797975838	0.252620287
6.648319000	0.775783539	0.256886255
6.648320000	0.777818382	0.253404288
6.648321000	0.788101196	0.255011972
6.648322000	0.785407066	0.250583618
6.648323000	0.768948078	0.253357983
6.648324000	0.769805908	0.254593024
6.648325000	0.803908885	0.251047707
6.648326000	0.768554091	0.249507068
6.648327000	0.770519495	0.249831491
6.648328000	0.769166708	0.253387278
6.648329000	0.769891441	0.253035541
6.648330000	0.782885313	0.251210043
6.648331000	0.803425550	0.248540491
6.648332000	0.807656646	0.247772585
6.648333000	0.794341087	0.252808606
6.648334000	0.788709223	0.251344383
6.648335000	0.793848693	0.248907641
6.648336000	0.821706116	0.248070792
6.648337000	0.794712126	0.247842310
6.648338000	0.798695385	0.250443552
6.648339000	0.778838038	0.249174523
6.648340000	0.817108929	0.249634884
6.648341000	0.799638629	0.252566641
6.648342000	0.815070450	0.249358581
6.648343000	0.768334746	0.248600761
6.648344000	0.814567447	0.246509797
6.648345000	0.781464458	0.248582785
6.648346000	0.791217685	0.242518301
6.648347000	0.802756369	0.245898235
6.648348000	0.800981045	0.250838399
6.648349000	0.825814784	0.245472712
6.648350000	0.816110373	0.246924069
6.648351000	0.819784105	0.247773850
6.648352000	0.797842264	0.246840246
6.648353000	0.816144288	0.246714361
6.648354000	0.827750087	0.247639643
6.648355000	0.805506349	0.247220345
6.648356000	0.813186646	0.246032326
6.648357000	0.825696707	0.245408630
6.648358000	0.798478365	0.248455885
6.648359000	0.833107471	0.246333429
6.648360000	0.825002909	0.247038784
6.648361000	0.826594651	0.246199789
6.648362000	0.810126603	0.246107643
6.648363000	0.811487138	0.244690026
6.648364000	0.804933071	0.243305132
6.648365000	0.844031036	0.242080311
6.648366000	0.812178195	0.242259026
6.648367000	0.848890185	0.247921922
6.648368000	0.820284963	0.243780140
6.648369000	0.830052972	0.245449326
6.648370000	0.845250487	0.240788911
6.648371000	0.836915135	0.238397193
6.648372000	0.808771551	0.242834102
6.648373000	0.828971922	0.242157559
6.648374000	0.843778193	0.240333993
6.648375000	0.859004200	0.245256330
6.648376000	0.819117963	0.240659914
6.648377000	0.844438314	0.242123987
6.648378000	0.828267932	0.242967343
6.648379000	0.839360893	0.241045906
6.648380000	0.837179840	0.242004644
6.648381000	0.836549759	0.240793871
6.648382000	0.835552275	0.240934087
6.648383000	0.856739759	0.242115215
6.648384000	0.849161744	0.239009120
6.648385000	0.837422192	0.239206294
6.648386000	0.869876385	0.240170625
6.648387000	0.828290582	0.239963398
6.648388000	0.855257213	0.238620066
6.648389000	0.833499730	0.238319328
6.648390000	0.849120855	0.238854574
6.648391000	0.858452678	0.236005674
6.648392000	0.840617597	0.236732567
6.648393000	0.849255025	0.236284856
6.648394000	0.849527001	0.237817572
6.648395000	0.850520492	0.238994040
6.648396000	0.865985990	0.235397624
6.648397000	0.858924568	0.237486874
6.648398000	0.868205011	0.239137318
6.648399000	0.837225497	0.238059887
6.648400000	0.841319978	0.237990445
6.648401000	0.853522182	0.234536142
6.648402000	0.871404350	0.238946986
6.648403000	0.858508587	0.234877925
6.648404000	0.876649797	0.237366017
6.648405000	0.841796935	0.239008172
6.648406000	0.834697783	0.238140680
6.648407000	0.854738414	0.237352817
6.648408000	0.838595152	0.234985667
6.648409000	0.878111959	0.235501870
6.648410000	0.847998679	0.236510276
6.648411000	0.845709860	0.237347491
6.648412000	0.851244450	0.234040244
6.648413000	0.841882885	0.232789424
6.648414000	0.861476660	0.235935966
6.648415000	0.857420444	0.233437188
6.648416000	0.847555578	0.234229229
6.648417000	0.849098921	0.233185719
6.648418000	0.852651119	0.234947017
6.648419000	0.891700029	0.234063381
6.648420000	0.873137891	0.234089546
6.648421000	0.873418808	0.236122487
6.648422000	0.874040484	0.234200434
6.648423000	0.849775255	0.232139180
6.648424000	0.849103212	0.234937597
6.648425000	0.872536838	0.233827558
6.648426000	0.876827896	0.234382943
6.648427000	0.869455397	0.232376268
6.648428000	0.884633064	0.232153012
6.648429000	0.879539609	0.231072734
6.648430000	0.890749276	0.231529782
6.648431000	0.871759415	0.230059717
6.648432000	0.860493541	0.233972650
6.648433000	0.896815419	0.230364999
6.648434000	0.859222472	0.231029374
6.648435000	0.899503708	0.234002827
6.648436000	0.903135419	0.233048217
6.648437000	0.884550393	0.233419212
6.648438000	0.897451937	0.230725674
6.648439000	0.883676112	0.230852208
6.648440000	0.887129664	0.231176231
6.648441000	0.877691925	0.233464802
6.648442000	0.901775420	0.231252947
6.648443000	0.887523293	0.228798977
6.648444000	0.874497771	0.231898963
6.648445000	0.870315373	0.230590652
6.648446000	0.860185385	0.227109651
6.648447000	0.893416882	0.227734778
6.648448000	0.877604246	0.232674426
6.648449000	0.872151136	0.229525387
6.648450000	0.916170835	0.227958017
6.648451000	0.871879339	0.228997532
6.648452000	0.880192935	0.226573423
6.648453000	0.876786768	0.229150597
6.648454000	0.868266225	0.229891356
6.648455000	0.870510042	0.229214147
6.648456000	0.881032765	0.228023930
6.648457000	0.870834529	0.225746678
6.648458000	0.877217233	0.228377432
6.648459000	0.897490621	0.222143155
6.648460000	0.888899088	0.225075179
6.648461000	0.882715404	0.224899260
6.648462000	0.894446552	0.226568030
6.648463000	0.903715372	0.226984715
6.648464000	0.875031888	0.229109002
6.648465000	0.881683230	0.229981670
6.648466000	0.884041250	0.225970017
6.648467000	0.913762987	0.226909664
6.648468000	0.898728013	0.228690220
6.648469000	0.935942471	0.224650721
6.648470000	0.886693180	0.227061780
6.648471000	0.904451609	0.227604816
6.648472000	0.887227952	0.224234668
6.648473000	0.907615423	0.226074080
6.648474000	0.868777752	0.224517546
6.648475000	0.919995010	0.226870748
6.648476000	0.890249193	0.226082553
6.648477000	0.930675685	0.222171351
6.648478000	0.876287818	0.222937493
6.648479000	0.911901832	0.221186447
6.648480000	0.924766243	0.225910496
6.648481000	0.892065644	0.224476167
6.648482000	0.901630938	0.222041172
6.648483000	0.910688818	0.224568712
6.648484000	0.902326643	0.221919233
6.648485000	0.902769685	0.225620294
6.648486000	0.900029421	0.227017206
6.648487000	0.912748814	0.222207703
6.648488000	0.898444295	0.222075927
6.648489000	0.907809615	0.225094670
6.648490000	0.896084487	0.225675888
6.648491000	0.923136950	0.223454612
6.648492000	0.918038189	0.221583675
6.648493000	0.893914342	0.223260234
6.648494000	0.915475309	0.221431608
6.648495000	0.909966826	0.224667582
6.648496000	0.913104057	0.221185599
6.648497000	0.913269341	0.222125228
6.648498000	0.909563124	0.219799656
6.648499000	0.903778732	0.221726287
6.648500000	0.928020895	0.222046698
6.648501000	0.908785224	0.221132052
6.648502000	0.896052778	0.220831981
6.648503000	0.932006419	0.222380942
6.648504000	0.910953701	0.219221168
6.648505000	0.904657185	0.218670543
6.648506000	0.903068304	0.220267341
6.648507000	0.894180775	0.222150096
6.648508000	0.905010045	0.217971346
6.648509000	0.932879806	0.222016538
6.648510000	0.888570845	0.221347652
6.648511000	0.945408583	0.218352861
6.648512000	0.916332066	0.222445274
6.648513000	0.895654500	0.218552365
6.648514000	0.903057933	0.220465979
6.648515000	0.913946211	0.219915504
6.648516000	0.911591768	0.219614184
6.648517000	0.899646878	0.219073645
6.648518000	0.924681664	0.221885677
6.648519000	0.902199745	0.217868265
6.648520000	0.915794432	0.217620125
6.648521000	0.922003210	0.219887158
6.648522000	0.917600870	0.217275113
6.648523000	0.910543084	0.218814137
6.648524000	0.917556703	0.218565331
6.648525000	0.915032446	0.217610937
6.648526000	0.910840213	0.218629630
6.648527000	0.951401114	0.216598870
6.648528000	0.903724313	0.215746308
6.648529000	0.892131686	0.215534471
6.648530000	0.914731920	0.218183267
6.648531000	0.891728580	0.214974175
6.648532000	0.951081932	0.216403443
6.648533000	0.932763040	0.219582642
6.648534000	0.907390654	0.215967351
6.648535000	0.896083534	0.215117020
6.648536000	0.937862694	0.215953802
6.648537000	0.948800623	0.215100209
6.648538000	0.916539192	0.215376129
6.648539000	0.937885344	0.216767198
6.648540000	0.930525839	0.216271917
6.648541000	0.915709913	0.216570873
6.648542000	0.928123951	0.215826936
6.648543000	0.902864158	0.213768329
6.648544000	0.935728431	0.211941201
6.648545000	0.914264143	0.217843947
6.648546000	0.967780173	0.213712070
6.648547000	0.956317961	0.216900223
6.648548000	0.952930212	0.210788751
6.648549000	0.932134032	0.210876236
6.648550000	0.918400168	0.212756128
6.648551000	0.949635386	0.216420288
6.648552000	0.940441012	0.214328242
6.648553000	0.938508093	0.214867665
6.648554000	0.945542037	0.211474848
6.648555000	0.934847236	0.214403010
6.648556000	0.925398529	0.213819362
6.648557000	0.949069321	0.212448400
6.648558000	0.963115335	0.211868330
6.648559000	0.946312964	0.212437148
6.648560000	0.946940422	0.214293188
6.648561000	0.931965828	0.213356887
6.648562000	0.944217622	0.214026040
6.648563000	0.947858930	0.211442074
6.648564000	0.930612743	0.212679728
6.648565000	0.947807193	0.212452944
6.648566000	0.948909104	0.213506806
6.648567000	0.941910684	0.212727016
6.648568000	0.951512277	0.212792646
6.648569000	0.935493886	0.213173828
6.648570000	0.958736002	0.212279888
6.648571000	0.951849699	0.210487414
6.648572000	0.982617736	0.211171697
6.648573000	0.946280718	0.212668277
6.648574000	0.952581882	0.213856663
6.648575000	0.944342852	0.213130468
6.648576000	0.943183303	0.210244933
6.648577000	0.949465692	0.209434766
6.648578000	0.961071670	0.210677181
6.648579000	0.945670545	0.207845825
6.648580000	0.968454480	0.212779664
6.648581000	0.937169194	0.207591859
6.648582000	0.951453805	0.211755811
6.648583000	0.933173537	0.208413477
6.648584000	0.963251054	0.211541427
6.648585000	0.950276554	0.212104203
6.648586000	0.932959795	0.213943415
6.648587000	0.969781518	0.207599532
6.648588000	0.977190256	0.207758606
6.648589000	0.943479359	0.208230252
6.648590000	0.978096306	0.208250792
6.648591000	0.959085584	0.211290907
6.648592000	0.972737074	0.209416324
6.648593000	0.938574672	0.209399430
6.648594000	0.954209328	0.208074773
6.648595000	0.951705158	0.207423830
6.648596000	0.944392681	0.209636634
6.648597000	0.927012146	0.208228138
6.648598000	0.946931541	0.208135094
6.648599000	0.972741485	0.206756126
6.648600000	0.949706018	0.207435332
6.648601000	0.939091921	0.206693075
6.648602000	0.973577321	0.209056065
6.648603000	0.959970176	0.206966049
6.648604000	0.954284310	0.207694973
6.648605000	0.953478277	0.208104251
6.648606000	0.974587798	0.207410248
6.648607000	0.952633440	0.210095414
6.648608000	0.966093957	0.208411630
6.648609000	0.982653201	0.210966151
6.648610000	0.995779455	0.208640961
6.648611000	0.962581098	0.205470185
6.648612000	0.959565818	0.210179237
6.648613000	0.943568528	0.208792778
6.648614000	0.955756307	0.205182148
6.648615000	0.937893033	0.204351058
6.648616000	0.989076138	0.205434465
6.648617000	0.954406738	0.207931628
6.648618000	0.965347171	0.209511732
6.648619000	0.947698474	0.206621919
6.648620000	0.958344519	0.208071827
6.648621000	0.955820799	0.207795275
6.648622000	0.974358737	0.206580590
6.648623000	1.000868440	0.206951851
6.648624000	0.992361009	0.210563864
6.648625000	0.970492601	0.205453174
6.648626000	1.005038023	0.204334880
6.648627000	0.984982252	0.204598815
6.648628000	0.966454268	0.206090319
6.648629000	0.957608104	0.207695206
6.648630000	0.958742797	0.204910439
6.648631000	0.987140715	0.206770490
6.648632000	0.988319755	0.202925185
6.648633000	0.967707992	0.201669571
6.648634000	0.977848828	0.203064136
6.648635000	0.960827053	0.203786069
6.648636000	0.962753892	0.204094130
6.648637000	0.965571761	0.205502842
6.648638000	0.973840535	0.201062604
6.648639000	0.979737580	0.201398628
6.648640000	0.980768859	0.201881093
6.648641000	0.967175722	0.202174773
6.648642000	0.997300267	0.206018480
6.648643000	0.976390421	0.205652279
6.648644000	0.989142954	0.202823053
6.648645000	0.957091928	0.204492872
6.648646000	0.964392364	0.205725932
6.648647000	0.990686715	0.204133977
6.648648000	0.957257926	0.204940499
6.648649000	0.976912796	0.204051203
6.648650000	0.985834777	0.204814498
6.648651000	0.991363645	0.204374960
6.648652000	0.951281190	0.201415805
6.648653000	0.996028125	0.201702228
6.648654000	0.985885978	0.206720922
6.648655000	0.977963805	0.202813499
6.648656000	0.971374094	0.202761068
6.648657000	0.971849501	0.200189453
6.648658000	0.988667488	0.202761251
6.648659000	0.998897254	0.203260510
6.648660000	0.978458047	0.203965782
6.648661000	0.985801280	0.200707038
6.648662000	0.988895893	0.203744224
6.648663000	0.969780266	0.200450326
6.648664000	0.966679156	0.202845523
6.648665000	0.985537648	0.202276006
6.648666000	0.980592370	0.200570518
6.648667000	0.986959815	0.198114884
6.648668000	0.979887843	0.198724248
6.648669000	0.983235478	0.201797803
6.648670000	0.961181998	0.198993411
6.648671000	0.978113055	0.200661115
6.648672000	0.965659857	0.204490541
6.648673000	0.961610317	0.199071092
6.648674000	1.009464264	0.199820871
6.648675000	0.975718796	0.201799350
6.648676000	0.980577946	0.200811834
6.648677000	0.977750838	0.202916330
6.648678000	1.010529637	0.200231498
6.648679000	0.980076075	0.199835319
6.648680000	0.963329911	0.199280716
6.648681000	0.990681410	0.198904345
6.648682000	0.974941611	0.198871138
6.648683000	0.989386559	0.200332448
6.648684000	1.001923084	0.198519285
6.648685000	1.012389064	0.200269481
6.648686000	0.969505310	0.200640359
6.648687000	0.984122157	0.197626626
6.648688000	1.001840472	0.197831507
6.648689000	0.995589197	0.199866212
6.648690000	0.974458456	0.198845405
6.648691000	1.000289679	0.200890480
6.648692000	0.981024504	0.196336258
6.648693000	0.976454556	0.199150104
6.648694000	0.985317290	0.198145027
6.648695000	0.980113745	0.197189385
6.648696000	0.972111166	0.197798167
6.648697000	1.005530834	0.198215601
6.648698000	0.988055050	0.201421182
6.648699000	0.979258180	0.199219213
6.648700000	1.019244909	0.197620734
6.648701000	0.973600864	0.196744870
6.648702000	0.997358263	0.199516372
6.648703000	1.013009548	0.195141697
6.648704000	1.006370664	0.195374042
6.648705000	0.981503069	0.196995840
6.648706000	0.959632516	0.196070774
6.648707000	0.999032319	0.194309326
6.648708000	1.009803534	0.195362906
6.648709000	1.004003525	0.194752360
6.648710000	0.988788068	0.196744721
6.648711000	0.981817305	0.195698748
6.648712000	1.018459439	0.194802993
6.648713000	0.991442025	0.196609299
6.648714000	1.028054237	0.196241433
6.648715000	1.007767439	0.196900865
6.648716000	0.988082767	0.196090249
6.648717000	0.997950196	0.194864213
6.648718000	1.004282713	0.197669204
6.648719000	0.998210132	0.199051817
6.648720000	0.986608565	0.196009605
6.648721000	1.005596757	0.196438158
6.648722000	1.011830568	0.195090199
6.648723000	1.020589948	0.195396762
6.648724000	0.995612860	0.194888414
6.648725000	0.993996739	0.193321327
6.648726000	0.992991567	0.195013633
6.648727000	1.019200325	0.199216617
6.648728000	1.014754891	0.194592487
6.648729000	0.999334931	0.193520149
6.648730000	1.037170887	0.195882888
6.648731000	0.996878862	0.197202601
6.648732000	0.992610335	0.195012035
6.648733000	1.019588590	0.195063534
6.648734000	1.025388241	0.194315701
6.648735000	1.005514622	0.194597780
6.648736000	0.987962902	0.194762031
6.648737000	0.997287393	0.196401423
6.648738000	1.012730241	0.194982807
6.648739000	1.007441759	0.196852312
6.648740000	1.008825064	0.196013417
6.648741000	1.014111519	0.193049884
6.648742000	1.011220932	0.195469216
6.648743000	1.011142015	0.193635463
6.648744000	0.995053947	0.192443216
6.648745000	0.996414363	0.193538974
6.648746000	1.004863501	0.191700327
6.648747000	1.021787524	0.192688959
6.648748000	1.029963374	0.191415552
6.648749000	1.029193997	0.193914513
6.648750000	1.023865581	0.194252351
6.648751000	0.962017953	0.191382562
6.648752000	1.032314181	0.195147390
6.648753000	1.011610270	0.194171008
6.648754000	1.036151886	0.189641487
6.648755000	1.002921462	0.193150535
6.648756000	1.036532402	0.193624744
6.648757000	1.006946802	0.192326503
6.648758000	1.008294582	0.189522444
6.648759000	1.017923117	0.194725013
6.648760000	1.009177208	0.194572064
6.648761000	1.003730178	0.194860002
6.648762000	0.995371222	0.192334925
6.648763000	1.025389194	0.195252219
6.648764000	1.030880690	0.190189266
6.648765000	1.016527653	0.190630536
6.648766000	1.019333720	0.190928976
6.648767000	1.007909060	0.194031359
6.648768000	1.010976315	0.194321094
6.648769000	1.024599433	0.191439371
6.648770000	0.994614244	0.192095840
6.648771000	1.021779656	0.190419230
6.648772000	1.008946538	0.191041811
6.648773000	1.022767425	0.187033454
6.648774000	1.028596878	0.191367915
6.648775000	1.033151865	0.191673196
6.648776000	1.036998749	0.189149818
6.648777000	1.047240257	0.190637793
6.648778000	1.034133911	0.189302534
6.648779000	0.985983610	0.186962364
6.648780000	0.994319379	0.190334592
6.648781000	1.024731159	0.190568600
6.648782000	0.993579745	0.189440369
6.648783000	1.031319022	0.189872167
6.648784000	1.037719846	0.190132325
6.648785000	1.008270383	0.191943025
6.648786000	1.018892288	0.188462023
6.648787000	1.003066063	0.185609545
6.648788000	1.031243801	0.189094657
6.648789000	1.030508637	0.186964877
6.648790000	1.035520077	0.188713542
6.648791000	1.037771463	0.189211703
6.648792000	1.024889469	0.186821699
6.648793000	1.014216185	0.186977477
6.648794000	1.021776915	0.189129362
6.648795000	1.026143074	0.190253282
6.648796000	1.038325787	0.189054410
6.648797000	1.049644828	0.189179246
6.648798000	1.036528587	0.187586176
6.648799000	0.994891882	0.187478418
6.648800000	1.002657771	0.188934335
6.648801000	1.028204679	0.190751909
6.648802000	1.025905371	0.187880056
6.648803000	1.034174800	0.187081524
6.648804000	1.019879818	0.189200418
6.648805000	1.017574191	0.187171838
6.648806000	1.035212398	0.189197039
6.648807000	1.023707747	0.186484377
6.648808000	1.030588865	0.186344544
6.648809000	1.020300031	0.186254496
6.648810000	1.030752659	0.190214067
6.648811000	1.013059378	0.185908052
6.648812000	1.006456971	0.188372042
6.648813000	1.010207057	0.188841590
6.648814000	1.021169305	0.190856072
6.648815000	1.033194184	0.182729969
6.648816000	1.039049745	0.186689540
6.648817000	1.020866036	0.188387804
6.648818000	1.027734756	0.184937363
6.648819000	1.013446450	0.187760597
6.648820000	1.016249061	0.188635029
6.648821000	1.023253083	0.182845666
6.648822000	1.021038532	0.187922001
6.648823000	1.019710064	0.186854839
6.648824000	1.015638947	0.186476770
6.648825000	1.017206669	0.186010317
6.648826000	1.035027146	0.183917505
6.648827000	1.008928895	0.185261403
6.648828000	1.026382685	0.186993623
6.648829000	1.034742475	0.186600640
6.648830000	1.023168445	0.186609046
6.648831000	1.027565241	0.186497409
6.648832000	1.018486500	0.182454431
6.648833000	0.999725521	0.185589771
6.648834000	1.012985349	0.185067109
6.648835000	1.057192445	0.187222954
6.648836000	1.022851586	0.185476936
6.648837000	1.012387991	0.184083687
6.648838000	1.036945462	0.186254429
6.648839000	1.020890117	0.185434775
6.648840000	0.992572963	0.183948232
6.648841000	1.038724899	0.185237301
6.648842000	1.024978042	0.184501154
6.648843000	1.024419546	0.183238732
6.648844000	1.035931945	0.186698545
6.648845000	1.040879488	0.183412037
6.648846000	1.042808533	0.185125865
6.648847000	1.051625609	0.183932203
6.648848000	1.034224868	0.184073017
6.648849000	1.043816328	0.186496161
6.648850000	1.044814587	0.185964311
6.648851000	1.054429770	0.185987281
6.648852000	1.010604024	0.182704086
6.648853000	1.004865170	0.186256244
6.648854000	1.008318067	0.182403831
6.648855000	1.039692998	0.183616036
6.648856000	1.040768504	0.184834199
6.648857000	1.039325118	0.186441200
6.648858000	1.017891526	0.179506628
6.648859000	1.050258398	0.181792702
6.648860000	1.027943611	0.184093008
6.648861000	1.036751628	0.179513736
6.648862000	1.052039504	0.183440433
6.648863000	1.060265422	0.185772447
6.648864000	1.023028731	0.182026411
6.648865000	1.048678875	0.182607247
6.648866000	1.023049712	0.185212701
6.648867000	1.007366896	0.182030939
6.648868000	1.016480327	0.182910847
6.648869000	1.038722992	0.185584428
6.648870000	1.021749496	0.182867621
6.648871000	1.049709201	0.181473539
6.648872000	1.033144116	0.183156674
6.648873000	1.033291101	0.182861329
6.648874000	1.020389676	0.181295091
6.648875000	1.027370453	0.181443662
6.648876000	1.015890002	0.181271555
6.648877000	1.058640718	0.184481863
6.648878000	1.021153092	0.182697927
6.648879000	1.035486460	0.184001545
6.648880000	1.033267260	0.183810846
6.648881000	1.012754798	0.181615369
6.648882000	0.995470345	0.181350634
6.648883000	1.011290669	0.185049515
6.648884000	1.037554860	0.182696546
6.648885000	1.035919309	0.182669015
6.648886000	1.006278515	0.180252513
6.648887000	1.043656588	0.183010632
6.648888000	1.028646231	0.179639120
6.648889000	1.049387455	0.182318127
6.648890000	1.038614750	0.176650055
6.648891000	1.045451641	0.179514301
6.648892000	1.023397088	0.177587904
6.648893000	1.039233804	0.182045686
6.648894000	1.039388776	0.178236966
6.648895000	1.030701041	0.180218475
6.648896000	1.040915370	0.181017290
6.648897000	1.040501356	0.178758080
6.648898000	1.055229545	0.179152028
