D:\KID metingen\Entropy ADR\LT343chip5_BF_20240530_mapping\S21\Power\KID255_114dBm_.dat
Power at KID:114dBm
resonance Frequency in GHz :7.164631
Q=28889.641131, Qc=37296.709991, Qi=128164.593970  S21min=-12.940518


Temperature in K:0.099992
GHz	dB	Rad
7.163758000	1.080223799	0.181814607
7.163759000	1.001667738	0.185293461
7.163760000	1.058318019	0.167590380
7.163761000	1.110829353	0.182331876
7.163762000	0.999671221	0.172074461
7.163763000	1.011435509	0.178187232
7.163764000	1.039478540	0.182659811
7.163765000	1.044310689	0.169927471
7.163766000	1.064013124	0.185736994
7.163767000	1.064215660	0.174887808
7.163768000	1.099168658	0.181247470
7.163769000	1.046273112	0.184831752
7.163770000	1.047351480	0.171010429
7.163771000	1.114038348	0.171973178
7.163772000	1.040193200	0.180458825
7.163773000	1.092598557	0.179003407
7.163774000	1.014747381	0.172223032
7.163775000	1.072912097	0.177391046
7.163776000	1.075009346	0.180024430
7.163777000	1.066105843	0.177689520
7.163778000	1.141610146	0.171397985
7.163779000	0.985854030	0.174093753
7.163780000	0.986263216	0.184238982
7.163781000	1.033818126	0.181058069
7.163782000	1.070968747	0.175416562
7.163783000	1.069097996	0.173573804
7.163784000	1.111955404	0.182227413
7.163785000	1.065650463	0.178151096
7.163786000	1.063480377	0.174672225
7.163787000	0.967549920	0.172610822
7.163788000	0.972604871	0.174936444
7.163789000	1.011494756	0.174685458
7.163790000	1.018267035	0.166485335
7.163791000	0.975505650	0.170982332
7.163792000	1.082471371	0.164185995
7.163793000	1.106210232	0.170690167
7.163794000	1.132907748	0.173274898
7.163795000	1.059916496	0.172607776
7.163796000	1.021069765	0.172222733
7.163797000	1.082565784	0.168706029
7.163798000	0.995602012	0.175131088
7.163799000	1.066491246	0.168754199
7.163800000	1.073403239	0.171481159
7.163801000	1.089390874	0.171311033
7.163802000	1.067149162	0.162388994
7.163803000	1.072682023	0.172037477
7.163804000	1.059324503	0.171763854
7.163805000	1.087223172	0.174608842
7.163806000	1.018106699	0.178766336
7.163807000	1.120644808	0.175304643
7.163808000	1.072179079	0.162213042
7.163809000	1.027205586	0.176120735
7.163810000	1.015249252	0.178034233
7.163811000	0.993866384	0.176795896
7.163812000	0.948388815	0.168103938
7.163813000	1.064295650	0.172517744
7.163814000	1.084404111	0.178185867
7.163815000	1.084192872	0.173178608
7.163816000	1.083085895	0.162478193
7.163817000	1.048213124	0.177091041
7.163818000	1.061850071	0.170736489
7.163819000	0.938544869	0.175252595
7.163820000	1.138414264	0.166904850
7.163821000	1.054987431	0.155195563
7.163822000	1.046593308	0.158327956
7.163823000	0.918830514	0.167639932
7.163824000	0.999899685	0.156141051
7.163825000	0.987200737	0.173501233
7.163826000	1.030732989	0.166131800
7.163827000	1.101009727	0.173120035
7.163828000	0.994000375	0.169765401
7.163829000	1.025894165	0.158013853
7.163830000	1.098179936	0.166484869
7.163831000	1.065107226	0.167809309
7.163832000	0.978818297	0.161374529
7.163833000	1.073300362	0.172303576
7.163834000	1.007453799	0.167537999
7.163835000	1.062178373	0.158467556
7.163836000	1.007561922	0.164797990
7.163837000	1.022714138	0.168245818
7.163838000	0.983862877	0.164087142
7.163839000	1.024724483	0.163847124
7.163840000	1.037190437	0.158231117
7.163841000	1.045266032	0.169849024
7.163842000	1.094321609	0.166623021
7.163843000	1.009201050	0.161071761
7.163844000	1.024765491	0.166755346
7.163845000	1.042276025	0.167317373
7.163846000	1.042815685	0.173194321
7.163847000	1.064465642	0.164299213
7.163848000	0.974593222	0.169402911
7.163849000	0.988314450	0.160494354
7.163850000	1.008210897	0.162480007
7.163851000	1.042406321	0.163721906
7.163852000	1.098081589	0.162518274
7.163853000	0.996360660	0.163159097
7.163854000	1.119059563	0.168425498
7.163855000	1.021688223	0.160813851
7.163856000	1.044507861	0.157052269
7.163857000	1.032729626	0.158487030
7.163858000	1.057418466	0.165007131
7.163859000	0.919989228	0.175801156
7.163860000	1.065469623	0.162259248
7.163861000	1.025719166	0.170590032
7.163862000	1.031905532	0.167031716
7.163863000	1.054187179	0.157307566
7.163864000	1.004605055	0.165279622
7.163865000	1.000874043	0.166273497
7.163866000	1.031798959	0.156005130
7.163867000	0.974566996	0.166760223
7.163868000	1.083577991	0.172261615
7.163869000	1.074379921	0.159545404
7.163870000	1.009449720	0.155475761
7.163871000	1.051732540	0.159718243
7.163872000	1.104555011	0.163491443
7.163873000	1.024747133	0.168210897
7.163874000	1.096791744	0.166151524
7.163875000	1.034019113	0.155225107
7.163876000	1.044664145	0.175026026
7.163877000	1.038882494	0.153698517
7.163878000	1.084989309	0.159120430
7.163879000	1.054382563	0.170554429
7.163880000	1.046229959	0.154356800
7.163881000	0.950943291	0.168437765
7.163882000	1.078703284	0.160387712
7.163883000	1.114192367	0.166131967
7.163884000	0.970445991	0.156439359
7.163885000	1.039685726	0.165202241
7.163886000	0.995314002	0.161796457
7.163887000	1.030824780	0.157297513
7.163888000	1.107392907	0.159072193
7.163889000	0.954627454	0.171457723
7.163890000	0.992378950	0.167802118
7.163891000	1.060626030	0.157723818
7.163892000	1.039723873	0.166478428
7.163893000	1.036195874	0.161555924
7.163894000	1.064302087	0.158627262
7.163895000	1.061037779	0.149501824
7.163896000	1.033425927	0.164551547
7.163897000	0.983469903	0.160532504
7.163898000	1.048387289	0.158553792
7.163899000	1.012231231	0.157197245
7.163900000	1.069206595	0.169440162
7.163901000	1.038149595	0.157253937
7.163902000	1.007586718	0.158191919
7.163903000	0.972997248	0.155234195
7.163904000	1.016701341	0.155877066
7.163905000	1.008482456	0.150301089
7.163906000	0.991844773	0.161783591
7.163907000	1.033866525	0.155857025
7.163908000	1.105171323	0.144559530
7.163909000	1.037961602	0.147471830
7.163910000	0.969003618	0.157823537
7.163911000	1.053137660	0.166865568
7.163912000	1.013825297	0.151471631
7.163913000	0.973468482	0.150444800
7.163914000	1.005856156	0.158117616
7.163915000	1.031778574	0.154807707
7.163916000	1.082847714	0.160842280
7.163917000	0.955426455	0.142729173
7.163918000	1.111989856	0.149933090
7.163919000	0.998741031	0.151124006
7.163920000	1.028674603	0.147782404
7.163921000	0.991176724	0.153772952
7.163922000	1.000824332	0.152171577
7.163923000	0.947336495	0.157458817
7.163924000	0.982751906	0.139087025
7.163925000	1.096761823	0.147893941
7.163926000	1.012513876	0.139910616
7.163927000	0.958131313	0.151472497
7.163928000	1.032394409	0.150431567
7.163929000	1.051708460	0.148682952
7.163930000	1.009437919	0.144497528
7.163931000	0.963776708	0.149188104
7.163932000	1.007446885	0.149112853
7.163933000	1.016474366	0.148462692
7.163934000	1.049070239	0.153052584
7.163935000	1.041381001	0.158746655
7.163936000	1.062902689	0.143587642
7.163937000	1.028180242	0.143746450
7.163938000	1.033039570	0.150408148
7.163939000	1.007631063	0.147086703
7.163940000	0.951522648	0.152972189
7.163941000	1.087963343	0.152963884
7.163942000	1.019292474	0.139394212
7.163943000	1.018845201	0.139455274
7.163944000	0.968013108	0.153237923
7.163945000	0.987399578	0.153362060
7.163946000	0.953653932	0.146834169
7.163947000	0.948436141	0.151007992
7.163948000	0.990023494	0.145749414
7.163949000	0.995071352	0.145711580
7.163950000	0.985811353	0.148931209
7.163951000	1.045469642	0.142834317
7.163952000	0.987811744	0.138862579
7.163953000	0.965684474	0.143373275
7.163954000	1.000817776	0.141932488
7.163955000	1.026588440	0.143165165
7.163956000	0.955167353	0.142981624
7.163957000	1.037705898	0.150824017
7.163958000	0.973861754	0.145689642
7.163959000	1.049588084	0.139517042
7.163960000	0.932175517	0.138805571
7.163961000	0.985232830	0.143226768
7.163962000	1.041008472	0.142041078
7.163963000	1.019542217	0.147336558
7.163964000	1.004109502	0.149931442
7.163965000	1.020554781	0.143014364
7.163966000	1.052288175	0.143644917
7.163967000	1.015894175	0.143139183
7.163968000	1.035216212	0.145301270
7.163969000	1.056301594	0.146925399
7.163970000	0.974675834	0.142094741
7.163971000	1.037113905	0.143927129
7.163972000	1.017772198	0.135303980
7.163973000	1.016394258	0.141443465
7.163974000	0.936015189	0.145880624
7.163975000	0.921145976	0.145059788
7.163976000	0.922132909	0.139425862
7.163977000	0.990602076	0.141338653
7.163978000	0.973931611	0.143168311
7.163979000	1.033452153	0.140041810
7.163980000	0.980915785	0.144056076
7.163981000	1.048653722	0.143269844
7.163982000	0.942708790	0.140300336
7.163983000	1.018128872	0.144496246
7.163984000	0.981381953	0.140556050
7.163985000	0.983437300	0.131648184
7.163986000	0.977664709	0.140402435
7.163987000	1.003972173	0.133809572
7.163988000	0.991573751	0.143522045
7.163989000	1.005133986	0.138376477
7.163990000	1.045351028	0.132440283
7.163991000	1.037014961	0.133242518
7.163992000	0.964840949	0.143561277
7.163993000	1.087249994	0.142176334
7.163994000	0.974487841	0.134709970
7.163995000	1.041586876	0.135511307
7.163996000	1.059935331	0.129458116
7.163997000	0.980586648	0.138120739
7.163998000	0.966169536	0.126397504
7.163999000	0.879812419	0.139735247
7.164000000	0.928354859	0.129375359
7.164001000	1.018695831	0.147022671
7.164002000	0.977978885	0.133188531
7.164003000	1.025129199	0.127582227
7.164004000	0.984934807	0.135640112
7.164005000	0.969177365	0.129946266
7.164006000	1.038575292	0.133549614
7.164007000	1.060156345	0.125902597
7.164008000	0.979909360	0.134241645
7.164009000	0.939339280	0.126678650
7.164010000	0.924938023	0.137437496
7.164011000	1.046794057	0.129359039
7.164012000	1.026301265	0.140383277
7.164013000	1.015519142	0.129887759
7.164014000	1.004084229	0.140033288
7.164015000	0.994658411	0.130739613
7.164016000	0.941100419	0.122350739
7.164017000	1.004155040	0.125108584
7.164018000	1.043443561	0.134336578
7.164019000	1.034962058	0.139948932
7.164020000	1.010673523	0.124472754
7.164021000	0.999241173	0.134593607
7.164022000	0.988116026	0.131373021
7.164023000	1.072549701	0.128285352
7.164024000	0.996171534	0.123086612
7.164025000	1.018751502	0.125415804
7.164026000	0.991499960	0.129072516
7.164027000	0.944266558	0.120083248
7.164028000	1.001519322	0.122330940
7.164029000	0.985856771	0.127804418
7.164030000	1.036264300	0.126870481
7.164031000	1.032277703	0.118280630
7.164032000	1.014918089	0.128850267
7.164033000	0.946928144	0.129638046
7.164034000	0.940014899	0.127239853
7.164035000	0.988149405	0.133398338
7.164036000	1.000731349	0.126066897
7.164037000	1.081499457	0.125643005
7.164038000	1.003584266	0.131222386
7.164039000	0.974271059	0.121727651
7.164040000	0.934121192	0.121626159
7.164041000	0.945675731	0.116471345
7.164042000	0.902729392	0.117371585
7.164043000	0.965868175	0.131237674
7.164044000	1.003274798	0.124420822
7.164045000	1.013622999	0.121343931
7.164046000	0.967818201	0.127575952
7.164047000	0.959382832	0.124902330
7.164048000	0.940934062	0.126838165
7.164049000	1.036916137	0.126639202
7.164050000	0.933262646	0.120046580
7.164051000	1.019674540	0.128079598
7.164052000	0.994760752	0.124273732
7.164053000	0.944473863	0.124849749
7.164054000	1.007502317	0.127724690
7.164055000	1.005321145	0.124026932
7.164056000	0.994679868	0.116345202
7.164057000	0.899310172	0.122382306
7.164058000	1.005061507	0.116311796
7.164059000	0.942078888	0.117543908
7.164060000	0.973705709	0.119603513
7.164061000	0.938221455	0.115194226
7.164062000	0.972055197	0.132060974
7.164063000	0.980610669	0.115247531
7.164064000	1.021688104	0.127497647
7.164065000	0.984203875	0.125539366
7.164066000	1.000724077	0.107284712
7.164067000	0.973029852	0.115436956
7.164068000	0.917256057	0.125069127
7.164069000	0.969245493	0.111970244
7.164070000	0.951632500	0.120628697
7.164071000	0.973657608	0.115893705
7.164072000	0.986756384	0.118474558
7.164073000	0.949161112	0.109717077
7.164074000	0.955782294	0.119443041
7.164075000	1.022004247	0.111989919
7.164076000	0.938310444	0.114225800
7.164077000	0.970150292	0.113486524
7.164078000	0.944949210	0.115372158
7.164079000	0.931155622	0.109651006
7.164080000	0.885268986	0.109342212
7.164081000	0.950035751	0.116775752
7.164082000	0.934156120	0.108176530
7.164083000	0.931453466	0.108314224
7.164084000	0.894320428	0.121750654
7.164085000	0.992048860	0.107144905
7.164086000	0.999390900	0.111634037
7.164087000	0.944190145	0.107616517
7.164088000	1.002801299	0.117945229
7.164089000	0.947866797	0.117917275
7.164090000	0.947438717	0.111480448
7.164091000	0.928714335	0.102774449
7.164092000	0.932564318	0.117119150
7.164093000	0.971862972	0.101524769
7.164094000	0.960842967	0.103678634
7.164095000	0.889144421	0.109713923
7.164096000	0.976212740	0.109214355
7.164097000	0.904631317	0.113084353
7.164098000	0.889025867	0.108878206
7.164099000	0.928851545	0.113675175
7.164100000	0.857838809	0.105769115
7.164101000	0.896736264	0.107132621
7.164102000	1.008339047	0.097611112
7.164103000	0.954628587	0.108220946
7.164104000	0.945011199	0.109734937
7.164105000	0.917211890	0.098835001
7.164106000	0.947060585	0.105103408
7.164107000	0.887650907	0.113361180
7.164108000	0.932981253	0.113061808
7.164109000	0.881560028	0.099057775
7.164110000	0.890535355	0.105821971
7.164111000	0.914006114	0.097675062
7.164112000	0.878691316	0.108802306
7.164113000	0.875061572	0.108549972
7.164114000	0.936533213	0.103617930
7.164115000	1.004461884	0.096878918
7.164116000	0.948722184	0.111497675
7.164117000	1.020111561	0.096598595
7.164118000	0.917464316	0.097416793
7.164119000	0.966339111	0.094429009
7.164120000	0.885212660	0.099819206
7.164121000	0.935700476	0.096598728
7.164122000	0.923120081	0.090627896
7.164123000	0.850032091	0.093287970
7.164124000	0.898228467	0.105274650
7.164125000	0.878066301	0.098861958
7.164126000	0.924040020	0.095582799
7.164127000	0.890163720	0.101588102
7.164128000	0.839111447	0.088752007
7.164129000	0.987692595	0.089203721
7.164130000	0.952985883	0.098586770
7.164131000	0.979589641	0.092918281
7.164132000	0.901174605	0.096769811
7.164133000	0.876079500	0.094269744
7.164134000	0.923914433	0.099853794
7.164135000	0.920554698	0.095036385
7.164136000	0.881318033	0.093991311
7.164137000	0.949911416	0.098997471
7.164138000	0.844357014	0.082863683
7.164139000	0.913058579	0.100163736
7.164140000	0.979987025	0.095809026
7.164141000	0.938345551	0.093959261
7.164142000	0.963392198	0.096505043
7.164143000	0.859807193	0.087335122
7.164144000	0.899216294	0.085989652
7.164145000	0.832456768	0.083438518
7.164146000	0.843966067	0.093562325
7.164147000	0.880643189	0.092529069
7.164148000	0.845024467	0.092204496
7.164149000	0.892843068	0.092532489
7.164150000	0.886442065	0.089406204
7.164151000	0.914736867	0.095754323
7.164152000	0.844343662	0.085636050
7.164153000	0.878656626	0.085918820
7.164154000	0.910811007	0.080170986
7.164155000	0.897776604	0.086376551
7.164156000	0.860195279	0.088984751
7.164157000	0.918824196	0.080865522
7.164158000	0.960895121	0.078982417
7.164159000	0.955141008	0.086404123
7.164160000	0.909918487	0.081712324
7.164161000	0.861953855	0.085924637
7.164162000	0.817755044	0.084872406
7.164163000	0.976964056	0.080241901
7.164164000	0.863239050	0.085428640
7.164165000	0.890136182	0.074942135
7.164166000	0.927302539	0.084613938
7.164167000	0.898537219	0.079995459
7.164168000	0.968490005	0.079366670
7.164169000	0.912781537	0.081983675
7.164170000	0.892630935	0.076989199
7.164171000	0.935806036	0.091304905
7.164172000	0.840818226	0.075968726
7.164173000	0.891673863	0.086436389
7.164174000	0.905023515	0.079181289
7.164175000	0.843923092	0.077958740
7.164176000	0.897992074	0.081193249
7.164177000	0.866988301	0.080933998
7.164178000	0.800967097	0.069868872
7.164179000	0.932260156	0.083334538
7.164180000	0.775728822	0.081082811
7.164181000	0.905196011	0.082573382
7.164182000	0.849581242	0.077595235
7.164183000	0.853376448	0.073922769
7.164184000	0.806202948	0.082224599
7.164185000	0.897880673	0.072429018
7.164186000	0.861226380	0.070503653
7.164187000	0.856599391	0.076861501
7.164188000	0.869126678	0.066076376
7.164189000	0.892854095	0.068306724
7.164190000	0.934111238	0.070747124
7.164191000	0.863796890	0.066979126
7.164192000	0.827893436	0.067813531
7.164193000	0.858870685	0.069807865
7.164194000	1.014871478	0.077535031
7.164195000	0.925869286	0.061193674
7.164196000	0.824450612	0.067361838
7.164197000	0.815347910	0.068897808
7.164198000	0.854603648	0.073843923
7.164199000	0.911695778	0.075593744
7.164200000	0.830641866	0.067160533
7.164201000	0.895279050	0.062776632
7.164202000	0.817023754	0.061531201
7.164203000	0.885351777	0.064021394
7.164204000	0.792099655	0.073083199
7.164205000	0.875711322	0.069902544
7.164206000	0.695356548	0.062729665
7.164207000	0.781569183	0.069089323
7.164208000	0.777477503	0.066545688
7.164209000	0.877165973	0.064501450
7.164210000	0.793054104	0.065568874
7.164211000	0.878295779	0.057898192
7.164212000	0.825883508	0.067715719
7.164213000	0.840497613	0.063772738
7.164214000	0.808688939	0.063798862
7.164215000	0.802598178	0.052219059
7.164216000	0.822430730	0.059107966
7.164217000	0.831353307	0.065909758
7.164218000	0.830641508	0.060577398
7.164219000	0.830751240	0.054461041
7.164220000	0.879669309	0.062034934
7.164221000	0.811816692	0.052266421
7.164222000	0.924503744	0.049321044
7.164223000	0.820530236	0.051729607
7.164224000	0.818632543	0.066041181
7.164225000	0.830302119	0.056085602
7.164226000	0.780610979	0.048574123
7.164227000	0.770289719	0.059219923
7.164228000	0.764792919	0.052587237
7.164229000	0.831969976	0.053469575
7.164230000	0.863372326	0.053400474
7.164231000	0.764761865	0.046415045
7.164232000	0.858242869	0.050665400
7.164233000	0.810174108	0.054854169
7.164234000	0.768858612	0.054111605
7.164235000	0.738582313	0.048135700
7.164236000	0.765739858	0.052323600
7.164237000	0.754147053	0.051517008
7.164238000	0.764588952	0.042499311
7.164239000	0.838261247	0.047135288
7.164240000	0.814246714	0.044385562
7.164241000	0.769214690	0.049103493
7.164242000	0.777412057	0.055348098
7.164243000	0.792999208	0.051150482
7.164244000	0.767339408	0.041037328
7.164245000	0.712965608	0.050980156
7.164246000	0.809386492	0.042144112
7.164247000	0.682398975	0.036304578
7.164248000	0.809828818	0.045922430
7.164249000	0.859879792	0.043136868
7.164250000	0.762994826	0.044950847
7.164251000	0.728349447	0.038438765
7.164252000	0.798541546	0.036414138
7.164253000	0.835404456	0.031665414
7.164254000	0.771943212	0.040383675
7.164255000	0.793444574	0.043841665
7.164256000	0.800497472	0.037199217
7.164257000	0.803953946	0.037981745
7.164258000	0.640736878	0.037158155
7.164259000	0.742272496	0.039103910
7.164260000	0.768083453	0.039820454
7.164261000	0.737967193	0.024755035
7.164262000	0.786190987	0.021275547
7.164263000	0.738162756	0.033681348
7.164264000	0.827807426	0.030139152
7.164265000	0.736036181	0.025169952
7.164266000	0.760645986	0.034860429
7.164267000	0.735126019	0.032689191
7.164268000	0.756990731	0.030179206
7.164269000	0.742197275	0.023467301
7.164270000	0.713666379	0.031718109
7.164271000	0.639609754	0.026284597
7.164272000	0.705553472	0.033165265
7.164273000	0.711371541	0.035099943
7.164274000	0.673444867	0.031022997
7.164275000	0.747796595	0.017404486
7.164276000	0.776969373	0.027469173
7.164277000	0.791950464	0.035333423
7.164278000	0.786230564	0.021905091
7.164279000	0.716633976	0.027432411
7.164280000	0.727111399	0.028512512
7.164281000	0.733738363	0.023868238
7.164282000	0.707446337	0.021134524
7.164283000	0.733181238	0.023802352
7.164284000	0.744167924	0.011266112
7.164285000	0.679867864	0.017671876
7.164286000	0.646834671	0.014018489
7.164287000	0.695535779	0.021073602
7.164288000	0.766045392	0.020966493
7.164289000	0.747296512	0.009936978
7.164290000	0.626433849	0.010935072
7.164291000	0.718314946	0.019876245
7.164292000	0.659101486	0.007948254
7.164293000	0.613443375	0.016490229
7.164294000	0.696205080	0.007194481
7.164295000	0.672974288	0.006118755
7.164296000	0.649114728	0.014736898
7.164297000	0.603868067	0.006537688
7.164298000	0.746738136	0.000893362
7.164299000	0.592907965	0.005344472
7.164300000	0.612158537	0.007369886
7.164301000	0.637410104	0.000368487
7.164302000	0.622968733	0.001329227
7.164303000	0.575754762	0.002329709
7.164304000	0.668097675	-0.000015662
7.164305000	0.740420043	-0.001715283
7.164306000	0.649579883	-0.000388085
7.164307000	0.584242225	0.001658869
7.164308000	0.635402143	-0.006656122
7.164309000	0.581946909	0.007077205
7.164310000	0.532674193	0.001946480
7.164311000	0.609786332	-0.000313719
7.164312000	0.623915911	-0.003290339
7.164313000	0.587417662	-0.005646610
7.164314000	0.633718431	0.002428483
7.164315000	0.651980221	-0.006867430
7.164316000	0.629850090	-0.017812282
7.164317000	0.558343470	-0.010102979
7.164318000	0.714686990	-0.005772048
7.164319000	0.606451511	-0.006965894
7.164320000	0.555757761	-0.000936801
7.164321000	0.574637771	-0.006154200
7.164322000	0.646782815	-0.011713834
7.164323000	0.692639828	-0.006016333
7.164324000	0.562407553	-0.007294527
7.164325000	0.608880222	-0.023043401
7.164326000	0.573350191	-0.024321545
7.164327000	0.654137731	-0.021797326
7.164328000	0.627626896	-0.024596540
7.164329000	0.546471655	-0.027728991
7.164330000	0.669250369	-0.015298876
7.164331000	0.668493450	-0.020932413
7.164332000	0.468690693	-0.004521564
7.164333000	0.497339964	-0.022319579
7.164334000	0.494280845	-0.025061657
7.164335000	0.615782440	-0.022228692
7.164336000	0.536063969	-0.023143224
7.164337000	0.529085338	-0.028668330
7.164338000	0.475791872	-0.028493814
7.164339000	0.631120145	-0.015072860
7.164340000	0.511757255	-0.020579421
7.164341000	0.567891419	-0.024616934
7.164342000	0.642937481	-0.023153344
7.164343000	0.477537006	-0.028670523
7.164344000	0.475396603	-0.024400683
7.164345000	0.522819519	-0.035249633
7.164346000	0.549249053	-0.024002954
7.164347000	0.532224774	-0.033781481
7.164348000	0.480406940	-0.035735286
7.164349000	0.486587614	-0.035627216
7.164350000	0.481647402	-0.043243831
7.164351000	0.417384624	-0.035442113
7.164352000	0.521549404	-0.035655533
7.164353000	0.386998802	-0.042625474
7.164354000	0.489920110	-0.038110426
7.164355000	0.495901793	-0.041818553
7.164356000	0.423071384	-0.046977966
7.164357000	0.425561130	-0.041438146
7.164358000	0.393597633	-0.041676020
7.164359000	0.526821792	-0.053766967
7.164360000	0.442647249	-0.044525740
7.164361000	0.432316184	-0.053578515
7.164362000	0.466305166	-0.051620484
7.164363000	0.354866385	-0.048210377
7.164364000	0.401890725	-0.042566003
7.164365000	0.373243868	-0.054001762
7.164366000	0.422037035	-0.058181976
7.164367000	0.410782814	-0.045984936
7.164368000	0.381331742	-0.054671764
7.164369000	0.372934967	-0.056834658
7.164370000	0.415892303	-0.060159065
7.164371000	0.424062252	-0.048118947
7.164372000	0.357557237	-0.066620523
7.164373000	0.388879776	-0.053268161
7.164374000	0.401950985	-0.062732349
7.164375000	0.476515502	-0.063162716
7.164376000	0.366864353	-0.068217695
7.164377000	0.343473822	-0.058897484
7.164378000	0.290820301	-0.068177136
7.164379000	0.379043013	-0.063767316
7.164380000	0.372129023	-0.075105512
7.164381000	0.301125467	-0.067973221
7.164382000	0.228709221	-0.077119553
7.164383000	0.291736424	-0.069051148
7.164384000	0.234984532	-0.081733246
7.164385000	0.268784702	-0.073941303
7.164386000	0.407699704	-0.075948552
7.164387000	0.304406136	-0.087373530
7.164388000	0.304042310	-0.086433900
7.164389000	0.315164983	-0.074727110
7.164390000	0.283197105	-0.082348861
7.164391000	0.331783473	-0.085755660
7.164392000	0.202310652	-0.081991048
7.164393000	0.309635103	-0.077069885
7.164394000	0.289175510	-0.081185517
7.164395000	0.182743520	-0.087844152
7.164396000	0.313652754	-0.085580682
7.164397000	0.222986773	-0.091544748
7.164398000	0.240624145	-0.085593556
7.164399000	0.158643499	-0.082969319
7.164400000	0.232475519	-0.090004583
7.164401000	0.161480933	-0.097100934
7.164402000	0.154399499	-0.090980274
7.164403000	0.172233686	-0.104588861
7.164404000	0.145761400	-0.107194930
7.164405000	0.155446514	-0.098921929
7.164406000	0.225431904	-0.099572306
7.164407000	0.136185244	-0.117029194
7.164408000	0.077329196	-0.106098049
7.164409000	0.089934237	-0.111769634
7.164410000	0.126666501	-0.111451136
7.164411000	0.038142741	-0.116692570
7.164412000	0.096491352	-0.100310268
7.164413000	0.050155450	-0.105192841
7.164414000	0.138311073	-0.107192767
7.164415000	0.112761758	-0.116095955
7.164416000	0.038769204	-0.113100523
7.164417000	0.004074709	-0.121471904
7.164418000	0.065679930	-0.114727756
7.164419000	0.054262754	-0.117159064
7.164420000	0.057789005	-0.121474259
7.164421000	-0.028980177	-0.129148516
7.164422000	-0.026740391	-0.124725887
7.164423000	0.098002233	-0.136071045
7.164424000	-0.005013816	-0.127452748
7.164425000	-0.097140886	-0.128993436
7.164426000	-0.040314436	-0.117696399
7.164427000	-0.066242792	-0.131951335
7.164428000	-0.037331186	-0.131560241
7.164429000	-0.080612496	-0.132918162
7.164430000	-0.060917251	-0.136286154
7.164431000	-0.015979867	-0.144575126
7.164432000	-0.100350454	-0.135230868
7.164433000	-0.005530578	-0.138605268
7.164434000	-0.081202894	-0.147977281
7.164435000	-0.062206529	-0.128981219
7.164436000	-0.187059864	-0.135045112
7.164437000	-0.129446551	-0.139867473
7.164438000	-0.098237351	-0.146377853
7.164439000	-0.115529738	-0.146452871
7.164440000	-0.200082943	-0.146618736
7.164441000	-0.161410064	-0.152189786
7.164442000	-0.165127322	-0.148790194
7.164443000	-0.072155647	-0.150754076
7.164444000	-0.229006916	-0.156286543
7.164445000	-0.265666127	-0.172421022
7.164446000	-0.194548741	-0.167883245
7.164447000	-0.266869873	-0.163799937
7.164448000	-0.310162067	-0.170435186
7.164449000	-0.281424940	-0.164066752
7.164450000	-0.372503072	-0.170412349
7.164451000	-0.323840618	-0.168241773
7.164452000	-0.269932508	-0.167654196
7.164453000	-0.397637099	-0.168368623
7.164454000	-0.295373619	-0.173568811
7.164455000	-0.205746040	-0.169805215
7.164456000	-0.290293962	-0.176508242
7.164457000	-0.373193920	-0.173393309
7.164458000	-0.456107944	-0.173801488
7.164459000	-0.406358749	-0.191751943
7.164460000	-0.414085478	-0.178194422
7.164461000	-0.437644929	-0.184792603
7.164462000	-0.407050848	-0.184816389
7.164463000	-0.423695922	-0.187151865
7.164464000	-0.634184957	-0.187576972
7.164465000	-0.523214698	-0.186947151
7.164466000	-0.472835511	-0.194143678
7.164467000	-0.485727787	-0.207265855
7.164468000	-0.554664493	-0.194319213
7.164469000	-0.604239345	-0.202820889
7.164470000	-0.583027959	-0.200742358
7.164471000	-0.511250496	-0.201601977
7.164472000	-0.540165484	-0.192685164
7.164473000	-0.645532906	-0.204602028
7.164474000	-0.628177226	-0.224617864
7.164475000	-0.626510978	-0.216640265
7.164476000	-0.665313840	-0.216760906
7.164477000	-0.809279740	-0.224177693
7.164478000	-0.713017225	-0.213280637
7.164479000	-0.705264091	-0.225569661
7.164480000	-0.806144893	-0.245484380
7.164481000	-0.778390288	-0.219740201
7.164482000	-0.882611394	-0.233094107
7.164483000	-0.852083147	-0.242600377
7.164484000	-0.874523342	-0.222154523
7.164485000	-0.891487181	-0.234380763
7.164486000	-0.890558481	-0.243365603
7.164487000	-0.846855164	-0.240843040
7.164488000	-0.972709060	-0.242865827
7.164489000	-1.048962951	-0.242840211
7.164490000	-1.074105263	-0.245075635
7.164491000	-0.988053143	-0.264230854
7.164492000	-1.101916671	-0.253146927
7.164493000	-1.049363613	-0.253841580
7.164494000	-1.114861250	-0.259754280
7.164495000	-1.147780657	-0.268323567
7.164496000	-1.190307498	-0.272695012
7.164497000	-1.386544466	-0.271263330
7.164498000	-1.143797278	-0.268317641
7.164499000	-1.254158378	-0.275889874
7.164500000	-1.346910000	-0.279885547
7.164501000	-1.239468455	-0.276498106
7.164502000	-1.346828699	-0.267040173
7.164503000	-1.372377992	-0.283858052
7.164504000	-1.400470257	-0.279793935
7.164505000	-1.449287176	-0.281116693
7.164506000	-1.424260020	-0.271052125
7.164507000	-1.434487939	-0.282366581
7.164508000	-1.381559134	-0.276591483
7.164509000	-1.623143435	-0.287775495
7.164510000	-1.534344435	-0.293152550
7.164511000	-1.458587527	-0.292994292
7.164512000	-1.566854239	-0.301429389
7.164513000	-1.687802911	-0.304396117
7.164514000	-1.592934608	-0.298800050
7.164515000	-1.808428884	-0.307959360
7.164516000	-1.678176522	-0.305592475
7.164517000	-1.756506324	-0.299178984
7.164518000	-2.029602051	-0.311727233
7.164519000	-1.901593089	-0.309976172
7.164520000	-1.862787008	-0.322287699
7.164521000	-1.937209249	-0.311809192
7.164522000	-1.930228949	-0.316792666
7.164523000	-2.085028410	-0.315974010
7.164524000	-2.062090397	-0.316690434
7.164525000	-2.001094341	-0.332532880
7.164526000	-2.150260448	-0.329138082
7.164527000	-2.148380041	-0.330158572
7.164528000	-2.191136122	-0.340447362
7.164529000	-2.082563639	-0.330482246
7.164530000	-2.215914011	-0.335841891
7.164531000	-2.380563736	-0.353578510
7.164532000	-2.371054411	-0.360801602
7.164533000	-2.242099524	-0.349763532
7.164534000	-2.540881634	-0.359948093
7.164535000	-2.559667110	-0.362999676
7.164536000	-2.439568281	-0.355497451
7.164537000	-2.574676514	-0.355316190
7.164538000	-2.542974710	-0.354162708
7.164539000	-2.769957304	-0.358838420
7.164540000	-2.857241869	-0.367406075
7.164541000	-2.924723387	-0.375796764
7.164542000	-3.085008383	-0.371013627
7.164543000	-2.853928328	-0.381050448
7.164544000	-2.992142200	-0.364908397
7.164545000	-2.987619400	-0.382284124
7.164546000	-3.062348366	-0.394462727
7.164547000	-3.025547981	-0.384617320
7.164548000	-3.231888533	-0.379259572
7.164549000	-3.299297094	-0.375169057
7.164550000	-3.401683569	-0.382725244
7.164551000	-3.433350801	-0.401378191
7.164552000	-3.495422125	-0.383651158
7.164553000	-3.389932394	-0.384946520
7.164554000	-3.301372766	-0.406469722
7.164555000	-3.639467716	-0.395704359
7.164556000	-3.629752159	-0.401014902
7.164557000	-3.803950787	-0.419490449
7.164558000	-3.654981852	-0.389802428
7.164559000	-3.794851780	-0.387384710
7.164560000	-3.976038933	-0.402060326
7.164561000	-3.769529819	-0.400252106
7.164562000	-3.971054077	-0.404272181
7.164563000	-4.021680832	-0.416811742
7.164564000	-4.382539749	-0.413476698
7.164565000	-4.397408009	-0.417083351
7.164566000	-4.255324364	-0.419600870
7.164567000	-4.506560802	-0.420620761
7.164568000	-4.426344395	-0.417107552
7.164569000	-4.361025810	-0.402936073
7.164570000	-4.656370163	-0.422103543
7.164571000	-4.704267025	-0.406500248
7.164572000	-4.833929539	-0.418157703
7.164573000	-4.769862175	-0.413740717
7.164574000	-4.725372314	-0.411109814
7.164575000	-5.047591686	-0.434218962
7.164576000	-5.428847790	-0.408539031
7.164577000	-4.990670681	-0.418175380
7.164578000	-5.168533325	-0.431123403
7.164579000	-5.745730400	-0.428138465
7.164580000	-5.569881439	-0.438299823
7.164581000	-5.916969776	-0.414316859
7.164582000	-5.577862740	-0.417451133
7.164583000	-5.913669586	-0.400116352
7.164584000	-6.278742790	-0.378659096
7.164585000	-6.218199253	-0.402499781
7.164586000	-6.333437920	-0.434095457
7.164587000	-6.194366455	-0.427023799
7.164588000	-6.400059223	-0.396826249
7.164589000	-7.041948318	-0.399398696
7.164590000	-6.718690395	-0.393691575
7.164591000	-6.888961315	-0.398083694
7.164592000	-7.168531895	-0.377885015
7.164593000	-7.172319412	-0.398893794
7.164594000	-7.439680099	-0.380119907
7.164595000	-7.479250431	-0.365414031
7.164596000	-7.398816109	-0.379475422
7.164597000	-7.279114246	-0.368457358
7.164598000	-7.650222301	-0.375580049
7.164599000	-7.946501732	-0.367206005
7.164600000	-8.057116508	-0.340500791
7.164601000	-8.015600204	-0.332102613
7.164602000	-8.593346596	-0.339320578
7.164603000	-8.532120705	-0.348475161
7.164604000	-8.438695908	-0.350330286
7.164605000	-8.693770409	-0.331001695
7.164606000	-8.866887093	-0.295996840
7.164607000	-8.740574837	-0.295220428
7.164608000	-9.311776161	-0.289585179
7.164609000	-9.131497383	-0.256661068
7.164610000	-9.018156052	-0.279422956
7.164611000	-9.370594978	-0.282879207
7.164612000	-9.382731438	-0.238885849
7.164613000	-9.434537888	-0.255606656
7.164614000	-9.315258980	-0.251495218
7.164615000	-9.732937813	-0.225671277
7.164616000	-10.012972832	-0.215042601
7.164617000	-10.302508354	-0.213514113
7.164618000	-10.433041573	-0.184991675
7.164619000	-10.351915359	-0.112165446
7.164620000	-10.726110458	-0.082242218
7.164621000	-10.583696365	-0.143993775
7.164622000	-10.741144180	-0.064750584
7.164623000	-11.180937767	-0.026696794
7.164624000	-11.156370163	0.011143359
7.164625000	-11.317206383	0.009289080
7.164626000	-11.246124268	0.014110807
7.164627000	-11.370079994	0.044409643
7.164628000	-11.136651039	0.058185684
7.164629000	-11.579447746	0.113625757
7.164630000	-11.612401009	0.131864865
7.164631000	-11.798908234	0.137191071
7.164632000	-11.355439186	0.272756764
7.164633000	-11.728840828	0.232000629
7.164634000	-11.363887787	0.161973158
7.164635000	-11.376464844	0.223364247
7.164636000	-11.384244919	0.337430599
7.164637000	-11.332594872	0.337386058
7.164638000	-11.572896004	0.316229540
7.164639000	-11.423419952	0.371408507
7.164640000	-11.181797028	0.440600894
7.164641000	-11.100926399	0.474710395
7.164642000	-11.147251129	0.458183217
7.164643000	-11.523561478	0.415901007
7.164644000	-11.377382278	0.409529328
7.164645000	-10.721017838	0.488539558
7.164646000	-11.429365158	0.499436681
7.164647000	-10.924745560	0.524096254
7.164648000	-11.101728439	0.521506064
7.164649000	-10.636212349	0.622688741
7.164650000	-10.608833313	0.621066344
7.164651000	-10.694117546	0.601195234
7.164652000	-10.503815651	0.651389229
7.164653000	-10.553363800	0.640725266
7.164654000	-10.492948532	0.654318773
7.164655000	-10.450285912	0.692063888
7.164656000	-10.437440872	0.711524205
7.164657000	-9.990684509	0.714150016
7.164658000	-9.879141808	0.696439661
7.164659000	-9.529870033	0.735030930
7.164660000	-9.215837479	0.732364772
7.164661000	-9.123131752	0.769784782
7.164662000	-9.506108284	0.767583014
7.164663000	-9.437425613	0.761548757
7.164664000	-8.829520226	0.782190852
7.164665000	-9.019437790	0.816363004
7.164666000	-8.813364029	0.814519896
7.164667000	-8.793184280	0.797919348
7.164668000	-8.843669891	0.810754520
7.164669000	-8.476411819	0.831979314
7.164670000	-8.670762062	0.805318009
7.164671000	-8.353981018	0.850912193
7.164672000	-8.318157196	0.867984720
7.164673000	-8.275692940	0.845152774
7.164674000	-8.063472748	0.874848818
7.164675000	-7.705586910	0.878736833
7.164676000	-7.545317650	0.901069702
7.164677000	-7.350172997	0.852475535
7.164678000	-6.910116673	0.892685872
7.164679000	-6.969027519	0.883595371
7.164680000	-6.758078098	0.886618658
7.164681000	-6.698857307	0.907630333
7.164682000	-6.868334770	0.900005770
7.164683000	-6.949820518	0.913271374
7.164684000	-6.514690399	0.902301481
7.164685000	-6.599256992	0.910712010
7.164686000	-6.480462551	0.912582548
7.164687000	-6.298032284	0.908172553
7.164688000	-6.003489494	0.940064506
7.164689000	-6.291477680	0.935054368
7.164690000	-6.081530571	0.927116084
7.164691000	-5.665468216	0.906095553
7.164692000	-5.803452015	0.923898186
7.164693000	-5.702893257	0.908603319
7.164694000	-5.616765976	0.919861833
7.164695000	-5.455402851	0.912479883
7.164696000	-5.554823875	0.920141531
7.164697000	-5.262618065	0.924692274
7.164698000	-5.076993942	0.937587766
7.164699000	-5.231102943	0.934054684
7.164700000	-4.959162235	0.909134220
7.164701000	-5.022959709	0.936588948
7.164702000	-5.053510189	0.922496964
7.164703000	-4.958916187	0.923894325
7.164704000	-4.981330395	0.923182728
7.164705000	-4.692533493	0.944206787
7.164706000	-4.693624973	0.912158107
7.164707000	-4.547651768	0.919893524
7.164708000	-4.258250237	0.918929260
7.164709000	-4.419055462	0.918925598
7.164710000	-4.240956306	0.925133427
7.164711000	-4.115536213	0.910121254
7.164712000	-4.036705494	0.925343284
7.164713000	-4.013667107	0.905357791
7.164714000	-4.237173557	0.902386702
7.164715000	-4.145708084	0.938299962
7.164716000	-3.842129946	0.916234274
7.164717000	-3.844340563	0.900104773
7.164718000	-3.848840952	0.911442781
7.164719000	-3.735728264	0.910110602
7.164720000	-3.774944067	0.908218492
7.164721000	-3.501547098	0.906861079
7.164722000	-3.538765669	0.898423386
7.164723000	-3.567748308	0.900639202
7.164724000	-3.360532045	0.903664354
7.164725000	-3.529597521	0.877587945
7.164726000	-3.243916750	0.887456555
7.164727000	-3.177049875	0.912003310
7.164728000	-3.158060312	0.904792935
7.164729000	-3.041539907	0.883305552
7.164730000	-3.015164375	0.890099276
7.164731000	-3.180093527	0.879520335
7.164732000	-3.038416862	0.883297630
7.164733000	-3.075514317	0.875105413
7.164734000	-2.880057335	0.874941762
7.164735000	-2.882898808	0.875846504
7.164736000	-2.874611139	0.871344098
7.164737000	-2.783674479	0.880149573
7.164738000	-2.767491817	0.868225669
7.164739000	-2.604488611	0.883136508
7.164740000	-2.704077005	0.869160172
7.164741000	-2.820893049	0.866386157
7.164742000	-2.443202972	0.860893853
7.164743000	-2.555948019	0.855681648
7.164744000	-2.706287384	0.859534909
7.164745000	-2.281221390	0.853239329
7.164746000	-2.334032774	0.844620807
7.164747000	-2.353685141	0.859502085
7.164748000	-2.348948002	0.848566613
7.164749000	-2.105512619	0.837493855
7.164750000	-2.256585836	0.844713152
7.164751000	-2.224098921	0.826786616
7.164752000	-2.112797737	0.847520857
7.164753000	-1.984693408	0.837580475
7.164754000	-2.099336863	0.839530508
7.164755000	-2.258404970	0.837040852
7.164756000	-2.123918772	0.828465273
7.164757000	-2.010729074	0.833099972
7.164758000	-1.868775249	0.815153063
7.164759000	-1.807098866	0.818599260
7.164760000	-1.772977710	0.818103246
7.164761000	-1.873687267	0.815867855
7.164762000	-1.590370178	0.809544246
7.164763000	-1.766681552	0.805544844
7.164764000	-1.665235996	0.811402267
7.164765000	-1.687783718	0.803657661
7.164766000	-1.679660797	0.787504657
7.164767000	-1.542827249	0.802884146
7.164768000	-1.520874143	0.803413516
7.164769000	-1.497487903	0.801105288
7.164770000	-1.506416321	0.795194069
7.164771000	-1.452441096	0.794390593
7.164772000	-1.438181639	0.795935227
7.164773000	-1.438806415	0.784852681
7.164774000	-1.370145440	0.799160581
7.164775000	-1.384496927	0.797010212
7.164776000	-1.372743964	0.774388389
7.164777000	-1.324949980	0.786588929
7.164778000	-1.378187776	0.778918293
7.164779000	-1.448100090	0.797966286
7.164780000	-1.405927777	0.787835688
7.164781000	-1.340016603	0.775971838
7.164782000	-1.238665938	0.780370515
7.164783000	-1.301627278	0.783193599
7.164784000	-1.279578090	0.768868455
7.164785000	-1.137626529	0.772891027
7.164786000	-1.099890947	0.770339519
7.164787000	-1.280810237	0.780252670
7.164788000	-0.999229312	0.768237552
7.164789000	-1.063605785	0.754533325
7.164790000	-1.070643306	0.760456661
7.164791000	-0.951432765	0.741304671
7.164792000	-0.969018281	0.739458302
7.164793000	-0.951297104	0.748934162
7.164794000	-0.950439215	0.743212493
7.164795000	-0.808015227	0.749081634
7.164796000	-0.876795948	0.750237513
7.164797000	-0.854283035	0.746425597
7.164798000	-0.983085215	0.752238146
7.164799000	-0.877039731	0.741792562
7.164800000	-0.939529836	0.740694608
7.164801000	-0.813428879	0.742107881
7.164802000	-0.840507627	0.724611911
7.164803000	-0.780226171	0.736914583
7.164804000	-0.642156839	0.732420299
7.164805000	-0.849733591	0.724702991
7.164806000	-0.803208411	0.720808784
7.164807000	-0.653275967	0.721920054
7.164808000	-0.690735281	0.732427024
7.164809000	-0.718272328	0.715976145
7.164810000	-0.666649044	0.712431677
7.164811000	-0.747775674	0.714880987
7.164812000	-0.708823919	0.716215430
7.164813000	-0.740699887	0.711713756
7.164814000	-0.501271486	0.714543830
7.164815000	-0.536227047	0.718937847
7.164816000	-0.660649896	0.708509241
7.164817000	-0.582387030	0.701839487
7.164818000	-0.538990736	0.698411066
7.164819000	-0.472342670	0.704516030
7.164820000	-0.566090286	0.702309002
7.164821000	-0.591960728	0.696644791
7.164822000	-0.582310736	0.704047381
7.164823000	-0.599441350	0.696427877
7.164824000	-0.547697783	0.695738118
7.164825000	-0.515067816	0.689154185
7.164826000	-0.403177083	0.691836321
7.164827000	-0.433204710	0.692748653
7.164828000	-0.444957823	0.682419516
7.164829000	-0.397824973	0.697296866
7.164830000	-0.488082349	0.683601760
7.164831000	-0.325314730	0.669702856
7.164832000	-0.359778613	0.690982911
7.164833000	-0.385401070	0.689775633
7.164834000	-0.335254431	0.687267535
7.164835000	-0.402404070	0.680563559
7.164836000	-0.301995903	0.684001967
7.164837000	-0.353403717	0.676568884
7.164838000	-0.346042961	0.675931457
7.164839000	-0.270585001	0.675756753
7.164840000	-0.372343242	0.672476538
7.164841000	-0.240301281	0.653643928
7.164842000	-0.150854871	0.669244925
7.164843000	-0.292973608	0.670503602
7.164844000	-0.299228191	0.670825112
7.164845000	-0.221532807	0.664928540
7.164846000	-0.241611302	0.654833295
7.164847000	-0.229482442	0.659471057
7.164848000	-0.158839434	0.646357785
7.164849000	-0.265262127	0.660281590
7.164850000	-0.211924046	0.650758592
7.164851000	-0.253787398	0.656166074
7.164852000	-0.192697674	0.654159582
7.164853000	-0.281632811	0.663492364
7.164854000	-0.129752621	0.659622391
7.164855000	-0.134151265	0.647148811
7.164856000	-0.079007968	0.645560635
7.164857000	-0.162395716	0.654932898
7.164858000	-0.164213941	0.661242925
7.164859000	-0.020605205	0.646397866
7.164860000	0.058395829	0.649030267
7.164861000	-0.064383388	0.641548582
7.164862000	-0.000887406	0.646947409
7.164863000	-0.090524234	0.642935823
7.164864000	-0.034731027	0.646031149
7.164865000	-0.059036724	0.640054682
7.164866000	0.035152182	0.638765046
7.164867000	-0.018230736	0.637345648
7.164868000	0.029132528	0.624878259
7.164869000	0.018946478	0.624614273
7.164870000	-0.050453261	0.633800714
7.164871000	0.037413087	0.627098403
7.164872000	-0.046824511	0.635021374
7.164873000	0.031254925	0.627448609
7.164874000	0.093735434	0.627832371
7.164875000	0.024242900	0.634881891
7.164876000	0.172143459	0.634148790
7.164877000	0.109682985	0.627935368
7.164878000	0.073191792	0.623841890
7.164879000	0.016208470	0.620387038
7.164880000	0.006232614	0.617814424
7.164881000	0.094066270	0.613745114
7.164882000	0.091259070	0.619202331
7.164883000	0.086801693	0.626453186
7.164884000	0.126089007	0.615413651
7.164885000	0.060643986	0.617466615
7.164886000	0.072879836	0.620249086
7.164887000	0.135549933	0.618272088
7.164888000	0.153685719	0.612901425
7.164889000	0.051219612	0.600442225
7.164890000	0.118004076	0.616386504
7.164891000	0.202360332	0.596634703
7.164892000	0.155616149	0.614228145
7.164893000	0.189152226	0.609767883
7.164894000	0.221411929	0.600226842
7.164895000	0.208780438	0.594108828
7.164896000	0.134577304	0.602705313
7.164897000	0.108842067	0.600067651
7.164898000	0.174238294	0.600757676
7.164899000	0.182874367	0.595185678
7.164900000	0.261610985	0.597475663
7.164901000	0.147482544	0.593445235
7.164902000	0.170685530	0.589296563
7.164903000	0.187091485	0.594089720
7.164904000	0.260099679	0.599455723
7.164905000	0.254846662	0.596749286
7.164906000	0.251999259	0.594726216
7.164907000	0.333695650	0.587678559
7.164908000	0.196588308	0.597537781
7.164909000	0.284818321	0.594542458
7.164910000	0.183494717	0.582070475
7.164911000	0.319598973	0.583314970
7.164912000	0.284079581	0.589546833
7.164913000	0.302953333	0.589948505
7.164914000	0.270116329	0.588034224
7.164915000	0.400297523	0.587426158
7.164916000	0.241273925	0.572988629
7.164917000	0.303692877	0.578373807
7.164918000	0.339682132	0.587210376
7.164919000	0.308799982	0.578522079
7.164920000	0.340639204	0.588366986
7.164921000	0.407237738	0.567319691
7.164922000	0.356060117	0.579236006
7.164923000	0.252181441	0.571291796
7.164924000	0.351876169	0.569093157
7.164925000	0.296759516	0.572010517
7.164926000	0.307765514	0.569300551
7.164927000	0.357600093	0.579453786
7.164928000	0.394468576	0.575507181
7.164929000	0.319169998	0.580292548
7.164930000	0.362880886	0.581044758
7.164931000	0.210178703	0.565300882
7.164932000	0.331818163	0.576752275
7.164933000	0.337160826	0.566727737
7.164934000	0.337339073	0.574244776
7.164935000	0.337053150	0.575624560
7.164936000	0.378085345	0.557952821
7.164937000	0.331976831	0.567886745
7.164938000	0.396315634	0.575576223
7.164939000	0.442715734	0.570449372
7.164940000	0.301631004	0.552546038
7.164941000	0.475727558	0.551060094
7.164942000	0.503523469	0.558158284
7.164943000	0.435997218	0.566001893
7.164944000	0.412398636	0.564713455
7.164945000	0.424958855	0.552506857
7.164946000	0.311336637	0.553373349
7.164947000	0.328374028	0.567817902
7.164948000	0.433329225	0.553825088
7.164949000	0.509724975	0.553098977
7.164950000	0.410383791	0.544688814
7.164951000	0.415519208	0.562393243
7.164952000	0.539043307	0.558705431
7.164953000	0.456609249	0.550624301
7.164954000	0.397152126	0.553124244
7.164955000	0.493326277	0.556964156
7.164956000	0.472581118	0.555480842
7.164957000	0.419856042	0.542562147
7.164958000	0.458101898	0.550219235
7.164959000	0.425162643	0.546606257
7.164960000	0.423492312	0.551645058
7.164961000	0.494532704	0.541909040
7.164962000	0.404755056	0.540878197
7.164963000	0.439072400	0.543468421
7.164964000	0.459800392	0.549051472
7.164965000	0.426440805	0.542057644
7.164966000	0.536562502	0.531561428
7.164967000	0.351656884	0.538946107
7.164968000	0.455732524	0.544731924
7.164969000	0.456001341	0.538327288
7.164970000	0.530851781	0.531534563
7.164971000	0.503686190	0.540168997
7.164972000	0.521161675	0.542712582
7.164973000	0.549272358	0.537565491
7.164974000	0.462765187	0.538074920
7.164975000	0.578035951	0.539850716
7.164976000	0.553475976	0.531865128
7.164977000	0.533999920	0.542952966
7.164978000	0.483371347	0.542989618
7.164979000	0.465606779	0.531290584
7.164980000	0.566906095	0.540072324
7.164981000	0.438062429	0.538871538
7.164982000	0.526913285	0.536881025
7.164983000	0.560394049	0.531680604
7.164984000	0.406332582	0.523840857
7.164985000	0.509802103	0.525817155
7.164986000	0.490172803	0.532386608
7.164987000	0.525904894	0.522320325
7.164988000	0.555522263	0.526159605
7.164989000	0.579997182	0.518544728
7.164990000	0.509676933	0.532207011
7.164991000	0.505212903	0.528855090
7.164992000	0.565401256	0.528466035
7.164993000	0.601743460	0.526437406
7.164994000	0.551931083	0.523380097
7.164995000	0.538102627	0.525734731
7.164996000	0.572598696	0.513583293
7.164997000	0.606289506	0.527473575
7.164998000	0.640769601	0.528145624
7.164999000	0.568355978	0.522372923
7.165000000	0.608663559	0.519717584
7.165001000	0.601893187	0.515058151
7.165002000	0.498891830	0.518813308
7.165003000	0.669533134	0.514545493
7.165004000	0.583487213	0.519310554
7.165005000	0.600939155	0.516475219
7.165006000	0.582824945	0.528131742
7.165007000	0.654623568	0.518188364
7.165008000	0.553443253	0.519584060
7.165009000	0.630064964	0.512913308
7.165010000	0.589944959	0.520098383
7.165011000	0.649217665	0.519127728
7.165012000	0.676643312	0.510023412
7.165013000	0.671335936	0.514222618
7.165014000	0.628051579	0.508602582
7.165015000	0.570134282	0.512426915
7.165016000	0.607612193	0.508466495
7.165017000	0.658492923	0.500191587
7.165018000	0.667234719	0.507923376
7.165019000	0.608881950	0.512394258
7.165020000	0.651456535	0.511104722
7.165021000	0.612831473	0.492056862
7.165022000	0.608917654	0.514487336
7.165023000	0.655236959	0.510530544
7.165024000	0.599800646	0.522316031
7.165025000	0.637366414	0.507985295
7.165026000	0.532493114	0.513818816
7.165027000	0.616044581	0.514416396
7.165028000	0.688212991	0.501414411
7.165029000	0.602951884	0.509833162
7.165030000	0.608875990	0.506866334
7.165031000	0.682983577	0.508116256
7.165032000	0.595464408	0.494842228
7.165033000	0.641902208	0.506946329
7.165034000	0.629214287	0.498528043
7.165035000	0.649317801	0.503446236
7.165036000	0.653346181	0.507986426
7.165037000	0.676719368	0.498486798
7.165038000	0.626617432	0.497610318
7.165039000	0.621849716	0.498090886
7.165040000	0.718671203	0.501280187
7.165041000	0.648979843	0.495957960
7.165042000	0.704182327	0.489603657
7.165043000	0.714375317	0.502726251
7.165044000	0.663851321	0.489163836
7.165045000	0.691022038	0.495579658
7.165046000	0.640599191	0.497674101
7.165047000	0.743997216	0.494591525
7.165048000	0.722310126	0.496990467
7.165049000	0.690259278	0.487929694
7.165050000	0.685259283	0.482949916
7.165051000	0.661375761	0.492646053
7.165052000	0.779142082	0.494567024
7.165053000	0.822109878	0.486979279
7.165054000	0.679621041	0.492429205
7.165055000	0.772004247	0.493346065
7.165056000	0.639337063	0.489333979
7.165057000	0.763911366	0.479185338
7.165058000	0.842759728	0.489077317
7.165059000	0.663234949	0.479683549
7.165060000	0.748456657	0.484088950
7.165061000	0.686604083	0.495960157
7.165062000	0.690160394	0.484505069
7.165063000	0.846080959	0.487313006
7.165064000	0.676969349	0.498951253
7.165065000	0.657595515	0.488472213
7.165066000	0.618585169	0.483398525
7.165067000	0.698212504	0.488205498
7.165068000	0.707889795	0.482657035
7.165069000	0.724858344	0.476795783
7.165070000	0.731963336	0.478769252
7.165071000	0.719765842	0.487110206
7.165072000	0.771376967	0.470880670
7.165073000	0.617872119	0.480345944
7.165074000	0.733974040	0.478271607
7.165075000	0.704482853	0.484754773
7.165076000	0.670675397	0.472039411
7.165077000	0.595652461	0.483380582
7.165078000	0.715686202	0.470948048
7.165079000	0.733713925	0.483296260
7.165080000	0.767928898	0.474025031
7.165081000	0.713899672	0.477584412
7.165082000	0.687166929	0.481690374
7.165083000	0.732528746	0.475138032
7.165084000	0.799377680	0.479792406
7.165085000	0.782709777	0.478466651
7.165086000	0.768447697	0.472449238
7.165087000	0.758242190	0.482338987
7.165088000	0.738817215	0.480183091
7.165089000	0.723639846	0.471728354
7.165090000	0.757182300	0.466889756
7.165091000	0.775107324	0.482946920
7.165092000	0.700391173	0.473665704
7.165093000	0.708568633	0.466082752
7.165094000	0.733669162	0.468032519
7.165095000	0.781694174	0.468581363
7.165096000	0.760728240	0.477056507
7.165097000	0.764248848	0.471395858
7.165098000	0.814270735	0.462535521
7.165099000	0.743678331	0.475823630
7.165100000	0.771732152	0.464175962
7.165101000	0.774073720	0.472278729
7.165102000	0.784872293	0.479861814
7.165103000	0.768090010	0.462536220
7.165104000	0.770317256	0.466758596
7.165105000	0.803874552	0.466039309
7.165106000	0.770906568	0.469049879
7.165107000	0.725172818	0.460628531
7.165108000	0.772386074	0.465678118
7.165109000	0.783395708	0.464622807
7.165110000	0.779472828	0.463750189
7.165111000	0.803926349	0.464644745
7.165112000	0.735689402	0.463057867
7.165113000	0.866154492	0.464871014
7.165114000	0.771100879	0.452122195
7.165115000	0.729715049	0.457468857
7.165116000	0.765406787	0.459148047
7.165117000	0.820350170	0.468119471
7.165118000	0.730630219	0.461033199
7.165119000	0.786964774	0.458883628
7.165120000	0.830352366	0.467115659
7.165121000	0.821239889	0.471971400
7.165122000	0.802195847	0.455221016
7.165123000	0.715714991	0.457376379
7.165124000	0.818069100	0.455454975
7.165125000	0.788316011	0.458005051
7.165126000	0.763370335	0.456343339
7.165127000	0.820519030	0.463548554
7.165128000	0.778563738	0.462331456
7.165129000	0.822923005	0.456639249
7.165130000	0.845965326	0.462771610
7.165131000	0.824366629	0.462551101
7.165132000	0.861219585	0.458493908
7.165133000	0.849791884	0.468943486
7.165134000	0.707627058	0.458172964
7.165135000	0.810240149	0.461522455
7.165136000	0.787809372	0.467080139
7.165137000	0.767994404	0.453920461
7.165138000	0.904834807	0.454810357
7.165139000	0.841996014	0.452875903
7.165140000	0.805599928	0.455226575
7.165141000	0.791236341	0.456630095
7.165142000	0.823232114	0.455432704
7.165143000	0.758643985	0.460256687
7.165144000	0.846289754	0.457781812
7.165145000	0.752012610	0.442556187
7.165146000	0.829860091	0.452722405
7.165147000	0.845903516	0.459577748
7.165148000	0.854852080	0.448155683
7.165149000	0.753494203	0.446932027
7.165150000	0.833010793	0.460299997
7.165151000	0.809345603	0.435738295
7.165152000	0.804164469	0.452812187
7.165153000	0.913813531	0.442636182
7.165154000	0.908985972	0.444822171
7.165155000	0.840019763	0.447433933
7.165156000	0.925568521	0.444232514
7.165157000	0.800694108	0.443620852
7.165158000	0.823202550	0.461463199
7.165159000	0.737639785	0.450809290
7.165160000	0.890906870	0.445000203
7.165161000	0.897776067	0.446315605
7.165162000	0.836454332	0.451956280
7.165163000	0.799991548	0.451817496
7.165164000	0.815544784	0.448674766
7.165165000	0.786086500	0.443649282
7.165166000	0.774742365	0.448072992
7.165167000	0.848208129	0.453805579
7.165168000	0.886614382	0.443214421
7.165169000	0.839536548	0.436939181
7.165170000	0.840151072	0.447184595
7.165171000	0.934930861	0.454631425
7.165172000	0.885896683	0.453987340
7.165173000	0.832558274	0.452374896
7.165174000	0.787183821	0.450040802
7.165175000	0.945695102	0.440223724
7.165176000	0.875765383	0.437944191
7.165177000	0.845714867	0.445457601
7.165178000	0.768770278	0.440048322
7.165179000	0.842923105	0.445191784
7.165180000	0.821780324	0.444450360
7.165181000	0.878078341	0.434026448
7.165182000	0.853315055	0.441701013
7.165183000	0.815379202	0.443254435
7.165184000	0.792396426	0.440206380
7.165185000	0.834665179	0.447968962
7.165186000	0.801961184	0.432623395
7.165187000	0.953365743	0.433949683
7.165188000	0.881340027	0.437193513
7.165189000	0.891779602	0.437867492
7.165190000	0.974870443	0.435320645
7.165191000	0.772493601	0.436943342
7.165192000	0.852335751	0.430176849
7.165193000	0.861638367	0.439366652
7.165194000	0.849980950	0.446916448
7.165195000	0.826607883	0.442145328
7.165196000	0.892457068	0.431901013
7.165197000	0.885895014	0.435684932
7.165198000	0.875842392	0.440143063
7.165199000	0.836256802	0.439818091
7.165200000	0.874219418	0.438951865
7.165201000	0.817309022	0.426767603
7.165202000	0.922080815	0.439708602
7.165203000	0.843624830	0.433389753
7.165204000	0.836060107	0.434225520
7.165205000	0.907603741	0.429933469
7.165206000	0.857548118	0.438721268
7.165207000	0.863695800	0.441896455
7.165208000	0.841540039	0.433140947
7.165209000	0.821454585	0.438561878
7.165210000	0.828559756	0.431468915
7.165211000	0.946106195	0.434525158
7.165212000	0.847760201	0.444405020
7.165213000	0.865073979	0.433266415
7.165214000	0.824835658	0.442128816
7.165215000	0.911983848	0.433782303
7.165216000	0.863220096	0.432723929
7.165217000	0.851197541	0.427408060
7.165218000	0.824950516	0.438950167
7.165219000	0.918854773	0.424184470
7.165220000	0.899227798	0.434079645
7.165221000	0.898168206	0.423454731
7.165222000	0.914502323	0.429753473
7.165223000	0.914214134	0.430219060
7.165224000	0.941506267	0.431544349
7.165225000	0.834930897	0.421150397
7.165226000	0.814848781	0.428841507
7.165227000	0.820064485	0.426407910
7.165228000	0.911365211	0.427224269
7.165229000	0.929552019	0.419623707
7.165230000	0.969518423	0.428937880
7.165231000	0.849173307	0.421521475
7.165232000	0.897246778	0.430509944
7.165233000	0.914084971	0.430802692
7.165234000	0.943337977	0.420743666
7.165235000	0.855685472	0.418912077
7.165236000	0.982767045	0.421768983
7.165237000	0.835817993	0.426009401
7.165238000	0.867101014	0.425743451
7.165239000	0.875308156	0.424440167
7.165240000	0.933012068	0.417199132
7.165241000	0.876804173	0.427360589
7.165242000	0.885973990	0.427970120
7.165243000	0.863557935	0.416482475
7.165244000	0.963619649	0.425206159
7.165245000	0.863524437	0.428743402
7.165246000	0.921782792	0.424666669
7.165247000	0.876954615	0.432069857
7.165248000	0.980654418	0.439005161
7.165249000	0.959470630	0.427013247
7.165250000	0.910932362	0.428420461
7.165251000	0.890477598	0.428346958
7.165252000	0.870031714	0.413400599
7.165253000	0.957579613	0.430688409
7.165254000	0.903936148	0.422177013
7.165255000	0.870633125	0.424520694
7.165256000	0.977257729	0.423835130
7.165257000	0.918119371	0.418326082
7.165258000	0.924032331	0.425979873
7.165259000	0.945864081	0.429806170
7.165260000	0.901977897	0.420580547
7.165261000	0.976774633	0.421655566
7.165262000	0.893952906	0.425025896
7.165263000	0.872129500	0.423242443
7.165264000	0.962460041	0.417869949
7.165265000	0.899874926	0.421401167
7.165266000	0.913307309	0.407182850
7.165267000	0.907879472	0.422283939
7.165268000	0.936033666	0.415137712
7.165269000	0.964993477	0.418730682
7.165270000	0.914766312	0.417264812
7.165271000	0.903865278	0.408998493
7.165272000	0.866914392	0.426292628
7.165273000	0.895453513	0.414755249
7.165274000	0.868382156	0.426935016
7.165275000	0.906569839	0.419021832
7.165276000	0.851893008	0.414611738
7.165277000	0.913647532	0.417801106
7.165278000	0.946714103	0.424541500
7.165279000	0.931864440	0.409155686
7.165280000	0.924620569	0.413516313
7.165281000	0.938168287	0.419242975
7.165282000	0.940803051	0.413110347
7.165283000	0.901765943	0.415179990
7.165284000	0.878191590	0.412179073
7.165285000	0.969372928	0.418432508
7.165286000	0.912314773	0.415397437
7.165287000	0.971595109	0.405952270
7.165288000	0.945514977	0.416835144
7.165289000	0.858909249	0.412085463
7.165290000	0.938357413	0.408902786
7.165291000	0.933829725	0.415376797
7.165292000	0.956611812	0.415548138
7.165293000	0.920748234	0.422429048
7.165294000	0.899869502	0.421481761
7.165295000	0.955558658	0.408165390
7.165296000	0.933296919	0.414631112
7.165297000	0.895116866	0.409192904
7.165298000	0.927848816	0.415353761
7.165299000	0.961138904	0.412957182
7.165300000	0.927432895	0.423754503
7.165301000	0.984835505	0.414839105
7.165302000	0.971668720	0.417335020
7.165303000	0.939650893	0.402167052
7.165304000	0.899620891	0.414092055
7.165305000	0.944804251	0.410233800
7.165306000	0.884234250	0.412902521
7.165307000	0.918132544	0.415108750
7.165308000	0.931687593	0.414449318
7.165309000	0.889321446	0.407373865
7.165310000	0.959699929	0.407144167
7.165311000	0.981119394	0.400267752
7.165312000	0.926192999	0.404627214
7.165313000	0.943276942	0.413512118
7.165314000	0.954406559	0.399652029
7.165315000	0.956822395	0.402209929
7.165316000	0.987512708	0.402391357
7.165317000	0.959693670	0.403826068
7.165318000	0.850135207	0.415121367
7.165319000	0.960556328	0.403958760
7.165320000	0.906752348	0.411580295
7.165321000	0.873744726	0.402815465
7.165322000	1.014389277	0.415070467
7.165323000	0.880078614	0.407500898
7.165324000	0.982136428	0.405922742
7.165325000	0.955165505	0.409227924
7.165326000	0.941731453	0.418890872
7.165327000	0.947736979	0.405046229
7.165328000	0.931681573	0.408688068
7.165329000	0.869729459	0.405683590
7.165330000	0.949535608	0.401720174
7.165331000	0.951139450	0.406019348
7.165332000	0.913005710	0.410108432
7.165333000	0.975287080	0.404480973
7.165334000	0.938894033	0.402042283
7.165335000	0.940183520	0.398771622
7.165336000	0.897328973	0.408573153
7.165337000	1.004480124	0.401964852
7.165338000	0.946917295	0.395167566
7.165339000	0.995515704	0.411672973
7.165340000	0.950845122	0.404253639
7.165341000	0.972860694	0.398347147
7.165342000	0.942558587	0.409521738
7.165343000	0.883389533	0.405962057
7.165344000	0.958747864	0.406334134
7.165345000	0.967562437	0.398653677
7.165346000	0.976761401	0.403944013
7.165347000	0.959627330	0.401223161
7.165348000	0.934782147	0.400024106
7.165349000	0.952864587	0.403557222
7.165350000	0.996382594	0.408657875
7.165351000	0.912869215	0.406396119
7.165352000	1.019786477	0.399945377
7.165353000	0.923669100	0.400494887
7.165354000	1.002897263	0.407227957
7.165355000	0.958444476	0.402404739
7.165356000	0.907627404	0.405031981
7.165357000	0.949150801	0.406159064
7.165358000	0.937868357	0.407334483
7.165359000	1.007595658	0.398903781
7.165360000	0.892027497	0.406726550
7.165361000	0.976038575	0.411242306
7.165362000	0.925096512	0.400954515
7.165363000	0.943356872	0.392896389
7.165364000	0.947202325	0.398693058
7.165365000	1.018126369	0.392196410
7.165366000	0.971466422	0.395138371
7.165367000	0.967685759	0.401009076
7.165368000	0.927269459	0.399827964
7.165369000	1.026219130	0.398260661
7.165370000	0.948490739	0.408414895
7.165371000	0.878115356	0.401774735
7.165372000	0.900355875	0.389397960
7.165373000	0.966347158	0.387640873
7.165374000	1.012663007	0.397524563
7.165375000	1.007817268	0.393373594
7.165376000	0.897131383	0.393472197
7.165377000	0.988818467	0.388677043
7.165378000	0.969026089	0.404878250
7.165379000	1.017708182	0.402528843
7.165380000	0.985257447	0.404994663
7.165381000	0.933037043	0.402382335
7.165382000	0.951029658	0.398518754
7.165383000	1.029740214	0.402337661
7.165384000	0.940707088	0.402969263
7.165385000	0.950382531	0.395478656
7.165386000	0.953449309	0.402417755
7.165387000	0.998424053	0.395907625
7.165388000	0.929862559	0.393468602
7.165389000	0.976878941	0.381366466
7.165390000	0.878195643	0.393172359
7.165391000	0.922934532	0.394331300
7.165392000	0.959593534	0.389773599
7.165393000	0.910970688	0.392218914
7.165394000	0.938748479	0.400164222
7.165395000	0.930279613	0.396638596
7.165396000	0.932998121	0.389959155
7.165397000	0.892441928	0.396799917
7.165398000	1.021985650	0.390207628
7.165399000	1.061232090	0.395822337
7.165400000	1.011476517	0.388547846
7.165401000	0.958714426	0.392477174
7.165402000	0.925665140	0.399155217
7.165403000	0.947248459	0.396295914
7.165404000	0.972075105	0.406464895
7.165405000	0.991333723	0.394021807
7.165406000	0.911463082	0.392508066
7.165407000	0.926726758	0.393850300
7.165408000	0.994911134	0.391773800
7.165409000	1.051516533	0.390902946
7.165410000	0.904217005	0.396962603
7.165411000	0.929533780	0.398792794
7.165412000	0.991102874	0.391968477
7.165413000	0.942352176	0.393545900
7.165414000	0.929351747	0.389109939
7.165415000	0.912897348	0.396345915
7.165416000	1.039004326	0.391867776
7.165417000	0.901426375	0.398478607
7.165418000	0.871103108	0.393484248
7.165419000	0.941844046	0.391968577
7.165420000	0.980721295	0.392504504
7.165421000	0.990083218	0.386839462
7.165422000	0.960111976	0.397252222
7.165423000	0.935249388	0.392939598
7.165424000	0.983491778	0.395365505
7.165425000	0.943231285	0.397510548
7.165426000	0.960432649	0.395556021
7.165427000	0.993579984	0.391334611
7.165428000	0.938752353	0.383219127
7.165429000	0.935003042	0.384684565
7.165430000	0.956639767	0.387384411
7.165431000	0.990568519	0.394716959
7.165432000	1.047623158	0.395248326
7.165433000	0.974376321	0.386954876
7.165434000	0.963990271	0.393487344
7.165435000	0.986255109	0.389235508
7.165436000	0.989397883	0.390365420
7.165437000	0.938889205	0.390162055
7.165438000	1.000298381	0.386890361
7.165439000	1.025547624	0.395450959
7.165440000	0.994882286	0.392617689
7.165441000	0.967884719	0.392926083
7.165442000	0.931213319	0.394402173
7.165443000	0.966364861	0.383583780
7.165444000	0.941041052	0.385453652
7.165445000	0.998507023	0.393286908
7.165446000	0.972822189	0.386919889
7.165447000	0.878063977	0.386131127
7.165448000	1.037901878	0.385932921
7.165449000	1.008744001	0.385669002
7.165450000	0.992652774	0.389870605
7.165451000	1.074433446	0.385959919
7.165452000	1.028138399	0.378968922
7.165453000	0.943548262	0.390144278
7.165454000	0.947402239	0.393654324
7.165455000	1.034600258	0.389046723
7.165456000	0.982792556	0.392772552
7.165457000	0.976594150	0.388337323
7.165458000	1.005607963	0.381321858
7.165459000	0.927086234	0.387845371
7.165460000	0.980138004	0.384352369
7.165461000	0.988428712	0.385515771
7.165462000	1.003449082	0.398343385
7.165463000	0.961754858	0.388613659
7.165464000	0.984364748	0.384599909
7.165465000	0.922193468	0.385445763
7.165466000	0.987466991	0.383401088
7.165467000	0.922426224	0.374933633
7.165468000	0.977805734	0.380238617
7.165469000	1.048370600	0.391161273
7.165470000	1.012211561	0.369462469
7.165471000	0.881118596	0.386955742
7.165472000	0.957602739	0.382246907
7.165473000	0.941193819	0.381460142
7.165474000	1.007530212	0.393505753
7.165475000	0.957581460	0.375885980
7.165476000	1.021503210	0.383187735
7.165477000	0.935404658	0.380267412
7.165478000	1.051024437	0.385350155
7.165479000	0.983416140	0.382425239
7.165480000	1.010965943	0.378733332
7.165481000	0.994360447	0.374771813
7.165482000	1.055899382	0.385952196
7.165483000	1.077848792	0.370547973
7.165484000	1.024617314	0.381300952
7.165485000	0.912780225	0.382739126
7.165486000	0.950153768	0.390250638
7.165487000	0.929808497	0.387250887
7.165488000	0.918624461	0.384422143
7.165489000	1.075620294	0.374091009
7.165490000	0.991108537	0.369390996
7.165491000	0.933495641	0.390352371
7.165492000	0.974353015	0.375043555
7.165493000	0.990238428	0.375993805
7.165494000	0.936000347	0.384187219
7.165495000	1.051296115	0.386540755
7.165496000	1.014859557	0.386557999
7.165497000	1.045878768	0.374502867
7.165498000	1.058824897	0.381618268
7.165499000	0.957386672	0.382616221
7.165500000	0.978691041	0.385884685
7.165501000	0.936819315	0.371022748
7.165502000	1.040454030	0.376316447
7.165503000	0.958085597	0.380746116
7.165504000	1.052534580	0.376853739
7.165505000	0.963981807	0.380164648
7.165506000	1.068038106	0.380556632
7.165507000	0.984357536	0.375095986
7.165508000	0.896788836	0.373154409
7.165509000	0.981438816	0.383117161
7.165510000	1.013643622	0.378651506
7.165511000	0.915690601	0.382116678
7.165512000	1.012337804	0.375982453
7.165513000	1.006965637	0.378748645
7.165514000	1.027952790	0.372036813
7.165515000	1.001077414	0.373159236
7.165516000	1.073999166	0.378183322
7.165517000	1.026358485	0.377045553
7.165518000	0.948303938	0.374505297
7.165519000	0.926292121	0.375470893
7.165520000	1.018723130	0.379648793
7.165521000	1.073572874	0.382801776
7.165522000	1.035058975	0.374410356
7.165523000	1.059959888	0.377120921
7.165524000	1.078605771	0.374735361
7.165525000	1.064625978	0.384553204
7.165526000	1.008836865	0.376325668
7.165527000	1.056122541	0.373284937
7.165528000	0.959909976	0.373695363
7.165529000	0.943090022	0.369240960
7.165530000	1.013213158	0.374340481
7.165531000	0.984306633	0.378750076
7.165532000	1.026750922	0.377978758
7.165533000	0.979869664	0.367216658
7.165534000	0.977471828	0.371252512
7.165535000	1.067454219	0.376823046
7.165536000	1.067156672	0.371236999
7.165537000	1.019648552	0.366082418
7.165538000	1.047336936	0.385109772
7.165539000	1.005207896	0.382405565
7.165540000	0.987171769	0.381383843
7.165541000	1.012865782	0.372367644
7.165542000	0.914535522	0.372613587
7.165543000	0.999816656	0.367893234
7.165544000	1.048049808	0.371177145
7.165545000	0.994458377	0.369011063
7.165546000	0.970478356	0.369395357
7.165547000	0.998224378	0.373066325
7.165548000	1.063648939	0.379604984
7.165549000	0.994958758	0.371265462
7.165550000	1.036124110	0.374035149
7.165551000	0.919582903	0.361442226
7.165552000	0.977399647	0.368412284
7.165553000	0.946018755	0.366500368
7.165554000	1.014172912	0.374613521
7.165555000	1.001271367	0.372147567
7.165556000	0.930020630	0.371614170
7.165557000	1.044915080	0.370638387
7.165558000	0.923975646	0.376501736
7.165559000	1.103749275	0.369791802
7.165560000	1.005870461	0.378060484
7.165561000	1.070465684	0.373014626
7.165562000	0.961440325	0.364878769
7.165563000	1.054461956	0.370250198
7.165564000	1.026478410	0.370621876
7.165565000	0.974080980	0.378458693
7.165566000	1.098850608	0.373454114
7.165567000	0.964068711	0.364380458
7.165568000	0.976408780	0.376899279
7.165569000	0.998267591	0.371105473
7.165570000	1.001559615	0.376554766
7.165571000	0.986851931	0.368842751
7.165572000	0.990327299	0.368933332
7.165573000	1.028462410	0.363581110
7.165574000	1.012941957	0.368080754
7.165575000	0.978781164	0.370789788
7.165576000	1.066667914	0.380768253
7.165577000	1.016664982	0.366771378
7.165578000	1.043828726	0.372292909
7.165579000	1.013569474	0.369908481
7.165580000	0.867465556	0.369170386
7.165581000	0.997529984	0.366059814
7.165582000	1.067873716	0.374285786
7.165583000	1.106159091	0.367481909
7.165584000	0.960127831	0.366910428
7.165585000	0.978440821	0.362823474
7.165586000	1.000226736	0.368224997
7.165587000	1.040815473	0.369739504
7.165588000	1.093925953	0.365640832
7.165589000	0.998649478	0.354579992
7.165590000	1.073994637	0.374424104
7.165591000	0.957252145	0.364596574
7.165592000	0.963129282	0.370129291
7.165593000	1.001119018	0.361317257
7.165594000	1.049550772	0.362747541
7.165595000	1.038728237	0.366139443
7.165596000	1.105173588	0.368572573
7.165597000	1.014075518	0.375487005
7.165598000	1.022627950	0.367394258
7.165599000	1.011827946	0.361676384
7.165600000	1.111712813	0.372735427
7.165601000	0.998359978	0.366456725
7.165602000	1.055429220	0.369344790
7.165603000	0.990925133	0.369474619
7.165604000	0.998050690	0.384382862
7.165605000	1.014791012	0.356954833
7.165606000	1.025891781	0.368179058
7.165607000	1.065062046	0.359589198
7.165608000	1.052543879	0.361870129
7.165609000	0.997384012	0.368531494
7.165610000	0.981591344	0.365879285
7.165611000	1.047906041	0.364200661
7.165612000	1.021966219	0.369642432
7.165613000	1.001993895	0.359975024
7.165614000	1.093878150	0.364590582
7.165615000	1.065025330	0.362138409
7.165616000	1.047460914	0.369269556
7.165617000	1.004035950	0.362729398
7.165618000	1.065603256	0.370042339
7.165619000	0.951216698	0.364919116
7.165620000	0.972320199	0.368635058
7.165621000	1.029039741	0.366593445
7.165622000	1.037524462	0.371652186
7.165623000	1.060234189	0.367525851
7.165624000	1.088698864	0.358205386
7.165625000	1.037432551	0.373821531
7.165626000	1.050073504	0.369384271
7.165627000	1.093120098	0.350394668
7.165628000	0.986924589	0.361019682
7.165629000	0.977530777	0.365011860
7.165630000	0.961363912	0.361356239
7.165631000	1.028059006	0.364179556
7.165632000	1.060315371	0.367758245
7.165633000	1.019214034	0.364328493
7.165634000	1.058731437	0.363678748
7.165635000	1.066781282	0.361600284
7.165636000	1.088953376	0.364628432
7.165637000	1.099316835	0.362240442
7.165638000	1.013487458	0.362374698
7.165639000	1.023305416	0.364797942
7.165640000	1.015756607	0.369736341
7.165641000	1.018873215	0.357394421
7.165642000	1.060260057	0.364274131
7.165643000	1.030813694	0.361988507
7.165644000	0.945716202	0.376673477
7.165645000	1.009569168	0.360322766
7.165646000	1.007801294	0.367728484
7.165647000	0.935447097	0.373803954
7.165648000	1.030684352	0.356359583
7.165649000	1.004975080	0.349950186
7.165650000	1.083092093	0.365981817
7.165651000	0.945992172	0.354242170
7.165652000	0.922802329	0.360433787
7.165653000	1.073821306	0.362682127
7.165654000	0.895758092	0.370262049
7.165655000	0.989492357	0.372020934
7.165656000	1.027058005	0.362132717
7.165657000	1.072759509	0.362045265
7.165658000	1.058618426	0.363819563
7.165659000	0.979690552	0.364068802
7.165660000	0.970987201	0.360236113
7.165661000	1.007981062	0.361422086
7.165662000	1.125100374	0.355999490
7.165663000	1.095361471	0.369386735
7.165664000	1.061715961	0.361579412
7.165665000	0.958327770	0.357109329
7.165666000	0.995832920	0.357658972
7.165667000	1.123671651	0.358561385
7.165668000	0.999919653	0.359821193
7.165669000	0.973901808	0.361540829
7.165670000	0.941063404	0.360181951
7.165671000	0.975227535	0.368248400
7.165672000	1.063794613	0.363977522
7.165673000	1.035860062	0.350781858
7.165674000	1.113088131	0.359468957
7.165675000	1.048524141	0.365892102
7.165676000	1.067506075	0.360494673
7.165677000	1.054290175	0.356161943
7.165678000	1.020512700	0.360395870
7.165679000	0.954524875	0.354815815
7.165680000	1.082217336	0.359159131
7.165681000	1.052946925	0.369489566
7.165682000	1.024588466	0.358405823
7.165683000	1.045032501	0.354522634
7.165684000	0.993469954	0.355768727
7.165685000	0.985203087	0.364836058
7.165686000	1.039172173	0.370201396
7.165687000	1.089019895	0.357019348
7.165688000	0.969676912	0.353245615
7.165689000	1.101560473	0.347568821
7.165690000	1.073771358	0.360289943
7.165691000	0.974844873	0.351665695
7.165692000	1.093018770	0.357992766
7.165693000	0.986481905	0.354499032
7.165694000	1.093419909	0.357617460
7.165695000	1.091393113	0.355737335
7.165696000	1.071227670	0.356641745
7.165697000	1.033113480	0.354892847
7.165698000	1.028112054	0.363237330
7.165699000	0.955170333	0.357139390
7.165700000	0.952565670	0.356418605
7.165701000	1.032483101	0.363335866
7.165702000	1.024964213	0.362158716
7.165703000	1.005750895	0.362511019
7.165704000	1.056623340	0.347634268
7.165705000	1.020929933	0.358022461
7.165706000	1.040264249	0.357302508
7.165707000	0.980584383	0.365280706
7.165708000	1.103011370	0.364003521
7.165709000	1.023713946	0.358168102
7.165710000	0.991883218	0.356575598
7.165711000	1.057761312	0.363132135
7.165712000	1.049652934	0.356423965
7.165713000	0.980150282	0.354594040
7.165714000	1.097049594	0.361275512
7.165715000	1.086866379	0.355207333
7.165716000	0.967370212	0.365022247
7.165717000	1.098370552	0.357970829
7.165718000	1.054600954	0.360417841
7.165719000	1.022619009	0.356723337
7.165720000	1.030437708	0.358112475
7.165721000	0.993188322	0.359449782
7.165722000	1.047779083	0.355085593
7.165723000	1.006705761	0.355636568
7.165724000	1.121163130	0.353485333
7.165725000	1.048907042	0.357424881
7.165726000	1.076474428	0.363915104
7.165727000	1.065962911	0.348322429
7.165728000	1.026670337	0.360005151
7.165729000	1.055839062	0.359921061
7.165730000	0.973239183	0.361630744
7.165731000	1.023856282	0.345074005
7.165732000	1.083406210	0.353954083
7.165733000	1.050576925	0.354159579
7.165734000	1.047414660	0.357715498
7.165735000	1.042827845	0.352032778
7.165736000	1.087790370	0.363337864
7.165737000	1.081078172	0.353770657
7.165738000	1.014407635	0.348593372
7.165739000	1.055119872	0.354969479
7.165740000	0.999905884	0.353946526
7.165741000	1.082125068	0.357298813
7.165742000	1.101220489	0.356365642
7.165743000	1.080070734	0.353325011
7.165744000	0.978418946	0.351799951
7.165745000	1.005151868	0.358303724
7.165746000	0.935378790	0.347559267
7.165747000	1.042581320	0.354491076
7.165748000	1.047967672	0.349547916
7.165749000	0.972120285	0.352589978
7.165750000	1.013336658	0.357780612
7.165751000	0.998517275	0.357570888
7.165752000	0.998764753	0.348857891
7.165753000	1.057382822	0.358417541
7.165754000	1.054918647	0.341821287
7.165755000	1.052478075	0.350273294
7.165756000	1.021527410	0.350029948
7.165757000	1.056864381	0.336242796
7.165758000	1.044946551	0.358247165
