D:\KID metingen\Entropy ADR\LT343chip5_BF_20240530_mapping\S21\Power\KID291_100dBm_.dat
Power at KID:100dBm
resonance Frequency in GHz :7.382894
Q=17833.077296, Qc=20474.067949, Qi=138249.499624  S21min=-17.788746


Temperature in K:0.099976
GHz	dB	Rad
7.382078000	1.091516018	0.142523477
7.382079000	1.107377648	0.140133889
7.382080000	1.110750556	0.141576573
7.382081000	1.090004921	0.142335374
7.382082000	1.103569269	0.141155927
7.382083000	1.116191030	0.140796733
7.382084000	1.101404667	0.142483013
7.382085000	1.111445069	0.141588274
7.382086000	1.084356308	0.140254447
7.382087000	1.103752375	0.139623760
7.382088000	1.123325586	0.139931888
7.382089000	1.125485539	0.138667902
7.382090000	1.110576153	0.139839443
7.382091000	1.131730318	0.137987123
7.382092000	1.106944680	0.138126789
7.382093000	1.124435544	0.139438529
7.382094000	1.118137717	0.137272464
7.382095000	1.110981226	0.137653678
7.382096000	1.117837071	0.140024499
7.382097000	1.117764831	0.138750718
7.382098000	1.126447678	0.138803948
7.382099000	1.120389581	0.137271332
7.382100000	1.128965378	0.137705627
7.382101000	1.124908328	0.136651248
7.382102000	1.126180887	0.135131582
7.382103000	1.113467216	0.136895152
7.382104000	1.126667142	0.137948399
7.382105000	1.136164784	0.137109503
7.382106000	1.126579762	0.137331711
7.382107000	1.137913704	0.135477368
7.382108000	1.131093144	0.136615162
7.382109000	1.129735112	0.134259371
7.382110000	1.128766656	0.135682523
7.382111000	1.137806296	0.136634453
7.382112000	1.110504270	0.136158272
7.382113000	1.138636231	0.134574865
7.382114000	1.125660658	0.135336088
7.382115000	1.130983353	0.135956038
7.382116000	1.138749242	0.134762093
7.382117000	1.132102132	0.133142725
7.382118000	1.140375495	0.135729345
7.382119000	1.152320266	0.133472774
7.382120000	1.148303270	0.132159968
7.382121000	1.132872701	0.132399220
7.382122000	1.150097489	0.132562522
7.382123000	1.137494564	0.133396258
7.382124000	1.152558923	0.133296822
7.382125000	1.143263459	0.134076371
7.382126000	1.145566821	0.130939333
7.382127000	1.145437598	0.131863375
7.382128000	1.153725505	0.131716935
7.382129000	1.160845637	0.132153244
7.382130000	1.140262842	0.132513045
7.382131000	1.165379047	0.131171852
7.382132000	1.158286452	0.130138879
7.382133000	1.141731143	0.129087779
7.382134000	1.150429606	0.130219165
7.382135000	1.142443419	0.131439733
7.382136000	1.158860564	0.129757481
7.382137000	1.161183000	0.129769473
7.382138000	1.171815753	0.129895849
7.382139000	1.153504729	0.130996184
7.382140000	1.180095434	0.128264812
7.382141000	1.171772718	0.128669155
7.382142000	1.168384790	0.128315570
7.382143000	1.172612786	0.129447622
7.382144000	1.161854029	0.128319399
7.382145000	1.156456351	0.127981993
7.382146000	1.165743947	0.127327529
7.382147000	1.166835546	0.128301339
7.382148000	1.164169192	0.126555878
7.382149000	1.160792232	0.127128441
7.382150000	1.164803028	0.127793225
7.382151000	1.169957995	0.125146900
7.382152000	1.178241372	0.127920016
7.382153000	1.174029708	0.126595410
7.382154000	1.188208342	0.125398635
7.382155000	1.190387130	0.125400325
7.382156000	1.179566741	0.124858746
7.382157000	1.186675310	0.124937892
7.382158000	1.191134572	0.125452939
7.382159000	1.183470488	0.123783960
7.382160000	1.181956649	0.125530778
7.382161000	1.197986603	0.123193047
7.382162000	1.188043952	0.123484047
7.382163000	1.190965176	0.124688004
7.382164000	1.167469978	0.123296044
7.382165000	1.186106801	0.124330990
7.382166000	1.181333780	0.122724006
7.382167000	1.194741964	0.121733543
7.382168000	1.202300787	0.120791591
7.382169000	1.188965201	0.125162779
7.382170000	1.201587319	0.121755564
7.382171000	1.186523676	0.122122805
7.382172000	1.181787252	0.121643203
7.382173000	1.201161146	0.122268980
7.382174000	1.201140523	0.121149911
7.382175000	1.186009049	0.119877211
7.382176000	1.189144611	0.119049384
7.382177000	1.199619532	0.120834002
7.382178000	1.202598453	0.121091563
7.382179000	1.211937904	0.120002605
7.382180000	1.200447917	0.121053263
7.382181000	1.205172658	0.120720610
7.382182000	1.179733872	0.117135470
7.382183000	1.214069605	0.119476880
7.382184000	1.205556035	0.117692487
7.382185000	1.205442548	0.120065938
7.382186000	1.190207481	0.120138218
7.382187000	1.207172513	0.117363687
7.382188000	1.202013731	0.117134755
7.382189000	1.214660645	0.116127223
7.382190000	1.200391293	0.118120199
7.382191000	1.224835992	0.115795717
7.382192000	1.209048033	0.117647014
7.382193000	1.220638514	0.117485593
7.382194000	1.202546597	0.116854573
7.382195000	1.208721638	0.117509278
7.382196000	1.220487952	0.116974366
7.382197000	1.217380285	0.117597063
7.382198000	1.198936105	0.116539255
7.382199000	1.205716133	0.117054918
7.382200000	1.220683098	0.115820618
7.382201000	1.213145256	0.113218193
7.382202000	1.227975726	0.114504625
7.382203000	1.200280190	0.114783317
7.382204000	1.219057679	0.116440876
7.382205000	1.223551273	0.114878009
7.382206000	1.206434131	0.114161602
7.382207000	1.218031883	0.113536425
7.382208000	1.221505284	0.115178838
7.382209000	1.228748322	0.113618059
7.382210000	1.223965645	0.115265499
7.382211000	1.215668797	0.113239207
7.382212000	1.224915385	0.113044156
7.382213000	1.235879421	0.110554159
7.382214000	1.229705811	0.111674267
7.382215000	1.230760574	0.113155767
7.382216000	1.227884173	0.111144598
7.382217000	1.242044926	0.110451502
7.382218000	1.237087965	0.111781002
7.382219000	1.222666621	0.113298712
7.382220000	1.235400319	0.109496434
7.382221000	1.234862566	0.111904764
7.382222000	1.236086011	0.109608944
7.382223000	1.230850697	0.109800093
7.382224000	1.237312078	0.109747753
7.382225000	1.249137759	0.109924113
7.382226000	1.238969803	0.107711475
7.382227000	1.254924297	0.108958700
7.382228000	1.259298205	0.107347163
7.382229000	1.238560438	0.108253071
7.382230000	1.253180981	0.110137066
7.382231000	1.249571443	0.107421366
7.382232000	1.236539602	0.106379179
7.382233000	1.248523831	0.107836086
7.382234000	1.261862040	0.106760902
7.382235000	1.259240031	0.107246462
7.382236000	1.261700034	0.106971691
7.382237000	1.215645075	0.107003632
7.382238000	1.249975681	0.106306658
7.382239000	1.259123683	0.106482476
7.382240000	1.254475474	0.105640751
7.382241000	1.259715438	0.106147126
7.382242000	1.243622780	0.104240494
7.382243000	1.258370876	0.106471258
7.382244000	1.242789030	0.106110375
7.382245000	1.254492521	0.105965074
7.382246000	1.261229277	0.105007235
7.382247000	1.258838534	0.103809354
7.382248000	1.255497336	0.101686631
7.382249000	1.247058392	0.104157920
7.382250000	1.258134127	0.104382815
7.382251000	1.265667081	0.102621509
7.382252000	1.265432596	0.102140850
7.382253000	1.261030555	0.102883214
7.382254000	1.262923837	0.102756814
7.382255000	1.265612721	0.103836018
7.382256000	1.266658664	0.100829742
7.382257000	1.262118816	0.102813814
7.382258000	1.280342221	0.102600952
7.382259000	1.265048862	0.102251512
7.382260000	1.268307567	0.101266176
7.382261000	1.270878792	0.101716700
7.382262000	1.265938759	0.102852446
7.382263000	1.275610685	0.100751296
7.382264000	1.270749331	0.100782380
7.382265000	1.284341812	0.099446147
7.382266000	1.277930975	0.099778301
7.382267000	1.288590670	0.098706362
7.382268000	1.295859933	0.100537960
7.382269000	1.286299944	0.100654315
7.382270000	1.282777071	0.098093269
7.382271000	1.296762466	0.098644843
7.382272000	1.277116895	0.097184449
7.382273000	1.298360586	0.096448626
7.382274000	1.280212998	0.097249155
7.382275000	1.296398163	0.096327677
7.382276000	1.273208499	0.095903968
7.382277000	1.290776253	0.096223722
7.382278000	1.307693601	0.097456890
7.382279000	1.284846306	0.095472145
7.382280000	1.286663771	0.094314726
7.382281000	1.306257367	0.094592486
7.382282000	1.284073949	0.094179954
7.382283000	1.289858937	0.093832461
7.382284000	1.272051096	0.094461750
7.382285000	1.284061432	0.093286904
7.382286000	1.304174781	0.093052871
7.382287000	1.302358747	0.093417757
7.382288000	1.303527236	0.094220867
7.382289000	1.284816384	0.093025665
7.382290000	1.317832232	0.092186353
7.382291000	1.295981646	0.094756329
7.382292000	1.315659523	0.091634380
7.382293000	1.300674438	0.093735830
7.382294000	1.318486691	0.089655693
7.382295000	1.309119463	0.093379649
7.382296000	1.311607242	0.093118410
7.382297000	1.311603546	0.091140729
7.382298000	1.318015337	0.090217087
7.382299000	1.305010319	0.089917548
7.382300000	1.317640543	0.090163033
7.382301000	1.314997792	0.089155060
7.382302000	1.321446896	0.089506589
7.382303000	1.316522837	0.089231975
7.382304000	1.336396217	0.088339708
7.382305000	1.324628472	0.087609819
7.382306000	1.325377345	0.086209279
7.382307000	1.337957978	0.088468705
7.382308000	1.318816662	0.087092783
7.382309000	1.331945658	0.088515410
7.382310000	1.327899456	0.088218160
7.382311000	1.326138377	0.087622810
7.382312000	1.337349176	0.087247895
7.382313000	1.329230428	0.086793652
7.382314000	1.321178794	0.087779504
7.382315000	1.336706042	0.086063887
7.382316000	1.332062960	0.083468836
7.382317000	1.334088683	0.083084193
7.382318000	1.328618288	0.086273636
7.382319000	1.333816290	0.082235135
7.382320000	1.320003748	0.083750782
7.382321000	1.351944208	0.084237391
7.382322000	1.346173406	0.083554207
7.382323000	1.348418236	0.084261660
7.382324000	1.336083889	0.082006045
7.382325000	1.333667278	0.082055305
7.382326000	1.348060727	0.082488452
7.382327000	1.359711170	0.082243000
7.382328000	1.356728435	0.081344549
7.382329000	1.343938947	0.080932983
7.382330000	1.361945748	0.081753445
7.382331000	1.329774976	0.078428338
7.382332000	1.347634196	0.081954588
7.382333000	1.363097429	0.081067839
7.382334000	1.352155089	0.079506752
7.382335000	1.348142982	0.079551618
7.382336000	1.372452736	0.078620610
7.382337000	1.338867068	0.079218040
7.382338000	1.363224983	0.078802346
7.382339000	1.361308455	0.079002066
7.382340000	1.359655142	0.079064617
7.382341000	1.372389436	0.079515765
7.382342000	1.371816516	0.077965464
7.382343000	1.363913894	0.076018452
7.382344000	1.352620125	0.075664834
7.382345000	1.360756874	0.077215127
7.382346000	1.357610464	0.076534148
7.382347000	1.377725124	0.077468393
7.382348000	1.385540485	0.075413215
7.382349000	1.368856192	0.074665882
7.382350000	1.367404580	0.077050610
7.382351000	1.367453575	0.075737780
7.382352000	1.385791183	0.074278559
7.382353000	1.378438234	0.072519616
7.382354000	1.360811234	0.074769330
7.382355000	1.379696369	0.073150386
7.382356000	1.392833591	0.071702650
7.382357000	1.381275296	0.073621549
7.382358000	1.370311975	0.071581259
7.382359000	1.363983393	0.070128530
7.382360000	1.388535023	0.071563866
7.382361000	1.376070619	0.072624220
7.382362000	1.385715008	0.070351212
7.382363000	1.378498912	0.070216622
7.382364000	1.384593129	0.071201210
7.382365000	1.390950441	0.068811231
7.382366000	1.395550489	0.071699545
7.382367000	1.404463768	0.067925239
7.382368000	1.402849078	0.069883478
7.382369000	1.374158025	0.068787741
7.382370000	1.391221404	0.068073697
7.382371000	1.395596862	0.069325670
7.382372000	1.387646914	0.067974137
7.382373000	1.396024704	0.066206060
7.382374000	1.396406889	0.066828461
7.382375000	1.403043985	0.067604698
7.382376000	1.387540936	0.065277748
7.382377000	1.394312143	0.065643692
7.382378000	1.404680133	0.065581016
7.382379000	1.408285022	0.066341690
7.382380000	1.405579805	0.063184167
7.382381000	1.403989673	0.064120688
7.382382000	1.393889546	0.063460337
7.382383000	1.411859512	0.062958248
7.382384000	1.404329181	0.062137894
7.382385000	1.413547516	0.064385398
7.382386000	1.416248441	0.062953704
7.382387000	1.413885832	0.061145159
7.382388000	1.420080543	0.062068627
7.382389000	1.415441513	0.062015572
7.382390000	1.410363913	0.062002576
7.382391000	1.410659790	0.061132110
7.382392000	1.424676657	0.061584689
7.382393000	1.403832674	0.060801478
7.382394000	1.430411339	0.059172368
7.382395000	1.420151472	0.059754606
7.382396000	1.418818235	0.058397314
7.382397000	1.420089841	0.057120199
7.382398000	1.418700814	0.058390002
7.382399000	1.432683945	0.056354365
7.382400000	1.417619824	0.056050852
7.382401000	1.438909531	0.053483769
7.382402000	1.430961847	0.056658536
7.382403000	1.423503757	0.055502304
7.382404000	1.420055866	0.057753873
7.382405000	1.430688143	0.054736803
7.382406000	1.434050679	0.055814077
7.382407000	1.424124599	0.054679433
7.382408000	1.438247681	0.056080884
7.382409000	1.440541625	0.056593263
7.382410000	1.440113544	0.052155068
7.382411000	1.443717360	0.054383605
7.382412000	1.436765075	0.055119291
7.382413000	1.443279982	0.052850082
7.382414000	1.446103334	0.052304076
7.382415000	1.455091000	0.052403562
7.382416000	1.444472075	0.051863606
7.382417000	1.453466773	0.050385747
7.382418000	1.452991843	0.050636355
7.382419000	1.452683091	0.049976594
7.382420000	1.461882710	0.050225208
7.382421000	1.457333803	0.047291537
7.382422000	1.453004360	0.047535590
7.382423000	1.469830871	0.048151130
7.382424000	1.454619169	0.047672281
7.382425000	1.464483142	0.046932755
7.382426000	1.471953511	0.046473501
7.382427000	1.462545156	0.046909781
7.382428000	1.449273229	0.045354224
7.382429000	1.456633687	0.046209299
7.382430000	1.464559793	0.043687481
7.382431000	1.486079335	0.045820935
7.382432000	1.462754607	0.046110512
7.382433000	1.464334726	0.045715886
7.382434000	1.475666761	0.044336668
7.382435000	1.466946840	0.042872117
7.382436000	1.472220540	0.042781598
7.382437000	1.465416789	0.042440135
7.382438000	1.466352582	0.042723874
7.382439000	1.480114222	0.040093899
7.382440000	1.467868328	0.041311583
7.382441000	1.474075675	0.039618416
7.382442000	1.479259491	0.042079202
7.382443000	1.480730295	0.041773991
7.382444000	1.494729638	0.038845725
7.382445000	1.485990763	0.039242012
7.382446000	1.489747167	0.038207831
7.382447000	1.492618084	0.036323416
7.382448000	1.495678544	0.038917376
7.382449000	1.499129057	0.035996047
7.382450000	1.491628289	0.035787484
7.382451000	1.497462749	0.036986027
7.382452000	1.503361464	0.036561361
7.382453000	1.494129658	0.035770839
7.382454000	1.498547554	0.034516049
7.382455000	1.498668432	0.035955970
7.382456000	1.492820382	0.035636304
7.382457000	1.489693880	0.033862256
7.382458000	1.499786377	0.033477269
7.382459000	1.494823694	0.032816035
7.382460000	1.503554583	0.032555881
7.382461000	1.508890748	0.033904273
7.382462000	1.498196125	0.033030249
7.382463000	1.507875323	0.031752069
7.382464000	1.499372244	0.031015859
7.382465000	1.508168697	0.028680144
7.382466000	1.517053962	0.029981988
7.382467000	1.517351508	0.030274283
7.382468000	1.515904546	0.028888852
7.382469000	1.521282077	0.027646658
7.382470000	1.523030758	0.028946503
7.382471000	1.522884727	0.027324740
7.382472000	1.517373323	0.025515984
7.382473000	1.533422232	0.026189353
7.382474000	1.526165128	0.024440622
7.382475000	1.521170974	0.022786751
7.382476000	1.522595167	0.023915411
7.382477000	1.532610774	0.023367541
7.382478000	1.521848917	0.023643765
7.382479000	1.531031966	0.024461058
7.382480000	1.548503757	0.022712886
7.382481000	1.541517735	0.022851260
7.382482000	1.542491674	0.021206947
7.382483000	1.543461442	0.020211162
7.382484000	1.528689981	0.022150713
7.382485000	1.548109889	0.019981096
7.382486000	1.544593453	0.019653588
7.382487000	1.557801843	0.017866996
7.382488000	1.545615673	0.018477007
7.382489000	1.546935678	0.016791122
7.382490000	1.546539307	0.017561592
7.382491000	1.545530677	0.016755057
7.382492000	1.555471778	0.015991465
7.382493000	1.565450072	0.015542536
7.382494000	1.550871611	0.015113588
7.382495000	1.556700826	0.014872019
7.382496000	1.559036851	0.015065328
7.382497000	1.563821673	0.013992119
7.382498000	1.557566166	0.013507535
7.382499000	1.558657169	0.011241753
7.382500000	1.564836383	0.014255027
7.382501000	1.574281931	0.012697729
7.382502000	1.568625331	0.011234642
7.382503000	1.567253113	0.012077480
7.382504000	1.578776598	0.012574311
7.382505000	1.575364351	0.010866081
7.382506000	1.577342868	0.010464820
7.382507000	1.571424007	0.009817879
7.382508000	1.556629300	0.009710356
7.382509000	1.596013188	0.006929315
7.382510000	1.586007833	0.006723955
7.382511000	1.568096876	0.007340821
7.382512000	1.572662115	0.005823326
7.382513000	1.589519620	0.004487766
7.382514000	1.589248776	0.004785039
7.382515000	1.592660904	0.004717303
7.382516000	1.589976788	0.003850000
7.382517000	1.584037781	0.000649562
7.382518000	1.586452484	0.002484664
7.382519000	1.590343356	0.001879424
7.382520000	1.593150139	-0.001873279
7.382521000	1.576629043	0.000148483
7.382522000	1.600782752	-0.000024011
7.382523000	1.595752954	0.000031935
7.382524000	1.612045527	-0.001406231
7.382525000	1.590256929	-0.002460666
7.382526000	1.596895456	-0.001259600
7.382527000	1.600926638	-0.003780390
7.382528000	1.605203032	-0.004545242
7.382529000	1.616636872	-0.005502373
7.382530000	1.614838839	-0.005439279
7.382531000	1.630046725	-0.004791872
7.382532000	1.605977535	-0.007273881
7.382533000	1.628107905	-0.009223824
7.382534000	1.626476407	-0.007387838
7.382535000	1.616856456	-0.010512462
7.382536000	1.633296967	-0.010251267
7.382537000	1.637167215	-0.008752768
7.382538000	1.627460122	-0.010567649
7.382539000	1.626203299	-0.010819244
7.382540000	1.617201090	-0.012266850
7.382541000	1.630221128	-0.011449438
7.382542000	1.622869968	-0.012941437
7.382543000	1.633916378	-0.013863192
7.382544000	1.628311753	-0.014818633
7.382545000	1.640229344	-0.016826740
7.382546000	1.638057232	-0.016475799
7.382547000	1.632735252	-0.018632020
7.382548000	1.634666324	-0.017069596
7.382549000	1.640383482	-0.017932601
7.382550000	1.641805291	-0.019122660
7.382551000	1.633645177	-0.019239275
7.382552000	1.651440144	-0.020172769
7.382553000	1.646137595	-0.022321206
7.382554000	1.655750990	-0.021821738
7.382555000	1.649144292	-0.023181047
7.382556000	1.642480850	-0.021406940
7.382557000	1.637016177	-0.024127312
7.382558000	1.652687192	-0.025765900
7.382559000	1.666244984	-0.026865719
7.382560000	1.651877999	-0.027602069
7.382561000	1.660017490	-0.028301232
7.382562000	1.673267007	-0.028375734
7.382563000	1.665732145	-0.027539156
7.382564000	1.671460032	-0.029597958
7.382565000	1.679981470	-0.028003212
7.382566000	1.660299420	-0.029555583
7.382567000	1.672120929	-0.032609336
7.382568000	1.682285190	-0.033114396
7.382569000	1.671180606	-0.033554178
7.382570000	1.680028200	-0.032995969
7.382571000	1.675615430	-0.034045826
7.382572000	1.673016310	-0.035140365
7.382573000	1.663679838	-0.036666077
7.382574000	1.695012331	-0.037144019
7.382575000	1.696180463	-0.039105599
7.382576000	1.699735403	-0.040674480
7.382577000	1.693787336	-0.040696235
7.382578000	1.698567152	-0.038141439
7.382579000	1.694779038	-0.042592863
7.382580000	1.698820829	-0.042973966
7.382581000	1.700435638	-0.043119532
7.382582000	1.685678124	-0.042944513
7.382583000	1.704864979	-0.044894850
7.382584000	1.694706678	-0.044841824
7.382585000	1.688894391	-0.046635113
7.382586000	1.701820731	-0.047072708
7.382587000	1.700732589	-0.048064315
7.382588000	1.717326999	-0.050207228
7.382589000	1.705421329	-0.051001857
7.382590000	1.706169963	-0.051189339
7.382591000	1.732012868	-0.052277374
7.382592000	1.708711267	-0.054361018
7.382593000	1.726092100	-0.052394840
7.382594000	1.728304148	-0.052194512
7.382595000	1.725507021	-0.054586168
7.382596000	1.724619150	-0.055086526
7.382597000	1.725999475	-0.058312396
7.382598000	1.712395549	-0.058210260
7.382599000	1.721481562	-0.059050749
7.382600000	1.735826135	-0.061110230
7.382601000	1.727286577	-0.061478820
7.382602000	1.734269261	-0.062525338
7.382603000	1.746256590	-0.060890082
7.382604000	1.729951859	-0.061639051
7.382605000	1.743950605	-0.065232995
7.382606000	1.738189697	-0.065189282
7.382607000	1.743359447	-0.067159467
7.382608000	1.731463790	-0.067371950
7.382609000	1.743853450	-0.068364822
7.382610000	1.732719898	-0.067327688
7.382611000	1.720004797	-0.066891412
7.382612000	1.740364552	-0.070263419
7.382613000	1.750258327	-0.073176252
7.382614000	1.749164820	-0.072300121
7.382615000	1.750785947	-0.073565414
7.382616000	1.753677607	-0.074898127
7.382617000	1.756464005	-0.076791726
7.382618000	1.763452172	-0.076472196
7.382619000	1.764963984	-0.078138378
7.382620000	1.763435245	-0.079054905
7.382621000	1.759878635	-0.083052543
7.382622000	1.782223940	-0.084096269
7.382623000	1.756943703	-0.081346389
7.382624000	1.767663717	-0.083382209
7.382625000	1.764847994	-0.086152620
7.382626000	1.755674720	-0.084964601
7.382627000	1.775147438	-0.088260246
7.382628000	1.783545136	-0.088228671
7.382629000	1.776388407	-0.090669724
7.382630000	1.773758769	-0.090227698
7.382631000	1.781121850	-0.091105509
7.382632000	1.791672230	-0.093005725
7.382633000	1.777406573	-0.095223572
7.382634000	1.805364609	-0.098746102
7.382635000	1.779986143	-0.096935086
7.382636000	1.794960618	-0.100035180
7.382637000	1.785849452	-0.099017902
7.382638000	1.788522840	-0.100648681
7.382639000	1.793372631	-0.102366536
7.382640000	1.793668270	-0.104052367
7.382641000	1.792490602	-0.103496698
7.382642000	1.791907549	-0.104322828
7.382643000	1.805866838	-0.107266902
7.382644000	1.814380765	-0.107921416
7.382645000	1.811319590	-0.108713298
7.382646000	1.798857093	-0.107679800
7.382647000	1.803886652	-0.111474988
7.382648000	1.809983730	-0.112830237
7.382649000	1.810400963	-0.115633972
7.382650000	1.809735060	-0.114607032
7.382651000	1.793041587	-0.115489296
7.382652000	1.816019297	-0.118908378
7.382653000	1.815824151	-0.121230963
7.382654000	1.800424576	-0.122603731
7.382655000	1.816843271	-0.121673364
7.382656000	1.817295909	-0.121705072
7.382657000	1.811966538	-0.126206830
7.382658000	1.827902079	-0.126972397
7.382659000	1.818152547	-0.127683361
7.382660000	1.819351435	-0.129471840
7.382661000	1.830489993	-0.131525903
7.382662000	1.827062726	-0.130005571
7.382663000	1.815334678	-0.130900842
7.382664000	1.820725918	-0.135883226
7.382665000	1.831696391	-0.138008029
7.382666000	1.829817891	-0.141534312
7.382667000	1.841271162	-0.140007472
7.382668000	1.846915364	-0.141701925
7.382669000	1.830670714	-0.145378335
7.382670000	1.833120108	-0.141785565
7.382671000	1.835727096	-0.144769720
7.382672000	1.825475216	-0.144436508
7.382673000	1.847995639	-0.147956575
7.382674000	1.840478420	-0.148794172
7.382675000	1.840656877	-0.153344649
7.382676000	1.840384126	-0.152278403
7.382677000	1.850772381	-0.154278653
7.382678000	1.838645458	-0.154259195
7.382679000	1.843738914	-0.157679177
7.382680000	1.848265052	-0.160995328
7.382681000	1.840348959	-0.164751717
7.382682000	1.848139524	-0.164413412
7.382683000	1.836280107	-0.164747639
7.382684000	1.866853952	-0.169171716
7.382685000	1.850136042	-0.168927570
7.382686000	1.855152369	-0.173342609
7.382687000	1.856841326	-0.173327762
7.382688000	1.870113373	-0.174972014
7.382689000	1.842740893	-0.174960313
7.382690000	1.843496561	-0.178567248
7.382691000	1.851387143	-0.178137580
7.382692000	1.849123120	-0.181699875
7.382693000	1.859514594	-0.185029542
7.382694000	1.853191853	-0.187568766
7.382695000	1.850376964	-0.189065462
7.382696000	1.856641412	-0.191319129
7.382697000	1.851027846	-0.191123587
7.382698000	1.870253444	-0.196922886
7.382699000	1.863550067	-0.196628640
7.382700000	1.874652982	-0.198065782
7.382701000	1.852315545	-0.201667591
7.382702000	1.856787324	-0.202200939
7.382703000	1.850740075	-0.207368470
7.382704000	1.870874882	-0.206822738
7.382705000	1.868800879	-0.211388312
7.382706000	1.865073442	-0.212680810
7.382707000	1.866846085	-0.216245302
7.382708000	1.858143806	-0.217340360
7.382709000	1.870883822	-0.220800589
7.382710000	1.861691713	-0.219711023
7.382711000	1.877901673	-0.223564784
7.382712000	1.849125981	-0.227055106
7.382713000	1.850794554	-0.230611990
7.382714000	1.876214147	-0.230580848
7.382715000	1.859241128	-0.234742004
7.382716000	1.860253572	-0.240055543
7.382717000	1.865831017	-0.239933703
7.382718000	1.847587347	-0.245496148
7.382719000	1.863447785	-0.250624547
7.382720000	1.855989575	-0.248455486
7.382721000	1.861166954	-0.253988037
7.382722000	1.859522223	-0.255447516
7.382723000	1.850464582	-0.260856862
7.382724000	1.835012317	-0.256423631
7.382725000	1.861079454	-0.262682409
7.382726000	1.851933956	-0.266109082
7.382727000	1.835118294	-0.269920831
7.382728000	1.832956195	-0.274543496
7.382729000	1.835715413	-0.272991306
7.382730000	1.825771570	-0.280658263
7.382731000	1.841688395	-0.284326901
7.382732000	1.843418837	-0.289803192
7.382733000	1.825489998	-0.289431615
7.382734000	1.809617639	-0.293925067
7.382735000	1.833010077	-0.293879527
7.382736000	1.813929915	-0.301306584
7.382737000	1.813340545	-0.306469454
7.382738000	1.819616199	-0.309634588
7.382739000	1.798542500	-0.313700736
7.382740000	1.805396318	-0.317011478
7.382741000	1.795128465	-0.318519426
7.382742000	1.784838080	-0.325561124
7.382743000	1.793649435	-0.327496576
7.382744000	1.783602118	-0.337074568
7.382745000	1.772392035	-0.340196093
7.382746000	1.758006692	-0.344290037
7.382747000	1.772560120	-0.347889699
7.382748000	1.760749578	-0.352304121
7.382749000	1.748714805	-0.357404607
7.382750000	1.743972063	-0.361073378
7.382751000	1.729203820	-0.364720211
7.382752000	1.725741863	-0.365303144
7.382753000	1.728343010	-0.370620211
7.382754000	1.721835971	-0.372169938
7.382755000	1.702050209	-0.384360092
7.382756000	1.700208426	-0.390116581
7.382757000	1.681823134	-0.395991781
7.382758000	1.654277444	-0.404490760
7.382759000	1.660130620	-0.403492507
7.382760000	1.643687606	-0.411881199
7.382761000	1.620331526	-0.422571560
7.382762000	1.604497194	-0.423531496
7.382763000	1.596334100	-0.426065161
7.382764000	1.595910549	-0.436748798
7.382765000	1.541766644	-0.454002520
7.382766000	1.506448984	-0.454939487
7.382767000	1.501327157	-0.466314380
7.382768000	1.483880162	-0.472984500
7.382769000	1.426474929	-0.484131294
7.382770000	1.440455198	-0.486596982
7.382771000	1.389422059	-0.499648768
7.382772000	1.342998743	-0.512375782
7.382773000	1.344010711	-0.514160033
7.382774000	1.323636651	-0.521558894
7.382775000	1.332249522	-0.515187215
7.382776000	1.226823807	-0.542369001
7.382777000	1.130467653	-0.556113742
7.382778000	1.156126976	-0.560742949
7.382779000	1.086278200	-0.575338936
7.382780000	1.043811440	-0.589176521
7.382781000	0.896088302	-0.606467028
7.382782000	0.921703577	-0.612626054
7.382783000	0.829679966	-0.624291299
7.382784000	0.815970421	-0.631416053
7.382785000	0.732375979	-0.647559337
7.382786000	0.614253104	-0.663001743
7.382787000	0.512232780	-0.680616956
7.382788000	0.437546760	-0.695917882
7.382789000	0.395224959	-0.698344221
7.382790000	0.278190315	-0.715806235
7.382791000	0.123125449	-0.737039419
7.382792000	-0.050345164	-0.758169272
7.382793000	-0.141706586	-0.769461741
7.382794000	-0.174106240	-0.773886583
7.382795000	-0.291490525	-0.790345984
7.382796000	-0.412094593	-0.800174113
7.382797000	-0.599816620	-0.822510512
7.382798000	-0.767952323	-0.832308414
7.382799000	-0.861380458	-0.844982664
7.382800000	-1.006974936	-0.857181940
7.382801000	-1.122586489	-0.867097954
7.382802000	-1.280678153	-0.880502709
7.382803000	-1.460369229	-0.894182968
7.382804000	-1.640819430	-0.911807368
7.382805000	-1.812084913	-0.921503339
7.382806000	-1.894645691	-0.928484749
7.382807000	-2.092932463	-0.939735606
7.382808000	-2.150009871	-0.944530028
7.382809000	-2.211805582	-0.950285452
7.382810000	-2.473546743	-0.961078045
7.382811000	-2.744097471	-0.975027017
7.382812000	-2.864076614	-0.983795409
7.382813000	-2.992135763	-0.993223465
7.382814000	-3.053723574	-0.994558375
7.382815000	-3.363603354	-1.001923680
7.382816000	-3.402268648	-1.006614105
7.382817000	-3.545258522	-1.015558998
7.382818000	-3.680058718	-1.021050236
7.382819000	-3.955894470	-1.026189072
7.382820000	-3.992927551	-1.029348713
7.382821000	-4.152240276	-1.043233170
7.382822000	-4.286998749	-1.042446272
7.382823000	-4.424709320	-1.046424968
7.382824000	-4.462592125	-1.045558109
7.382825000	-4.772624969	-1.054063580
7.382826000	-4.864325523	-1.059597296
7.382827000	-5.156852245	-1.066696884
7.382828000	-5.166238785	-1.067927131
7.382829000	-5.383574009	-1.066969858
7.382830000	-5.505176067	-1.070782572
7.382831000	-5.725529194	-1.077697071
7.382832000	-5.875396252	-1.071787516
7.382833000	-5.968491077	-1.078382835
7.382834000	-6.278645039	-1.081345468
7.382835000	-6.277215481	-1.077162508
7.382836000	-6.411594391	-1.081746008
7.382837000	-6.611762047	-1.077794076
7.382838000	-6.754253387	-1.078011657
7.382839000	-6.924805641	-1.083858893
7.382840000	-7.162468433	-1.081399464
7.382841000	-7.355913639	-1.081979434
7.382842000	-7.365422249	-1.078463462
7.382843000	-7.598171234	-1.079906096
7.382844000	-7.787753105	-1.078455938
7.382845000	-7.872059345	-1.075373995
7.382846000	-8.053999901	-1.069246794
7.382847000	-8.320275307	-1.078121778
7.382848000	-8.487339973	-1.074628244
7.382849000	-8.443551064	-1.066668055
7.382850000	-8.739576340	-1.066614858
7.382851000	-8.942293167	-1.064746385
7.382852000	-9.124752998	-1.059444231
7.382853000	-9.509299278	-1.049056171
7.382854000	-9.606063843	-1.042609923
7.382855000	-9.730004311	-1.046107653
7.382856000	-9.927013397	-1.032573734
7.382857000	-10.215553284	-1.025295049
7.382858000	-10.300244331	-1.010323756
7.382859000	-10.488666534	-1.007434359
7.382860000	-10.591727257	-1.002175548
7.382861000	-10.805677414	-0.998525086
7.382862000	-11.133937836	-0.977113671
7.382863000	-11.303271294	-0.965249155
7.382864000	-11.592061996	-0.956519446
7.382865000	-11.485824585	-0.970096974
7.382866000	-11.829170227	-0.943281938
7.382867000	-12.021817207	-0.928523165
7.382868000	-12.162902832	-0.921304001
7.382869000	-12.492473602	-0.903139977
7.382870000	-12.479649544	-0.902373986
7.382871000	-12.795454979	-0.871565340
7.382872000	-12.962535858	-0.848462217
7.382873000	-13.125107765	-0.848047763
7.382874000	-13.494119644	-0.805060748
7.382875000	-13.591822624	-0.784923988
7.382876000	-13.913455963	-0.757558742
7.382877000	-13.842767715	-0.757454147
7.382878000	-14.120127678	-0.734641242
7.382879000	-14.167769432	-0.713438419
7.382880000	-14.141263008	-0.713855603
7.382881000	-14.478444099	-0.678233027
7.382882000	-14.808619499	-0.631935436
7.382883000	-14.913457870	-0.597003285
7.382884000	-14.987389565	-0.562790187
7.382885000	-15.135018349	-0.554271467
7.382886000	-15.223456383	-0.526720400
7.382887000	-15.547481537	-0.472612224
7.382888000	-15.399464607	-0.442363441
7.382889000	-15.663644791	-0.425480098
7.382890000	-15.650156021	-0.399320832
7.382891000	-15.544709206	-0.349617558
7.382892000	-15.748888016	-0.326067657
7.382893000	-15.862559319	-0.279807417
7.382894000	-15.910843849	-0.270388781
7.382895000	-15.890780449	-0.211049308
7.382896000	-15.803723335	-0.159722437
7.382897000	-15.868552208	-0.175064276
7.382898000	-15.839816093	-0.114298663
7.382899000	-15.724202156	-0.081820748
7.382900000	-15.745877266	-0.024801137
7.382901000	-15.710170746	-0.022108727
7.382902000	-15.416941643	0.037674142
7.382903000	-15.433877945	0.070120457
7.382904000	-15.468577385	0.089871658
7.382905000	-15.257584572	0.134933534
7.382906000	-15.227130890	0.137793811
7.382907000	-15.117303848	0.160775834
7.382908000	-15.047801018	0.165990719
7.382909000	-14.771461487	0.210190821
7.382910000	-14.841799736	0.211896626
7.382911000	-14.664414406	0.240568285
7.382912000	-14.511271477	0.256967931
7.382913000	-14.408679008	0.292157460
7.382914000	-14.376803398	0.285537507
7.382915000	-14.136390686	0.327023066
7.382916000	-13.884833336	0.339017943
7.382917000	-13.891550064	0.356198295
7.382918000	-13.662055016	0.375740272
7.382919000	-13.593980789	0.378629668
7.382920000	-13.469172478	0.396078433
7.382921000	-13.292978287	0.428009435
7.382922000	-13.256605148	0.423631431
7.382923000	-13.042021751	0.451124775
7.382924000	-12.772736549	0.457188926
7.382925000	-12.653348923	0.482320944
7.382926000	-12.592572212	0.484352070
7.382927000	-12.360898972	0.495162041
7.382928000	-12.279048920	0.500755511
7.382929000	-12.208183289	0.513784128
7.382930000	-11.972766876	0.521248935
7.382931000	-11.906434059	0.537941629
7.382932000	-11.722953796	0.537773384
7.382933000	-11.695707321	0.537073305
7.382934000	-11.745553017	0.556559023
7.382935000	-11.342694283	0.566349236
7.382936000	-11.231078148	0.568472441
7.382937000	-11.253059387	0.575028677
7.382938000	-11.024215698	0.566698243
7.382939000	-10.803235054	0.584668854
7.382940000	-10.749174118	0.593183913
7.382941000	-10.629813194	0.602354441
7.382942000	-10.458388329	0.607537086
7.382943000	-10.411821365	0.615813192
7.382944000	-10.440117836	0.608009664
7.382945000	-10.237035751	0.614958916
7.382946000	-10.127570152	0.615987829
7.382947000	-10.014025688	0.618657181
7.382948000	-9.951909065	0.626697398
7.382949000	-9.823221207	0.635950818
7.382950000	-9.651442528	0.631025434
7.382951000	-9.649992943	0.640477392
7.382952000	-9.528681755	0.633864497
7.382953000	-9.428519249	0.641571752
7.382954000	-9.208660126	0.646940685
7.382955000	-9.207609177	0.646974307
7.382956000	-8.916492462	0.641522217
7.382957000	-8.933734894	0.655054804
7.382958000	-8.988093376	0.652008680
7.382959000	-8.766288757	0.652325130
7.382960000	-8.647313118	0.657088194
7.382961000	-8.588131905	0.661158170
7.382962000	-8.524723053	0.659713671
7.382963000	-8.333203316	0.660667549
7.382964000	-8.278273582	0.661792668
7.382965000	-8.223170280	0.668663024
7.382966000	-8.256800652	0.665072085
7.382967000	-8.077538490	0.668004957
7.382968000	-7.962666988	0.663104541
7.382969000	-7.947175503	0.662995285
7.382970000	-7.939074993	0.664009949
7.382971000	-7.767180920	0.666375103
7.382972000	-7.672565937	0.671687377
7.382973000	-7.538341045	0.669509910
7.382974000	-7.496026516	0.671781719
7.382975000	-7.401079655	0.673048518
7.382976000	-7.217209816	0.672007955
7.382977000	-7.325440884	0.667531314
7.382978000	-7.228348732	0.669568632
7.382979000	-7.141287327	0.674786564
7.382980000	-7.067001343	0.673644401
7.382981000	-7.024136543	0.669982621
7.382982000	-6.967696667	0.672368014
7.382983000	-6.999865055	0.676963631
7.382984000	-6.833162785	0.671830921
7.382985000	-6.739726067	0.673882154
7.382986000	-6.689103127	0.668729870
7.382987000	-6.726616859	0.673685080
7.382988000	-6.590655804	0.668810630
7.382989000	-6.558637619	0.670186885
7.382990000	-6.410392761	0.668584328
7.382991000	-6.353700638	0.669461041
7.382992000	-6.319961548	0.666315847
7.382993000	-6.224512100	0.668465751
7.382994000	-6.174232483	0.669225551
7.382995000	-6.220864296	0.667957353
7.382996000	-6.026901722	0.673819104
7.382997000	-6.043817997	0.664746979
7.382998000	-6.000164986	0.668776142
7.382999000	-5.902065754	0.665016757
7.383000000	-5.834938526	0.663950960
7.383001000	-5.772382736	0.664359289
7.383002000	-5.742145538	0.667383975
7.383003000	-5.702266216	0.665194457
7.383004000	-5.651460648	0.661706248
7.383005000	-5.529891491	0.657663570
7.383006000	-5.578076839	0.655235033
7.383007000	-5.458912373	0.657995999
7.383008000	-5.465690613	0.656433855
7.383009000	-5.435077190	0.662086881
7.383010000	-5.342843533	0.655382905
7.383011000	-5.294070244	0.657987743
7.383012000	-5.243606567	0.654333753
7.383013000	-5.193825245	0.652718213
7.383014000	-5.138587475	0.654052523
7.383015000	-5.100676060	0.654784560
7.383016000	-5.017675877	0.650978170
7.383017000	-5.036051750	0.652805165
7.383018000	-4.952751637	0.647855880
7.383019000	-4.908252239	0.650050325
7.383020000	-4.898319244	0.648256819
7.383021000	-4.863317013	0.645798388
7.383022000	-4.849439621	0.644970145
7.383023000	-4.806879997	0.646886556
7.383024000	-4.731544971	0.640620804
7.383025000	-4.699577808	0.644789117
7.383026000	-4.672626972	0.641944262
7.383027000	-4.596127033	0.638518904
7.383028000	-4.567229748	0.639442089
7.383029000	-4.520835876	0.635954679
7.383030000	-4.496245861	0.636984257
7.383031000	-4.463807583	0.635094944
7.383032000	-4.441120148	0.634225489
7.383033000	-4.388358116	0.634198724
7.383034000	-4.322488785	0.630926032
7.383035000	-4.300633907	0.629858770
7.383036000	-4.262751579	0.627200469
7.383037000	-4.253157616	0.626364170
7.383038000	-4.200971127	0.628543102
7.383039000	-4.133538246	0.626425955
7.383040000	-4.148622036	0.624654820
7.383041000	-4.082072258	0.622028211
7.383042000	-4.016917706	0.620513138
7.383043000	-4.007118225	0.621458361
7.383044000	-3.963880539	0.614973098
7.383045000	-3.922626019	0.619608662
7.383046000	-3.867870808	0.615495343
7.383047000	-3.863694668	0.613288182
7.383048000	-3.767503500	0.613622209
7.383049000	-3.801713943	0.611914990
7.383050000	-3.764949083	0.615567449
7.383051000	-3.742244005	0.607422836
7.383052000	-3.705645084	0.611842552
7.383053000	-3.644213915	0.603890752
7.383054000	-3.647666693	0.607805998
7.383055000	-3.574075937	0.603366775
7.383056000	-3.617414951	0.603937291
7.383057000	-3.538257599	0.599903534
7.383058000	-3.497611284	0.599853533
7.383059000	-3.464481831	0.599104852
7.383060000	-3.474089146	0.596868729
7.383061000	-3.430899620	0.599021162
7.383062000	-3.424193382	0.596097011
7.383063000	-3.341804266	0.596950022
7.383064000	-3.378760099	0.594255901
7.383065000	-3.302979231	0.592741761
7.383066000	-3.325473309	0.592830378
7.383067000	-3.238351583	0.590929413
7.383068000	-3.270867825	0.590651180
7.383069000	-3.246474743	0.588626844
7.383070000	-3.188573837	0.587984889
7.383071000	-3.173130274	0.587838016
7.383072000	-3.172766685	0.583358912
7.383073000	-3.139201164	0.582400773
7.383074000	-3.119010448	0.579158241
7.383075000	-3.091872215	0.580601009
7.383076000	-3.032957792	0.578186654
7.383077000	-3.029754877	0.579128880
7.383078000	-2.984645605	0.572088348
7.383079000	-2.964849472	0.577084172
7.383080000	-2.961686850	0.575552388
7.383081000	-2.905133724	0.574367082
7.383082000	-2.909714460	0.572157523
7.383083000	-2.871191740	0.569003875
7.383084000	-2.846163511	0.571021019
7.383085000	-2.822386503	0.567699791
7.383086000	-2.847350597	0.567598325
7.383087000	-2.799528599	0.569160801
7.383088000	-2.782277822	0.563845465
7.383089000	-2.710698605	0.560803402
7.383090000	-2.733221054	0.563261966
7.383091000	-2.723660707	0.563989342
7.383092000	-2.670907259	0.558654431
7.383093000	-2.681458712	0.561805883
7.383094000	-2.642766714	0.555535636
7.383095000	-2.617775440	0.558383588
7.383096000	-2.598930597	0.555352145
7.383097000	-2.597235441	0.555095849
7.383098000	-2.562596560	0.553554544
7.383099000	-2.545762300	0.552285781
7.383100000	-2.521024227	0.549082830
7.383101000	-2.506667376	0.549248213
7.383102000	-2.467690468	0.547934608
7.383103000	-2.488040447	0.548692944
7.383104000	-2.481468439	0.551188825
7.383105000	-2.456773281	0.545845758
7.383106000	-2.420406103	0.541915132
7.383107000	-2.409949064	0.542678427
7.383108000	-2.368462086	0.544585517
7.383109000	-2.357590437	0.539563661
7.383110000	-2.379694223	0.542653793
7.383111000	-2.318493843	0.540183312
7.383112000	-2.299309492	0.537552841
7.383113000	-2.290615320	0.537570950
7.383114000	-2.274441957	0.535133858
7.383115000	-2.248781681	0.532260840
7.383116000	-2.248830318	0.534231546
7.383117000	-2.223506689	0.530296459
7.383118000	-2.225254536	0.531673014
7.383119000	-2.181703329	0.530115664
7.383120000	-2.160276413	0.528909452
7.383121000	-2.122444868	0.528525657
7.383122000	-2.168190718	0.527015378
7.383123000	-2.130464792	0.528671798
7.383124000	-2.092954159	0.523104659
7.383125000	-2.092792273	0.523788626
7.383126000	-2.080876589	0.523174767
7.383127000	-2.056863308	0.519555032
7.383128000	-2.024471045	0.518425885
7.383129000	-2.009453773	0.522587773
7.383130000	-1.999893785	0.518291229
7.383131000	-2.010978937	0.514079040
7.383132000	-1.978357315	0.514869799
7.383133000	-1.946902394	0.518190461
7.383134000	-1.943217278	0.514647126
7.383135000	-1.942754269	0.512843500
7.383136000	-1.927720070	0.512439665
7.383137000	-1.928296447	0.511686023
7.383138000	-1.893190861	0.508120184
7.383139000	-1.862528801	0.507343073
7.383140000	-1.880975246	0.513086746
7.383141000	-1.848680258	0.508305207
7.383142000	-1.854747176	0.508654347
7.383143000	-1.820661902	0.507056883
7.383144000	-1.810428858	0.507600834
7.383145000	-1.830207705	0.503442774
7.383146000	-1.791666985	0.501986158
7.383147000	-1.764056087	0.501103154
7.383148000	-1.772869468	0.499791847
7.383149000	-1.721298814	0.497941016
7.383150000	-1.699054599	0.499604793
7.383151000	-1.680178642	0.497217602
7.383152000	-1.707146049	0.497442040
7.383153000	-1.697226048	0.494395450
7.383154000	-1.648473620	0.495215138
7.383155000	-1.664515972	0.492633902
7.383156000	-1.632157207	0.491604291
7.383157000	-1.653627157	0.492448679
7.383158000	-1.633506060	0.493251755
7.383159000	-1.624192595	0.492155399
7.383160000	-1.594249606	0.488687064
7.383161000	-1.577354670	0.488479104
7.383162000	-1.573342085	0.486110056
7.383163000	-1.563392758	0.487461377
7.383164000	-1.533847928	0.484042544
7.383165000	-1.521504283	0.484161355
7.383166000	-1.515318990	0.479020854
7.383167000	-1.511521816	0.481924566
7.383168000	-1.516024232	0.483536976
7.383169000	-1.483046055	0.480880207
7.383170000	-1.505859137	0.484137386
7.383171000	-1.477627516	0.482108290
7.383172000	-1.438550353	0.478665922
7.383173000	-1.461468577	0.479335207
7.383174000	-1.439048052	0.477256211
7.383175000	-1.428810835	0.474666852
7.383176000	-1.426351786	0.477191629
7.383177000	-1.414167404	0.475225883
7.383178000	-1.439702630	0.476054126
7.383179000	-1.371282220	0.472214381
7.383180000	-1.362631559	0.471744399
7.383181000	-1.382954001	0.470565518
7.383182000	-1.370730162	0.471718234
7.383183000	-1.363881230	0.471645163
7.383184000	-1.335124612	0.468635225
7.383185000	-1.337493420	0.469153843
7.383186000	-1.292062402	0.465670461
7.383187000	-1.325955272	0.467586672
7.383188000	-1.292424798	0.464330725
7.383189000	-1.302204251	0.465208136
7.383190000	-1.317047954	0.463160532
7.383191000	-1.278490663	0.462467577
7.383192000	-1.258027554	0.461500583
7.383193000	-1.257862449	0.458372667
7.383194000	-1.240353942	0.460289944
7.383195000	-1.207757711	0.457479377
7.383196000	-1.236625791	0.456941684
7.383197000	-1.203029037	0.459746459
7.383198000	-1.198194623	0.459769762
7.383199000	-1.195410728	0.458782661
7.383200000	-1.206059337	0.458505692
7.383201000	-1.210272789	0.456318904
7.383202000	-1.181232929	0.455557040
7.383203000	-1.178488851	0.455123811
7.383204000	-1.162868381	0.453505741
7.383205000	-1.147235870	0.453142452
7.383206000	-1.148029089	0.449689031
7.383207000	-1.139238954	0.451904016
7.383208000	-1.131200194	0.451229370
7.383209000	-1.122201443	0.448835155
7.383210000	-1.096112013	0.449462962
7.383211000	-1.101897717	0.446538911
7.383212000	-1.086613774	0.447301474
7.383213000	-1.108743072	0.446398130
7.383214000	-1.059192419	0.444622001
7.383215000	-1.059976101	0.442619437
7.383216000	-1.050186276	0.443941963
7.383217000	-1.040191054	0.443866396
7.383218000	-1.043015242	0.439718422
7.383219000	-1.022595048	0.440572998
7.383220000	-1.023568869	0.441228535
7.383221000	-1.023923516	0.440338007
7.383222000	-1.016543388	0.440026051
7.383223000	-0.987672389	0.438123256
7.383224000	-0.976346195	0.436448627
7.383225000	-0.980911076	0.434626791
7.383226000	-0.987413406	0.437242215
7.383227000	-0.992704690	0.438771169
7.383228000	-0.990989149	0.438733419
7.383229000	-0.941492379	0.436081543
7.383230000	-0.957456052	0.435055527
7.383231000	-0.953489006	0.435713195
7.383232000	-0.921669185	0.432230046
7.383233000	-0.928845465	0.431171573
7.383234000	-0.941547453	0.430128180
7.383235000	-0.928472281	0.432859717
7.383236000	-0.896025181	0.429860499
7.383237000	-0.923754752	0.429882636
7.383238000	-0.911871195	0.428611643
7.383239000	-0.872586250	0.427034851
7.383240000	-0.890975893	0.427901211
7.383241000	-0.898983181	0.427438653
7.383242000	-0.883469462	0.425044871
7.383243000	-0.883876204	0.429076065
7.383244000	-0.873802423	0.426626988
7.383245000	-0.866600394	0.424845567
7.383246000	-0.843887091	0.424298886
7.383247000	-0.830116987	0.424572559
7.383248000	-0.831546605	0.424646329
7.383249000	-0.816747785	0.421452067
7.383250000	-0.794130921	0.423769250
7.383251000	-0.824839711	0.421949679
7.383252000	-0.811673760	0.418843567
7.383253000	-0.787861466	0.420019519
7.383254000	-0.807857573	0.421001427
7.383255000	-0.790109336	0.421035548
7.383256000	-0.783684015	0.417756798
7.383257000	-0.801984429	0.418454912
7.383258000	-0.762053251	0.415471306
7.383259000	-0.752337456	0.414526050
7.383260000	-0.739684939	0.415076526
7.383261000	-0.742060959	0.414211464
7.383262000	-0.730227232	0.415518677
7.383263000	-0.757192373	0.412669761
7.383264000	-0.726526320	0.412950591
7.383265000	-0.719999194	0.411608757
7.383266000	-0.734766006	0.410598221
7.383267000	-0.709033906	0.413188977
7.383268000	-0.716637790	0.411439680
7.383269000	-0.709053099	0.410768630
7.383270000	-0.702660263	0.410963140
7.383271000	-0.714907289	0.411157917
7.383272000	-0.670478821	0.411629696
7.383273000	-0.696786046	0.408049742
7.383274000	-0.678725839	0.408901321
7.383275000	-0.637672722	0.407738818
7.383276000	-0.669162571	0.408772025
7.383277000	-0.664315403	0.405502362
7.383278000	-0.650917649	0.407411449
7.383279000	-0.661528051	0.405016468
7.383280000	-0.654553354	0.406928984
7.383281000	-0.618869841	0.405284249
7.383282000	-0.635161042	0.404570655
7.383283000	-0.630450785	0.404546054
7.383284000	-0.613743722	0.402272547
7.383285000	-0.611570179	0.404230536
7.383286000	-0.609874129	0.399691810
7.383287000	-0.618103445	0.400816596
7.383288000	-0.606217444	0.399735386
7.383289000	-0.592891514	0.399107446
7.383290000	-0.575646460	0.398444286
7.383291000	-0.583094060	0.397927766
7.383292000	-0.588253081	0.396313258
7.383293000	-0.565454900	0.397954264
7.383294000	-0.578906834	0.398922689
7.383295000	-0.601033926	0.399420268
7.383296000	-0.556314528	0.398089286
7.383297000	-0.562663078	0.397498597
7.383298000	-0.546039522	0.395476825
7.383299000	-0.568376005	0.395468403
7.383300000	-0.547048092	0.394449344
7.383301000	-0.542074203	0.394774516
7.383302000	-0.545535982	0.395452457
7.383303000	-0.527154267	0.394854877
7.383304000	-0.534205198	0.393294598
7.383305000	-0.527248383	0.390818957
7.383306000	-0.521250725	0.390609399
7.383307000	-0.524586439	0.394222743
7.383308000	-0.510578752	0.390470182
7.383309000	-0.500739872	0.391431883
7.383310000	-0.527163446	0.392449310
7.383311000	-0.505579829	0.392573380
7.383312000	-0.500965595	0.390197242
7.383313000	-0.498094320	0.388073470
7.383314000	-0.486144215	0.387743505
7.383315000	-0.472871959	0.388639492
7.383316000	-0.488022864	0.386286789
7.383317000	-0.451530844	0.386559297
7.383318000	-0.481148273	0.386678507
7.383319000	-0.461586773	0.383623595
7.383320000	-0.457345456	0.385767606
7.383321000	-0.474389464	0.385039198
7.383322000	-0.430487275	0.383635612
7.383323000	-0.461146474	0.384384926
7.383324000	-0.436451346	0.384908137
7.383325000	-0.434678465	0.383711745
7.383326000	-0.435661614	0.381279380
7.383327000	-0.420744836	0.381356912
7.383328000	-0.439622730	0.381394662
7.383329000	-0.411444038	0.379126681
7.383330000	-0.416586101	0.381331345
7.383331000	-0.422074586	0.380594881
7.383332000	-0.390772194	0.379478651
7.383333000	-0.389651865	0.379605950
7.383334000	-0.415664136	0.378430131
7.383335000	-0.403740138	0.377414967
7.383336000	-0.394474149	0.377281576
7.383337000	-0.380459130	0.378345576
7.383338000	-0.384018004	0.376660327
7.383339000	-0.370703489	0.376336520
7.383340000	-0.385154635	0.377482046
7.383341000	-0.363496721	0.376682598
7.383342000	-0.367793351	0.376005123
7.383343000	-0.362061679	0.377748661
7.383344000	-0.360836953	0.374948813
7.383345000	-0.365747124	0.374132355
7.383346000	-0.329485893	0.372961662
7.383347000	-0.357094526	0.375373754
7.383348000	-0.343242556	0.372796413
7.383349000	-0.342312038	0.372791819
7.383350000	-0.345076919	0.371801123
7.383351000	-0.344079584	0.372623008
7.383352000	-0.331948340	0.369965673
7.383353000	-0.328701288	0.368686989
7.383354000	-0.331509799	0.369308205
7.383355000	-0.325920820	0.369368492
7.383356000	-0.323718697	0.368484756
7.383357000	-0.338316739	0.370506295
7.383358000	-0.304951102	0.369602884
7.383359000	-0.316225767	0.367267891
7.383360000	-0.319584101	0.367225546
7.383361000	-0.305009842	0.368315079
7.383362000	-0.322016597	0.368856033
7.383363000	-0.297593951	0.366043169
7.383364000	-0.284255385	0.367218822
7.383365000	-0.300529748	0.364880067
7.383366000	-0.289002091	0.366205090
7.383367000	-0.279653251	0.365338797
7.383368000	-0.272985458	0.365061961
7.383369000	-0.271502793	0.361479510
7.383370000	-0.286298037	0.362947811
7.383371000	-0.255033553	0.362473269
7.383372000	-0.270210475	0.362829633
7.383373000	-0.245824367	0.361660072
7.383374000	-0.233702213	0.361307869
7.383375000	-0.251638532	0.361656743
7.383376000	-0.247426346	0.361095649
7.383377000	-0.240330920	0.360759957
7.383378000	-0.248838305	0.362244303
7.383379000	-0.238706961	0.357776385
7.383380000	-0.266505629	0.360634556
7.383381000	-0.244128615	0.359664133
7.383382000	-0.227635145	0.359299480
7.383383000	-0.243602291	0.360337580
7.383384000	-0.230660468	0.357949523
7.383385000	-0.238115251	0.358485884
7.383386000	-0.206493035	0.354556257
7.383387000	-0.236498818	0.355209996
7.383388000	-0.217716619	0.359248347
7.383389000	-0.212728515	0.357026405
7.383390000	-0.196936652	0.357516327
7.383391000	-0.220521733	0.355281835
7.383392000	-0.222189829	0.356446935
7.383393000	-0.202577308	0.354105217
7.383394000	-0.203366831	0.353113822
7.383395000	-0.205623284	0.355815566
7.383396000	-0.190986991	0.353540194
7.383397000	-0.197430909	0.353280203
7.383398000	-0.195623592	0.354294235
7.383399000	-0.204535201	0.353989902
7.383400000	-0.156311020	0.351708339
7.383401000	-0.176647335	0.352533220
7.383402000	-0.180552989	0.352631224
7.383403000	-0.187653646	0.350446367
7.383404000	-0.165337086	0.352621570
7.383405000	-0.164461866	0.351385430
7.383406000	-0.170627117	0.352797971
7.383407000	-0.153613910	0.351111591
7.383408000	-0.147863269	0.350374628
7.383409000	-0.154399484	0.350261077
7.383410000	-0.149319217	0.350047059
7.383411000	-0.160040677	0.347447780
7.383412000	-0.146546066	0.349660568
7.383413000	-0.158568695	0.349287525
7.383414000	-0.148108304	0.346667341
7.383415000	-0.139008477	0.345656305
7.383416000	-0.143246323	0.350867712
7.383417000	-0.124473073	0.349093048
7.383418000	-0.115274481	0.347144679
7.383419000	-0.124587826	0.346622999
7.383420000	-0.136574894	0.345768158
7.383421000	-0.105776869	0.346422297
7.383422000	-0.131468087	0.344997073
7.383423000	-0.139671221	0.346672434
7.383424000	-0.107693315	0.343881042
7.383425000	-0.104131892	0.343498079
7.383426000	-0.112589203	0.344668239
7.383427000	-0.095606625	0.342904727
7.383428000	-0.109184705	0.345403438
7.383429000	-0.113958046	0.344886385
7.383430000	-0.096531905	0.344339372
7.383431000	-0.099817857	0.342660216
7.383432000	-0.109140284	0.342603457
7.383433000	-0.095613807	0.341729308
7.383434000	-0.090240970	0.342344831
7.383435000	-0.073077343	0.341819855
7.383436000	-0.061556771	0.343843691
7.383437000	-0.098485947	0.338719636
7.383438000	-0.086400837	0.341166349
7.383439000	-0.084898464	0.342037369
7.383440000	-0.074235573	0.341279833
7.383441000	-0.088485658	0.339381831
7.383442000	-0.070102610	0.338664176
7.383443000	-0.073806249	0.339315019
7.383444000	-0.051367033	0.338192363
7.383445000	-0.081140980	0.337960735
7.383446000	-0.051211119	0.337379533
7.383447000	-0.052295864	0.337669185
7.383448000	-0.045195486	0.339526707
7.383449000	-0.069544405	0.338794904
7.383450000	-0.062851556	0.338116663
7.383451000	-0.064718597	0.337312988
7.383452000	-0.051141214	0.337335125
7.383453000	-0.053724971	0.340153315
7.383454000	-0.036829565	0.335844221
7.383455000	-0.047236886	0.337295477
7.383456000	-0.042362191	0.335659198
7.383457000	-0.058197848	0.335390485
7.383458000	-0.031101150	0.335115580
7.383459000	-0.003107255	0.334072853
7.383460000	-0.024319708	0.334484810
7.383461000	-0.025982467	0.332861714
7.383462000	-0.022264440	0.333479267
7.383463000	-0.028252430	0.332914278
7.383464000	-0.006528617	0.333896585
7.383465000	-0.017079655	0.333701508
7.383466000	-0.032928102	0.332455249
7.383467000	-0.025013773	0.332742271
7.383468000	-0.015650053	0.332414069
7.383469000	-0.021645574	0.334065229
7.383470000	-0.002766049	0.331458594
7.383471000	-0.022847809	0.332888711
7.383472000	-0.008134583	0.331802541
7.383473000	0.006364904	0.330552220
7.383474000	-0.000688936	0.330226183
7.383475000	0.004051412	0.330354248
7.383476000	0.014817803	0.328804321
7.383477000	0.015432306	0.328480481
7.383478000	0.012349582	0.328111633
7.383479000	0.015180870	0.328323587
7.383480000	0.020655120	0.328607913
7.383481000	-0.006475401	0.328350851
7.383482000	0.019121125	0.328625656
7.383483000	0.017296400	0.327850810
7.383484000	0.006530682	0.328786944
7.383485000	0.008609968	0.328037131
7.383486000	0.029648403	0.327498640
7.383487000	0.028794594	0.327503134
7.383488000	0.018649897	0.326471658
7.383489000	0.008921903	0.328251249
7.383490000	0.007375046	0.328822897
7.383491000	0.049973127	0.325095969
7.383492000	0.056389868	0.326779919
7.383493000	0.047703937	0.324778254
7.383494000	0.031068603	0.326934982
7.383495000	0.052728068	0.326439634
7.383496000	0.037664633	0.324406443
7.383497000	0.043795928	0.324447889
7.383498000	0.053768042	0.325769582
7.383499000	0.047957007	0.323595810
7.383500000	0.053007409	0.323334455
7.383501000	0.062569641	0.322443694
7.383502000	0.056307819	0.324754452
7.383503000	0.055721804	0.323137281
7.383504000	0.043217771	0.324967006
7.383505000	0.067388602	0.323496874
7.383506000	0.055487622	0.321845148
7.383507000	0.063046537	0.320607378
7.383508000	0.058649182	0.321679533
7.383509000	0.060286358	0.322807814
7.383510000	0.062579289	0.322778153
7.383511000	0.060604475	0.319531727
7.383512000	0.058672912	0.321799475
7.383513000	0.072712325	0.320367893
7.383514000	0.070311800	0.317716050
7.383515000	0.082033142	0.320266693
7.383516000	0.099535510	0.317557292
7.383517000	0.086018719	0.318837374
7.383518000	0.072103299	0.319906001
7.383519000	0.091494769	0.318901223
7.383520000	0.088380449	0.320424918
7.383521000	0.100722954	0.319759527
7.383522000	0.099287055	0.318805383
7.383523000	0.086705610	0.319776704
7.383524000	0.075584158	0.316935378
7.383525000	0.097573623	0.318718364
7.383526000	0.098543450	0.318824458
7.383527000	0.111287721	0.319013209
7.383528000	0.096880317	0.315970348
7.383529000	0.081182547	0.317727402
7.383530000	0.116420075	0.314202142
7.383531000	0.119884044	0.318726953
7.383532000	0.108759113	0.317580928
7.383533000	0.119831748	0.315401930
7.383534000	0.097233646	0.316394190
7.383535000	0.112341389	0.316570292
7.383536000	0.117526896	0.316050609
7.383537000	0.121432886	0.314177708
7.383538000	0.110225655	0.315172731
7.383539000	0.150553435	0.314530210
7.383540000	0.129384547	0.314280406
7.383541000	0.126427665	0.313581459
7.383542000	0.135412306	0.314302577
7.383543000	0.144435123	0.311267838
7.383544000	0.144505888	0.311258118
7.383545000	0.099628322	0.312430607
7.383546000	0.147269472	0.314017352
7.383547000	0.134741336	0.313304257
7.383548000	0.146713570	0.312912007
7.383549000	0.147442564	0.313430292
7.383550000	0.132931262	0.310790233
7.383551000	0.150415957	0.313529428
7.383552000	0.141366139	0.311251992
7.383553000	0.163923472	0.313278392
7.383554000	0.165058568	0.310552613
7.383555000	0.135009348	0.310884276
7.383556000	0.150431931	0.312961376
7.383557000	0.140359595	0.310839202
7.383558000	0.146792382	0.311975007
7.383559000	0.151685432	0.309404158
7.383560000	0.133190200	0.309873474
7.383561000	0.156547457	0.309476363
7.383562000	0.163210586	0.307599633
7.383563000	0.162033856	0.311419139
7.383564000	0.169956043	0.309811455
7.383565000	0.168260053	0.308898856
7.383566000	0.163886800	0.308807344
7.383567000	0.151071608	0.308594157
7.383568000	0.182625219	0.308355139
7.383569000	0.177428991	0.307846775
7.383570000	0.199950814	0.307623402
7.383571000	0.160007894	0.307034510
7.383572000	0.167746007	0.306491026
7.383573000	0.176514059	0.306692461
7.383574000	0.160774872	0.308624085
7.383575000	0.166799322	0.306846192
7.383576000	0.177954957	0.304651447
7.383577000	0.198716640	0.308045313
7.383578000	0.187443212	0.304816830
7.383579000	0.182286754	0.308666129
7.383580000	0.169332400	0.307095231
7.383581000	0.174010292	0.305762518
7.383582000	0.175066814	0.307536949
7.383583000	0.192125499	0.307344236
7.383584000	0.186049506	0.303733189
7.383585000	0.195374355	0.304243218
7.383586000	0.194851294	0.305927068
7.383587000	0.189188614	0.304251507
7.383588000	0.202403694	0.302034625
7.383589000	0.190657690	0.304028767
7.383590000	0.196599633	0.304916998
7.383591000	0.207237065	0.301709853
7.383592000	0.179344907	0.303716412
7.383593000	0.208340153	0.304042615
7.383594000	0.206891805	0.304044413
7.383595000	0.210425034	0.303304887
7.383596000	0.190086722	0.302619888
7.383597000	0.216886982	0.304367887
7.383598000	0.204922512	0.305270899
7.383599000	0.218460172	0.301936554
7.383600000	0.193422228	0.303103418
7.383601000	0.228287622	0.301493737
7.383602000	0.217105344	0.302665661
7.383603000	0.223788202	0.304225575
7.383604000	0.221421912	0.303980331
7.383605000	0.200373963	0.302217318
7.383606000	0.204144225	0.302043580
7.383607000	0.217466876	0.301851433
7.383608000	0.242207378	0.301842944
7.383609000	0.233193293	0.299829461
7.383610000	0.225105211	0.298560132
7.383611000	0.230854318	0.298752612
7.383612000	0.218802705	0.299816445
7.383613000	0.230271727	0.299151021
7.383614000	0.235072926	0.299596069
7.383615000	0.220865995	0.298728910
7.383616000	0.226297870	0.296279667
7.383617000	0.248395130	0.297500161
7.383618000	0.239869788	0.296453672
7.383619000	0.260737330	0.295353520
7.383620000	0.233883396	0.299124622
7.383621000	0.244178638	0.296940231
7.383622000	0.237858027	0.298443985
7.383623000	0.251396030	0.298273043
7.383624000	0.225159898	0.300333398
7.383625000	0.248186082	0.297902764
7.383626000	0.240907490	0.297242067
7.383627000	0.245848745	0.295735883
7.383628000	0.242050722	0.295950501
7.383629000	0.242781460	0.296116848
7.383630000	0.272617668	0.296240319
7.383631000	0.265361518	0.296244880
7.383632000	0.254037589	0.296170578
7.383633000	0.263221771	0.296315420
7.383634000	0.263864368	0.294989299
7.383635000	0.268282890	0.296382732
7.383636000	0.249359325	0.295797868
7.383637000	0.250805050	0.294929545
7.383638000	0.245275363	0.294874783
7.383639000	0.267968088	0.294032792
7.383640000	0.250796229	0.295063035
7.383641000	0.270537734	0.294376273
7.383642000	0.267303228	0.295809986
7.383643000	0.265266448	0.292799049
7.383644000	0.282736242	0.294353037
7.383645000	0.262839824	0.293830891
7.383646000	0.249671414	0.295283745
7.383647000	0.267934233	0.294885203
7.383648000	0.286519259	0.294094644
7.383649000	0.271196365	0.293139234
7.383650000	0.266278893	0.292779142
7.383651000	0.250680178	0.293211473
7.383652000	0.295653582	0.292366119
7.383653000	0.262718707	0.291332313
7.383654000	0.286349237	0.292090748
7.383655000	0.277708739	0.292221010
7.383656000	0.278419852	0.292725579
7.383657000	0.289857179	0.294401307
7.383658000	0.286487311	0.291434911
7.383659000	0.287067831	0.290780340
7.383660000	0.281423509	0.292747317
7.383661000	0.282873899	0.291179214
7.383662000	0.275221974	0.291438140
7.383663000	0.282421589	0.290330964
7.383664000	0.309396774	0.289960718
7.383665000	0.299172759	0.291324090
7.383666000	0.284140408	0.289789544
7.383667000	0.299278826	0.291176119
7.383668000	0.282945693	0.289961118
7.383669000	0.296219289	0.290646815
7.383670000	0.304439515	0.290213952
7.383671000	0.301022559	0.289259042
7.383672000	0.285282642	0.289205180
7.383673000	0.297739595	0.289340069
7.383674000	0.307193279	0.289852860
7.383675000	0.302018166	0.289610479
7.383676000	0.299022913	0.287553654
7.383677000	0.301279426	0.288869122
7.383678000	0.303304613	0.287577489
7.383679000	0.298170626	0.287856688
7.383680000	0.316492319	0.287406414
7.383681000	0.330850899	0.287592269
7.383682000	0.311127841	0.289850164
7.383683000	0.308632135	0.288281362
7.383684000	0.323971480	0.287044424
7.383685000	0.304315209	0.286760331
7.383686000	0.315854281	0.286830672
7.383687000	0.330205262	0.289057874
7.383688000	0.328977734	0.285269327
7.383689000	0.321441352	0.287074318
7.383690000	0.311456591	0.286552272
7.383691000	0.336948156	0.286699278
7.383692000	0.319638103	0.284900146
7.383693000	0.320640355	0.286505367
7.383694000	0.337743402	0.286255695
7.383695000	0.307681382	0.285378683
7.383696000	0.324575484	0.286691022
7.383697000	0.343259990	0.283526355
7.383698000	0.347382396	0.286350204
7.383699000	0.323076576	0.284900979
7.383700000	0.328194290	0.284042675
7.383701000	0.334031582	0.285970571
7.383702000	0.326248884	0.286582698
7.383703000	0.318727881	0.286623811
7.383704000	0.329789102	0.284280129
7.383705000	0.336906701	0.284916125
7.383706000	0.341378063	0.284131858
7.383707000	0.347613692	0.283160570
7.383708000	0.340272218	0.283563639
7.383709000	0.337280750	0.285616970
7.383710000	0.354910970	0.283467865
7.383711000	0.350395828	0.283433643
7.383712000	0.349075228	0.283470562
7.383713000	0.335427433	0.279908084
7.383714000	0.349046648	0.282178129
7.383715000	0.360142857	0.282606632
7.383716000	0.355403572	0.280896450
7.383717000	0.370459676	0.282033187
7.383718000	0.352465034	0.281949064
7.383719000	0.355354339	0.283418463
7.383720000	0.360043824	0.280521543
7.383721000	0.356615454	0.280852108
7.383722000	0.371976733	0.282717986
7.383723000	0.347474754	0.280898081
7.383724000	0.353978008	0.280748644
7.383725000	0.361829549	0.280835863
7.383726000	0.363844126	0.281466766
7.383727000	0.342739701	0.281723295
7.383728000	0.359839708	0.278383857
7.383729000	0.357198834	0.278650739
7.383730000	0.345207453	0.281415034
7.383731000	0.352352858	0.280774810
7.383732000	0.354835361	0.281352150
7.383733000	0.387321532	0.280792453
7.383734000	0.378469408	0.280999714
7.383735000	0.348858446	0.279015043
7.383736000	0.362205505	0.278960415
7.383737000	0.363983899	0.278346423
7.383738000	0.370109767	0.277790438
7.383739000	0.368082374	0.280106157
7.383740000	0.372057974	0.279743035
7.383741000	0.369804293	0.277994453
7.383742000	0.368961632	0.280210886
7.383743000	0.372149259	0.279503583
7.383744000	0.359133899	0.278905720
7.383745000	0.374657273	0.279196954
7.383746000	0.374479324	0.276227679
7.383747000	0.367769957	0.279154127
7.383748000	0.372292101	0.278107321
7.383749000	0.375511765	0.277739256
7.383750000	0.362493068	0.277833498
7.383751000	0.383986384	0.278765588
7.383752000	0.374184370	0.279043023
7.383753000	0.393711209	0.278145055
7.383754000	0.371783346	0.278129725
7.383755000	0.375671685	0.277780535
7.383756000	0.380013108	0.278317361
7.383757000	0.370839864	0.277264963
7.383758000	0.394994020	0.274785910
7.383759000	0.388197094	0.277372805
7.383760000	0.377704263	0.276834314
7.383761000	0.373489380	0.275786759
7.383762000	0.372442871	0.276204110
7.383763000	0.385167927	0.278175149
7.383764000	0.395194918	0.276204376
7.383765000	0.380923867	0.274239929
7.383766000	0.381238312	0.275402582
7.383767000	0.398151755	0.275045701
7.383768000	0.386935771	0.273570893
7.383769000	0.392847896	0.277258605
7.383770000	0.388399810	0.276118606
7.383771000	0.390298963	0.275225731
7.383772000	0.395664811	0.273592747
7.383773000	0.395013154	0.275497673
7.383774000	0.385401398	0.276644330
7.383775000	0.410816193	0.273677319
7.383776000	0.399163783	0.274971016
7.383777000	0.408673763	0.272369241
7.383778000	0.397152066	0.275154824
7.383779000	0.400218278	0.272517363
7.383780000	0.411891669	0.272641699
7.383781000	0.406494290	0.273414465
7.383782000	0.407398045	0.271216042
7.383783000	0.400392294	0.271318058
7.383784000	0.428138286	0.274411769
7.383785000	0.407734394	0.272059233
7.383786000	0.427288264	0.272878504
7.383787000	0.399048686	0.273038394
7.383788000	0.411527842	0.271398968
7.383789000	0.397425056	0.272805700
7.383790000	0.409375072	0.273115542
7.383791000	0.402661473	0.271239994
7.383792000	0.419016004	0.273491680
7.383793000	0.410579026	0.271781032
7.383794000	0.425313532	0.273599089
7.383795000	0.419146806	0.272253194
7.383796000	0.420976430	0.271579680
7.383797000	0.425359845	0.271899759
7.383798000	0.428094774	0.270249282
7.383799000	0.425002158	0.271271170
7.383800000	0.432462543	0.271418776
7.383801000	0.426244855	0.270743465
7.383802000	0.420166820	0.272458291
7.383803000	0.419178873	0.270805683
7.383804000	0.434343487	0.270402497
7.383805000	0.445516557	0.269719845
7.383806000	0.438187361	0.269696243
7.383807000	0.437593162	0.270064542
7.383808000	0.439910442	0.271840104
7.383809000	0.425608486	0.269481809
7.383810000	0.427261800	0.269097265
7.383811000	0.428917795	0.269294239
7.383812000	0.431495667	0.266370038
7.383813000	0.432644963	0.269257254
7.383814000	0.428987235	0.268265310
7.383815000	0.433107913	0.270313830
7.383816000	0.427040637	0.269178242
7.383817000	0.417496681	0.267139259
7.383818000	0.435107976	0.268756180
7.383819000	0.458843589	0.268913007
7.383820000	0.440307140	0.269480760
7.383821000	0.446436793	0.268376114
7.383822000	0.466145903	0.267523969
7.383823000	0.438866556	0.270331024
7.383824000	0.449219793	0.268559040
7.383825000	0.458383352	0.269487534
7.383826000	0.448983312	0.269999893
7.383827000	0.446879745	0.267634790
7.383828000	0.450827867	0.266403377
7.383829000	0.440414816	0.268388781
7.383830000	0.462386817	0.266556110
7.383831000	0.448501378	0.268299348
7.383832000	0.451672941	0.269167372
7.383833000	0.472921044	0.265814636
7.383834000	0.453719974	0.267237430
7.383835000	0.452449143	0.268361633
7.383836000	0.446944952	0.266540297
7.383837000	0.445774525	0.267523120
7.383838000	0.457607388	0.266467660
7.383839000	0.449622720	0.266424217
7.383840000	0.447978318	0.267283619
7.383841000	0.451786160	0.267628948
7.383842000	0.466211557	0.267022396
7.383843000	0.452558786	0.267324598
7.383844000	0.461972386	0.265742481
7.383845000	0.447298646	0.266593993
7.383846000	0.471413881	0.263620208
7.383847000	0.447625965	0.266948343
7.383848000	0.459333986	0.265528180
7.383849000	0.444845676	0.264395753
7.383850000	0.453203708	0.265580744
7.383851000	0.467766792	0.266318473
7.383852000	0.450818747	0.265483588
7.383853000	0.484621733	0.265000258
7.383854000	0.467108756	0.265173413
7.383855000	0.461027622	0.263716398
7.383856000	0.450885773	0.264665698
7.383857000	0.462515175	0.265392991
7.383858000	0.459102988	0.264856497
7.383859000	0.469358027	0.267090972
7.383860000	0.470685095	0.264117486
7.383861000	0.461982608	0.263431756
7.383862000	0.456433535	0.264662918
7.383863000	0.462503165	0.261822641
7.383864000	0.476218224	0.264260298
7.383865000	0.492341965	0.265390910
7.383866000	0.457850635	0.265354758
7.383867000	0.455520004	0.261619874
7.383868000	0.467080146	0.263895312
7.383869000	0.478172004	0.264049110
7.383870000	0.465282679	0.264192205
7.383871000	0.478646010	0.262400147
7.383872000	0.486372977	0.262094383
7.383873000	0.481626779	0.262355456
7.383874000	0.479835451	0.263718611
7.383875000	0.484771580	0.262644808
7.383876000	0.490848273	0.263614532
7.383877000	0.491673976	0.262246999
7.383878000	0.491969556	0.261802467
7.383879000	0.486810595	0.261868830
7.383880000	0.487713426	0.262399315
7.383881000	0.483538657	0.262999475
7.383882000	0.485976696	0.261215040
7.383883000	0.488097429	0.263303574
7.383884000	0.477725834	0.259753880
7.383885000	0.486985922	0.261742113
7.383886000	0.488849372	0.262193236
7.383887000	0.490182400	0.259867847
7.383888000	0.494160235	0.262153355
7.383889000	0.498513788	0.262791781
7.383890000	0.497397900	0.260947592
7.383891000	0.503018856	0.260602330
7.383892000	0.494042903	0.260725168
7.383893000	0.492997825	0.260720708
7.383894000	0.507590055	0.263388196
7.383895000	0.500108957	0.260749104
7.383896000	0.501877606	0.261075524
7.383897000	0.494658768	0.258771573
7.383898000	0.488295317	0.260480557
7.383899000	0.508962870	0.259471336
7.383900000	0.497091442	0.259873806
7.383901000	0.505247056	0.260172662
7.383902000	0.499466062	0.259962822
7.383903000	0.493383884	0.259039970
7.383904000	0.501021326	0.259942499
7.383905000	0.484279484	0.259110178
7.383906000	0.495822877	0.261074958
7.383907000	0.506544292	0.260137825
7.383908000	0.512127280	0.259329655
7.383909000	0.498301417	0.258177905
7.383910000	0.494756043	0.260286396
7.383911000	0.508284330	0.258872241
7.383912000	0.510890007	0.256711785
7.383913000	0.516147316	0.259221198
7.383914000	0.504627168	0.259165472
7.383915000	0.510634184	0.258877634
7.383916000	0.493621498	0.258954566
7.383917000	0.524289370	0.258014353
7.383918000	0.503951073	0.256912054
7.383919000	0.516102970	0.257605342
7.383920000	0.511721969	0.260570888
7.383921000	0.513461888	0.259372865
7.383922000	0.515579402	0.258448898
7.383923000	0.518363535	0.257979183
7.383924000	0.525138438	0.256940966
7.383925000	0.523047626	0.258820509
7.383926000	0.500374138	0.257331136
7.383927000	0.516095042	0.255126338
7.383928000	0.510130823	0.257099308
7.383929000	0.515548825	0.256696222
7.383930000	0.499519944	0.258149292
7.383931000	0.515164912	0.256182615
7.383932000	0.529864013	0.256814450
7.383933000	0.514237046	0.257341006
7.383934000	0.511668265	0.257668858
7.383935000	0.524927020	0.256188390
7.383936000	0.510655582	0.255685719
7.383937000	0.525379300	0.255870159
7.383938000	0.515711844	0.255646137
7.383939000	0.523732543	0.256809356
7.383940000	0.524305284	0.257679344
7.383941000	0.522359490	0.253703927
7.383942000	0.532871842	0.256289907
7.383943000	0.520537853	0.256914052
7.383944000	0.527135611	0.255222861
7.383945000	0.524971247	0.257291821
7.383946000	0.538470745	0.255756059
7.383947000	0.546517670	0.254986889
7.383948000	0.548392475	0.255235262
7.383949000	0.519751132	0.256249843
7.383950000	0.538570642	0.256700067
7.383951000	0.531606257	0.255011956
7.383952000	0.532040000	0.255187841
7.383953000	0.527487755	0.253681091
7.383954000	0.534329534	0.253163905
7.383955000	0.539832294	0.254946925
7.383956000	0.534685016	0.251526810
7.383957000	0.533730507	0.255128236
7.383958000	0.540465057	0.252957560
7.383959000	0.534442842	0.254371549
7.383960000	0.536730945	0.254796356
7.383961000	0.549396873	0.253422764
7.383962000	0.539524376	0.252231815
7.383963000	0.529705763	0.254185893
7.383964000	0.540053904	0.251864382
7.383965000	0.549590886	0.254450062
7.383966000	0.523057938	0.252612481
7.383967000	0.547163367	0.253731857
7.383968000	0.549957395	0.253500079
7.383969000	0.553959370	0.251542922
7.383970000	0.542061448	0.254675066
7.383971000	0.542676687	0.252404338
7.383972000	0.543980122	0.254601696
7.383973000	0.552143574	0.253847222
7.383974000	0.552512169	0.252908408
7.383975000	0.541991532	0.251921773
7.383976000	0.535845697	0.252149590
7.383977000	0.543184519	0.250754094
7.383978000	0.537696004	0.253003682
7.383979000	0.544390261	0.252314623
7.383980000	0.536685407	0.251552077
7.383981000	0.545097947	0.251320581
7.383982000	0.552953720	0.251008242
7.383983000	0.547061324	0.251107012
7.383984000	0.561336398	0.251911220
7.383985000	0.542713881	0.251622434
7.383986000	0.556339860	0.250265121
7.383987000	0.544230998	0.252179334
7.383988000	0.564404845	0.251732356
7.383989000	0.557869673	0.253041599
7.383990000	0.550547361	0.251893311
7.383991000	0.561165988	0.250907209
7.383992000	0.556632042	0.250624448
7.383993000	0.547955811	0.251062105
7.383994000	0.561578035	0.250774950
7.383995000	0.572564483	0.250279751
7.383996000	0.548840702	0.247553174
7.383997000	0.555144429	0.250154267
7.383998000	0.552274227	0.250406085
7.383999000	0.560033083	0.251006911
7.384000000	0.576136172	0.249747435
7.384001000	0.559693873	0.253157197
7.384002000	0.545568764	0.251714596
7.384003000	0.559681773	0.249216151
7.384004000	0.571213186	0.250658303
7.384005000	0.565821826	0.252796655
7.384006000	0.577192843	0.249423961
7.384007000	0.556156039	0.250797603
7.384008000	0.569561243	0.250309945
7.384009000	0.575658321	0.249594004
7.384010000	0.573325157	0.247094344
7.384011000	0.568587542	0.249429537
7.384012000	0.558277130	0.248552641
7.384013000	0.559238076	0.251365672
7.384014000	0.569405735	0.249214420
7.384015000	0.570899010	0.247661614
7.384016000	0.572830141	0.249503773
7.384017000	0.583301246	0.248666824
7.384018000	0.556445599	0.249260177
7.384019000	0.579536974	0.248156763
7.384020000	0.579022169	0.249601394
7.384021000	0.577674508	0.249822553
7.384022000	0.561395109	0.247413541
7.384023000	0.558824837	0.247340021
7.384024000	0.555979848	0.247310543
7.384025000	0.563994169	0.249674481
7.384026000	0.571179211	0.248101186
7.384027000	0.578671217	0.248282763
7.384028000	0.587402284	0.250035922
7.384029000	0.597810090	0.249817993
7.384030000	0.588984609	0.245830907
7.384031000	0.585975885	0.246729708
7.384032000	0.574732542	0.249152419
7.384033000	0.579399347	0.246646384
7.384034000	0.563580871	0.246999253
7.384035000	0.562832892	0.246320929
7.384036000	0.571078122	0.245302853
7.384037000	0.586010993	0.248778677
7.384038000	0.582790315	0.246051467
7.384039000	0.588491380	0.247020791
7.384040000	0.582274079	0.246628774
7.384041000	0.599481583	0.246368516
7.384042000	0.599045277	0.248454920
7.384043000	0.570124030	0.246135556
7.384044000	0.593359828	0.247029480
7.384045000	0.594301164	0.248523779
7.384046000	0.587466478	0.246869940
7.384047000	0.589723408	0.247471698
7.384048000	0.588952839	0.245442968
7.384049000	0.595632017	0.244720386
7.384050000	0.591206014	0.245289037
7.384051000	0.582834661	0.246212672
7.384052000	0.584663451	0.246297726
7.384053000	0.582842112	0.244936834
7.384054000	0.576462448	0.246111771
7.384055000	0.602385581	0.245277469
7.384056000	0.605807245	0.245875399
7.384057000	0.593340874	0.247158310
7.384058000	0.580193102	0.247132611
7.384059000	0.598033011	0.245409629
7.384060000	0.599745274	0.245462559
7.384061000	0.580870807	0.245771353
7.384062000	0.591393054	0.246988600
7.384063000	0.609345317	0.246823900
7.384064000	0.601694345	0.247228534
7.384065000	0.599263191	0.245278002
7.384066000	0.587162197	0.243417251
7.384067000	0.584731936	0.244851713
7.384068000	0.585434437	0.243230131
7.384069000	0.620312154	0.244130995
7.384070000	0.593287826	0.243066513
7.384071000	0.611947179	0.244954045
7.384072000	0.585243523	0.243848733
7.384073000	0.605792105	0.244978446
7.384074000	0.595260143	0.243753176
7.384075000	0.595998108	0.243997804
7.384076000	0.589794576	0.243966245
7.384077000	0.623625040	0.243644452
7.384078000	0.588106096	0.243630987
