D:\KID metingen\Entropy ADR\LT343chip5_BF_20240530_mapping\S21\Power\KID215_108dBm_.dat
Power at KID:108dBm
resonance Frequency in GHz :6.720194
Q=55083.557380, Qc=63411.845417, Qi=419407.927558  S21min=-17.632293


Temperature in K:0.100040
GHz	dB	Rad
6.719313000	1.360884070	0.163573884
6.719314000	1.316419721	0.160898506
6.719315000	1.371354461	0.158631640
6.719316000	1.344002604	0.160660203
6.719317000	1.316676259	0.162765548
6.719318000	1.314450264	0.161758790
6.719319000	1.363879919	0.155921291
6.719320000	1.291459322	0.162091502
6.719321000	1.346624136	0.160926070
6.719322000	1.346439004	0.157790314
6.719323000	1.380055308	0.158579891
6.719324000	1.307449579	0.156616942
6.719325000	1.335703492	0.159048757
6.719326000	1.357897043	0.159381220
6.719327000	1.362418890	0.155904363
6.719328000	1.335719585	0.159390374
6.719329000	1.313344598	0.160802149
6.719330000	1.376311779	0.162864235
6.719331000	1.310926318	0.159690513
6.719332000	1.347617269	0.162561151
6.719333000	1.295439482	0.152892045
6.719334000	1.313695312	0.158120612
6.719335000	1.329742193	0.159170547
6.719336000	1.343706727	0.156001818
6.719337000	1.318506479	0.157051020
6.719338000	1.321208596	0.161192752
6.719339000	1.318130136	0.155400227
6.719340000	1.317498684	0.164374730
6.719341000	1.325562000	0.156049822
6.719342000	1.293861151	0.153992330
6.719343000	1.365462542	0.159414160
6.719344000	1.344258547	0.158023990
6.719345000	1.289005756	0.153305035
6.719346000	1.259127975	0.156431802
6.719347000	1.319624186	0.156034875
6.719348000	1.324927211	0.156243017
6.719349000	1.362815380	0.155364341
6.719350000	1.349672914	0.155148641
6.719351000	1.341619492	0.154833639
6.719352000	1.318804502	0.162183431
6.719353000	1.351184845	0.158656024
6.719354000	1.360190988	0.152125554
6.719355000	1.306987643	0.159227838
6.719356000	1.307244420	0.159212741
6.719357000	1.345610857	0.159206117
6.719358000	1.367383599	0.156658653
6.719359000	1.367880344	0.155070794
6.719360000	1.296404958	0.159973041
6.719361000	1.297189236	0.157488594
6.719362000	1.346868157	0.158829612
6.719363000	1.338491678	0.154505621
6.719364000	1.294341087	0.155017164
6.719365000	1.316261888	0.150376190
6.719366000	1.324841142	0.159713316
6.719367000	1.319792271	0.157927051
6.719368000	1.285701990	0.157720955
6.719369000	1.352932572	0.153693989
6.719370000	1.301885605	0.152446764
6.719371000	1.301820755	0.150808121
6.719372000	1.311054468	0.155597234
6.719373000	1.307915688	0.155365422
6.719374000	1.345801353	0.155419801
6.719375000	1.306225896	0.146500442
6.719376000	1.322782516	0.154871406
6.719377000	1.332545757	0.154345998
6.719378000	1.394238234	0.151163004
6.719379000	1.334427118	0.152439274
6.719380000	1.320250869	0.155518787
6.719381000	1.314998507	0.149802911
6.719382000	1.340512156	0.151638295
6.719383000	1.348597646	0.152193065
6.719384000	1.312066674	0.156694689
6.719385000	1.307495713	0.153894026
6.719386000	1.303634167	0.151353953
6.719387000	1.322430134	0.153313557
6.719388000	1.347802043	0.154112089
6.719389000	1.346974611	0.151463159
6.719390000	1.337259650	0.149341335
6.719391000	1.348519564	0.149689028
6.719392000	1.328377843	0.153094745
6.719393000	1.354567647	0.156708571
6.719394000	1.290028811	0.153249641
6.719395000	1.347359300	0.155576478
6.719396000	1.315553546	0.152254850
6.719397000	1.317386270	0.149575078
6.719398000	1.331858516	0.153198625
6.719399000	1.317769527	0.151889498
6.719400000	1.348722816	0.154029098
6.719401000	1.305239797	0.150100653
6.719402000	1.375406384	0.154716393
6.719403000	1.345964193	0.153196128
6.719404000	1.283220649	0.146620067
6.719405000	1.314820647	0.150850665
6.719406000	1.329904675	0.152882840
6.719407000	1.344706893	0.150999653
6.719408000	1.315652847	0.149607818
6.719409000	1.333069324	0.151762265
6.719410000	1.330178499	0.150846105
6.719411000	1.319441557	0.151078382
6.719412000	1.325432777	0.153251721
6.719413000	1.324532270	0.149818158
6.719414000	1.311697125	0.151853911
6.719415000	1.350116372	0.146446396
6.719416000	1.337438583	0.152585648
6.719417000	1.326634407	0.150427339
6.719418000	1.306243658	0.152879728
6.719419000	1.318091273	0.153617041
6.719420000	1.309023380	0.151143230
6.719421000	1.337736607	0.147774947
6.719422000	1.347733498	0.147373692
6.719423000	1.333480835	0.151725763
6.719424000	1.343541265	0.151856558
6.719425000	1.337078452	0.151843558
6.719426000	1.328075886	0.149644203
6.719427000	1.305335522	0.147534198
6.719428000	1.337127805	0.153369017
6.719429000	1.327512741	0.145039215
6.719430000	1.352964520	0.151728144
6.719431000	1.309820652	0.144008339
6.719432000	1.301729679	0.149975967
6.719433000	1.316949844	0.148367900
6.719434000	1.339846849	0.152294948
6.719435000	1.344658494	0.148468385
6.719436000	1.339415789	0.148337573
6.719437000	1.274973035	0.146387357
6.719438000	1.380328298	0.149024336
6.719439000	1.311762691	0.147215167
6.719440000	1.316502333	0.144462741
6.719441000	1.313922524	0.144465870
6.719442000	1.373445868	0.151208677
6.719443000	1.335091710	0.149115999
6.719444000	1.300323248	0.148591006
6.719445000	1.296908498	0.145260657
6.719446000	1.333249092	0.149456251
6.719447000	1.326579332	0.145305698
6.719448000	1.291555762	0.147639642
6.719449000	1.321005106	0.145129696
6.719450000	1.312223792	0.148938233
6.719451000	1.354458570	0.143338520
6.719452000	1.324951649	0.154268866
6.719453000	1.363307714	0.144199121
6.719454000	1.328597546	0.145714976
6.719455000	1.302144527	0.149053032
6.719456000	1.314000845	0.148262905
6.719457000	1.316824794	0.145976681
6.719458000	1.320126414	0.148080462
6.719459000	1.303416133	0.145787663
6.719460000	1.303437471	0.147962101
6.719461000	1.273905277	0.144759733
6.719462000	1.334318161	0.150120410
6.719463000	1.311328411	0.146161521
6.719464000	1.322256684	0.143777493
6.719465000	1.332176805	0.143714792
6.719466000	1.345429420	0.139086742
6.719467000	1.368104458	0.147337290
6.719468000	1.287900567	0.141659597
6.719469000	1.329663277	0.146587128
6.719470000	1.309158802	0.147858487
6.719471000	1.319219470	0.147283278
6.719472000	1.309401870	0.148718256
6.719473000	1.318445921	0.148583233
6.719474000	1.352070570	0.148715426
6.719475000	1.311070442	0.145556584
6.719476000	1.337302566	0.144660780
6.719477000	1.354347706	0.143372859
6.719478000	1.312270641	0.148062019
6.719479000	1.284648776	0.142177732
6.719480000	1.312843680	0.138080716
6.719481000	1.348304033	0.145249888
6.719482000	1.304893613	0.141429284
6.719483000	1.321992517	0.143685281
6.719484000	1.316105962	0.143766690
6.719485000	1.340410709	0.144741191
6.719486000	1.328413725	0.145202750
6.719487000	1.366752744	0.144385376
6.719488000	1.330990076	0.139882686
6.719489000	1.319872260	0.142018308
6.719490000	1.287362337	0.140272656
6.719491000	1.326199770	0.138465435
6.719492000	1.284194112	0.140665422
6.719493000	1.334430575	0.146728192
6.719494000	1.310269594	0.145551724
6.719495000	1.316427231	0.146149104
6.719496000	1.346320510	0.146495531
6.719497000	1.310074091	0.145200569
6.719498000	1.324653506	0.139959169
6.719499000	1.354553699	0.144345528
6.719500000	1.286186457	0.144158774
6.719501000	1.329989672	0.144417467
6.719502000	1.323341727	0.141943906
6.719503000	1.367282152	0.142404899
6.719504000	1.304969192	0.143859568
6.719505000	1.336697698	0.143355914
6.719506000	1.302290320	0.145388122
6.719507000	1.301743627	0.137349054
6.719508000	1.335291505	0.137862370
6.719509000	1.308166504	0.141511658
6.719510000	1.292113900	0.139848181
6.719511000	1.361191630	0.136109694
6.719512000	1.284258485	0.139063747
6.719513000	1.305637121	0.139812112
6.719514000	1.306646228	0.139736761
6.719515000	1.364329815	0.138125807
6.719516000	1.315548182	0.140966127
6.719517000	1.401527643	0.142037416
6.719518000	1.305951476	0.143084139
6.719519000	1.340433240	0.142092261
6.719520000	1.330534816	0.137622519
6.719521000	1.363989234	0.139715623
6.719522000	1.364731789	0.141304331
6.719523000	1.309792519	0.135304945
6.719524000	1.318891287	0.139964029
6.719525000	1.327001691	0.139242920
6.719526000	1.336464405	0.144610896
6.719527000	1.335140586	0.141182309
6.719528000	1.305124640	0.135224717
6.719529000	1.362922907	0.136038263
6.719530000	1.312056780	0.139469596
6.719531000	1.298550367	0.134151638
6.719532000	1.332226515	0.141244943
6.719533000	1.328432441	0.136511490
6.719534000	1.373191953	0.137822523
6.719535000	1.353906393	0.139122562
6.719536000	1.295384765	0.140604586
6.719537000	1.290879369	0.139852659
6.719538000	1.335127234	0.139385341
6.719539000	1.328434110	0.138344644
6.719540000	1.321118832	0.135009426
6.719541000	1.351344824	0.133325368
6.719542000	1.307492495	0.133906677
6.719543000	1.320623279	0.138385315
6.719544000	1.315406680	0.135747005
6.719545000	1.304827690	0.133877100
6.719546000	1.308087707	0.130889882
6.719547000	1.340688825	0.139277949
6.719548000	1.327811718	0.137144549
6.719549000	1.328026891	0.134660019
6.719550000	1.308107615	0.135242927
6.719551000	1.301172376	0.134672960
6.719552000	1.331398129	0.134076912
6.719553000	1.357639909	0.134688839
6.719554000	1.304441214	0.144045157
6.719555000	1.325953841	0.133406153
6.719556000	1.335432291	0.129613562
6.719557000	1.339267731	0.133503749
6.719558000	1.332323074	0.134364217
6.719559000	1.278117418	0.132418653
6.719560000	1.274752378	0.137992324
6.719561000	1.346035838	0.132131622
6.719562000	1.318335772	0.131284163
6.719563000	1.271121621	0.135904123
6.719564000	1.341616392	0.133711726
6.719565000	1.335162044	0.132595254
6.719566000	1.283643126	0.134213806
6.719567000	1.312042475	0.133693575
6.719568000	1.342278719	0.131393119
6.719569000	1.286273956	0.132674200
6.719570000	1.325520992	0.128602459
6.719571000	1.314881325	0.135216836
6.719572000	1.330122948	0.131016274
6.719573000	1.263366938	0.134693209
6.719574000	1.315411210	0.130836086
6.719575000	1.341164827	0.130790130
6.719576000	1.301846862	0.132401442
6.719577000	1.291649222	0.128277329
6.719578000	1.322744131	0.135247263
6.719579000	1.354074597	0.134046527
6.719580000	1.259503841	0.134149192
6.719581000	1.263031125	0.132465217
6.719582000	1.292752385	0.133830353
6.719583000	1.324977636	0.134764598
6.719584000	1.284195304	0.132323062
6.719585000	1.320087790	0.132726298
6.719586000	1.302590847	0.127518994
6.719587000	1.287774563	0.135833233
6.719588000	1.310811043	0.130179450
6.719589000	1.298814893	0.132970751
6.719590000	1.304417014	0.133502451
6.719591000	1.297531247	0.129045127
6.719592000	1.306535959	0.130748959
6.719593000	1.266249776	0.126337707
6.719594000	1.326798081	0.129350292
6.719595000	1.315476894	0.126712264
6.719596000	1.325649023	0.128536163
6.719597000	1.330735922	0.131539094
6.719598000	1.307826161	0.136308033
6.719599000	1.305425644	0.128102734
6.719600000	1.298714042	0.130524804
6.719601000	1.306309462	0.124018959
6.719602000	1.282930255	0.130078733
6.719603000	1.307811022	0.128674373
6.719604000	1.276506424	0.121823699
6.719605000	1.283730865	0.127904994
6.719606000	1.312981606	0.127672850
6.719607000	1.305111885	0.127772061
6.719608000	1.301533937	0.128926425
6.719609000	1.286675572	0.122826304
6.719610000	1.323614478	0.121633832
6.719611000	1.305472016	0.122122423
6.719612000	1.310757875	0.125425874
6.719613000	1.308535933	0.127566232
6.719614000	1.287710071	0.127782272
6.719615000	1.290418386	0.122577124
6.719616000	1.280538678	0.122735582
6.719617000	1.294617534	0.128359646
6.719618000	1.316797495	0.126462476
6.719619000	1.304663062	0.124993976
6.719620000	1.298913836	0.124648531
6.719621000	1.329830766	0.126749757
6.719622000	1.288703442	0.127477607
6.719623000	1.292841792	0.126526609
6.719624000	1.313515306	0.126394524
6.719625000	1.325446844	0.122936692
6.719626000	1.315374494	0.125269730
6.719627000	1.278037906	0.122585655
6.719628000	1.285545707	0.124839962
6.719629000	1.258385420	0.125340819
6.719630000	1.290425658	0.125392277
6.719631000	1.282681942	0.124882498
6.719632000	1.282918096	0.127750506
6.719633000	1.327359438	0.125538842
6.719634000	1.291901469	0.122815918
6.719635000	1.314461112	0.121996597
6.719636000	1.248932838	0.126592530
6.719637000	1.298440576	0.122535371
6.719638000	1.326248527	0.122127233
6.719639000	1.267975450	0.126554222
6.719640000	1.282655120	0.120548253
6.719641000	1.348170877	0.122865470
6.719642000	1.312529087	0.127565583
6.719643000	1.300510764	0.125773849
6.719644000	1.306478500	0.118393664
6.719645000	1.309734225	0.122199405
6.719646000	1.285086989	0.120535462
6.719647000	1.266275883	0.120480001
6.719648000	1.272109628	0.122838056
6.719649000	1.281959772	0.118124302
6.719650000	1.304365635	0.117118901
6.719651000	1.292437792	0.119536868
6.719652000	1.262161016	0.124713062
6.719653000	1.259140968	0.119380890
6.719654000	1.326347828	0.126137096
6.719655000	1.334170580	0.119056433
6.719656000	1.307101250	0.119251976
6.719657000	1.316988587	0.120841309
6.719658000	1.325677991	0.120622589
6.719659000	1.285195708	0.123454278
6.719660000	1.276536465	0.118786580
6.719661000	1.332009196	0.124957100
6.719662000	1.332355022	0.117409435
6.719663000	1.268315673	0.120280855
6.719664000	1.293526411	0.120743904
6.719665000	1.307476282	0.121337972
6.719666000	1.321408153	0.117279780
6.719667000	1.280719757	0.115972218
6.719668000	1.303768754	0.117470180
6.719669000	1.293660522	0.114950372
6.719670000	1.289448857	0.110920343
6.719671000	1.291499496	0.114087249
6.719672000	1.306699038	0.117460684
6.719673000	1.286182404	0.116618601
6.719674000	1.296256185	0.118837938
6.719675000	1.311540008	0.121560188
6.719676000	1.266625524	0.115101856
6.719677000	1.251494884	0.115589356
6.719678000	1.280356526	0.120495015
6.719679000	1.296222568	0.114137400
6.719680000	1.285105824	0.111097976
6.719681000	1.285310507	0.113390741
6.719682000	1.294834971	0.116296159
6.719683000	1.238612652	0.115547219
6.719684000	1.309378028	0.112171663
6.719685000	1.261665821	0.118075458
6.719686000	1.288901925	0.113815657
6.719687000	1.258596539	0.114833059
6.719688000	1.258648276	0.111218850
6.719689000	1.311983824	0.111189547
6.719690000	1.317243218	0.112233390
6.719691000	1.267549157	0.112450537
6.719692000	1.240297914	0.117584563
6.719693000	1.309549928	0.114730844
6.719694000	1.271728396	0.116928118
6.719695000	1.267903566	0.116253922
6.719696000	1.280186653	0.107772229
6.719697000	1.283825994	0.112266804
6.719698000	1.242824197	0.110423481
6.719699000	1.288525462	0.112719866
6.719700000	1.267411351	0.112898606
6.719701000	1.229239702	0.107724941
6.719702000	1.263615012	0.111214165
6.719703000	1.283529639	0.112922391
6.719704000	1.278048038	0.108824910
6.719705000	1.258795738	0.110769691
6.719706000	1.287835598	0.108939742
6.719707000	1.257720232	0.110285995
6.719708000	1.266747117	0.110607805
6.719709000	1.279225230	0.110800592
6.719710000	1.276406884	0.108957319
6.719711000	1.284249425	0.114051804
6.719712000	1.286518931	0.110445951
6.719713000	1.263566136	0.110433051
6.719714000	1.325252414	0.104957126
6.719715000	1.280779719	0.110395159
6.719716000	1.287869692	0.106303421
6.719717000	1.268526435	0.115461266
6.719718000	1.286158562	0.107607712
6.719719000	1.273614407	0.106175630
6.719720000	1.309448957	0.112646221
6.719721000	1.272848606	0.104752088
6.719722000	1.279913425	0.107368868
6.719723000	1.299848795	0.108621819
6.719724000	1.251924396	0.111762368
6.719725000	1.243231654	0.103849168
6.719726000	1.275397658	0.104431776
6.719727000	1.248357296	0.106327539
6.719728000	1.256613970	0.108941190
6.719729000	1.303828835	0.109617625
6.719730000	1.282016039	0.109136466
6.719731000	1.255405545	0.103153009
6.719732000	1.230382562	0.107734845
6.719733000	1.283559561	0.106247719
6.719734000	1.260969996	0.101875108
6.719735000	1.304919243	0.108737691
6.719736000	1.312842846	0.105759603
6.719737000	1.260170221	0.107474121
6.719738000	1.257715940	0.104954130
6.719739000	1.226884365	0.108176472
6.719740000	1.230436921	0.103217316
6.719741000	1.274650812	0.104711108
6.719742000	1.286665082	0.099549486
6.719743000	1.254444718	0.107063620
6.719744000	1.280858994	0.100339837
6.719745000	1.281791210	0.102587229
6.719746000	1.220632792	0.097328351
6.719747000	1.276986122	0.100912650
6.719748000	1.285647988	0.098557242
6.719749000	1.265876055	0.100030178
6.719750000	1.277764440	0.098874141
6.719751000	1.278923512	0.100107293
6.719752000	1.248464227	0.099499860
6.719753000	1.308914185	0.100907049
6.719754000	1.257993579	0.095841483
6.719755000	1.260772228	0.098854193
6.719756000	1.280616283	0.099552981
6.719757000	1.253714800	0.098543269
6.719758000	1.222906113	0.096724604
6.719759000	1.236390591	0.096239876
6.719760000	1.248841047	0.094458570
6.719761000	1.242418170	0.096480442
6.719762000	1.229700685	0.095043717
6.719763000	1.260388494	0.099893075
6.719764000	1.269825459	0.095963223
6.719765000	1.263412952	0.099815386
6.719766000	1.251302600	0.094741598
6.719767000	1.259397507	0.095226510
6.719768000	1.296341538	0.100917019
6.719769000	1.251910925	0.093522270
6.719770000	1.288847089	0.092390443
6.719771000	1.218472958	0.094588225
6.719772000	1.211051583	0.095652224
6.719773000	1.269137144	0.094178431
6.719774000	1.245178580	0.093338204
6.719775000	1.220153332	0.094821701
6.719776000	1.227748990	0.095620449
6.719777000	1.255320668	0.093248688
6.719778000	1.236860514	0.095151167
6.719779000	1.251291990	0.092785065
6.719780000	1.241396070	0.098650245
6.719781000	1.248315096	0.092602480
6.719782000	1.301760912	0.088804996
6.719783000	1.225796700	0.096675444
6.719784000	1.244756341	0.093459486
6.719785000	1.230918288	0.088800427
6.719786000	1.269115448	0.090566901
6.719787000	1.227197289	0.092664199
6.719788000	1.214674473	0.090373456
6.719789000	1.262672544	0.091503336
6.719790000	1.236087322	0.087589171
6.719791000	1.263132572	0.088515768
6.719792000	1.249986529	0.089224319
6.719793000	1.226108551	0.087068040
6.719794000	1.244886279	0.089133996
6.719795000	1.210319161	0.091221315
6.719796000	1.256468654	0.089028543
6.719797000	1.231153131	0.091342655
6.719798000	1.229296923	0.085554707
6.719799000	1.206375837	0.089270466
6.719800000	1.212155581	0.081845282
6.719801000	1.237231374	0.091207933
6.719802000	1.194038153	0.085313184
6.719803000	1.262588263	0.089571162
6.719804000	1.233232141	0.085504249
6.719805000	1.208665371	0.086602445
6.719806000	1.216497540	0.088739507
6.719807000	1.171754003	0.088009543
6.719808000	1.243247032	0.088452876
6.719809000	1.232234955	0.086837352
6.719810000	1.195021152	0.080502857
6.719811000	1.216778994	0.081501093
6.719812000	1.248081326	0.084307840
6.719813000	1.261755705	0.084045369
6.719814000	1.257737994	0.086729012
6.719815000	1.227594137	0.083345549
6.719816000	1.235557079	0.080247793
6.719817000	1.189587951	0.081616092
6.719818000	1.183730483	0.079273609
6.719819000	1.197723269	0.078037569
6.719820000	1.215009809	0.077337749
6.719821000	1.196868420	0.083520127
6.719822000	1.198505640	0.081741785
6.719823000	1.208166599	0.080552908
6.719824000	1.223436952	0.077107219
6.719825000	1.195233703	0.074875432
6.719826000	1.214615941	0.077588011
6.719827000	1.223626494	0.072574835
6.719828000	1.226197004	0.078596775
6.719829000	1.216568232	0.077207603
6.719830000	1.209366918	0.076065157
6.719831000	1.147790194	0.072921695
6.719832000	1.184435129	0.078792192
6.719833000	1.213271141	0.072568019
6.719834000	1.213166714	0.070373524
6.719835000	1.215884209	0.075744388
6.719836000	1.221996307	0.073763903
6.719837000	1.165486455	0.075289811
6.719838000	1.185409784	0.071550217
6.719839000	1.179115057	0.070340459
6.719840000	1.211855531	0.073005884
6.719841000	1.195163965	0.075062427
6.719842000	1.210318089	0.074072480
6.719843000	1.169657350	0.069971037
6.719844000	1.219328880	0.076926773
6.719845000	1.223998427	0.075915762
6.719846000	1.204708695	0.070861432
6.719847000	1.211446524	0.072320536
6.719848000	1.178358912	0.071218570
6.719849000	1.151952982	0.066793973
6.719850000	1.185835600	0.070688510
6.719851000	1.186509490	0.069283463
6.719852000	1.192809582	0.065645448
6.719853000	1.160081506	0.074530585
6.719854000	1.232470274	0.065094710
6.719855000	1.159412622	0.067988613
6.719856000	1.192605853	0.067914041
6.719857000	1.206759810	0.071599469
6.719858000	1.198537946	0.067647787
6.719859000	1.191158175	0.068884060
6.719860000	1.186040998	0.061181557
6.719861000	1.195125222	0.060392288
6.719862000	1.170034528	0.066536591
6.719863000	1.164521337	0.062767482
6.719864000	1.131641865	0.062283457
6.719865000	1.115711331	0.059948726
6.719866000	1.195414186	0.061518834
6.719867000	1.180686474	0.059317078
6.719868000	1.184780121	0.059895425
6.719869000	1.124688745	0.060959196
6.719870000	1.166649580	0.060635950
6.719871000	1.203862548	0.063374587
6.719872000	1.168874383	0.059571381
6.719873000	1.170239568	0.060890012
6.719874000	1.146133065	0.055730545
6.719875000	1.168724775	0.056898274
6.719876000	1.175893784	0.058280900
6.719877000	1.160375476	0.061189047
6.719878000	1.128255010	0.056946702
6.719879000	1.164681911	0.057573415
6.719880000	1.128446579	0.056593122
6.719881000	1.207573533	0.052378220
6.719882000	1.196591258	0.051096844
6.719883000	1.160313845	0.055660641
6.719884000	1.182006121	0.056135096
6.719885000	1.129188418	0.046075987
6.719886000	1.196268559	0.054367851
6.719887000	1.128912449	0.054439694
6.719888000	1.106028676	0.054002686
6.719889000	1.144088507	0.048959179
6.719890000	1.121580482	0.051198236
6.719891000	1.123329043	0.050609615
6.719892000	1.172577739	0.051914801
6.719893000	1.120196462	0.046779952
6.719894000	1.142266631	0.053706314
6.719895000	1.123235345	0.050217065
6.719896000	1.134269357	0.048710252
6.719897000	1.114052176	0.048685077
6.719898000	1.142260790	0.043427203
6.719899000	1.133742094	0.050655775
6.719900000	1.095656276	0.048660872
6.719901000	1.110419154	0.051189751
6.719902000	1.070227146	0.045744103
6.719903000	1.120529175	0.046109892
6.719904000	1.110082269	0.042518732
6.719905000	1.112066627	0.042634346
6.719906000	1.153364897	0.040644183
6.719907000	1.154798746	0.040031402
6.719908000	1.135376096	0.046484699
6.719909000	1.155149937	0.037229249
6.719910000	1.087462068	0.039409524
6.719911000	1.096903801	0.038045466
6.719912000	1.101454139	0.040279134
6.719913000	1.114122629	0.043933361
6.719914000	1.139631867	0.039906570
6.719915000	1.127352834	0.039746015
6.719916000	1.083676815	0.038281917
6.719917000	1.100155830	0.034642331
6.719918000	1.105758905	0.036117882
6.719919000	1.085308909	0.030623706
6.719920000	1.131493568	0.041361297
6.719921000	1.105026603	0.032762405
6.719922000	1.062116623	0.035878472
6.719923000	1.093899250	0.033773233
6.719924000	1.095831156	0.032190092
6.719925000	1.091052651	0.025016458
6.719926000	1.079406142	0.030207414
6.719927000	1.087282658	0.036101075
6.719928000	1.072154045	0.024954695
6.719929000	1.045195580	0.033772757
6.719930000	1.070049286	0.024348229
6.719931000	1.092762351	0.031878442
6.719932000	1.096620679	0.029650094
6.719933000	1.044700027	0.024954177
6.719934000	1.051024199	0.026464984
6.719935000	1.070538282	0.024807664
6.719936000	1.038442850	0.022071372
6.719937000	1.072709441	0.028594028
6.719938000	1.065564275	0.024522514
6.719939000	1.043645859	0.022882117
6.719940000	1.035922050	0.024164687
6.719941000	1.057761192	0.023559794
6.719942000	1.029483199	0.021351694
6.719943000	1.075096726	0.022768864
6.719944000	1.098680496	0.018042991
6.719945000	1.021708965	0.018164142
6.719946000	1.038529038	0.017377921
6.719947000	1.071093917	0.018753820
6.719948000	1.030603886	0.019064235
6.719949000	1.081071734	0.015524745
6.719950000	1.024530292	0.017303299
6.719951000	1.064843059	0.013317410
6.719952000	1.063626170	0.015753350
6.719953000	1.074986458	0.014267957
6.719954000	1.035283089	0.009931699
6.719955000	1.046389580	0.008997181
6.719956000	1.019790173	0.012713859
6.719957000	1.012030244	0.008754292
6.719958000	1.064945817	0.010742043
6.719959000	1.040235877	0.008062509
6.719960000	1.051160336	0.009337969
6.719961000	1.003760219	0.009153636
6.719962000	1.042256951	0.006386816
6.719963000	0.984654546	0.003778576
6.719964000	0.987692297	0.001880939
6.719965000	1.008991241	0.004562462
6.719966000	1.000190735	0.005951864
6.719967000	1.022401690	0.000814613
6.719968000	0.987449646	0.002354465
6.719969000	1.020937800	0.005747494
6.719970000	0.995736659	-0.001916201
6.719971000	1.016772985	0.004393732
6.719972000	0.992225528	-0.002316694
6.719973000	1.020926118	-0.000692126
6.719974000	0.970000923	0.003315497
6.719975000	0.998652279	-0.004603454
6.719976000	1.002110004	-0.000396261
6.719977000	0.970092893	-0.006106642
6.719978000	0.986253500	-0.002911204
6.719979000	0.962911367	-0.000625236
6.719980000	0.981028557	-0.009306131
6.719981000	0.958987594	-0.007349614
6.719982000	0.971775532	-0.012216871
6.719983000	0.952026665	-0.012764921
6.719984000	0.934743226	-0.009319241
6.719985000	0.926091611	-0.009987050
6.719986000	0.950895965	-0.013792208
6.719987000	0.919068456	-0.014089305
6.719988000	0.967176855	-0.016712007
6.719989000	0.935166895	-0.008794566
6.719990000	0.898740590	-0.013775872
6.719991000	0.921916544	-0.015998093
6.719992000	0.958145797	-0.015158643
6.719993000	0.940280557	-0.016353550
6.719994000	0.898973167	-0.015355768
6.719995000	0.921000361	-0.016416652
6.719996000	0.922702074	-0.020311501
6.719997000	0.923822284	-0.019992217
6.719998000	0.927815378	-0.022476274
6.719999000	0.897678137	-0.024280597
6.720000000	0.920141459	-0.024034661
6.720001000	0.917821527	-0.025570678
6.720002000	0.910115540	-0.028507550
6.720003000	0.915731907	-0.026221041
6.720004000	0.847859979	-0.031025527
6.720005000	0.906481028	-0.023704302
6.720006000	0.914396465	-0.041602650
6.720007000	0.879201055	-0.034658335
6.720008000	0.833365142	-0.034431745
6.720009000	0.868305981	-0.032615963
6.720010000	0.865222096	-0.031913065
6.720011000	0.849358082	-0.037192888
6.720012000	0.800687134	-0.038250471
6.720013000	0.811696291	-0.040193946
6.720014000	0.883634448	-0.040015435
6.720015000	0.849076927	-0.041996357
6.720016000	0.830800056	-0.043503723
6.720017000	0.803602755	-0.041318819
6.720018000	0.797713757	-0.043757688
6.720019000	0.796619534	-0.047992934
6.720020000	0.808719218	-0.042437747
6.720021000	0.855086267	-0.049582384
6.720022000	0.768745065	-0.049491125
6.720023000	0.781382799	-0.050479016
6.720024000	0.744093418	-0.054024948
6.720025000	0.795320630	-0.051821370
6.720026000	0.764522076	-0.055058234
6.720027000	0.730655491	-0.056700148
6.720028000	0.775471330	-0.056137825
6.720029000	0.790573239	-0.056741406
6.720030000	0.780693829	-0.055337396
6.720031000	0.796592891	-0.056396156
6.720032000	0.740133047	-0.064586217
6.720033000	0.728273630	-0.063169777
6.720034000	0.734946012	-0.068554535
6.720035000	0.692496657	-0.066280142
6.720036000	0.725005388	-0.068269664
6.720037000	0.707719207	-0.077291543
6.720038000	0.697673500	-0.074606427
6.720039000	0.679834664	-0.077273933
6.720040000	0.700790584	-0.078190792
6.720041000	0.731855392	-0.082533060
6.720042000	0.644069672	-0.080588395
6.720043000	0.691730201	-0.083932493
6.720044000	0.668184161	-0.078988850
6.720045000	0.649035990	-0.082128218
6.720046000	0.618393481	-0.084273244
6.720047000	0.677585840	-0.088499348
6.720048000	0.648462832	-0.085361470
6.720049000	0.676716924	-0.086122269
6.720050000	0.604820430	-0.084983734
6.720051000	0.603452086	-0.089811671
6.720052000	0.611572325	-0.095382895
6.720053000	0.612699926	-0.095409985
6.720054000	0.569266796	-0.100324674
6.720055000	0.522568762	-0.101751471
6.720056000	0.596396804	-0.102447022
6.720057000	0.541281700	-0.103282048
6.720058000	0.543375194	-0.105398670
6.720059000	0.514172912	-0.106167241
6.720060000	0.534997642	-0.115137051
6.720061000	0.515614748	-0.112466133
6.720062000	0.516549766	-0.116549142
6.720063000	0.532334566	-0.118655819
6.720064000	0.460586071	-0.122808361
6.720065000	0.432133049	-0.119844712
6.720066000	0.478863031	-0.119957306
6.720067000	0.405932069	-0.122891660
6.720068000	0.447153479	-0.126292092
6.720069000	0.417021632	-0.127874168
6.720070000	0.428028673	-0.131174998
6.720071000	0.378466487	-0.136199551
6.720072000	0.379970282	-0.135567058
6.720073000	0.381565243	-0.137724161
6.720074000	0.369734079	-0.142337838
6.720075000	0.327986121	-0.142307877
6.720076000	0.390118420	-0.144748697
6.720077000	0.286152393	-0.155574531
6.720078000	0.312343776	-0.155821073
6.720079000	0.277747452	-0.152803611
6.720080000	0.312378973	-0.147512226
6.720081000	0.278930008	-0.159888768
6.720082000	0.222365782	-0.162307152
6.720083000	0.191061035	-0.172063110
6.720084000	0.236009255	-0.167438214
6.720085000	0.201912537	-0.173288413
6.720086000	0.201674283	-0.171448119
6.720087000	0.169236168	-0.175953389
6.720088000	0.177219674	-0.176934314
6.720089000	0.195943117	-0.175581562
6.720090000	0.164672330	-0.184021768
6.720091000	0.142699853	-0.187734032
6.720092000	0.113168739	-0.186371409
6.720093000	0.092327133	-0.187803224
6.720094000	0.021824917	-0.194213419
6.720095000	0.074928768	-0.194511277
6.720096000	0.050834570	-0.200972705
6.720097000	0.013248895	-0.205008410
6.720098000	-0.085593320	-0.212106633
6.720099000	-0.095307216	-0.211417540
6.720100000	-0.057127945	-0.213014238
6.720101000	-0.104603112	-0.221228625
6.720102000	-0.111102290	-0.213779980
6.720103000	-0.143903002	-0.221410869
6.720104000	-0.187438041	-0.225607145
6.720105000	-0.139892653	-0.223056386
6.720106000	-0.182696983	-0.231635460
6.720107000	-0.215196863	-0.235932703
6.720108000	-0.236887544	-0.239441668
6.720109000	-0.361210555	-0.250455021
6.720110000	-0.317733586	-0.253678944
6.720111000	-0.358737946	-0.254293501
6.720112000	-0.369268686	-0.256301042
6.720113000	-0.427158028	-0.269160332
6.720114000	-0.480822206	-0.268441977
6.720115000	-0.503661573	-0.268042603
6.720116000	-0.494114786	-0.269316077
6.720117000	-0.549329638	-0.280804937
6.720118000	-0.617808759	-0.278221138
6.720119000	-0.606516719	-0.289858686
6.720120000	-0.701817334	-0.295413041
6.720121000	-0.803308308	-0.305110610
6.720122000	-0.785449386	-0.306397183
6.720123000	-0.769240737	-0.300936537
6.720124000	-0.761506498	-0.312189525
6.720125000	-0.901066542	-0.315761656
6.720126000	-0.893861890	-0.316113460
6.720127000	-0.981218457	-0.326188498
6.720128000	-1.034327865	-0.330950762
6.720129000	-1.084757447	-0.332796300
6.720130000	-1.136639118	-0.336598362
6.720131000	-1.182621121	-0.339495681
6.720132000	-1.136414170	-0.331575840
6.720133000	-1.214270949	-0.345103466
6.720134000	-1.285431743	-0.366542446
6.720135000	-1.420855761	-0.369324084
6.720136000	-1.489358544	-0.372116508
6.720137000	-1.550046802	-0.373768301
6.720138000	-1.605037570	-0.388042045
6.720139000	-1.628411293	-0.380008420
6.720140000	-1.623378754	-0.386846685
6.720141000	-1.754382372	-0.388948818
6.720142000	-1.853010058	-0.406571255
6.720143000	-1.969714284	-0.413546540
6.720144000	-1.988903999	-0.411065605
6.720145000	-2.032748938	-0.418508142
6.720146000	-2.199449301	-0.428450421
6.720147000	-2.394048929	-0.448647669
6.720148000	-2.452718735	-0.440974003
6.720149000	-2.518705368	-0.454898108
6.720150000	-2.424056530	-0.453787004
6.720151000	-2.614821911	-0.459531276
6.720152000	-2.785032511	-0.473532878
6.720153000	-3.057003736	-0.484700478
6.720154000	-3.040959358	-0.487398360
6.720155000	-3.295655251	-0.498448215
6.720156000	-3.413245201	-0.495809722
6.720157000	-3.685861826	-0.516909780
6.720158000	-3.727352142	-0.517930870
6.720159000	-3.998229504	-0.523772114
6.720160000	-4.131794453	-0.530622364
6.720161000	-4.489629269	-0.539020609
6.720162000	-4.367410183	-0.541215353
6.720163000	-4.409867287	-0.549137592
6.720164000	-4.526148319	-0.552671140
6.720165000	-4.777064323	-0.557743430
6.720166000	-5.152641773	-0.562733928
6.720167000	-5.357539654	-0.569499356
6.720168000	-5.741847515	-0.589091233
6.720169000	-6.092160702	-0.590496783
6.720170000	-6.230836391	-0.579942143
6.720171000	-6.350575924	-0.580108724
6.720172000	-6.260422230	-0.597148694
6.720173000	-7.132997036	-0.581736315
6.720174000	-7.457641125	-0.585015531
6.720175000	-7.460423946	-0.581978063
6.720176000	-8.004835129	-0.579574294
6.720177000	-8.644222260	-0.590679875
6.720178000	-8.842268944	-0.584914132
6.720179000	-9.440991402	-0.557310700
6.720180000	-9.793660164	-0.553868231
6.720181000	-9.746251106	-0.566595445
6.720182000	-10.692152977	-0.521585359
6.720183000	-10.509186745	-0.537183161
6.720184000	-11.646498680	-0.484962567
6.720185000	-11.797874451	-0.461111595
6.720186000	-12.132156372	-0.463939972
6.720187000	-12.508279800	-0.421182588
6.720188000	-13.752560616	-0.340093128
6.720189000	-14.484076500	-0.239637127
6.720190000	-13.980237007	-0.283742670
6.720191000	-14.181518555	-0.268997013
6.720192000	-15.654010773	-0.048148975
6.720193000	-15.644459724	0.048236584
6.720194000	-16.037643433	0.129696203
6.720195000	-15.970168114	0.385839245
6.720196000	-15.999270439	0.413055453
6.720197000	-15.933105469	0.513301364
6.720198000	-15.906903267	0.562553565
6.720199000	-15.258872032	0.707550503
6.720200000	-15.145026207	0.674265716
6.720201000	-14.435203552	0.829946657
6.720202000	-13.702964783	0.919313754
6.720203000	-13.147014618	0.954730135
6.720204000	-12.700813293	0.967598596
6.720205000	-11.799270630	1.049052376
6.720206000	-11.668251038	1.062581168
6.720207000	-10.736667633	1.076670422
6.720208000	-10.175671577	1.122845574
6.720209000	-9.844811440	1.134172930
6.720210000	-10.007262230	1.110467534
6.720211000	-9.278449059	1.132369438
6.720212000	-9.042682648	1.131934011
6.720213000	-8.387490273	1.147011364
6.720214000	-8.273683548	1.153023184
6.720215000	-7.748289585	1.157930857
6.720216000	-7.631438255	1.156454401
6.720217000	-7.306579590	1.146611890
6.720218000	-7.093153000	1.141626452
6.720219000	-6.663436413	1.140792750
6.720220000	-6.359619141	1.155669168
6.720221000	-6.473710060	1.144568047
6.720222000	-5.973840714	1.154853841
6.720223000	-5.451122284	1.138601501
6.720224000	-5.307960987	1.123039452
6.720225000	-4.640533447	1.117097673
6.720226000	-4.911568642	1.125448015
6.720227000	-4.828217030	1.132802601
6.720228000	-4.490796566	1.109340085
6.720229000	-4.329403400	1.100105640
6.720230000	-4.049361229	1.092099113
6.720231000	-3.855610609	1.099409823
6.720232000	-3.932162762	1.083997377
6.720233000	-3.607258797	1.071598565
6.720234000	-3.444770575	1.067984256
6.720235000	-3.528641939	1.069057710
6.720236000	-3.371981621	1.064697249
6.720237000	-3.239748240	1.051332508
6.720238000	-3.002730608	1.049977226
6.720239000	-2.847575665	1.045976026
6.720240000	-2.515664816	1.011106858
6.720241000	-2.653322935	1.027804146
6.720242000	-2.461388588	1.008043291
6.720243000	-2.314821243	0.997262082
6.720244000	-2.364385128	0.996050943
6.720245000	-2.218852758	0.998463634
6.720246000	-2.014823675	0.977967480
6.720247000	-1.861132741	0.966104496
6.720248000	-1.895355701	0.973005745
6.720249000	-1.935844064	0.972444217
6.720250000	-1.778074622	0.962545114
6.720251000	-1.634173036	0.943626151
6.720252000	-1.585112214	0.934670340
6.720253000	-1.534625888	0.943624154
6.720254000	-1.509839654	0.942183650
6.720255000	-1.458180189	0.929695755
6.720256000	-1.332342625	0.921476507
6.720257000	-1.297265649	0.926034507
6.720258000	-1.179093242	0.915397842
6.720259000	-1.180361032	0.903373736
6.720260000	-1.092474461	0.906851691
6.720261000	-1.056443572	0.887506423
6.720262000	-0.947354078	0.878170911
6.720263000	-0.967059314	0.876366819
6.720264000	-0.787565410	0.873226353
6.720265000	-0.713339090	0.858616052
6.720266000	-0.753796160	0.856438918
6.720267000	-0.645807564	0.852237648
6.720268000	-0.556796432	0.840176724
6.720269000	-0.557469428	0.833310229
6.720270000	-0.596499145	0.841360765
6.720271000	-0.469932139	0.828782655
6.720272000	-0.385810316	0.822116164
6.720273000	-0.363113821	0.818202782
6.720274000	-0.275636852	0.802284735
6.720275000	-0.298990816	0.805389382
6.720276000	-0.200094089	0.801332988
6.720277000	-0.204520762	0.800369257
6.720278000	-0.237921521	0.797448568
6.720279000	-0.077333331	0.782359164
6.720280000	-0.111384958	0.779385744
6.720281000	-0.030089660	0.768223704
6.720282000	-0.016222183	0.768173903
6.720283000	0.042067293	0.751383538
6.720284000	0.009431271	0.764183023
6.720285000	0.101674706	0.750882397
6.720286000	0.101459228	0.754707496
6.720287000	0.116612315	0.744509786
6.720288000	0.127723321	0.739770957
6.720289000	0.195566788	0.741322514
6.720290000	0.276944220	0.729636231
6.720291000	0.296162724	0.726711015
6.720292000	0.291633040	0.718771133
6.720293000	0.317110568	0.713534626
6.720294000	0.318586230	0.709795614
6.720295000	0.413378119	0.700809642
6.720296000	0.372824818	0.707513684
6.720297000	0.438706577	0.695076722
6.720298000	0.404313266	0.698135962
6.720299000	0.447917014	0.684886003
6.720300000	0.471071154	0.687726597
6.720301000	0.511742830	0.678904477
6.720302000	0.509575009	0.682619853
6.720303000	0.466776073	0.682549812
6.720304000	0.542142987	0.674492817
6.720305000	0.563346624	0.670271707
6.720306000	0.599804759	0.663002942
6.720307000	0.590939462	0.656431791
6.720308000	0.596466959	0.659404412
6.720309000	0.612367809	0.650985494
6.720310000	0.650743484	0.660234719
6.720311000	0.681827724	0.647122246
6.720312000	0.724865377	0.640339041
6.720313000	0.692682207	0.642032079
6.720314000	0.705756247	0.632770138
6.720315000	0.673910558	0.644723137
6.720316000	0.688167095	0.632886185
6.720317000	0.731747985	0.629150369
6.720318000	0.783105016	0.631985903
6.720319000	0.775479615	0.620791372
6.720320000	0.800786376	0.627990829
6.720321000	0.834975660	0.615941490
6.720322000	0.793789208	0.613440981
6.720323000	0.815453172	0.610532210
6.720324000	0.811987042	0.608316460
6.720325000	0.826071024	0.612409272
6.720326000	0.870977759	0.603611453
6.720327000	0.843786538	0.599646539
6.720328000	0.880718410	0.595174293
6.720329000	0.903557897	0.595606790
6.720330000	0.916934669	0.589349493
6.720331000	0.927442670	0.582793856
6.720332000	0.946815550	0.585878595
6.720333000	0.953102469	0.575853858
6.720334000	0.966112792	0.579616039
6.720335000	0.932029366	0.576993291
6.720336000	0.989555895	0.576934169
6.720337000	0.986156762	0.563078474
6.720338000	0.974744737	0.566026660
6.720339000	1.004820824	0.564435288
6.720340000	1.011004567	0.557139059
6.720341000	0.977989852	0.563001243
6.720342000	0.980780721	0.554695542
6.720343000	1.063568234	0.552777966
6.720344000	1.016792893	0.554798440
6.720345000	1.045690775	0.550544074
6.720346000	1.089162827	0.541043513
6.720347000	1.062700391	0.553403376
6.720348000	1.100713611	0.543750583
6.720349000	1.085630536	0.533493052
6.720350000	1.020932078	0.538856259
6.720351000	1.126108050	0.532061636
6.720352000	1.143457770	0.526101648
6.720353000	1.146274924	0.535871587
6.720354000	1.132391334	0.524750060
6.720355000	1.107139111	0.526937980
6.720356000	1.082655072	0.530511443
6.720357000	1.116164804	0.524464836
6.720358000	1.173408628	0.525564255
6.720359000	1.177441716	0.515889823
6.720360000	1.159012198	0.510365362
6.720361000	1.113991261	0.514978889
6.720362000	1.188027501	0.508643262
6.720363000	1.165390134	0.508257803
6.720364000	1.176496863	0.510784976
6.720365000	1.206715345	0.505108548
6.720366000	1.148887992	0.507058381
6.720367000	1.144585371	0.502081632
6.720368000	1.221176982	0.499499598
6.720369000	1.213303804	0.500634504
6.720370000	1.180755019	0.496661001
6.720371000	1.186933160	0.492678743
6.720372000	1.237512589	0.493321530
6.720373000	1.199706197	0.500446618
6.720374000	1.190192938	0.488562994
6.720375000	1.205930114	0.492037187
6.720376000	1.216440320	0.494599515
6.720377000	1.201013446	0.484492685
6.720378000	1.200230598	0.486792125
6.720379000	1.228713989	0.486794289
6.720380000	1.224765301	0.482470680
6.720381000	1.279107332	0.476328598
6.720382000	1.275220037	0.478271474
6.720383000	1.251902103	0.469087530
6.720384000	1.229761362	0.479988181
6.720385000	1.239314198	0.475886281
6.720386000	1.293839574	0.465951292
6.720387000	1.253855109	0.468063778
6.720388000	1.248585582	0.472791588
6.720389000	1.275410891	0.467334737
6.720390000	1.265877128	0.461959646
6.720391000	1.274677038	0.465986945
6.720392000	1.309742332	0.464930602
6.720393000	1.296678782	0.457814103
6.720394000	1.304329515	0.461548054
6.720395000	1.297229052	0.461173115
6.720396000	1.303879380	0.460106119
6.720397000	1.282017231	0.459183900
6.720398000	1.332317352	0.455324646
6.720399000	1.345850348	0.455359867
6.720400000	1.313824892	0.449725250
6.720401000	1.308267593	0.452074591
6.720402000	1.290309191	0.453504342
6.720403000	1.317797184	0.446722370
6.720404000	1.369098663	0.451845060
6.720405000	1.295043707	0.450974140
6.720406000	1.311522722	0.449763700
6.720407000	1.325026393	0.441792759
6.720408000	1.352898121	0.445154101
6.720409000	1.330154657	0.442312941
6.720410000	1.364705801	0.439054297
6.720411000	1.299996495	0.434679688
6.720412000	1.377417564	0.439010088
6.720413000	1.343100905	0.438690575
6.720414000	1.341425300	0.440323126
6.720415000	1.332959175	0.424488237
6.720416000	1.336190820	0.442473995
6.720417000	1.390454650	0.432556949
6.720418000	1.331089377	0.430806021
6.720419000	1.372886062	0.427979175
6.720420000	1.394484043	0.424748827
6.720421000	1.395718098	0.426640970
6.720422000	1.344596982	0.432670633
6.720423000	1.381255746	0.431184622
6.720424000	1.320218444	0.427685761
6.720425000	1.357485652	0.427346608
6.720426000	1.345306277	0.425390349
6.720427000	1.381284237	0.419230258
6.720428000	1.421624541	0.419469576
6.720429000	1.346720576	0.420705616
6.720430000	1.369473577	0.421802273
6.720431000	1.379658222	0.420425585
6.720432000	1.371620059	0.420837609
6.720433000	1.374215722	0.414591531
6.720434000	1.412121058	0.416882315
6.720435000	1.359573126	0.410883645
6.720436000	1.354355693	0.410704714
6.720437000	1.448581576	0.411999876
6.720438000	1.402796626	0.409389612
6.720439000	1.429699540	0.408616496
6.720440000	1.387420297	0.409151492
6.720441000	1.375673175	0.410680279
6.720442000	1.413126469	0.403775635
6.720443000	1.367023468	0.403033878
6.720444000	1.414370179	0.403273296
6.720445000	1.409725547	0.405019131
6.720446000	1.383725882	0.405602730
6.720447000	1.414770842	0.400261028
6.720448000	1.426984906	0.401689814
6.720449000	1.405381203	0.401659420
6.720450000	1.421802878	0.400112690
6.720451000	1.412067533	0.397433317
6.720452000	1.373542905	0.400195414
6.720453000	1.409760714	0.401351825
6.720454000	1.382775664	0.403503626
6.720455000	1.406861305	0.397645970
6.720456000	1.401834965	0.399392737
6.720457000	1.348243713	0.390160057
6.720458000	1.431487799	0.392169146
6.720459000	1.422282100	0.392320713
6.720460000	1.421211481	0.390753110
6.720461000	1.373958111	0.398139287
6.720462000	1.431775570	0.391016097
6.720463000	1.434697032	0.394119346
6.720464000	1.393223763	0.392807739
6.720465000	1.424530029	0.391909887
6.720466000	1.391903639	0.388397610
6.720467000	1.428681850	0.385599394
6.720468000	1.430683732	0.385489472
6.720469000	1.415405989	0.385895970
6.720470000	1.440734148	0.384051798
6.720471000	1.431100011	0.384640057
6.720472000	1.439103246	0.388208826
6.720473000	1.438510776	0.382158323
6.720474000	1.435167432	0.380201233
6.720475000	1.384209156	0.384214450
6.720476000	1.414327979	0.384227966
6.720477000	1.448946834	0.384025599
6.720478000	1.414912105	0.378319277
6.720479000	1.391900778	0.377570762
6.720480000	1.434226871	0.377404681
6.720481000	1.416309357	0.378527037
6.720482000	1.456914067	0.376675807
6.720483000	1.415385246	0.373585475
6.720484000	1.470259070	0.377893271
6.720485000	1.424838543	0.374844218
6.720486000	1.449706316	0.375101978
6.720487000	1.414361358	0.377266496
6.720488000	1.457943082	0.369094986
6.720489000	1.436701894	0.375683879
6.720490000	1.435714602	0.373751989
6.720491000	1.480093956	0.370076460
6.720492000	1.473513126	0.365743897
6.720493000	1.453460574	0.374837726
6.720494000	1.473668218	0.372628801
6.720495000	1.454052448	0.371568163
6.720496000	1.440528989	0.368867152
6.720497000	1.392666936	0.367499819
6.720498000	1.441240907	0.366074561
6.720499000	1.481788516	0.366889855
6.720500000	1.453758359	0.365598455
6.720501000	1.469998717	0.363141556
6.720502000	1.429687381	0.362966453
6.720503000	1.427731991	0.360449000
6.720504000	1.450663090	0.367279575
6.720505000	1.445517659	0.370175064
6.720506000	1.400707245	0.363123346
6.720507000	1.473308206	0.364007915
6.720508000	1.449683905	0.364417809
6.720509000	1.444682002	0.358205420
6.720510000	1.471299648	0.359999425
6.720511000	1.466854095	0.357215123
6.720512000	1.466681480	0.351519121
6.720513000	1.462518096	0.359462698
6.720514000	1.510108232	0.360802967
6.720515000	1.428038955	0.357114223
6.720516000	1.478477001	0.360860425
6.720517000	1.491697669	0.356899805
6.720518000	1.481650352	0.356090104
6.720519000	1.498289943	0.353469753
6.720520000	1.454343796	0.353847290
6.720521000	1.436367869	0.347991931
6.720522000	1.476287961	0.355593824
6.720523000	1.423657775	0.348180749
6.720524000	1.413250208	0.352489976
6.720525000	1.467456102	0.352321631
6.720526000	1.444260001	0.348935422
6.720527000	1.438364267	0.356379157
6.720528000	1.475016117	0.350077652
6.720529000	1.462849021	0.351150806
6.720530000	1.446962714	0.348032610
6.720531000	1.484361053	0.346927532
6.720532000	1.486063480	0.346130481
6.720533000	1.447068214	0.351802615
6.720534000	1.502055645	0.344539941
6.720535000	1.507712722	0.339812131
6.720536000	1.486835480	0.341100269
6.720537000	1.475497723	0.346438076
6.720538000	1.445343018	0.341396046
6.720539000	1.468440533	0.344304085
6.720540000	1.445324540	0.340415570
6.720541000	1.509658456	0.347081196
6.720542000	1.448115230	0.346298327
6.720543000	1.476402879	0.345551510
6.720544000	1.451267362	0.345037153
6.720545000	1.432126641	0.340787747
6.720546000	1.478269577	0.336275520
6.720547000	1.457248688	0.340824166
6.720548000	1.444164991	0.336894206
6.720549000	1.477192044	0.338738644
6.720550000	1.447765708	0.340317932
6.720551000	1.492704988	0.335602872
6.720552000	1.475648403	0.338231412
6.720553000	1.464755177	0.339621249
6.720554000	1.433200359	0.336945138
6.720555000	1.482836723	0.339238486
6.720556000	1.483459115	0.338161604
6.720557000	1.481683493	0.332147287
6.720558000	1.466949582	0.337364986
6.720559000	1.527987719	0.339021938
6.720560000	1.484048009	0.336754057
6.720561000	1.514114976	0.330175716
6.720562000	1.498322368	0.329629335
6.720563000	1.434898734	0.333069740
6.720564000	1.480506182	0.333814293
6.720565000	1.500715613	0.331421776
6.720566000	1.488911867	0.330079376
6.720567000	1.492526889	0.335450173
6.720568000	1.512242556	0.328827557
6.720569000	1.462598920	0.331222605
6.720570000	1.493506789	0.327027527
6.720571000	1.463891506	0.325936263
6.720572000	1.455888152	0.332244360
6.720573000	1.429432869	0.331926611
6.720574000	1.495926380	0.328259039
6.720575000	1.512258172	0.331386389
6.720576000	1.469950318	0.325044037
6.720577000	1.488662720	0.327341547
6.720578000	1.484813690	0.328299253
6.720579000	1.506662369	0.323759761
6.720580000	1.482983828	0.327079458
6.720581000	1.476259470	0.328529217
6.720582000	1.489727855	0.326539869
6.720583000	1.525946259	0.322001176
6.720584000	1.478694320	0.322245322
6.720585000	1.493678093	0.321844982
6.720586000	1.514671922	0.323738889
6.720587000	1.486179948	0.323477167
6.720588000	1.460886359	0.325695547
6.720589000	1.466294885	0.318231572
6.720590000	1.504699111	0.317571907
6.720591000	1.490362525	0.319188479
6.720592000	1.460770369	0.320307705
6.720593000	1.512495041	0.320167224
6.720594000	1.499813914	0.326025945
6.720595000	1.504974961	0.323316645
6.720596000	1.520484686	0.321777304
6.720597000	1.473359346	0.321121867
6.720598000	1.534251928	0.317469408
6.720599000	1.469679952	0.319638786
6.720600000	1.517331123	0.318986378
6.720601000	1.459375739	0.321312649
6.720602000	1.502995372	0.316334768
6.720603000	1.501384139	0.318985180
6.720604000	1.483979821	0.317861692
6.720605000	1.503206611	0.318883780
6.720606000	1.485397458	0.319530695
6.720607000	1.437902212	0.320090791
6.720608000	1.479813933	0.317787456
6.720609000	1.498332381	0.308247314
6.720610000	1.507621765	0.313071897
6.720611000	1.506654978	0.315687287
6.720612000	1.496085286	0.314756912
6.720613000	1.482618570	0.312479410
6.720614000	1.489756465	0.311577530
6.720615000	1.484068394	0.315809893
6.720616000	1.502492428	0.309970945
6.720617000	1.519800067	0.311810657
6.720618000	1.490719080	0.306823122
6.720619000	1.470037341	0.311329357
6.720620000	1.531148314	0.312366991
6.720621000	1.473156095	0.312103139
6.720622000	1.530546308	0.312567960
6.720623000	1.477174640	0.303229619
6.720624000	1.492073536	0.314526083
6.720625000	1.502738237	0.312790101
6.720626000	1.472839713	0.310372750
6.720627000	1.463847041	0.305191237
6.720628000	1.495114326	0.312075608
6.720629000	1.484574080	0.307597536
6.720630000	1.504965305	0.313005151
6.720631000	1.455953836	0.308054002
6.720632000	1.525119901	0.311365643
6.720633000	1.455401659	0.307251292
6.720634000	1.493593931	0.311202957
6.720635000	1.473837733	0.311702300
6.720636000	1.488202214	0.306028168
6.720637000	1.492362618	0.305029716
6.720638000	1.486263156	0.303232349
6.720639000	1.514136314	0.303915250
6.720640000	1.484476924	0.304356136
6.720641000	1.502596259	0.309954367
6.720642000	1.485693455	0.303992814
6.720643000	1.532278657	0.304143616
6.720644000	1.521583200	0.308316989
6.720645000	1.477370262	0.309456988
6.720646000	1.485433578	0.300962004
6.720647000	1.535752416	0.302098042
6.720648000	1.499983907	0.300346281
6.720649000	1.473786235	0.305597169
6.720650000	1.471876144	0.305899937
6.720651000	1.492568851	0.303899038
6.720652000	1.517867446	0.305962255
6.720653000	1.519897580	0.299562646
6.720654000	1.471792817	0.299998239
6.720655000	1.512787223	0.297788448
6.720656000	1.522300005	0.306109595
6.720657000	1.496829629	0.304555807
6.720658000	1.487703919	0.301136408
6.720659000	1.447084188	0.302379738
6.720660000	1.511358976	0.297856891
6.720661000	1.498786330	0.297212306
6.720662000	1.492301822	0.299915282
6.720663000	1.510360360	0.303165370
6.720664000	1.470383048	0.300796954
6.720665000	1.537293434	0.297195728
6.720666000	1.508291960	0.293752094
6.720667000	1.520539045	0.293701161
6.720668000	1.501536012	0.293999735
6.720669000	1.521295190	0.292010454
6.720670000	1.513007998	0.295963484
6.720671000	1.473705649	0.296966730
6.720672000	1.497685552	0.293343732
6.720673000	1.493451834	0.299751497
6.720674000	1.489013672	0.295509714
6.720675000	1.499815464	0.294185491
6.720676000	1.484172702	0.296979313
6.720677000	1.510039330	0.292397111
6.720678000	1.497519851	0.299950868
6.720679000	1.466281176	0.292822551
6.720680000	1.490088344	0.292299407
6.720681000	1.480629683	0.294759369
6.720682000	1.488868952	0.292409661
6.720683000	1.563205123	0.293066164
6.720684000	1.478129506	0.293299856
6.720685000	1.469008565	0.287274588
6.720686000	1.509086013	0.293224023
6.720687000	1.522696018	0.293841710
6.720688000	1.491751671	0.291517036
6.720689000	1.504437566	0.294820854
6.720690000	1.512617469	0.293354751
6.720691000	1.465666294	0.290480601
6.720692000	1.557278752	0.287239867
6.720693000	1.488810301	0.287690307
6.720694000	1.525719523	0.290754973
6.720695000	1.534546494	0.294209958
6.720696000	1.506219864	0.287609180
6.720697000	1.502651453	0.281836646
6.720698000	1.514755011	0.288480434
6.720699000	1.535386920	0.284654370
6.720700000	1.505162477	0.290231862
6.720701000	1.524729252	0.280956038
6.720702000	1.528847456	0.284784698
6.720703000	1.574072361	0.286125201
6.720704000	1.505019069	0.288607034
6.720705000	1.529270530	0.290823050
6.720706000	1.512498856	0.286563457
6.720707000	1.538318872	0.289779790
6.720708000	1.479050994	0.285772764
6.720709000	1.492855787	0.287773431
6.720710000	1.531749725	0.281653886
6.720711000	1.547255874	0.284465186
6.720712000	1.535947442	0.285754622
6.720713000	1.508834124	0.284981406
6.720714000	1.461075187	0.285209972
6.720715000	1.475553155	0.285968207
6.720716000	1.512639761	0.287413838
6.720717000	1.530081630	0.284527803
6.720718000	1.511409044	0.283283208
6.720719000	1.530812621	0.281911247
6.720720000	1.543204188	0.283735979
6.720721000	1.512463689	0.286907770
6.720722000	1.501122355	0.282786262
6.720723000	1.543352962	0.283916242
6.720724000	1.519288898	0.283885016
6.720725000	1.504377246	0.281628386
6.720726000	1.510648727	0.282160320
6.720727000	1.497928381	0.282307859
6.720728000	1.529306531	0.281337802
6.720729000	1.510021091	0.281801792
6.720730000	1.472090006	0.281016991
6.720731000	1.515333652	0.278774809
6.720732000	1.555578351	0.289109972
6.720733000	1.520506263	0.276558527
6.720734000	1.519038558	0.277766503
6.720735000	1.473534107	0.280677838
6.720736000	1.520512819	0.284887863
6.720737000	1.529574752	0.282177197
6.720738000	1.513917565	0.283538406
6.720739000	1.495474100	0.282059020
6.720740000	1.510024071	0.278817503
6.720741000	1.471990585	0.280280128
6.720742000	1.522239208	0.278463369
6.720743000	1.495829582	0.280342379
6.720744000	1.538242936	0.278963744
6.720745000	1.498127699	0.277709495
6.720746000	1.529723287	0.281229478
6.720747000	1.455850363	0.280455530
6.720748000	1.534814954	0.282780903
6.720749000	1.517281055	0.275664753
6.720750000	1.492310643	0.279380013
6.720751000	1.502332926	0.278811211
6.720752000	1.529282451	0.275427016
6.720753000	1.512094736	0.278123317
6.720754000	1.510685086	0.275067905
6.720755000	1.489102483	0.278667967
6.720756000	1.510365009	0.274335187
6.720757000	1.510053754	0.277140943
6.720758000	1.497022152	0.273678135
6.720759000	1.584234357	0.275596027
6.720760000	1.524647593	0.281381645
6.720761000	1.518597603	0.274537687
6.720762000	1.547369599	0.279850161
6.720763000	1.507930517	0.279755518
6.720764000	1.520328879	0.273484140
6.720765000	1.521557927	0.270938574
6.720766000	1.502472162	0.277045486
6.720767000	1.501696944	0.274524271
6.720768000	1.519986987	0.267675553
6.720769000	1.467586756	0.275621444
6.720770000	1.568000436	0.279140894
6.720771000	1.499150991	0.276588471
6.720772000	1.506475091	0.272647408
6.720773000	1.499240518	0.275692167
6.720774000	1.502187490	0.272784411
6.720775000	1.464836597	0.274124381
6.720776000	1.528079391	0.274706182
6.720777000	1.471440911	0.267270952
6.720778000	1.515365243	0.270739320
6.720779000	1.533189297	0.268243189
6.720780000	1.531132579	0.271381558
6.720781000	1.525319219	0.270751720
6.720782000	1.528879881	0.266871461
6.720783000	1.539772987	0.269166557
6.720784000	1.502845049	0.271099363
6.720785000	1.532746553	0.268825123
6.720786000	1.506617665	0.266373900
6.720787000	1.535382509	0.270895098
6.720788000	1.543492436	0.268738154
6.720789000	1.525666714	0.272549038
6.720790000	1.533684611	0.269339979
6.720791000	1.511359692	0.271953555
6.720792000	1.498935103	0.265996363
6.720793000	1.505408406	0.266114092
6.720794000	1.516867399	0.272022697
6.720795000	1.498454452	0.268103906
6.720796000	1.489075184	0.263665498
6.720797000	1.521919966	0.269596791
6.720798000	1.484937429	0.272404977
6.720799000	1.516436219	0.269514299
6.720800000	1.495991230	0.271584158
6.720801000	1.486943126	0.268879685
6.720802000	1.546393633	0.264258900
6.720803000	1.527894497	0.269189244
6.720804000	1.494267225	0.270469126
6.720805000	1.520862699	0.271411568
6.720806000	1.538682103	0.264226327
6.720807000	1.530228734	0.272743315
6.720808000	1.584577203	0.260837387
6.720809000	1.560497403	0.268435270
6.720810000	1.537708044	0.263054070
6.720811000	1.519666433	0.269399800
6.720812000	1.485299706	0.268394956
6.720813000	1.521081448	0.266970731
6.720814000	1.544955015	0.257838485
6.720815000	1.531244159	0.261043067
6.720816000	1.510948062	0.263472319
6.720817000	1.511227965	0.267058915
6.720818000	1.555588365	0.265392275
6.720819000	1.513487101	0.264495106
6.720820000	1.558929801	0.265926006
6.720821000	1.502227068	0.260483686
6.720822000	1.498225331	0.262251909
6.720823000	1.539166570	0.264393457
6.720824000	1.510922313	0.263670541
6.720825000	1.542299271	0.262597288
6.720826000	1.517811894	0.260473999
6.720827000	1.497825742	0.262528162
6.720828000	1.567340970	0.261551614
6.720829000	1.516340375	0.261017600
6.720830000	1.482067466	0.261919147
6.720831000	1.498774290	0.267280872
6.720832000	1.516609669	0.270075927
6.720833000	1.532506824	0.263228057
6.720834000	1.487070322	0.264780697
6.720835000	1.543856978	0.264939604
6.720836000	1.527572036	0.264723239
6.720837000	1.524976969	0.261143984
6.720838000	1.486536145	0.265724188
6.720839000	1.504348755	0.260568924
6.720840000	1.518578887	0.257347981
6.720841000	1.493849874	0.260165455
6.720842000	1.536012173	0.259778348
6.720843000	1.509457946	0.264061727
6.720844000	1.526564240	0.261893697
6.720845000	1.488136411	0.260549466
6.720846000	1.532339811	0.258252889
6.720847000	1.507385254	0.260863636
6.720848000	1.487485290	0.254953416
6.720849000	1.546233058	0.255201856
6.720850000	1.504636884	0.259105983
6.720851000	1.478762269	0.260200293
6.720852000	1.507390618	0.252811053
6.720853000	1.542813659	0.262194401
6.720854000	1.504723191	0.259157565
6.720855000	1.520156264	0.260585436
6.720856000	1.502689362	0.259570638
6.720857000	1.539635897	0.261549001
6.720858000	1.525949359	0.258805312
6.720859000	1.539073944	0.254610068
6.720860000	1.505429864	0.256812985
6.720861000	1.521059513	0.260649951
6.720862000	1.516931772	0.254151638
6.720863000	1.567786336	0.260655494
6.720864000	1.514701128	0.253559717
6.720865000	1.535971999	0.257469005
6.720866000	1.473240614	0.256154568
6.720867000	1.528794408	0.259246681
6.720868000	1.479859471	0.260099109
6.720869000	1.536867499	0.255242319
6.720870000	1.521921515	0.256288792
6.720871000	1.514575720	0.254842429
6.720872000	1.489752650	0.255319534
6.720873000	1.531380057	0.258295949
6.720874000	1.492833972	0.253652245
6.720875000	1.527841449	0.254096960
6.720876000	1.527171612	0.258114605
6.720877000	1.518049359	0.257963487
6.720878000	1.513525963	0.254920310
6.720879000	1.533200979	0.256477859
6.720880000	1.501170397	0.254694191
6.720881000	1.524122596	0.252942446
6.720882000	1.531591535	0.256055715
6.720883000	1.526003838	0.257916299
6.720884000	1.538559794	0.255462829
6.720885000	1.529013634	0.254209246
6.720886000	1.520993829	0.251536381
6.720887000	1.534311414	0.256428874
6.720888000	1.525331736	0.254302240
6.720889000	1.572223306	0.252871989
6.720890000	1.491950631	0.254151588
6.720891000	1.529812336	0.250126570
6.720892000	1.535714984	0.256922990
6.720893000	1.539523840	0.250582936
6.720894000	1.515059590	0.251337626
6.720895000	1.567212582	0.253309879
6.720896000	1.493839145	0.248009373
6.720897000	1.540424347	0.254014019
6.720898000	1.520942330	0.254011273
6.720899000	1.494303465	0.256194199
6.720900000	1.522958398	0.247305233
6.720901000	1.537109613	0.252394884
6.720902000	1.511026144	0.252909806
6.720903000	1.527028322	0.254018064
6.720904000	1.557799578	0.251441156
6.720905000	1.524556398	0.252642691
6.720906000	1.512535930	0.255090119
6.720907000	1.533183575	0.249931077
6.720908000	1.506764650	0.251840680
6.720909000	1.519613981	0.248931093
6.720910000	1.504904270	0.251048390
6.720911000	1.543845415	0.253772970
6.720912000	1.496517897	0.249136323
6.720913000	1.566266418	0.247352721
6.720914000	1.551121354	0.250826781
6.720915000	1.517983556	0.241240100
6.720916000	1.535189867	0.249706872
6.720917000	1.546735525	0.249416854
6.720918000	1.514762878	0.243873018
6.720919000	1.549759507	0.245857289
6.720920000	1.558434606	0.249225489
6.720921000	1.525218844	0.249239138
6.720922000	1.551881790	0.248277587
6.720923000	1.532581925	0.249553557
6.720924000	1.530480981	0.250086306
6.720925000	1.578881383	0.246511745
6.720926000	1.531221032	0.243990813
6.720927000	1.543061614	0.250254984
6.720928000	1.534817100	0.245351605
6.720929000	1.508913636	0.243502522
6.720930000	1.544872642	0.246831041
6.720931000	1.520113945	0.250439058
6.720932000	1.551571727	0.245873818
6.720933000	1.536076307	0.244893824
6.720934000	1.550700665	0.243396345
6.720935000	1.481061697	0.244164468
6.720936000	1.502984524	0.247008008
6.720937000	1.474155426	0.247286308
6.720938000	1.578681707	0.245052848
6.720939000	1.516836405	0.245800780
6.720940000	1.530631661	0.248828478
6.720941000	1.502440095	0.245987168
6.720942000	1.567374110	0.247541373
6.720943000	1.536410451	0.247592322
6.720944000	1.557743192	0.241880824
6.720945000	1.506948829	0.246062120
6.720946000	1.498560905	0.247339372
6.720947000	1.515274763	0.244213287
6.720948000	1.507526040	0.245674730
6.720949000	1.502435207	0.243917876
6.720950000	1.528495312	0.247273525
6.720951000	1.497903347	0.246450742
6.720952000	1.550483465	0.247210924
6.720953000	1.575946093	0.246418584
6.720954000	1.525065541	0.243304100
6.720955000	1.547427177	0.245143013
6.720956000	1.521613240	0.248322994
6.720957000	1.525602102	0.238920537
6.720958000	1.550324082	0.245698731
6.720959000	1.504457712	0.242595849
6.720960000	1.554066777	0.240026365
6.720961000	1.505826712	0.241355266
6.720962000	1.495622993	0.247865330
6.720963000	1.537973046	0.243448960
6.720964000	1.525757313	0.241374191
6.720965000	1.532224298	0.249691010
6.720966000	1.521597862	0.240504752
6.720967000	1.488160729	0.245672150
6.720968000	1.548467398	0.238991643
6.720969000	1.522150636	0.241355382
6.720970000	1.539274812	0.237849097
6.720971000	1.564617157	0.238979842
6.720972000	1.490810513	0.243935303
6.720973000	1.532992125	0.240214750
6.720974000	1.532086492	0.240234274
6.720975000	1.552276731	0.244144893
6.720976000	1.545918941	0.244445065
6.720977000	1.538427949	0.239365501
6.720978000	1.533781886	0.245388174
6.720979000	1.520555973	0.241309426
6.720980000	1.518199086	0.242974651
6.720981000	1.497084498	0.238869221
6.720982000	1.541764498	0.239799963
6.720983000	1.568777442	0.239670949
6.720984000	1.536162257	0.236669700
6.720985000	1.548925400	0.238723813
6.720986000	1.554051161	0.243452571
6.720987000	1.545404315	0.239583781
6.720988000	1.569047213	0.240733451
6.720989000	1.512739658	0.238294561
6.720990000	1.490848303	0.237008504
6.720991000	1.466196060	0.239398042
6.720992000	1.511649132	0.239331613
6.720993000	1.509854555	0.241125601
6.720994000	1.513320446	0.237934019
6.720995000	1.534581423	0.239016661
6.720996000	1.516122699	0.237616986
6.720997000	1.557839394	0.242415520
6.720998000	1.536801338	0.242533681
6.720999000	1.530848026	0.240017144
6.721000000	1.549637079	0.241084888
6.721001000	1.526609778	0.235146372
6.721002000	1.547481894	0.236810814
6.721003000	1.478699207	0.236479284
6.721004000	1.542059898	0.237651724
6.721005000	1.542699337	0.231681566
6.721006000	1.541781545	0.236046603
6.721007000	1.504912853	0.235803873
6.721008000	1.509380221	0.238965644
6.721009000	1.524786115	0.238471861
6.721010000	1.504444957	0.234850411
6.721011000	1.521710038	0.235805754
6.721012000	1.524627209	0.241113284
6.721013000	1.497661352	0.233390117
6.721014000	1.474693298	0.238025582
6.721015000	1.482744336	0.229178927
6.721016000	1.555904508	0.234028926
6.721017000	1.535087466	0.231856452
6.721018000	1.538375616	0.232199434
6.721019000	1.514648199	0.235679753
6.721020000	1.568700314	0.230432726
6.721021000	1.540546060	0.233765390
6.721022000	1.548954844	0.241373042
6.721023000	1.516594291	0.235241563
6.721024000	1.535259724	0.232522509
6.721025000	1.535940170	0.237069490
6.721026000	1.512717128	0.233021269
6.721027000	1.492608547	0.235565969
6.721028000	1.544129610	0.234473857
6.721029000	1.563393831	0.234660012
6.721030000	1.542166471	0.239478786
6.721031000	1.523297787	0.235157307
6.721032000	1.521311045	0.230956970
6.721033000	1.539496064	0.234077745
6.721034000	1.533209562	0.230335255
6.721035000	1.571773767	0.233587657
6.721036000	1.531633735	0.231976894
6.721037000	1.542281032	0.237067576
6.721038000	1.548032880	0.231321390
6.721039000	1.551365376	0.234533379
6.721040000	1.515012622	0.232780802
6.721041000	1.551167369	0.232414884
6.721042000	1.487676382	0.234398673
6.721043000	1.549789071	0.234010084
6.721044000	1.545128107	0.236462905
6.721045000	1.528529406	0.236694983
6.721046000	1.566674948	0.236294178
6.721047000	1.513901830	0.231402999
6.721048000	1.513333797	0.231983186
6.721049000	1.540871859	0.230153377
6.721050000	1.549291611	0.229261834
6.721051000	1.548125148	0.231474788
6.721052000	1.520404935	0.227346439
6.721053000	1.531570435	0.229875760
6.721054000	1.587178946	0.232731667
6.721055000	1.558998227	0.231819185
6.721056000	1.532961607	0.235961366
6.721057000	1.504649997	0.227555813
6.721058000	1.516434193	0.228312750
6.721059000	1.529669642	0.231186085
6.721060000	1.554418445	0.230757466
6.721061000	1.501307368	0.233521993
6.721062000	1.503321409	0.232939244
6.721063000	1.587611914	0.234456297
6.721064000	1.512524247	0.229401567
6.721065000	1.572761297	0.233837561
6.721066000	1.551363468	0.226305775
6.721067000	1.524431825	0.229755435
6.721068000	1.542000890	0.231974331
6.721069000	1.563104510	0.227875343
6.721070000	1.543218613	0.232210353
6.721071000	1.532306552	0.226635491
6.721072000	1.538086772	0.228143956
6.721073000	1.555169582	0.230083952
6.721074000	1.526330352	0.232708181
6.721075000	1.539381385	0.228385288
6.721076000	1.492940545	0.228401933
6.721077000	1.553759098	0.229432144
6.721078000	1.512093067	0.228571293
6.721079000	1.519476175	0.228591667
6.721080000	1.527804136	0.224865654
6.721081000	1.582697511	0.225606662
6.721082000	1.522381306	0.223815903
6.721083000	1.483453393	0.226613753
6.721084000	1.534674406	0.227594978
6.721085000	1.555211186	0.224460055
6.721086000	1.528014660	0.225587005
6.721087000	1.523738742	0.228351949
6.721088000	1.538409948	0.230794284
6.721089000	1.579136133	0.227219423
6.721090000	1.518404841	0.227189745
6.721091000	1.565920830	0.226131155
6.721092000	1.578425646	0.228766220
6.721093000	1.550450444	0.225529264
6.721094000	1.539609194	0.225437818
6.721095000	1.548877716	0.223205989
6.721096000	1.573556066	0.226157171
6.721097000	1.541622877	0.222136880
6.721098000	1.571680546	0.224967554
6.721099000	1.502215743	0.226783280
6.721100000	1.503665447	0.226423587
6.721101000	1.489173293	0.223138461
6.721102000	1.520423889	0.224310768
6.721103000	1.519976854	0.223240460
6.721104000	1.532175064	0.223387567
6.721105000	1.494821548	0.221611571
6.721106000	1.517697930	0.227437502
6.721107000	1.525115371	0.223425916
6.721108000	1.537833214	0.227813974
6.721109000	1.516661882	0.229175914
6.721110000	1.509668827	0.223732796
6.721111000	1.535321116	0.225328212
6.721112000	1.536469698	0.225522340
6.721113000	1.572915792	0.223414981
6.721114000	1.496818781	0.224283271
6.721115000	1.503747106	0.224836876
6.721116000	1.528632522	0.226315047
6.721117000	1.552499652	0.224835011
6.721118000	1.575082302	0.225394009
6.721119000	1.526646614	0.224286750
6.721120000	1.501624942	0.222566065
6.721121000	1.543117404	0.224404844
6.721122000	1.526976228	0.226617166
6.721123000	1.560121298	0.224270305
6.721124000	1.520623088	0.223786309
6.721125000	1.530692101	0.222829302
6.721126000	1.520421863	0.224040124
6.721127000	1.523317218	0.229412469
6.721128000	1.550037265	0.222205157
6.721129000	1.526282430	0.222194637
6.721130000	1.549567580	0.221451316
6.721131000	1.567436576	0.223563335
6.721132000	1.545398116	0.218785092
6.721133000	1.499271989	0.221361617
6.721134000	1.518813014	0.221911693
6.721135000	1.556406021	0.225836060
6.721136000	1.539124250	0.222022830
6.721137000	1.561909676	0.222850557
6.721138000	1.541927338	0.220577249
6.721139000	1.564075828	0.219593694
6.721140000	1.543413758	0.223694796
6.721141000	1.518637419	0.221782513
6.721142000	1.552899361	0.221289678
6.721143000	1.549916625	0.225772361
6.721144000	1.494384050	0.224809195
6.721145000	1.507920265	0.217497520
6.721146000	1.536539435	0.219230206
6.721147000	1.490457177	0.223624538
6.721148000	1.524232626	0.221263762
6.721149000	1.594649673	0.219210848
6.721150000	1.497390032	0.217305523
6.721151000	1.541175485	0.219911842
6.721152000	1.514306903	0.218118070
6.721153000	1.513008595	0.219804616
6.721154000	1.508390307	0.216428411
6.721155000	1.502379417	0.219977722
6.721156000	1.508925200	0.224952007
6.721157000	1.554265380	0.219087810
6.721158000	1.527326107	0.217460852
6.721159000	1.504893064	0.222719546
6.721160000	1.524263978	0.218039956
6.721161000	1.500349283	0.222659076
6.721162000	1.538698792	0.220758411
6.721163000	1.534918666	0.224996649
6.721164000	1.527297497	0.221927222
6.721165000	1.487853765	0.222923111
6.721166000	1.516409516	0.217334535
6.721167000	1.535764456	0.216329241
6.721168000	1.539267063	0.218486235
6.721169000	1.510349512	0.218609673
6.721170000	1.525569201	0.220856498
6.721171000	1.546032310	0.220734909
6.721172000	1.512162685	0.216677782
6.721173000	1.535541177	0.222127575
6.721174000	1.576070666	0.214140739
6.721175000	1.546109319	0.218898176
6.721176000	1.567851067	0.220745927
6.721177000	1.565753937	0.213688118
6.721178000	1.512369871	0.219763920
6.721179000	1.551488638	0.216522220
6.721180000	1.540015697	0.217259716
6.721181000	1.526870489	0.220818482
6.721182000	1.496817827	0.219997629
6.721183000	1.530425549	0.214449133
6.721184000	1.542008042	0.221361833
6.721185000	1.547805071	0.215841367
6.721186000	1.552235126	0.215423267
6.721187000	1.506175756	0.220435902
6.721188000	1.575911999	0.219465396
6.721189000	1.550258756	0.215506175
6.721190000	1.568294764	0.217536385
6.721191000	1.504744411	0.221662554
6.721192000	1.558401585	0.217697823
6.721193000	1.526542544	0.215584172
6.721194000	1.550749660	0.210745375
6.721195000	1.510559440	0.214565812
6.721196000	1.505336046	0.215951921
6.721197000	1.544416308	0.217913090
6.721198000	1.529942513	0.216089457
6.721199000	1.557451725	0.214262012
6.721200000	1.521392465	0.216013806
6.721201000	1.567665100	0.216266374
6.721202000	1.534221530	0.217300479
6.721203000	1.592485428	0.216607591
6.721204000	1.534142971	0.210503027
6.721205000	1.564387441	0.213356238
6.721206000	1.509643555	0.217586786
6.721207000	1.508311152	0.215681028
6.721208000	1.574677110	0.217258069
6.721209000	1.502409935	0.215604345
6.721210000	1.557940125	0.212902751
6.721211000	1.511193275	0.216694044
6.721212000	1.535669684	0.216333519
6.721213000	1.519910693	0.213000240
6.721214000	1.536250830	0.213584421
6.721215000	1.475491047	0.214238310
6.721216000	1.529356360	0.215270951
6.721217000	1.525146604	0.210628445
6.721218000	1.513040066	0.217638102
6.721219000	1.549420476	0.213268520
6.721220000	1.536567569	0.216394855
6.721221000	1.550194860	0.215217305
6.721222000	1.537214756	0.215290875
6.721223000	1.519619823	0.215259832
6.721224000	1.508737445	0.212555259
6.721225000	1.522608995	0.210736453
6.721226000	1.490903497	0.207331568
6.721227000	1.524372339	0.213061842
6.721228000	1.552963018	0.207817895
6.721229000	1.490376949	0.216067436
6.721230000	1.531111121	0.215191622
6.721231000	1.481017590	0.210295700
6.721232000	1.523018479	0.211538797
6.721233000	1.553285241	0.210098226
6.721234000	1.528436184	0.211422583
6.721235000	1.538320541	0.212329822
6.721236000	1.537448168	0.211113657
6.721237000	1.561158657	0.215014905
6.721238000	1.554501057	0.213614714
6.721239000	1.551552296	0.209735487
6.721240000	1.574534416	0.208457902
6.721241000	1.563607693	0.215566795
6.721242000	1.543896198	0.208488129
6.721243000	1.550769448	0.210856612
6.721244000	1.499600410	0.211611435
6.721245000	1.491347551	0.214012191
6.721246000	1.508333802	0.208740347
6.721247000	1.547307491	0.207629892
6.721248000	1.516679645	0.210616128
6.721249000	1.521102190	0.209256834
6.721250000	1.547209382	0.207294367
6.721251000	1.532824397	0.215005900
6.721252000	1.565859914	0.209262427
6.721253000	1.531970859	0.207692693
6.721254000	1.556066871	0.208554176
6.721255000	1.550008774	0.211995329
6.721256000	1.553229690	0.207514394
6.721257000	1.533027172	0.209884125
6.721258000	1.530700326	0.208147727
6.721259000	1.523011565	0.208931196
6.721260000	1.540258884	0.210078036
6.721261000	1.537708402	0.210572669
6.721262000	1.525459766	0.209627097
6.721263000	1.538758159	0.209644108
6.721264000	1.554616928	0.211379190
6.721265000	1.560847640	0.207134494
6.721266000	1.517982960	0.209901952
6.721267000	1.550218225	0.206401293
6.721268000	1.526039481	0.203766561
6.721269000	1.560416222	0.212247447
6.721270000	1.515449524	0.213074059
6.721271000	1.536038995	0.208555607
6.721272000	1.546900749	0.212131300
6.721273000	1.550463438	0.209513263
6.721274000	1.528706551	0.207249010
6.721275000	1.545387387	0.209747472
6.721276000	1.527099133	0.208241687
6.721277000	1.521611452	0.206706258
6.721278000	1.549077272	0.206311611
6.721279000	1.518175364	0.209046378
6.721280000	1.536532402	0.210357635
6.721281000	1.537116766	0.207211543
6.721282000	1.549856305	0.205344600
6.721283000	1.523894191	0.206254519
6.721284000	1.552931666	0.210049324
6.721285000	1.512302518	0.206854546
6.721286000	1.548854351	0.205997408
6.721287000	1.546985865	0.204517289
6.721288000	1.562142491	0.203181648
6.721289000	1.531781554	0.204185476
6.721290000	1.565932512	0.205490925
6.721291000	1.529266715	0.203418120
6.721292000	1.548922300	0.207007145
6.721293000	1.589190841	0.202584584
6.721294000	1.538550735	0.200597949
6.721295000	1.561579585	0.207996177
6.721296000	1.510759950	0.205945776
6.721297000	1.554869652	0.210458602
6.721298000	1.520452738	0.202076036
6.721299000	1.523049951	0.204758838
6.721300000	1.549661756	0.204631772
6.721301000	1.551138163	0.202683886
6.721302000	1.545920730	0.206115852
6.721303000	1.522835374	0.203952982
6.721304000	1.525519133	0.207564428
6.721305000	1.535685182	0.199522747
6.721306000	1.549172044	0.201204900
6.721307000	1.520194411	0.201790579
6.721308000	1.549280643	0.204182813
6.721309000	1.529578209	0.201444468
6.721310000	1.536398053	0.201592090
6.721311000	1.509868622	0.207142401
6.721312000	1.553115964	0.208778098
6.721313000	1.524742365	0.206007062
