D:\KID metingen\Entropy ADR\LT343chip5_BF_20240530_mapping\S21\Power\KID271_104dBm_.dat
Power at KID:104dBm
resonance Frequency in GHz :7.264125
Q=30141.597509, Qc=33396.075104, Qi=309300.348471  S21min=-20.224283


Temperature in K:0.100005
GHz	dB	Rad
7.263258000	1.476915836	0.015528635
7.263259000	1.462015748	0.017223280
7.263260000	1.467548728	0.016508080
7.263261000	1.480548382	0.018683742
7.263262000	1.458254337	0.016215840
7.263263000	1.451645255	0.015189400
7.263264000	1.462029934	0.020041602
7.263265000	1.482660770	0.016256484
7.263266000	1.476276755	0.017360932
7.263267000	1.461650014	0.016167521
7.263268000	1.472392559	0.017855001
7.263269000	1.482331753	0.018271649
7.263270000	1.451765299	0.015935034
7.263271000	1.480603337	0.017180604
7.263272000	1.474553466	0.014526489
7.263273000	1.466589689	0.015256617
7.263274000	1.448627234	0.016378863
7.263275000	1.459605336	0.013347373
7.263276000	1.454294443	0.016298006
7.263277000	1.466029286	0.015853484
7.263278000	1.445580602	0.015768077
7.263279000	1.459902287	0.014645095
7.263280000	1.453247905	0.014491234
7.263281000	1.488430142	0.015525830
7.263282000	1.475041151	0.015492815
7.263283000	1.478243351	0.014334369
7.263284000	1.450672388	0.015658684
7.263285000	1.483620286	0.015957352
7.263286000	1.460515380	0.011608635
7.263287000	1.472721815	0.013486368
7.263288000	1.472596765	0.016759828
7.263289000	1.479671717	0.008993256
7.263290000	1.472487450	0.014154926
7.263291000	1.465209961	0.011400539
7.263292000	1.456422210	0.014458736
7.263293000	1.485141635	0.011724956
7.263294000	1.497535348	0.010812757
7.263295000	1.470391870	0.013468701
7.263296000	1.465662360	0.015697419
7.263297000	1.450224400	0.014665742
7.263298000	1.451932549	0.012780389
7.263299000	1.473941445	0.012926694
7.263300000	1.465589643	0.011774601
7.263301000	1.475838423	0.012271678
7.263302000	1.476763964	0.010148121
7.263303000	1.489809036	0.013140464
7.263304000	1.456963301	0.012113594
7.263305000	1.474733829	0.013331095
7.263306000	1.488406301	0.012039750
7.263307000	1.471302509	0.008523165
7.263308000	1.466447711	0.009565963
7.263309000	1.488107324	0.010633522
7.263310000	1.472615004	0.011590717
7.263311000	1.477042675	0.008685977
7.263312000	1.481889129	0.012358646
7.263313000	1.472815752	0.010972749
7.263314000	1.473403811	0.010749308
7.263315000	1.467078090	0.011660243
7.263316000	1.462194204	0.012505692
7.263317000	1.460632324	0.008891274
7.263318000	1.459619164	0.009666977
7.263319000	1.480334044	0.011072715
7.263320000	1.475642562	0.009294237
7.263321000	1.488977551	0.013108324
7.263322000	1.476805806	0.009545187
7.263323000	1.478273392	0.010217130
7.263324000	1.474428654	0.010180103
7.263325000	1.467264652	0.008269249
7.263326000	1.471546173	0.006355282
7.263327000	1.476451039	0.006276562
7.263328000	1.441993833	0.005207190
7.263329000	1.490976691	0.009189555
7.263330000	1.478611588	0.006472377
7.263331000	1.477651000	0.008929846
7.263332000	1.497879744	0.009123827
7.263333000	1.460108757	0.010079793
7.263334000	1.476170063	0.007600643
7.263335000	1.477308512	0.010062661
7.263336000	1.486945748	0.008580935
7.263337000	1.463830948	0.009349102
7.263338000	1.471664906	0.007419540
7.263339000	1.501988888	0.006292426
7.263340000	1.483416200	0.006034620
7.263341000	1.496557593	0.006566001
7.263342000	1.474753499	0.005050857
7.263343000	1.473647356	0.006357162
7.263344000	1.457041860	0.008200155
7.263345000	1.466454506	0.006237498
7.263346000	1.490953088	0.006085289
7.263347000	1.470368385	0.006024404
7.263348000	1.491039157	0.005342330
7.263349000	1.482601881	0.006250313
7.263350000	1.470690966	0.005043102
7.263351000	1.475263000	0.003751425
7.263352000	1.484447956	0.006199864
7.263353000	1.501730919	0.003780606
7.263354000	1.498303175	0.004671961
7.263355000	1.481261611	0.006033114
7.263356000	1.481250644	0.001149547
7.263357000	1.480959654	0.003992636
7.263358000	1.492801189	0.003926128
7.263359000	1.486576200	0.003670487
7.263360000	1.487238765	0.004140327
7.263361000	1.490549684	0.004781547
7.263362000	1.481464863	0.003291388
7.263363000	1.487674356	0.000860077
7.263364000	1.482645869	0.004001087
7.263365000	1.491209745	0.004585530
7.263366000	1.492711306	-0.001243730
7.263367000	1.489902616	0.003168948
7.263368000	1.476905942	0.002356922
7.263369000	1.482579470	0.001654015
7.263370000	1.459794521	0.001560673
7.263371000	1.477290630	0.000449912
7.263372000	1.473961353	0.002165711
7.263373000	1.469371200	0.000580421
7.263374000	1.466003537	0.001879488
7.263375000	1.489033222	0.002343056
7.263376000	1.479857802	0.000281326
7.263377000	1.481506586	0.002399685
7.263378000	1.505958557	0.003877705
7.263379000	1.487140417	-0.000574120
7.263380000	1.477018118	-0.001419247
7.263381000	1.489265561	-0.001244752
7.263382000	1.492485046	0.001020538
7.263383000	1.473972201	-0.004222033
7.263384000	1.479149342	0.002378546
7.263385000	1.465934873	0.000036237
7.263386000	1.486643314	-0.003072020
7.263387000	1.493996143	0.000244481
7.263388000	1.474509478	-0.002925135
7.263389000	1.464866281	0.003429013
7.263390000	1.477132797	-0.001694119
7.263391000	1.492004514	-0.003670480
7.263392000	1.469798923	-0.003235389
7.263393000	1.474331021	-0.002116880
7.263394000	1.494530320	-0.000077777
7.263395000	1.500782371	-0.001365415
7.263396000	1.466818929	-0.005173473
7.263397000	1.497249126	-0.003358817
7.263398000	1.496577621	-0.005989269
7.263399000	1.477062106	-0.006236566
7.263400000	1.489814639	-0.001563350
7.263401000	1.493543983	-0.003740270
7.263402000	1.491741419	-0.004749302
7.263403000	1.484008431	-0.000361270
7.263404000	1.473824739	-0.002648030
7.263405000	1.477540731	-0.004581277
7.263406000	1.486982346	-0.004940918
7.263407000	1.495216489	-0.005507613
7.263408000	1.518537879	-0.004344414
7.263409000	1.484912395	-0.005676226
7.263410000	1.499295115	-0.003111222
7.263411000	1.478583217	-0.002967932
7.263412000	1.492845893	-0.005244953
7.263413000	1.483336568	-0.005668872
7.263414000	1.492183328	-0.009141140
7.263415000	1.500494242	-0.007421187
7.263416000	1.485193253	-0.009553583
7.263417000	1.471487761	-0.006591526
7.263418000	1.488122225	-0.005668898
7.263419000	1.502911210	-0.007085686
7.263420000	1.486637115	-0.005261850
7.263421000	1.479236960	-0.007415765
7.263422000	1.501454234	-0.007777940
7.263423000	1.500798941	-0.006048728
7.263424000	1.472586155	-0.007144828
7.263425000	1.498950601	-0.008159503
7.263426000	1.495642185	-0.009000300
7.263427000	1.500788808	-0.008785703
7.263428000	1.482797265	-0.008352506
7.263429000	1.489376903	-0.008388241
7.263430000	1.503636241	-0.004822292
7.263431000	1.490511298	-0.008536666
7.263432000	1.479898572	-0.009125035
7.263433000	1.512433648	-0.010118842
7.263434000	1.501943827	-0.007817485
7.263435000	1.505662203	-0.009237829
7.263436000	1.474241138	-0.010552794
7.263437000	1.500131607	-0.010724625
7.263438000	1.487988949	-0.011655410
7.263439000	1.481090784	-0.008733858
7.263440000	1.505415797	-0.010534701
7.263441000	1.495009542	-0.010380116
7.263442000	1.488171697	-0.010565099
7.263443000	1.471806407	-0.012572766
7.263444000	1.502454758	-0.011081400
7.263445000	1.462687492	-0.010535364
7.263446000	1.500436544	-0.010592778
7.263447000	1.491879940	-0.012241032
7.263448000	1.497189403	-0.014603618
7.263449000	1.495112419	-0.014363007
7.263450000	1.488455653	-0.014082163
7.263451000	1.483114481	-0.014081568
7.263452000	1.522325993	-0.014506121
7.263453000	1.498486996	-0.014841357
7.263454000	1.500124454	-0.014424164
7.263455000	1.516610861	-0.015239846
7.263456000	1.479030848	-0.011097853
7.263457000	1.520527124	-0.013261196
7.263458000	1.502394676	-0.012842693
7.263459000	1.514263868	-0.015567989
7.263460000	1.500711679	-0.014291591
7.263461000	1.489507318	-0.012893838
7.263462000	1.498933673	-0.015876642
7.263463000	1.504115462	-0.016905211
7.263464000	1.522879958	-0.016962905
7.263465000	1.488063335	-0.017448215
7.263466000	1.503778100	-0.015633228
7.263467000	1.512348890	-0.015644061
7.263468000	1.502032399	-0.016711215
7.263469000	1.506137967	-0.014314332
7.263470000	1.504929900	-0.017292995
7.263471000	1.494535565	-0.018000289
7.263472000	1.488747001	-0.017691421
7.263473000	1.500703692	-0.015637620
7.263474000	1.498466611	-0.019101242
7.263475000	1.501783848	-0.018557828
7.263476000	1.513819098	-0.016134818
7.263477000	1.502859235	-0.018977016
7.263478000	1.496865749	-0.019071502
7.263479000	1.501852393	-0.017273894
7.263480000	1.498220921	-0.018606764
7.263481000	1.496965170	-0.015910484
7.263482000	1.496071696	-0.019166388
7.263483000	1.495333195	-0.017870481
7.263484000	1.499010682	-0.018698976
7.263485000	1.512672782	-0.018819317
7.263486000	1.500815630	-0.018845266
7.263487000	1.508562684	-0.017982758
7.263488000	1.515804172	-0.019947961
7.263489000	1.520971417	-0.019754318
7.263490000	1.487956524	-0.021137458
7.263491000	1.496179938	-0.019749547
7.263492000	1.516909122	-0.021796794
7.263493000	1.499874830	-0.020118401
7.263494000	1.513182640	-0.019519419
7.263495000	1.507566452	-0.023812696
7.263496000	1.517739058	-0.023951293
7.263497000	1.513089657	-0.024206580
7.263498000	1.503366709	-0.020381224
7.263499000	1.504431605	-0.023914820
7.263500000	1.495407939	-0.022147667
7.263501000	1.527965784	-0.024283437
7.263502000	1.505190611	-0.024647647
7.263503000	1.506667733	-0.021502949
7.263504000	1.498654485	-0.025798019
7.263505000	1.505471349	-0.024155943
7.263506000	1.514067054	-0.025165603
7.263507000	1.499748468	-0.026027277
7.263508000	1.518330812	-0.024281242
7.263509000	1.493149996	-0.023856807
7.263510000	1.483216882	-0.024051085
7.263511000	1.514290452	-0.027375396
7.263512000	1.517557979	-0.027904621
7.263513000	1.497971058	-0.029938493
7.263514000	1.521087885	-0.028753025
7.263515000	1.522021055	-0.025343190
7.263516000	1.508390069	-0.027401545
7.263517000	1.510424972	-0.028273974
7.263518000	1.477527022	-0.031517421
7.263519000	1.519704342	-0.029345106
7.263520000	1.526441574	-0.030792998
7.263521000	1.513402343	-0.029110872
7.263522000	1.500648618	-0.030250791
7.263523000	1.508486986	-0.028145832
7.263524000	1.509810448	-0.027752021
7.263525000	1.493759394	-0.030342120
7.263526000	1.519799471	-0.029448538
7.263527000	1.513129950	-0.031010197
7.263528000	1.504188180	-0.031792834
7.263529000	1.518896580	-0.031081649
7.263530000	1.477684498	-0.030879977
7.263531000	1.511414647	-0.030624395
7.263532000	1.486438513	-0.031946536
7.263533000	1.507654905	-0.032187302
7.263534000	1.535324693	-0.030298355
7.263535000	1.502481937	-0.033072476
7.263536000	1.496977448	-0.031912699
7.263537000	1.514074206	-0.032979482
7.263538000	1.521326423	-0.032902762
7.263539000	1.508363128	-0.032762391
7.263540000	1.491990447	-0.032678734
7.263541000	1.514485598	-0.034591086
7.263542000	1.511763334	-0.035916660
7.263543000	1.525475621	-0.034055482
7.263544000	1.505917072	-0.034452391
7.263545000	1.501281857	-0.035094317
7.263546000	1.492253423	-0.033454274
7.263547000	1.504815102	-0.034528015
7.263548000	1.526183486	-0.035078155
7.263549000	1.515940070	-0.036851679
7.263550000	1.506670833	-0.034204946
7.263551000	1.502104282	-0.037822280
7.263552000	1.525286078	-0.038668387
7.263553000	1.500939727	-0.034124475
7.263554000	1.501192689	-0.037438885
7.263555000	1.503918409	-0.037173867
7.263556000	1.522318840	-0.038451548
7.263557000	1.515985966	-0.039179694
7.263558000	1.503825307	-0.037494008
7.263559000	1.508224010	-0.037611021
7.263560000	1.516679645	-0.037827628
7.263561000	1.512607813	-0.039781368
7.263562000	1.505752683	-0.042452494
7.263563000	1.501947999	-0.037568760
7.263564000	1.531373382	-0.038830378
7.263565000	1.496950150	-0.038116938
7.263566000	1.505057454	-0.037990750
7.263567000	1.492985606	-0.042286554
7.263568000	1.517187834	-0.042235072
7.263569000	1.515493155	-0.040651968
7.263570000	1.517180920	-0.042549487
7.263571000	1.517508864	-0.040964107
7.263572000	1.495968699	-0.043405939
7.263573000	1.508936763	-0.040782563
7.263574000	1.520000935	-0.045304361
7.263575000	1.497895479	-0.041935329
7.263576000	1.492485404	-0.043978489
7.263577000	1.494514108	-0.044598952
7.263578000	1.516205072	-0.044822878
7.263579000	1.517067194	-0.043939470
7.263580000	1.507953286	-0.044728282
7.263581000	1.522808909	-0.043535214
7.263582000	1.514542103	-0.043336060
7.263583000	1.509813905	-0.045095773
7.263584000	1.513821006	-0.043998500
7.263585000	1.520450592	-0.047010636
7.263586000	1.517303705	-0.047187278
7.263587000	1.530488968	-0.045401362
7.263588000	1.510894179	-0.047579021
7.263589000	1.499820352	-0.048478824
7.263590000	1.524988174	-0.049121865
7.263591000	1.536817312	-0.048815285
7.263592000	1.503959894	-0.049429514
7.263593000	1.504778504	-0.046897251
7.263594000	1.515375733	-0.048675685
7.263595000	1.504632473	-0.050537876
7.263596000	1.534752250	-0.049082188
7.263597000	1.514677286	-0.051819597
7.263598000	1.524906278	-0.047172194
7.263599000	1.536180735	-0.050293631
7.263600000	1.536319256	-0.050240829
7.263601000	1.490230441	-0.052326854
7.263602000	1.515396595	-0.051491645
7.263603000	1.526332378	-0.054110107
7.263604000	1.496052384	-0.052077141
7.263605000	1.508240223	-0.053494051
7.263606000	1.532237768	-0.052167140
7.263607000	1.520721555	-0.051274847
7.263608000	1.515940905	-0.054782971
7.263609000	1.530123472	-0.053508478
7.263610000	1.535678267	-0.053094086
7.263611000	1.521219254	-0.056225160
7.263612000	1.517698526	-0.055445025
7.263613000	1.538699031	-0.056207704
7.263614000	1.512170434	-0.056991597
7.263615000	1.512461901	-0.055439923
7.263616000	1.526953101	-0.053238883
7.263617000	1.523163557	-0.056374206
7.263618000	1.542812943	-0.056887181
7.263619000	1.544891119	-0.058975311
7.263620000	1.527610779	-0.058849306
7.263621000	1.516489387	-0.058180487
7.263622000	1.507649302	-0.059282141
7.263623000	1.521887541	-0.058747940
7.263624000	1.525464058	-0.062370500
7.263625000	1.525868058	-0.058415744
7.263626000	1.530255079	-0.059810337
7.263627000	1.516580939	-0.060463706
7.263628000	1.539745927	-0.060337905
7.263629000	1.513599873	-0.062938095
7.263630000	1.512494087	-0.063693642
7.263631000	1.518521070	-0.061350618
7.263632000	1.524429202	-0.063800193
7.263633000	1.516475320	-0.064563992
7.263634000	1.513448358	-0.062834739
7.263635000	1.517524004	-0.062411330
7.263636000	1.522357941	-0.062881890
7.263637000	1.519991398	-0.067945062
7.263638000	1.531082273	-0.064695835
7.263639000	1.521369219	-0.067224503
7.263640000	1.515433431	-0.064755315
7.263641000	1.517935514	-0.066095651
7.263642000	1.524389863	-0.065008886
7.263643000	1.510051489	-0.066556074
7.263644000	1.531142592	-0.069990994
7.263645000	1.537914634	-0.067411810
7.263646000	1.530506968	-0.069188372
7.263647000	1.506088495	-0.067677207
7.263648000	1.515558958	-0.068436982
7.263649000	1.518816590	-0.066829847
7.263650000	1.525403738	-0.068899231
7.263651000	1.523111820	-0.066669442
7.263652000	1.520701885	-0.071168137
7.263653000	1.529089332	-0.067054809
7.263654000	1.499821901	-0.069610412
7.263655000	1.514012814	-0.072626592
7.263656000	1.517515063	-0.073828734
7.263657000	1.513619781	-0.071452679
7.263658000	1.521424651	-0.071903818
7.263659000	1.513017416	-0.073531517
7.263660000	1.545189142	-0.071757120
7.263661000	1.505446434	-0.075259276
7.263662000	1.508956552	-0.075336275
7.263663000	1.513707280	-0.073051241
7.263664000	1.516128302	-0.074081368
7.263665000	1.513521075	-0.071905491
7.263666000	1.532677889	-0.075778260
7.263667000	1.529662132	-0.076181204
7.263668000	1.533247352	-0.077812990
7.263669000	1.535529971	-0.079711566
7.263670000	1.516344428	-0.078829959
7.263671000	1.550572038	-0.077306498
7.263672000	1.535544038	-0.079469351
7.263673000	1.521420956	-0.080149939
7.263674000	1.507053375	-0.078626486
7.263675000	1.528617740	-0.080979538
7.263676000	1.510079265	-0.079025727
7.263677000	1.537499547	-0.077579938
7.263678000	1.516814232	-0.080394076
7.263679000	1.516743183	-0.081356359
7.263680000	1.529012322	-0.080431327
7.263681000	1.546434402	-0.084833124
7.263682000	1.532235742	-0.082987828
7.263683000	1.515667558	-0.083477700
7.263684000	1.529369831	-0.086628652
7.263685000	1.516265750	-0.087091110
7.263686000	1.523852706	-0.085117874
7.263687000	1.529226899	-0.085018056
7.263688000	1.523126006	-0.088127338
7.263689000	1.530377030	-0.083640236
7.263690000	1.535263419	-0.084150681
7.263691000	1.530022383	-0.083371689
7.263692000	1.521273851	-0.087206100
7.263693000	1.528284073	-0.090054443
7.263694000	1.513254642	-0.087813584
7.263695000	1.516471624	-0.088041076
7.263696000	1.530760288	-0.090037199
7.263697000	1.529276013	-0.091287411
7.263698000	1.524340153	-0.094773290
7.263699000	1.517820835	-0.090897416
7.263700000	1.524728894	-0.092085136
7.263701000	1.514401317	-0.093398175
7.263702000	1.511786699	-0.091675018
7.263703000	1.521189451	-0.093841791
7.263704000	1.539251924	-0.094107083
7.263705000	1.537099719	-0.095795419
7.263706000	1.530012846	-0.094711346
7.263707000	1.521300077	-0.094356913
7.263708000	1.530296564	-0.092985884
7.263709000	1.527753711	-0.097136287
7.263710000	1.522074699	-0.098536977
7.263711000	1.527740955	-0.097716332
7.263712000	1.511512160	-0.098549735
7.263713000	1.552667260	-0.099268289
7.263714000	1.515042543	-0.097543984
7.263715000	1.543173909	-0.100628557
7.263716000	1.526733875	-0.097981408
7.263717000	1.537345052	-0.102924194
7.263718000	1.513313532	-0.102256106
7.263719000	1.518603921	-0.100764595
7.263720000	1.522400856	-0.100102416
7.263721000	1.539705157	-0.101003172
7.263722000	1.522312045	-0.101565699
7.263723000	1.517603278	-0.106046725
7.263724000	1.523737669	-0.103247002
7.263725000	1.528403878	-0.105800125
7.263726000	1.534734368	-0.106425493
7.263727000	1.515281796	-0.106267218
7.263728000	1.536815405	-0.101806740
7.263729000	1.530462861	-0.104710950
7.263730000	1.517614841	-0.109554400
7.263731000	1.517930627	-0.107472090
7.263732000	1.546665192	-0.106448996
7.263733000	1.498958468	-0.110248386
7.263734000	1.507435083	-0.110811811
7.263735000	1.522923350	-0.112570737
7.263736000	1.522484303	-0.108251506
7.263737000	1.548157334	-0.108840872
7.263738000	1.530610681	-0.110527077
7.263739000	1.523742795	-0.109811428
7.263740000	1.514229178	-0.114955606
7.263741000	1.533292532	-0.112439019
7.263742000	1.521057963	-0.115358243
7.263743000	1.532871366	-0.115568475
7.263744000	1.538931847	-0.117401670
7.263745000	1.525139689	-0.114323405
7.263746000	1.518752098	-0.118186928
7.263747000	1.522027373	-0.117814676
7.263748000	1.503825307	-0.116889161
7.263749000	1.492295742	-0.117471661
7.263750000	1.520558238	-0.120430134
7.263751000	1.506036401	-0.123476940
7.263752000	1.536515832	-0.119193187
7.263753000	1.539345026	-0.124007325
7.263754000	1.515695691	-0.123074361
7.263755000	1.517618179	-0.123605803
7.263756000	1.480532885	-0.122983564
7.263757000	1.504687786	-0.123702077
7.263758000	1.518046021	-0.122758028
7.263759000	1.510406613	-0.124197841
7.263760000	1.515243769	-0.127625887
7.263761000	1.512812972	-0.126100628
7.263762000	1.524943471	-0.129298568
7.263763000	1.521047831	-0.128026010
7.263764000	1.528923512	-0.129907641
7.263765000	1.500051618	-0.128092930
7.263766000	1.532315254	-0.130168856
7.263767000	1.527831316	-0.132005380
7.263768000	1.503795147	-0.134883059
7.263769000	1.520038366	-0.131855860
7.263770000	1.529831648	-0.134426177
7.263771000	1.531232119	-0.134130200
7.263772000	1.527272344	-0.135503833
7.263773000	1.517087340	-0.134874662
7.263774000	1.530029416	-0.137549882
7.263775000	1.508918762	-0.137709605
7.263776000	1.495427847	-0.136818961
7.263777000	1.510652542	-0.139817489
7.263778000	1.496890426	-0.142808185
7.263779000	1.505907893	-0.141980175
7.263780000	1.520829201	-0.144897635
7.263781000	1.510648370	-0.142486642
7.263782000	1.502641678	-0.143858286
7.263783000	1.515306950	-0.140154195
7.263784000	1.521677017	-0.141007173
7.263785000	1.492131114	-0.141806620
7.263786000	1.505809069	-0.141832503
7.263787000	1.514606595	-0.144555968
7.263788000	1.494040251	-0.146098188
7.263789000	1.508211851	-0.145479585
7.263790000	1.494592667	-0.143732302
7.263791000	1.500757217	-0.147955127
7.263792000	1.478637099	-0.149143413
7.263793000	1.495361805	-0.151531186
7.263794000	1.530681133	-0.147931242
7.263795000	1.504005909	-0.151603441
7.263796000	1.479818344	-0.152748734
7.263797000	1.504400015	-0.152352688
7.263798000	1.505014062	-0.153350808
7.263799000	1.512164116	-0.152894242
7.263800000	1.497841239	-0.153450726
7.263801000	1.537268877	-0.158955613
7.263802000	1.513193369	-0.159214456
7.263803000	1.494445205	-0.161102055
7.263804000	1.487417459	-0.158059077
7.263805000	1.494251370	-0.161433119
7.263806000	1.510229826	-0.162622137
7.263807000	1.489912987	-0.162888237
7.263808000	1.518295288	-0.161400079
7.263809000	1.491231084	-0.164428393
7.263810000	1.510294080	-0.166742763
7.263811000	1.513652563	-0.164682691
7.263812000	1.491320491	-0.166973459
7.263813000	1.477666855	-0.167863288
7.263814000	1.491270423	-0.169175827
7.263815000	1.491420388	-0.168230155
7.263816000	1.484755754	-0.169644377
7.263817000	1.480702400	-0.170640199
7.263818000	1.493956566	-0.171492611
7.263819000	1.482709169	-0.172770162
7.263820000	1.507157803	-0.175182054
7.263821000	1.505981326	-0.174521973
7.263822000	1.491870880	-0.176153975
7.263823000	1.477880716	-0.176883381
7.263824000	1.497051239	-0.175880302
7.263825000	1.464709759	-0.174627301
7.263826000	1.488214016	-0.181324868
7.263827000	1.475907803	-0.181046302
7.263828000	1.482112885	-0.183966408
7.263829000	1.477966905	-0.183880188
7.263830000	1.473521590	-0.180629900
7.263831000	1.486483812	-0.183433792
7.263832000	1.455618739	-0.185254063
7.263833000	1.499242544	-0.184553535
7.263834000	1.482533097	-0.184265148
7.263835000	1.466194630	-0.188771083
7.263836000	1.488304496	-0.188644300
7.263837000	1.454834819	-0.191327984
7.263838000	1.441280603	-0.190715823
7.263839000	1.467920542	-0.196733852
7.263840000	1.469216466	-0.188531798
7.263841000	1.464094996	-0.191430466
7.263842000	1.472787142	-0.195321794
7.263843000	1.451918960	-0.195333295
7.263844000	1.460288405	-0.195746318
7.263845000	1.468867064	-0.195428004
7.263846000	1.462702990	-0.197631170
7.263847000	1.469866514	-0.203503774
7.263848000	1.463338733	-0.202278636
7.263849000	1.470504284	-0.202841662
7.263850000	1.467468262	-0.205480355
7.263851000	1.455410480	-0.207106531
7.263852000	1.454644442	-0.210917215
7.263853000	1.447464943	-0.208739066
7.263854000	1.448533893	-0.211079402
7.263855000	1.420612931	-0.209011823
7.263856000	1.432816505	-0.211573701
7.263857000	1.431956768	-0.210699934
7.263858000	1.458297491	-0.210585568
7.263859000	1.457475662	-0.213344204
7.263860000	1.433543801	-0.216119534
7.263861000	1.417608500	-0.217047346
7.263862000	1.451279998	-0.219396637
7.263863000	1.435741067	-0.221076359
7.263864000	1.428404689	-0.216474400
7.263865000	1.448551536	-0.220556294
7.263866000	1.447382212	-0.220542062
7.263867000	1.448582768	-0.221714452
7.263868000	1.443234801	-0.220689202
7.263869000	1.448536396	-0.224292326
7.263870000	1.444419265	-0.224289563
7.263871000	1.435845375	-0.226242509
7.263872000	1.421931624	-0.231264115
7.263873000	1.431684613	-0.231507145
7.263874000	1.429797292	-0.231883284
7.263875000	1.448940516	-0.238052014
7.263876000	1.413323522	-0.237852826
7.263877000	1.437463880	-0.237393364
7.263878000	1.388643026	-0.237648661
7.263879000	1.417422414	-0.234531631
7.263880000	1.415357113	-0.237998617
7.263881000	1.403647065	-0.243716507
7.263882000	1.408148766	-0.242007058
7.263883000	1.400095582	-0.243587161
7.263884000	1.411316395	-0.250965182
7.263885000	1.392562985	-0.249566474
7.263886000	1.387595534	-0.248484814
7.263887000	1.392236352	-0.249431218
7.263888000	1.372972250	-0.255659370
7.263889000	1.376565456	-0.254717976
7.263890000	1.373744369	-0.259478460
7.263891000	1.356705189	-0.260925422
7.263892000	1.370243311	-0.262832012
7.263893000	1.374615908	-0.267708659
7.263894000	1.345468640	-0.262507739
7.263895000	1.380590916	-0.265798906
7.263896000	1.353413463	-0.266826387
7.263897000	1.366287947	-0.263623870
7.263898000	1.382798672	-0.274140543
7.263899000	1.373151779	-0.272246569
7.263900000	1.364938259	-0.272561438
7.263901000	1.340195298	-0.276206890
7.263902000	1.346717596	-0.274169804
7.263903000	1.326527476	-0.281088897
7.263904000	1.327918291	-0.274712324
7.263905000	1.361987829	-0.277923913
7.263906000	1.348972559	-0.275380045
7.263907000	1.347969651	-0.284287886
7.263908000	1.311224699	-0.282933435
7.263909000	1.333875775	-0.284355264
7.263910000	1.342869163	-0.291241466
7.263911000	1.319189787	-0.292888797
7.263912000	1.336877584	-0.290036552
7.263913000	1.320853949	-0.293123588
7.263914000	1.317699552	-0.294733336
7.263915000	1.286020875	-0.298184493
7.263916000	1.312195539	-0.300073240
7.263917000	1.313330531	-0.303574199
7.263918000	1.283469200	-0.296655573
7.263919000	1.291293144	-0.298434964
7.263920000	1.296451688	-0.304620655
7.263921000	1.299114227	-0.302094447
7.263922000	1.269548893	-0.303349794
7.263923000	1.256635547	-0.307300227
7.263924000	1.260245919	-0.314428511
7.263925000	1.278470039	-0.308255736
7.263926000	1.253925204	-0.321445874
7.263927000	1.237817645	-0.322573856
7.263928000	1.216745138	-0.321966289
7.263929000	1.225875378	-0.324503249
7.263930000	1.211614847	-0.331015644
7.263931000	1.240835667	-0.331763792
7.263932000	1.232079148	-0.332242395
7.263933000	1.218203545	-0.332464104
7.263934000	1.241140962	-0.327379363
7.263935000	1.235646009	-0.330483977
7.263936000	1.207431793	-0.334172189
7.263937000	1.197152615	-0.338244495
7.263938000	1.195855498	-0.338803992
7.263939000	1.191236973	-0.347180332
7.263940000	1.174031734	-0.349627877
7.263941000	1.190145969	-0.347029597
7.263942000	1.173593044	-0.348196595
7.263943000	1.153010726	-0.358582024
7.263944000	1.155648947	-0.358309549
7.263945000	1.120319247	-0.360322600
7.263946000	1.109949946	-0.361467293
7.263947000	1.137570024	-0.360721441
7.263948000	1.136072278	-0.366187413
7.263949000	1.102406383	-0.371367295
7.263950000	1.139699578	-0.373229843
7.263951000	1.093025088	-0.373711709
7.263952000	1.077961206	-0.381906255
7.263953000	1.081488132	-0.377612907
7.263954000	1.073985934	-0.382319411
7.263955000	1.064632177	-0.387123188
7.263956000	1.064537764	-0.387477122
7.263957000	1.065603018	-0.391555887
7.263958000	1.037608862	-0.393354586
7.263959000	1.032021999	-0.394106396
7.263960000	1.013248682	-0.400971592
7.263961000	1.004246116	-0.404527478
7.263962000	1.001474500	-0.408100076
7.263963000	0.979270160	-0.407025191
7.263964000	1.019407511	-0.407177856
7.263965000	0.989131033	-0.406397450
7.263966000	0.977672577	-0.412407506
7.263967000	0.965718925	-0.413964589
7.263968000	0.942717373	-0.420154442
7.263969000	0.945358276	-0.417957001
7.263970000	0.938501000	-0.421574705
7.263971000	0.913777530	-0.426353848
7.263972000	0.909159362	-0.429967225
7.263973000	0.907375574	-0.431411590
7.263974000	0.855669141	-0.443042780
7.263975000	0.845784426	-0.446215237
7.263976000	0.832564294	-0.450794443
7.263977000	0.841620326	-0.445342087
7.263978000	0.841426790	-0.447879513
7.263979000	0.768162370	-0.464304626
7.263980000	0.807491362	-0.458873874
7.263981000	0.756792009	-0.465715502
7.263982000	0.755264699	-0.466081420
7.263983000	0.781686127	-0.467934747
7.263984000	0.745114863	-0.473435007
7.263985000	0.715072036	-0.476316148
7.263986000	0.698839128	-0.478052895
7.263987000	0.643201530	-0.488193247
7.263988000	0.685843289	-0.487272493
7.263989000	0.617445052	-0.498458302
7.263990000	0.583283126	-0.505896045
7.263991000	0.619503319	-0.499499132
7.263992000	0.583822548	-0.505913389
7.263993000	0.531512439	-0.514523022
7.263994000	0.563897967	-0.512846829
7.263995000	0.544011593	-0.510237630
7.263996000	0.488263190	-0.527070772
7.263997000	0.455616355	-0.528032772
7.263998000	0.520114660	-0.524187867
7.263999000	0.479442894	-0.528007506
7.264000000	0.465514094	-0.529790592
7.264001000	0.389153838	-0.538703859
7.264002000	0.411758155	-0.539524679
7.264003000	0.370804429	-0.543658670
7.264004000	0.330795348	-0.556404892
7.264005000	0.310673028	-0.558252161
7.264006000	0.282040000	-0.566954772
7.264007000	0.214732364	-0.572724976
7.264008000	0.115321986	-0.584388424
7.264009000	0.153048173	-0.588456735
7.264010000	0.105990857	-0.592734038
7.264011000	0.071137033	-0.602991802
7.264012000	0.050380535	-0.601959761
7.264013000	0.001075285	-0.602484204
7.264014000	-0.038530640	-0.614587272
7.264015000	0.029294310	-0.601538515
7.264016000	-0.009506760	-0.610187331
7.264017000	-0.097686954	-0.621005624
7.264018000	-0.119999006	-0.629125136
7.264019000	-0.153281957	-0.624983654
7.264020000	-0.129451156	-0.630068094
7.264021000	-0.174062103	-0.634233478
7.264022000	-0.269108504	-0.650289876
7.264023000	-0.279556483	-0.651350280
7.264024000	-0.381393373	-0.656573671
7.264025000	-0.412778616	-0.668956372
7.264026000	-0.402483761	-0.668549840
7.264027000	-0.482196271	-0.677394065
7.264028000	-0.570217311	-0.687733455
7.264029000	-0.645109951	-0.694824521
7.264030000	-0.744649053	-0.709674573
7.264031000	-0.721710026	-0.702076242
7.264032000	-0.760759175	-0.713548141
7.264033000	-0.836206019	-0.713913527
7.264034000	-0.873536468	-0.718394695
7.264035000	-0.891341090	-0.730842043
7.264036000	-0.995164335	-0.739660769
7.264037000	-1.021268368	-0.738025188
7.264038000	-1.107718825	-0.745825787
7.264039000	-1.245182753	-0.760250266
7.264040000	-1.322826743	-0.768062516
7.264041000	-1.284729481	-0.760533160
7.264042000	-1.402921438	-0.776045075
7.264043000	-1.466921806	-0.785003416
7.264044000	-1.625182033	-0.795444739
7.264045000	-1.651166558	-0.795632492
7.264046000	-1.701125145	-0.806495126
7.264047000	-1.738189697	-0.808533510
7.264048000	-1.841705799	-0.814678288
7.264049000	-1.949306369	-0.820284309
7.264050000	-2.102001667	-0.837542391
7.264051000	-2.172665596	-0.841329340
7.264052000	-2.338060379	-0.857686409
7.264053000	-2.440347672	-0.862890026
7.264054000	-2.646671295	-0.874015048
7.264055000	-2.593879938	-0.877887817
7.264056000	-2.691435814	-0.878463326
7.264057000	-2.846001387	-0.896391860
7.264058000	-2.991677999	-0.896074411
7.264059000	-3.068316460	-0.899883397
7.264060000	-3.138215780	-0.908536207
7.264061000	-3.307634830	-0.916373225
7.264062000	-3.443998337	-0.923642256
7.264063000	-3.374399662	-0.915684332
7.264064000	-3.652538776	-0.935312295
7.264065000	-3.818599224	-0.945759143
7.264066000	-3.908924580	-0.951920566
7.264067000	-4.093836784	-0.953101612
7.264068000	-4.146149635	-0.961456348
7.264069000	-4.226699829	-0.963559978
7.264070000	-4.229668617	-0.966225603
7.264071000	-4.624619007	-0.985202290
7.264072000	-4.729988575	-0.984204271
7.264073000	-4.895803452	-0.990390261
7.264074000	-5.081175804	-0.993941320
7.264075000	-5.292977333	-1.003502135
7.264076000	-5.468522072	-1.006311770
7.264077000	-5.734718800	-1.009987598
7.264078000	-5.666459560	-1.008676191
7.264079000	-5.754611015	-1.012883187
7.264080000	-6.301204205	-1.023327505
7.264081000	-6.332369328	-1.031042616
7.264082000	-6.673860550	-1.036784192
7.264083000	-6.709738731	-1.041954053
7.264084000	-7.057300091	-1.042650936
7.264085000	-7.283636093	-1.051186567
7.264086000	-7.447210312	-1.047336701
7.264087000	-7.507815838	-1.050281425
7.264088000	-7.731981277	-1.047126778
7.264089000	-8.047341347	-1.051763408
7.264090000	-8.365093231	-1.054827974
7.264091000	-8.705545425	-1.046448870
7.264092000	-9.027312279	-1.049082736
7.264093000	-9.242496490	-1.044036512
7.264094000	-9.574079514	-1.049648525
7.264095000	-9.873019218	-1.038985894
7.264096000	-10.179414749	-1.025496716
7.264097000	-10.396334648	-1.035755879
7.264098000	-10.638360023	-1.031102205
7.264099000	-10.709014893	-1.029929881
7.264100000	-10.794097900	-1.025747453
7.264101000	-11.272192001	-1.001215811
7.264102000	-11.738349915	-0.995427298
7.264103000	-11.980259895	-0.986773222
7.264104000	-12.063508987	-0.997105089
7.264105000	-12.509044647	-0.964233159
7.264106000	-13.086665154	-0.937608739
7.264107000	-13.951755524	-0.897915321
7.264108000	-14.177581787	-0.899476866
7.264109000	-14.401408195	-0.867542435
7.264110000	-14.607407570	-0.839648086
7.264111000	-15.427432060	-0.794192587
7.264112000	-15.924115181	-0.731768624
7.264113000	-16.453056335	-0.680846054
7.264114000	-16.034135818	-0.688323478
7.264115000	-16.865966797	-0.595815049
7.264116000	-17.067985535	-0.598691529
7.264117000	-17.628381729	-0.492003698
7.264118000	-17.676713943	-0.417851906
7.264119000	-17.917062759	-0.390496614
7.264120000	-18.231710434	-0.298430636
7.264121000	-18.347354889	-0.227160617
7.264122000	-18.401029587	-0.162071229
7.264123000	-18.290945053	-0.096694877
7.264124000	-18.315118790	-0.089425637
7.264125000	-18.671615601	0.031442420
7.264126000	-18.088577271	0.098610705
7.264127000	-18.188743591	0.130191301
7.264128000	-17.398778915	0.273893152
7.264129000	-17.204051971	0.303084643
7.264130000	-16.849306107	0.379831786
7.264131000	-16.853006363	0.416163229
7.264132000	-16.315694809	0.470851475
7.264133000	-16.164590836	0.508656078
7.264134000	-15.424156189	0.589852631
7.264135000	-15.886643410	0.534797135
7.264136000	-15.571645737	0.579471229
7.264137000	-15.112462997	0.613877540
7.264138000	-14.648390770	0.660890788
7.264139000	-14.424507141	0.673656917
7.264140000	-14.289448738	0.700710906
7.264141000	-13.580783844	0.725365985
7.264142000	-13.253992081	0.737113455
7.264143000	-12.971366882	0.750574003
7.264144000	-12.709152222	0.774263820
7.264145000	-12.669648170	0.765222987
7.264146000	-11.986582756	0.788484900
7.264147000	-11.845140457	0.800248349
7.264148000	-11.559359550	0.818110770
7.264149000	-11.796795845	0.815477170
7.264150000	-11.380543709	0.811477967
7.264151000	-10.926017761	0.826733420
7.264152000	-10.692535400	0.843030700
7.264153000	-10.483327866	0.839593425
7.264154000	-10.268531799	0.836918879
7.264155000	-10.403872490	0.843744827
7.264156000	-10.071852684	0.846662120
7.264157000	-9.888018608	0.857086265
7.264158000	-9.863634109	0.852498970
7.264159000	-9.567957878	0.862032155
7.264160000	-9.348454475	0.847759942
7.264161000	-9.207161903	0.859268926
7.264162000	-9.094779015	0.859833250
7.264163000	-8.817393303	0.858291146
7.264164000	-8.611229897	0.856796913
7.264165000	-8.529210091	0.861990743
7.264166000	-8.347794533	0.863780520
7.264167000	-7.932976246	0.851631978
7.264168000	-7.926896095	0.855261667
7.264169000	-7.753744125	0.857987745
7.264170000	-7.691365242	0.857863176
7.264171000	-7.465915203	0.858162382
7.264172000	-7.719665527	0.854875775
7.264173000	-7.406014919	0.862674576
7.264174000	-7.304701328	0.863863145
7.264175000	-7.226668358	0.856260752
7.264176000	-7.042135715	0.852324134
7.264177000	-6.828577042	0.846313979
7.264178000	-6.784696579	0.848181187
7.264179000	-6.634871483	0.848468542
7.264180000	-6.612527370	0.846202592
7.264181000	-6.406745434	0.844648105
7.264182000	-6.370409966	0.843679446
7.264183000	-6.203241825	0.837260363
7.264184000	-6.176591396	0.842388612
7.264185000	-6.111483574	0.835132963
7.264186000	-5.981566429	0.829946257
7.264187000	-5.840231895	0.830414175
7.264188000	-5.773508072	0.825752045
7.264189000	-5.723221302	0.823632102
7.264190000	-5.477157593	0.823712862
7.264191000	-5.452465534	0.815001063
7.264192000	-5.319901943	0.815130892
7.264193000	-5.259728909	0.813179594
7.264194000	-5.184130669	0.811369577
7.264195000	-5.004531384	0.806854986
7.264196000	-5.047243595	0.808365731
7.264197000	-4.935136318	0.799096732
7.264198000	-4.896069527	0.800988708
7.264199000	-4.858411312	0.793980267
7.264200000	-4.710135937	0.790786005
7.264201000	-4.607777596	0.782577143
7.264202000	-4.534331799	0.786553443
7.264203000	-4.473196983	0.784215786
7.264204000	-4.478508472	0.779354985
7.264205000	-4.452642918	0.781497498
7.264206000	-4.272008896	0.770799513
7.264207000	-4.324414253	0.774495448
7.264208000	-4.344423771	0.775657186
7.264209000	-4.235174656	0.773393232
7.264210000	-4.129927158	0.766909434
7.264211000	-4.046434402	0.764415517
7.264212000	-3.921784639	0.759805518
7.264213000	-3.899600029	0.757572058
7.264214000	-3.849215508	0.753900691
7.264215000	-3.819635153	0.755996599
7.264216000	-3.776422977	0.754210283
7.264217000	-3.803518772	0.753132302
7.264218000	-3.636616230	0.744526031
7.264219000	-3.623678684	0.741887904
7.264220000	-3.631502151	0.743630210
7.264221000	-3.514341593	0.740811321
7.264222000	-3.464886427	0.733799883
7.264223000	-3.386443138	0.729683901
7.264224000	-3.323546410	0.728171559
7.264225000	-3.261826992	0.727811766
7.264226000	-3.204758406	0.720232343
7.264227000	-3.150135040	0.720758716
7.264228000	-3.199930191	0.717999881
7.264229000	-3.091415882	0.716452851
7.264230000	-3.040192127	0.709155124
7.264231000	-3.037125349	0.708476484
7.264232000	-3.023598909	0.709749941
7.264233000	-2.910704136	0.702446621
7.264234000	-2.891579151	0.701158650
7.264235000	-2.834007263	0.699939455
7.264236000	-2.830052376	0.692707374
7.264237000	-2.691607714	0.688707306
7.264238000	-2.654613018	0.684207030
7.264239000	-2.640485764	0.684089784
7.264240000	-2.648704529	0.684699116
7.264241000	-2.653138638	0.681530753
7.264242000	-2.587579250	0.679731388
7.264243000	-2.536116600	0.678583299
7.264244000	-2.473850250	0.674533830
7.264245000	-2.480380774	0.675475990
7.264246000	-2.432823896	0.672162418
7.264247000	-2.332919359	0.661796396
7.264248000	-2.354482889	0.660879004
7.264249000	-2.332754612	0.661262965
7.264250000	-2.326864481	0.662619979
7.264251000	-2.324657202	0.662891555
7.264252000	-2.260594130	0.657520691
7.264253000	-2.201053381	0.654207985
7.264254000	-2.154201746	0.653867234
7.264255000	-2.126682758	0.652843448
7.264256000	-2.120917559	0.648961225
7.264257000	-2.097367525	0.646957662
7.264258000	-2.057951212	0.644725001
7.264259000	-1.989289880	0.636669272
7.264260000	-1.988007069	0.636005479
7.264261000	-1.992805719	0.632736049
7.264262000	-1.971868634	0.635068246
7.264263000	-1.931321979	0.626225885
7.264264000	-1.882143617	0.619656533
7.264265000	-1.835584402	0.623084420
7.264266000	-1.831105828	0.622152514
7.264267000	-1.791987419	0.614986214
7.264268000	-1.734024048	0.615412985
7.264269000	-1.712224603	0.613777738
7.264270000	-1.741621614	0.617549107
7.264271000	-1.702207446	0.617050763
7.264272000	-1.702703714	0.612594695
7.264273000	-1.674716949	0.608012194
7.264274000	-1.641315341	0.610280807
7.264275000	-1.601877809	0.600896560
7.264276000	-1.578661919	0.600907812
7.264277000	-1.475547671	0.595149925
7.264278000	-1.503648877	0.593116135
7.264279000	-1.461066365	0.591128352
7.264280000	-1.543210864	0.594445119
7.264281000	-1.475432754	0.586329269
7.264282000	-1.458467484	0.587341669
7.264283000	-1.379998684	0.583076684
7.264284000	-1.466235280	0.588236625
7.264285000	-1.399934292	0.581427122
7.264286000	-1.365892172	0.580230830
7.264287000	-1.332966447	0.575514771
7.264288000	-1.311214924	0.572995154
7.264289000	-1.320592880	0.575695666
7.264290000	-1.327968001	0.577979859
7.264291000	-1.324289799	0.576224503
7.264292000	-1.182567477	0.564180624
7.264293000	-1.247380018	0.570149500
7.264294000	-1.185375690	0.564548406
7.264295000	-1.206390977	0.559445457
7.264296000	-1.134144187	0.558316309
7.264297000	-1.191103578	0.560279559
7.264298000	-1.154438853	0.562347570
7.264299000	-1.115163684	0.556617213
7.264300000	-1.093419909	0.553520922
7.264301000	-1.046156883	0.551656676
7.264302000	-1.078621387	0.553074143
7.264303000	-1.100989342	0.553020947
7.264304000	-1.044025064	0.547527511
7.264305000	-1.077666998	0.549165721
7.264306000	-1.003867388	0.549532372
7.264307000	-0.996320546	0.543514860
7.264308000	-0.962429404	0.540154283
7.264309000	-0.971006870	0.540623133
7.264310000	-0.959440410	0.537046141
7.264311000	-0.859419107	0.532881457
7.264312000	-0.878913045	0.527254663
7.264313000	-0.885521889	0.528591171
7.264314000	-0.835919857	0.525492616
7.264315000	-0.797201097	0.522970669
7.264316000	-0.833878517	0.524872499
7.264317000	-0.791600883	0.521446009
7.264318000	-0.772606969	0.519424337
7.264319000	-0.797634363	0.519317345
7.264320000	-0.788740337	0.516359871
7.264321000	-0.744685113	0.517550604
7.264322000	-0.779508173	0.516625887
7.264323000	-0.694726825	0.511133018
7.264324000	-0.736978233	0.516785378
7.264325000	-0.709353864	0.511856632
7.264326000	-0.723791838	0.510637637
7.264327000	-0.683147192	0.508353776
7.264328000	-0.649398208	0.507186779
7.264329000	-0.673418283	0.510228176
7.264330000	-0.676171720	0.505458854
7.264331000	-0.640294015	0.500601581
7.264332000	-0.618414640	0.500530774
7.264333000	-0.618571460	0.497759821
7.264334000	-0.619663000	0.495541441
7.264335000	-0.627510667	0.496233397
7.264336000	-0.572984636	0.493395932
7.264337000	-0.602140069	0.491696669
7.264338000	-0.529522002	0.490592589
7.264339000	-0.555784822	0.489758886
7.264340000	-0.546322286	0.496036856
7.264341000	-0.501964629	0.484488790
7.264342000	-0.516757786	0.485443001
7.264343000	-0.497353703	0.486733003
7.264344000	-0.497665733	0.483671266
7.264345000	-0.485312134	0.485954894
7.264346000	-0.488593936	0.480868656
7.264347000	-0.480824471	0.481849964
7.264348000	-0.452639759	0.475483710
7.264349000	-0.426979721	0.478046670
7.264350000	-0.462154895	0.475118891
7.264351000	-0.423363179	0.474071869
7.264352000	-0.391098022	0.473444994
7.264353000	-0.403697163	0.470796847
7.264354000	-0.366713554	0.468787325
7.264355000	-0.347100496	0.464813090
7.264356000	-0.349339783	0.468611224
7.264357000	-0.411217332	0.469309072
7.264358000	-0.335529178	0.464575236
7.264359000	-0.332401633	0.468185085
7.264360000	-0.338997900	0.464020134
7.264361000	-0.330057949	0.461582975
7.264362000	-0.337266266	0.465038926
7.264363000	-0.304305702	0.460119535
7.264364000	-0.300875992	0.456720109
7.264365000	-0.295866698	0.457354807
7.264366000	-0.278505802	0.457432372
7.264367000	-0.271907747	0.450341006
7.264368000	-0.246466756	0.454351594
7.264369000	-0.242896602	0.450219233
7.264370000	-0.274335533	0.453611035
7.264371000	-0.218613863	0.451138024
7.264372000	-0.228072703	0.450862586
7.264373000	-0.224440694	0.451280570
7.264374000	-0.203326017	0.448076221
7.264375000	-0.200194746	0.448149824
7.264376000	-0.217222050	0.447035657
7.264377000	-0.194236055	0.444826831
7.264378000	-0.201345325	0.441820322
7.264379000	-0.187912449	0.442231681
7.264380000	-0.187375352	0.444127852
7.264381000	-0.171245620	0.439152601
7.264382000	-0.154378697	0.443214820
7.264383000	-0.145730689	0.439529737
7.264384000	-0.164321870	0.438974968
7.264385000	-0.124741197	0.435966162
7.264386000	-0.141975611	0.430651491
7.264387000	-0.124895871	0.431951679
7.264388000	-0.121168405	0.433486792
7.264389000	-0.121799037	0.433874016
7.264390000	-0.113140620	0.428734647
7.264391000	-0.082693540	0.427331261
7.264392000	-0.079389468	0.428213899
7.264393000	-0.064131595	0.424332941
7.264394000	-0.068611495	0.423201431
7.264395000	-0.053403627	0.423780735
7.264396000	-0.051259521	0.420532610
7.264397000	-0.066881076	0.423799643
7.264398000	-0.044086792	0.422935581
7.264399000	-0.029256426	0.416499253
7.264400000	-0.026218012	0.418858747
7.264401000	-0.016087178	0.415491746
7.264402000	0.021110805	0.416926657
7.264403000	-0.011518429	0.416268690
7.264404000	-0.018815231	0.410821593
7.264405000	0.005844028	0.411916752
7.264406000	0.012304108	0.416832348
7.264407000	0.014635212	0.408592228
7.264408000	0.022994915	0.409467509
7.264409000	0.022747841	0.408423683
7.264410000	0.009082935	0.404698820
7.264411000	0.034461241	0.406308700
7.264412000	0.046761535	0.405170698
7.264413000	0.055044428	0.404342089
7.264414000	0.085698515	0.398823187
7.264415000	0.047605306	0.397336078
7.264416000	0.056301195	0.399254885
7.264417000	0.086805657	0.401198827
7.264418000	0.109855637	0.398782774
7.264419000	0.098116912	0.402135494
7.264420000	0.097958282	0.398595420
7.264421000	0.093514480	0.398510599
7.264422000	0.103069872	0.395651928
7.264423000	0.101852253	0.398107296
7.264424000	0.103442967	0.397380286
7.264425000	0.130311847	0.400522950
7.264426000	0.129118115	0.394127635
7.264427000	0.124609806	0.396085857
7.264428000	0.141694680	0.394946290
7.264429000	0.120279759	0.394877414
7.264430000	0.106144443	0.391271261
7.264431000	0.137369663	0.389308678
7.264432000	0.134978503	0.388450774
7.264433000	0.129375592	0.387858154
7.264434000	0.167991757	0.388715459
7.264435000	0.177062839	0.389382348
7.264436000	0.192978427	0.387635980
7.264437000	0.203248605	0.385966544
7.264438000	0.195366621	0.388566655
7.264439000	0.212157503	0.386056892
7.264440000	0.219028652	0.384489655
7.264441000	0.211503714	0.381206077
7.264442000	0.203447148	0.381178114
7.264443000	0.206282243	0.380409825
7.264444000	0.217700034	0.380340982
7.264445000	0.214670509	0.378636992
7.264446000	0.222356349	0.378816189
7.264447000	0.223569751	0.382026830
7.264448000	0.213304475	0.379265065
7.264449000	0.219586119	0.375404713
7.264450000	0.235060200	0.375246921
7.264451000	0.235912919	0.374516549
7.264452000	0.269399136	0.373268858
7.264453000	0.269125372	0.373466098
7.264454000	0.235418856	0.373052410
7.264455000	0.282207847	0.371677220
7.264456000	0.254204899	0.370402398
7.264457000	0.245717362	0.371622825
7.264458000	0.262000203	0.366467411
7.264459000	0.262153238	0.369911178
7.264460000	0.252474427	0.368967287
7.264461000	0.273291975	0.365818499
7.264462000	0.302253544	0.365156337
7.264463000	0.260297179	0.368627834
7.264464000	0.281474859	0.363303209
7.264465000	0.294640243	0.363976989
7.264466000	0.299361378	0.359732876
7.264467000	0.314443231	0.362124528
7.264468000	0.309847981	0.360844779
7.264469000	0.296852767	0.362576400
7.264470000	0.309775472	0.364063808
7.264471000	0.315472037	0.362464613
7.264472000	0.326280326	0.361337830
7.264473000	0.335131377	0.358146298
7.264474000	0.325028181	0.358758625
7.264475000	0.338703781	0.357131833
7.264476000	0.349919885	0.359647388
7.264477000	0.320736527	0.359339028
7.264478000	0.336689979	0.357559570
7.264479000	0.338042289	0.354068898
7.264480000	0.357885748	0.354708889
7.264481000	0.352354228	0.353587532
7.264482000	0.364367723	0.356536051
7.264483000	0.387969077	0.354369269
7.264484000	0.355950147	0.355385432
7.264485000	0.387907773	0.350983926
7.264486000	0.370728880	0.351961905
7.264487000	0.364918232	0.354386913
7.264488000	0.368504465	0.348312009
7.264489000	0.392091334	0.347643356
7.264490000	0.375409126	0.350184911
7.264491000	0.403297216	0.348761385
7.264492000	0.395311683	0.347904279
7.264493000	0.382600635	0.345193115
7.264494000	0.426515698	0.346997639
7.264495000	0.411144674	0.345849318
7.264496000	0.408448279	0.342236374
7.264497000	0.440868348	0.343663262
7.264498000	0.430238307	0.344712081
7.264499000	0.415717334	0.343408397
7.264500000	0.418159246	0.348133644
7.264501000	0.427673846	0.342941146
7.264502000	0.427928507	0.341325972
7.264503000	0.407873571	0.341176003
7.264504000	0.442008466	0.342063102
7.264505000	0.423784971	0.341057292
7.264506000	0.465075284	0.336795203
7.264507000	0.431199193	0.339246243
7.264508000	0.441489875	0.338109273
7.264509000	0.433564097	0.336989447
7.264510000	0.421303183	0.335080093
7.264511000	0.459214658	0.337500874
7.264512000	0.447568148	0.331723778
7.264513000	0.445091814	0.337754340
7.264514000	0.449114442	0.332347923
7.264515000	0.431959927	0.337305964
7.264516000	0.473367184	0.335638958
7.264517000	0.461088032	0.333151699
7.264518000	0.495004147	0.328422923
7.264519000	0.462287962	0.331853308
7.264520000	0.476600319	0.332981489
7.264521000	0.485110968	0.330129876
7.264522000	0.489862412	0.331664689
7.264523000	0.491414189	0.327281892
7.264524000	0.493257403	0.325817386
7.264525000	0.491144449	0.328220090
7.264526000	0.463859916	0.327036881
7.264527000	0.498581767	0.328405113
7.264528000	0.492013842	0.328962912
7.264529000	0.474884808	0.328028376
7.264530000	0.504139841	0.326994170
7.264531000	0.513251066	0.326158004
7.264532000	0.492944032	0.325276631
7.264533000	0.505290091	0.323020002
7.264534000	0.530776322	0.321026959
7.264535000	0.529408753	0.324154042
7.264536000	0.532313049	0.324277380
7.264537000	0.539003253	0.320192690
7.264538000	0.540245116	0.325170904
7.264539000	0.536551476	0.317889555
7.264540000	0.551645100	0.320419225
7.264541000	0.538793683	0.318466962
7.264542000	0.501763999	0.320434106
7.264543000	0.520031333	0.321161748
7.264544000	0.518851221	0.316326546
7.264545000	0.551649749	0.319567613
7.264546000	0.537383318	0.317968684
7.264547000	0.507071316	0.317653765
7.264548000	0.538651943	0.315793048
7.264549000	0.565592349	0.312880216
7.264550000	0.580575645	0.312666763
7.264551000	0.557012498	0.313765217
7.264552000	0.558724940	0.315110247
7.264553000	0.547741413	0.313025391
7.264554000	0.550247848	0.312672855
7.264555000	0.582754612	0.311617378
7.264556000	0.545260847	0.310468058
7.264557000	0.594041526	0.310252042
7.264558000	0.571664751	0.312091787
7.264559000	0.591881871	0.314909445
7.264560000	0.596381128	0.313136678
7.264561000	0.589678824	0.312206669
7.264562000	0.590880752	0.310055334
7.264563000	0.579272389	0.309185612
7.264564000	0.574333191	0.312331838
7.264565000	0.579912603	0.312270518
7.264566000	0.586046100	0.310591329
7.264567000	0.596322060	0.307379623
7.264568000	0.595664799	0.307125657
7.264569000	0.575135291	0.305825868
7.264570000	0.593319237	0.305333217
7.264571000	0.590294123	0.304109328
7.264572000	0.621094942	0.308384167
7.264573000	0.621790051	0.307666379
7.264574000	0.592260063	0.304639962
7.264575000	0.599834502	0.302474946
7.264576000	0.601123989	0.302111724
7.264577000	0.626609564	0.303773004
7.264578000	0.610604942	0.301908225
7.264579000	0.595508695	0.305002252
7.264580000	0.619641840	0.303356086
7.264581000	0.646405578	0.299395599
7.264582000	0.633162618	0.299888251
7.264583000	0.570694625	0.304340623
7.264584000	0.622995615	0.301660451
7.264585000	0.597970784	0.304696888
7.264586000	0.617275953	0.301123025
7.264587000	0.641463339	0.300128002
7.264588000	0.642731607	0.303587381
7.264589000	0.649355233	0.300290987
7.264590000	0.619983971	0.302146012
7.264591000	0.642002106	0.300022074
7.264592000	0.608045399	0.299992314
7.264593000	0.630006194	0.295765078
7.264594000	0.634510756	0.297760119
7.264595000	0.637113929	0.295170594
7.264596000	0.624413550	0.297811451
7.264597000	0.634100914	0.297713214
7.264598000	0.620771289	0.296700580
7.264599000	0.617030203	0.295473562
7.264600000	0.646014750	0.295835519
7.264601000	0.646834016	0.294964499
7.264602000	0.641397297	0.295288971
7.264603000	0.670834184	0.296359828
7.264604000	0.656861186	0.290882905
7.264605000	0.653862655	0.292328735
7.264606000	0.655166090	0.293507417
7.264607000	0.659120560	0.293040398
7.264608000	0.673802197	0.291053879
7.264609000	0.668615222	0.292579638
7.264610000	0.662201166	0.290356098
7.264611000	0.664909363	0.289417367
7.264612000	0.655174553	0.288350605
7.264613000	0.691808224	0.288039547
7.264614000	0.662159622	0.288435659
7.264615000	0.649898827	0.287774396
7.264616000	0.685517132	0.283571296
7.264617000	0.686739743	0.289005010
7.264618000	0.687247694	0.285115729
7.264619000	0.686417758	0.287805389
7.264620000	0.681668460	0.286365884
7.264621000	0.716216683	0.287039763
7.264622000	0.707258701	0.288221241
7.264623000	0.674972117	0.281596761
7.264624000	0.702813268	0.284731468
7.264625000	0.699126720	0.283567334
7.264626000	0.699287713	0.282838660
7.264627000	0.697888792	0.285713309
7.264628000	0.718417585	0.283775660
7.264629000	0.702954113	0.285614906
7.264630000	0.694188476	0.283748529
7.264631000	0.700532198	0.283513671
7.264632000	0.707778871	0.284012382
7.264633000	0.722152829	0.283189531
7.264634000	0.694978058	0.284457995
7.264635000	0.715450883	0.284220674
7.264636000	0.682986438	0.284671714
7.264637000	0.708898187	0.277677204
7.264638000	0.698072553	0.279130674
7.264639000	0.732498348	0.278745498
7.264640000	0.727957785	0.276648225
7.264641000	0.699587941	0.279142925
7.264642000	0.707155526	0.284092776
7.264643000	0.707104981	0.280725641
7.264644000	0.746239781	0.277997266
7.264645000	0.686851084	0.277601637
7.264646000	0.706796050	0.278114562
7.264647000	0.732661843	0.279059168
7.264648000	0.730125964	0.277186101
7.264649000	0.707451940	0.276734678
7.264650000	0.756515622	0.274564601
7.264651000	0.719178200	0.279253280
7.264652000	0.722443640	0.276185152
7.264653000	0.730090261	0.276067640
7.264654000	0.695804417	0.275517314
7.264655000	0.729883373	0.274253960
7.264656000	0.721289575	0.277033901
7.264657000	0.726244271	0.272060398
7.264658000	0.726773381	0.275022033
7.264659000	0.737698436	0.276807815
7.264660000	0.767581284	0.275108169
7.264661000	0.763517201	0.277280776
7.264662000	0.722133338	0.271428646
7.264663000	0.731964171	0.273416546
7.264664000	0.739784598	0.272841553
7.264665000	0.749969065	0.271458923
7.264666000	0.751150250	0.272981851
7.264667000	0.736592531	0.269087444
7.264668000	0.739045501	0.271099812
7.264669000	0.747469723	0.272581012
7.264670000	0.757143021	0.273458391
7.264671000	0.740633428	0.268425383
7.264672000	0.756625354	0.270697142
7.264673000	0.753282130	0.268295137
7.264674000	0.761402488	0.271612704
7.264675000	0.762765884	0.268553231
7.264676000	0.779863238	0.268531326
7.264677000	0.790074408	0.269887391
7.264678000	0.753164411	0.269573088
7.264679000	0.735742867	0.269582992
7.264680000	0.785320103	0.269200113
7.264681000	0.781144798	0.267552015
7.264682000	0.748627722	0.272703618
7.264683000	0.778873086	0.268280007
7.264684000	0.756285667	0.264694876
7.264685000	0.760390759	0.266249513
7.264686000	0.776698351	0.265472886
7.264687000	0.795287609	0.266582159
7.264688000	0.780734599	0.263124743
7.264689000	0.781115055	0.262643909
7.264690000	0.775579691	0.263498551
7.264691000	0.803920209	0.264104570
7.264692000	0.780000210	0.267355591
7.264693000	0.801846087	0.264906614
7.264694000	0.775829554	0.266180338
7.264695000	0.772498310	0.265848308
7.264696000	0.766638517	0.264962774
7.264697000	0.783152044	0.263722423
7.264698000	0.811764121	0.264929567
7.264699000	0.812556326	0.261668394
7.264700000	0.787462234	0.260699119
7.264701000	0.777352452	0.260564563
7.264702000	0.789157569	0.261173079
7.264703000	0.800223887	0.260620689
7.264704000	0.774810374	0.258736320
7.264705000	0.797123611	0.260060560
7.264706000	0.789299071	0.259232134
7.264707000	0.817523777	0.261777883
7.264708000	0.797855258	0.261455274
7.264709000	0.788934052	0.260659338
7.264710000	0.783470869	0.259940751
7.264711000	0.797812581	0.261863620
7.264712000	0.778600574	0.259482271
7.264713000	0.801786482	0.259279671
7.264714000	0.794964135	0.259378192
7.264715000	0.792523980	0.259391041
7.264716000	0.808516026	0.259989653
7.264717000	0.801461220	0.257988904
7.264718000	0.819975138	0.258539712
7.264719000	0.801881731	0.255933676
7.264720000	0.801169157	0.256612932
7.264721000	0.813059986	0.258038671
7.264722000	0.818421245	0.259661252
7.264723000	0.825650692	0.255385813
7.264724000	0.826363683	0.251748451
7.264725000	0.795967877	0.254336561
7.264726000	0.830216706	0.257562914
7.264727000	0.807675302	0.255022209
7.264728000	0.823624253	0.251688996
7.264729000	0.836538076	0.255887719
7.264730000	0.799395680	0.254428207
7.264731000	0.830959976	0.251807357
7.264732000	0.826098979	0.254415874
7.264733000	0.836157084	0.253637465
7.264734000	0.836183250	0.255117483
7.264735000	0.818046689	0.251986838
7.264736000	0.822638512	0.249308147
7.264737000	0.812799811	0.253135809
7.264738000	0.793788910	0.249512744
7.264739000	0.823551059	0.249670853
7.264740000	0.849910200	0.250177885
7.264741000	0.850781262	0.256306002
7.264742000	0.831514716	0.247636181
7.264743000	0.832286477	0.253855644
7.264744000	0.831087351	0.250686616
7.264745000	0.824610054	0.250949986
7.264746000	0.849250615	0.251157379
7.264747000	0.822037220	0.251168165
7.264748000	0.822708845	0.250675381
7.264749000	0.823280334	0.249715810
7.264750000	0.836476922	0.252362493
7.264751000	0.812646389	0.248514525
7.264752000	0.828118324	0.250685700
7.264753000	0.862276614	0.248390122
7.264754000	0.844118595	0.247198541
7.264755000	0.850555956	0.247298692
7.264756000	0.860726774	0.247991447
7.264757000	0.845923126	0.250375159
7.264758000	0.835826993	0.248781357
7.264759000	0.836327970	0.248320264
7.264760000	0.837835908	0.249053599
7.264761000	0.828462124	0.249113437
7.264762000	0.834591508	0.247110257
7.264763000	0.840954900	0.245350656
7.264764000	0.852254033	0.244077316
7.264765000	0.842333615	0.245705406
7.264766000	0.824803054	0.245794905
7.264767000	0.846271515	0.244284277
7.264768000	0.851718783	0.246284710
7.264769000	0.849022210	0.244005144
7.264770000	0.821162343	0.244955410
7.264771000	0.866813779	0.243949601
7.264772000	0.851733983	0.245370197
7.264773000	0.874311507	0.244145642
7.264774000	0.866026998	0.241541936
7.264775000	0.850305140	0.243200670
7.264776000	0.843975186	0.243520182
7.264777000	0.850829303	0.243189418
7.264778000	0.873626530	0.244444765
7.264779000	0.851273298	0.242863780
7.264780000	0.841437757	0.245252336
7.264781000	0.866378844	0.242377021
7.264782000	0.867868185	0.241863613
7.264783000	0.871449113	0.242121573
7.264784000	0.870148659	0.241959187
7.264785000	0.864142597	0.240448975
7.264786000	0.857786775	0.240683816
7.264787000	0.878502965	0.241199387
7.264788000	0.900093317	0.240030276
7.264789000	0.845364928	0.239704522
7.264790000	0.890052855	0.240452554
7.264791000	0.881894350	0.238929459
7.264792000	0.867674530	0.241902928
7.264793000	0.866550803	0.238316915
7.264794000	0.858098567	0.238630918
7.264795000	0.878922760	0.236753373
7.264796000	0.859138131	0.238936300
7.264797000	0.878173530	0.238797982
7.264798000	0.878710687	0.238927628
7.264799000	0.899670959	0.238748131
7.264800000	0.889908850	0.235663957
7.264801000	0.907257080	0.237012332
7.264802000	0.872189760	0.237791623
7.264803000	0.876591802	0.237713526
7.264804000	0.873255312	0.237503935
7.264805000	0.891484916	0.237904691
7.264806000	0.855623066	0.236453601
7.264807000	0.873853505	0.239911583
7.264808000	0.896215558	0.240290217
7.264809000	0.900871992	0.234861846
7.264810000	0.861954749	0.232101397
7.264811000	0.886318743	0.233380979
7.264812000	0.881342292	0.235732567
7.264813000	0.896371901	0.235812012
7.264814000	0.877035856	0.235960034
7.264815000	0.866222978	0.234239665
7.264816000	0.877025485	0.233228679
7.264817000	0.895018339	0.234185303
7.264818000	0.898637652	0.234037881
7.264819000	0.893111229	0.232408110
7.264820000	0.899873734	0.234580383
7.264821000	0.888533473	0.232668766
7.264822000	0.892418623	0.229835046
7.264823000	0.902649879	0.235129744
7.264824000	0.905271888	0.234802957
7.264825000	0.892134130	0.233659013
7.264826000	0.912145853	0.231966874
7.264827000	0.915276587	0.232222953
7.264828000	0.898354590	0.233931304
7.264829000	0.907425165	0.231513354
7.264830000	0.892813981	0.232830104
7.264831000	0.882678092	0.229824061
7.264832000	0.910858870	0.233693984
7.264833000	0.888940632	0.234554185
7.264834000	0.893040895	0.233872665
7.264835000	0.909516275	0.230519512
7.264836000	0.890125155	0.229943737
7.264837000	0.888589442	0.230274585
7.264838000	0.899052680	0.232379031
7.264839000	0.915639162	0.227133952
7.264840000	0.879619241	0.230397157
7.264841000	0.923826933	0.228942238
7.264842000	0.899868309	0.231178994
7.264843000	0.888723075	0.229010049
7.264844000	0.917094231	0.229118190
7.264845000	0.894939244	0.228295956
7.264846000	0.894183815	0.228479914
7.264847000	0.910961032	0.228923114
7.264848000	0.914714575	0.225671976
7.264849000	0.916312337	0.229073199
7.264850000	0.917276680	0.225826706
7.264851000	0.910582781	0.228504981
7.264852000	0.920124054	0.228106405
7.264853000	0.924160063	0.229940574
7.264854000	0.943839848	0.227403048
7.264855000	0.923333168	0.226386985
7.264856000	0.905502737	0.225876441
7.264857000	0.933876514	0.227430279
7.264858000	0.920984924	0.226829120
7.264859000	0.939714193	0.226982485
7.264860000	0.918585420	0.223314763
7.264861000	0.943804741	0.227530680
7.264862000	0.944355667	0.224677885
7.264863000	0.922451615	0.224500102
7.264864000	0.923792124	0.224848261
7.264865000	0.933677614	0.224106703
7.264866000	0.917063057	0.228643765
7.264867000	0.943911672	0.226089410
7.264868000	0.941787660	0.225997132
7.264869000	0.935382605	0.226771379
7.264870000	0.941264272	0.223077209
7.264871000	0.929512501	0.227408840
7.264872000	0.938441575	0.225228310
7.264873000	0.931376338	0.226579915
7.264874000	0.917802334	0.223698624
7.264875000	0.937112749	0.225184918
7.264876000	0.938585937	0.224069952
7.264877000	0.921236098	0.222923910
7.264878000	0.918606639	0.223582993
7.264879000	0.895939708	0.225293025
7.264880000	0.934229851	0.221885810
7.264881000	0.934390247	0.220250912
7.264882000	0.899034381	0.225538452
7.264883000	0.939130962	0.221733128
7.264884000	0.923891246	0.223392710
7.264885000	0.940073967	0.223117189
7.264886000	0.926801980	0.222525069
7.264887000	0.921335816	0.220889355
7.264888000	0.936295390	0.222125994
7.264889000	0.910487652	0.220561304
7.264890000	0.937331200	0.221394191
7.264891000	0.933377743	0.219541879
7.264892000	0.948905230	0.220465030
7.264893000	0.933471739	0.220469874
7.264894000	0.920441806	0.221776504
7.264895000	0.946129382	0.221888756
7.264896000	0.930525184	0.218436434
7.264897000	0.927471638	0.220913390
7.264898000	0.930187345	0.221056951
7.264899000	0.938873291	0.220464881
7.264900000	0.943014383	0.220783511
7.264901000	0.945155859	0.217891535
7.264902000	0.935167611	0.216739268
7.264903000	0.945927739	0.217166090
7.264904000	0.951246560	0.217449516
7.264905000	0.922303617	0.218614483
7.264906000	0.953112900	0.216530093
7.264907000	0.955534577	0.217546938
7.264908000	0.952076793	0.220805549
7.264909000	0.959049940	0.219073029
7.264910000	0.969186604	0.217351928
7.264911000	0.949008584	0.215620274
7.264912000	0.953960896	0.217482407
7.264913000	0.950587809	0.219641631
7.264914000	0.945406079	0.219444540
7.264915000	0.947833419	0.218656345
7.264916000	0.946421087	0.218877520
7.264917000	0.977338731	0.215263644
7.264918000	0.936435819	0.215986592
7.264919000	0.933070540	0.216252559
7.264920000	0.945913911	0.217648072
7.264921000	0.950618625	0.219015172
7.264922000	0.944954455	0.215444156
7.264923000	0.957312644	0.214191771
7.264924000	0.950308859	0.214323099
7.264925000	0.962842107	0.215607791
7.264926000	0.933454454	0.215615564
7.264927000	0.968802750	0.214464862
7.264928000	0.940967083	0.218425449
7.264929000	0.942247808	0.213873773
7.264930000	0.980685830	0.215833028
7.264931000	0.945307076	0.213242504
7.264932000	0.951857686	0.212797607
7.264933000	0.971072137	0.214441043
7.264934000	0.959851563	0.212611551
7.264935000	0.952244520	0.212674885
7.264936000	0.970471263	0.211653829
7.264937000	0.971136570	0.212840716
7.264938000	0.985248268	0.214393522
7.264939000	0.947712719	0.215555044
7.264940000	0.976136982	0.213648270
7.264941000	0.962917328	0.211456006
7.264942000	0.945854783	0.212473500
7.264943000	0.957014501	0.214990953
7.264944000	0.988975704	0.214834958
7.264945000	0.990653515	0.211670024
7.264946000	0.948674679	0.211562815
7.264947000	0.968857944	0.213639731
7.264948000	0.972098589	0.212282218
7.264949000	0.963122487	0.212797673
7.264950000	0.982940674	0.210430173
7.264951000	0.946045280	0.210780462
7.264952000	0.937735796	0.211015952
7.264953000	0.967160344	0.212232733
7.264954000	0.954090595	0.212939819
7.264955000	0.947538674	0.210621904
7.264956000	0.968115807	0.212349313
7.264957000	0.958746374	0.210606391
7.264958000	0.973452568	0.211968265
7.264959000	0.997757077	0.209751766
7.264960000	0.977860153	0.213806978
7.264961000	0.957400441	0.209886905
7.264962000	0.980070531	0.213033180
7.264963000	0.947685182	0.208772538
7.264964000	0.964616835	0.208046893
7.264965000	0.974372447	0.209188674
7.264966000	0.986111283	0.207670422
7.264967000	0.971985042	0.209495969
7.264968000	1.004572749	0.210288443
7.264969000	0.990557134	0.210258482
7.264970000	0.966306210	0.211138074
7.264971000	0.956334412	0.207042865
7.264972000	0.954392612	0.208256850
7.264973000	0.978233993	0.208726066
7.264974000	0.995060146	0.208878882
7.264975000	0.979710102	0.208664913
7.264976000	0.990206420	0.205803080
7.264977000	0.996425986	0.206714580
7.264978000	0.980331659	0.208914818
7.264979000	0.969064474	0.205863684
7.264980000	0.988517880	0.207986007
7.264981000	0.981910825	0.209400079
7.264982000	0.985511720	0.205823936
7.264983000	1.009985924	0.207829646
7.264984000	0.994395912	0.204574314
7.264985000	1.001804829	0.204554041
7.264986000	1.005760312	0.207810371
7.264987000	0.980934978	0.205404954
7.264988000	0.991852462	0.208268868
7.264989000	1.000349879	0.206390141
7.264990000	0.983095825	0.205680109
7.264991000	0.995355010	0.206022908
7.264992000	0.983627677	0.207797971
7.264993000	0.971281528	0.209172179
7.264994000	0.976626635	0.205564561
7.264995000	0.990041018	0.207707124
7.264996000	0.968584597	0.207711951
7.264997000	0.969292283	0.206530173
7.264998000	0.956081986	0.206179102
7.264999000	0.982421756	0.202526760
7.265000000	0.979789495	0.205257964
7.265001000	0.981793702	0.201897871
7.265002000	0.990233302	0.203626728
7.265003000	0.976543665	0.203976701
7.265004000	1.008438706	0.206229236
7.265005000	0.996161640	0.206144015
7.265006000	0.963063240	0.206863534
7.265007000	0.986435831	0.200818941
7.265008000	0.989546537	0.206151488
7.265009000	0.974369347	0.203981578
7.265010000	0.982111573	0.203665011
7.265011000	0.986077368	0.202757989
7.265012000	1.009270310	0.203940332
7.265013000	0.960282505	0.203410064
7.265014000	0.976778209	0.207254586
7.265015000	1.009557128	0.204886986
7.265016000	0.996652365	0.202182047
7.265017000	1.001155853	0.203204235
7.265018000	0.991127491	0.203259245
7.265019000	1.012538195	0.204364823
7.265020000	0.987799883	0.201653193
7.265021000	0.999447763	0.205556954
7.265022000	1.004702449	0.202808872
7.265023000	1.011169434	0.203607753
7.265024000	1.002365232	0.202555189
7.265025000	0.983972073	0.203168432
7.265026000	0.999615371	0.203606605
7.265027000	0.993085623	0.204114653
7.265028000	0.983138800	0.199360644
7.265029000	1.002789974	0.203151454
7.265030000	0.993529320	0.202561148
7.265031000	1.001858830	0.200120011
7.265032000	0.981451094	0.203403472
7.265033000	1.024511814	0.202683220
7.265034000	1.023634195	0.199758936
7.265035000	0.991199851	0.201165268
7.265036000	0.992152035	0.199878629
7.265037000	1.009591222	0.199929412
7.265038000	1.001295924	0.201967562
7.265039000	1.014076471	0.199247743
7.265040000	0.981547534	0.201250823
7.265041000	1.003306270	0.204284945
7.265042000	0.995975554	0.198965364
7.265043000	0.964251637	0.200236591
7.265044000	1.011952043	0.201010089
7.265045000	0.994676173	0.201645686
7.265046000	1.001898408	0.201875234
7.265047000	0.983238518	0.199601144
7.265048000	0.988615632	0.199406750
7.265049000	0.984019876	0.199915663
7.265050000	0.999132335	0.197208577
7.265051000	1.004097104	0.201245563
7.265052000	0.972460210	0.200243315
7.265053000	1.010536551	0.199572199
7.265054000	1.014831066	0.200338973
7.265055000	1.022596002	0.194179614
7.265056000	1.022997618	0.197851614
7.265057000	1.016463995	0.196705339
7.265058000	1.015407920	0.197324458
7.265059000	0.997951329	0.197384928
7.265060000	1.025851727	0.199495483
7.265061000	1.025166154	0.199287290
7.265062000	1.015149117	0.195985071
7.265063000	1.027519703	0.196366885
7.265064000	1.017260194	0.199050419
7.265065000	0.997957528	0.197531502
7.265066000	1.000642300	0.196744721
7.265067000	1.003002644	0.197457865
7.265068000	1.013486743	0.197331565
7.265069000	1.021877646	0.195193712
7.265070000	1.033386707	0.194468583
7.265071000	1.011803389	0.195868125
7.265072000	1.016565323	0.198621184
7.265073000	1.008490801	0.196310942
7.265074000	1.017694473	0.197804326
7.265075000	1.014133692	0.196977148
7.265076000	1.015887737	0.196101284
7.265077000	0.995358646	0.197986303
7.265078000	1.012112260	0.195714677
7.265079000	0.995565951	0.194364171
7.265080000	1.017942786	0.195672266
7.265081000	1.020892143	0.195081527
7.265082000	1.010908604	0.195726694
7.265083000	1.010724783	0.196095359
7.265084000	0.979462862	0.195681204
7.265085000	1.015410304	0.196526791
7.265086000	1.008984447	0.192197839
7.265087000	1.003669143	0.195427488
7.265088000	0.994708121	0.192222607
7.265089000	1.006679773	0.195566938
7.265090000	1.029909015	0.193625743
7.265091000	0.991556346	0.192628722
7.265092000	1.031272531	0.195963815
7.265093000	1.002630949	0.194428936
7.265094000	1.004158974	0.193553771
7.265095000	1.017979622	0.194829175
7.265096000	1.020862222	0.192945855
7.265097000	0.993687630	0.196278917
7.265098000	0.996350884	0.191317781
7.265099000	1.005226970	0.194920355
7.265100000	1.023179054	0.193577124
7.265101000	1.003516316	0.192575842
7.265102000	1.021079779	0.195446413
7.265103000	1.016757250	0.189246457
7.265104000	1.042153478	0.192720068
7.265105000	1.024121046	0.192972819
7.265106000	0.990990400	0.190027846
7.265107000	1.025950909	0.188728622
7.265108000	1.009015679	0.189935584
7.265109000	1.025632262	0.190734898
7.265110000	1.025853634	0.190695900
7.265111000	1.014374733	0.190338820
7.265112000	0.998453975	0.190216364
7.265113000	1.019139528	0.191355215
7.265114000	1.032591462	0.190829956
7.265115000	1.032331467	0.192294529
7.265116000	1.005082846	0.194227701
7.265117000	1.031525493	0.188166462
7.265118000	1.016583800	0.190269111
7.265119000	1.015997529	0.189152831
7.265120000	1.024144411	0.189157158
7.265121000	1.011760116	0.190121506
7.265122000	1.021464944	0.192487391
7.265123000	1.004323483	0.194638377
7.265124000	1.018988252	0.190243212
7.265125000	1.050061226	0.188440718
7.265126000	1.044466972	0.190515970
7.265127000	1.007728696	0.188835615
7.265128000	1.046352863	0.189213534
7.265129000	1.034947515	0.189864877
7.265130000	1.035935521	0.187451104
7.265131000	1.027815819	0.189862796
7.265132000	1.025012493	0.190036068
7.265133000	1.020089984	0.187123069
7.265134000	1.007513165	0.189213751
7.265135000	1.035152912	0.190286855
7.265136000	1.039154172	0.187293578
7.265137000	1.050530076	0.189504018
7.265138000	1.024191380	0.188657383
7.265139000	1.029955149	0.189221690
7.265140000	1.018561840	0.189283908
7.265141000	1.033228636	0.186659779
7.265142000	1.042869925	0.190062733
7.265143000	1.037309647	0.187429033
7.265144000	1.028188825	0.187026197
7.265145000	1.015664339	0.188216946
7.265146000	1.059077024	0.187608630
7.265147000	1.029700994	0.187761312
7.265148000	1.034315467	0.188667719
7.265149000	1.022523880	0.186225900
7.265150000	1.005747676	0.188225934
7.265151000	1.049245715	0.186290615
7.265152000	1.033631802	0.185022784
7.265153000	1.043448567	0.188156775
7.265154000	1.030572414	0.186468747
7.265155000	1.022902250	0.185455681
7.265156000	1.018963456	0.187087682
7.265157000	1.016083598	0.185533046
7.265158000	1.045343161	0.186318861
7.265159000	1.041592240	0.185574691
7.265160000	1.013943911	0.186624326
7.265161000	1.055673003	0.186604735
7.265162000	1.027644515	0.187646896
7.265163000	1.035959125	0.187035202
7.265164000	1.050804019	0.183289782
7.265165000	1.028945804	0.186045587
7.265166000	1.060781598	0.184970270
7.265167000	1.041306496	0.185905705
7.265168000	1.026195049	0.184654286
7.265169000	1.041771889	0.182911829
7.265170000	1.039289594	0.185961298
7.265171000	1.052764058	0.186530849
7.265172000	1.049279809	0.184276916
7.265173000	1.035319209	0.183790989
7.265174000	1.045958161	0.183871050
7.265175000	1.046095133	0.184741687
7.265176000	1.049592972	0.184075914
7.265177000	1.042172670	0.182597709
7.265178000	1.056390524	0.185890458
7.265179000	1.031874418	0.183551520
7.265180000	1.050131202	0.182335072
7.265181000	1.048238158	0.184507479
7.265182000	1.053707480	0.183569513
7.265183000	1.049377084	0.183006621
7.265184000	1.066133380	0.185124517
7.265185000	1.043450952	0.181486422
7.265186000	1.041937113	0.185351102
7.265187000	1.054723144	0.184525355
7.265188000	1.034347177	0.184999132
7.265189000	1.046940684	0.184088430
7.265190000	1.015026927	0.183583445
7.265191000	1.066258550	0.182685810
7.265192000	1.042532086	0.184627804
7.265193000	1.071220398	0.182526936
7.265194000	1.040656805	0.182057054
7.265195000	1.020553708	0.183641685
7.265196000	1.049678922	0.183902142
7.265197000	1.050570369	0.178915756
7.265198000	1.054531574	0.182192110
7.265199000	1.035978675	0.183623259
7.265200000	1.025293708	0.183327133
7.265201000	1.064551353	0.181681182
7.265202000	1.059589028	0.183992873
7.265203000	1.052883506	0.180869468
7.265204000	1.022450566	0.182588222
7.265205000	1.070848703	0.182283939
7.265206000	1.037938833	0.180345574
7.265207000	1.031913280	0.180427383
7.265208000	1.042907357	0.181111033
7.265209000	1.033878565	0.181765372
7.265210000	1.027484894	0.179067872
7.265211000	1.060606241	0.181247320
7.265212000	1.053723574	0.179522041
7.265213000	1.047753453	0.181083719
7.265214000	1.036017895	0.183767470
7.265215000	1.044827342	0.181614886
7.265216000	1.027764797	0.183083503
7.265217000	1.050400138	0.181316479
7.265218000	1.035805345	0.182965908
7.265219000	1.047574401	0.178604499
7.265220000	1.029163837	0.180536922
7.265221000	1.038984299	0.182138497
7.265222000	1.042935371	0.179625322
7.265223000	1.068982124	0.177675023
7.265224000	1.045727611	0.177302330
7.265225000	1.054373741	0.178573207
7.265226000	1.041694760	0.177971216
7.265227000	1.044091940	0.181382509
7.265228000	1.046326280	0.176492829
7.265229000	1.058750868	0.178344441
7.265230000	1.059626460	0.178986363
7.265231000	1.040377855	0.178036863
7.265232000	1.056617022	0.177580763
7.265233000	1.059731364	0.178172351
7.265234000	1.045296192	0.175081237
7.265235000	1.079668045	0.176933166
7.265236000	1.043858886	0.177120969
7.265237000	1.047477484	0.181263299
7.265238000	1.055892944	0.175913358
7.265239000	1.037581563	0.177143605
7.265240000	1.073094249	0.175321654
7.265241000	1.049426079	0.177130106
7.265242000	1.070276976	0.173939873
7.265243000	1.026570678	0.175628283
7.265244000	1.052601576	0.176179508
7.265245000	1.082174659	0.176551768
7.265246000	1.056068897	0.178240278
7.265247000	1.046249628	0.176108851
7.265248000	1.043592930	0.178335869
7.265249000	1.047841430	0.176309220
7.265250000	1.046627641	0.179251081
7.265251000	1.081075907	0.175326680
7.265252000	1.016692281	0.175550619
7.265253000	1.052568913	0.177317077
7.265254000	1.061616063	0.177032485
7.265255000	1.046400189	0.174062178
7.265256000	1.055436969	0.176126394
7.265257000	1.062023282	0.179162714
7.265258000	1.059608340	0.176102226
