D:\KID metingen\Entropy ADR\LT343chip5_BF_20240530_mapping\S21\Power\KID358_90dBm_.dat
Power at KID:90dBm
resonance Frequency in GHz :7.729339
Q=19818.817948, Qc=34824.285834, Qi=45994.979053  S21min=-7.312654


Temperature in K:0.099973
GHz	dB	Rad
7.728930000	-8.892505646	-0.483144360
7.728931000	-8.892064095	-0.483787347
7.728932000	-8.895826340	-0.483981658
7.728933000	-8.893383026	-0.483738245
7.728934000	-8.896690369	-0.484204032
7.728935000	-8.896909714	-0.484435527
7.728936000	-8.895879745	-0.484312888
7.728937000	-8.887761116	-0.485026782
7.728938000	-8.898315430	-0.484069209
7.728939000	-8.896997452	-0.484884070
7.728940000	-8.895478249	-0.485437175
7.728941000	-8.893827438	-0.485706587
7.728942000	-8.894630432	-0.486068344
7.728943000	-8.893658638	-0.486421413
7.728944000	-8.895257950	-0.486478438
7.728945000	-8.898697853	-0.486247276
7.728946000	-8.895914078	-0.486632002
7.728947000	-8.896299362	-0.486981442
7.728948000	-8.896183968	-0.486816127
7.728949000	-8.899719238	-0.487499294
7.728950000	-8.893054008	-0.487623164
7.728951000	-8.897068024	-0.487313073
7.728952000	-8.894734383	-0.487719238
7.728953000	-8.896594048	-0.488345580
7.728954000	-8.896634102	-0.488476907
7.728955000	-8.894805908	-0.488154199
7.728956000	-8.894275665	-0.488593021
7.728957000	-8.895122528	-0.488511129
7.728958000	-8.898989677	-0.488986636
7.728959000	-8.902900696	-0.489423794
7.728960000	-8.896558762	-0.488784469
7.728961000	-8.890934944	-0.489431218
7.728962000	-8.897832870	-0.490199606
7.728963000	-8.895303726	-0.489888216
7.728964000	-8.906488419	-0.490021674
7.728965000	-8.901281357	-0.490756041
7.728966000	-8.902777672	-0.490784936
7.728967000	-8.900074005	-0.490678709
7.728968000	-8.899527550	-0.491067497
7.728969000	-8.898136139	-0.490916796
7.728970000	-8.899474144	-0.491084508
7.728971000	-8.901103020	-0.491886785
7.728972000	-8.896175385	-0.492272145
7.728973000	-8.903484344	-0.492137522
7.728974000	-8.903640747	-0.492168714
7.728975000	-8.898523331	-0.492495884
7.728976000	-8.903099060	-0.492559666
7.728977000	-8.898333549	-0.492349709
7.728978000	-8.899844170	-0.492759903
7.728979000	-8.897791862	-0.493393835
7.728980000	-8.904412270	-0.493792643
7.728981000	-8.904653549	-0.493507918
7.728982000	-8.903954506	-0.494396149
7.728983000	-8.898195267	-0.495023989
7.728984000	-8.899245262	-0.494544787
7.728985000	-8.904895782	-0.494848221
7.728986000	-8.905661583	-0.494823553
7.728987000	-8.907374382	-0.495930929
7.728988000	-8.903162003	-0.495621603
7.728989000	-8.902139664	-0.496222245
7.728990000	-8.905788422	-0.496037455
7.728991000	-8.895131111	-0.495982028
7.728992000	-8.904147148	-0.495843877
7.728993000	-8.904172897	-0.497036706
7.728994000	-8.901139259	-0.496839566
7.728995000	-8.909473419	-0.497058411
7.728996000	-8.903396606	-0.497148959
7.728997000	-8.903320312	-0.497641577
7.728998000	-8.907016754	-0.497987788
7.728999000	-8.911350250	-0.498513296
7.729000000	-8.912544250	-0.499264874
7.729001000	-8.902091026	-0.499001320
7.729002000	-8.908463478	-0.498675416
7.729003000	-8.905089378	-0.499055316
7.729004000	-8.905174255	-0.498849554
7.729005000	-8.901740074	-0.498810438
7.729006000	-8.908277512	-0.498837270
7.729007000	-8.906709671	-0.499977269
7.729008000	-8.908727646	-0.500244151
7.729009000	-8.905114174	-0.500065586
7.729010000	-8.904629707	-0.500448116
7.729011000	-8.908409119	-0.500300311
7.729012000	-8.906661987	-0.500437031
7.729013000	-8.911243439	-0.501141137
7.729014000	-8.907978058	-0.501680261
7.729015000	-8.905767441	-0.501358518
7.729016000	-8.903198242	-0.501911157
7.729017000	-8.910026550	-0.502421452
7.729018000	-8.905835152	-0.502317622
7.729019000	-8.907715797	-0.502737935
7.729020000	-8.910390854	-0.502870561
7.729021000	-8.911260605	-0.502748721
7.729022000	-8.909099579	-0.504085428
7.729023000	-8.915596008	-0.503916517
7.729024000	-8.911009789	-0.504209631
7.729025000	-8.908990860	-0.504016153
7.729026000	-8.916731834	-0.504375813
7.729027000	-8.905657768	-0.504927220
7.729028000	-8.912058830	-0.504480009
7.729029000	-8.907185555	-0.504907546
7.729030000	-8.911085129	-0.505112110
7.729031000	-8.915670395	-0.505580027
7.729032000	-8.912947655	-0.506155503
7.729033000	-8.911403656	-0.505601399
7.729034000	-8.912393570	-0.507171765
7.729035000	-8.908199310	-0.506313162
7.729036000	-8.910907745	-0.506706545
7.729037000	-8.911052704	-0.507346502
7.729038000	-8.916774750	-0.507137311
7.729039000	-8.914295197	-0.506988607
7.729040000	-8.919432640	-0.507213644
7.729041000	-8.913885117	-0.507532424
7.729042000	-8.914938927	-0.508320820
7.729043000	-8.917989731	-0.508739469
7.729044000	-8.914830208	-0.508287064
7.729045000	-8.914071083	-0.509063309
7.729046000	-8.917140961	-0.508745261
7.729047000	-8.911050797	-0.509502431
7.729048000	-8.918614388	-0.510330441
7.729049000	-8.915994644	-0.509922345
7.729050000	-8.919948578	-0.509890753
7.729051000	-8.913570404	-0.510454112
7.729052000	-8.916631699	-0.510670593
7.729053000	-8.921443939	-0.511112878
7.729054000	-8.920412064	-0.511497505
7.729055000	-8.917035103	-0.512138960
7.729056000	-8.917016029	-0.511671742
7.729057000	-8.914866447	-0.512519726
7.729058000	-8.916712761	-0.512210899
7.729059000	-8.920548439	-0.512892069
7.729060000	-8.919437408	-0.512116257
7.729061000	-8.918899536	-0.512635640
7.729062000	-8.919466972	-0.513097665
7.729063000	-8.916831970	-0.513400799
7.729064000	-8.919063568	-0.514333605
7.729065000	-8.922798157	-0.514321987
7.729066000	-8.921261787	-0.515333489
7.729067000	-8.920728683	-0.513746311
7.729068000	-8.923057556	-0.515359421
7.729069000	-8.921898842	-0.515068404
7.729070000	-8.922410011	-0.515236150
7.729071000	-8.918593407	-0.515425401
7.729072000	-8.926185608	-0.515750307
7.729073000	-8.924389839	-0.516486305
7.729074000	-8.921875954	-0.516793134
7.729075000	-8.927822113	-0.517209885
7.729076000	-8.924328804	-0.517754668
7.729077000	-8.919789314	-0.517798244
7.729078000	-8.925849915	-0.517393877
7.729079000	-8.927590370	-0.518585208
7.729080000	-8.919754028	-0.517982435
7.729081000	-8.926957130	-0.518789406
7.729082000	-8.924626350	-0.518689271
7.729083000	-8.923248291	-0.519238182
7.729084000	-8.927212715	-0.519333956
7.729085000	-8.923907280	-0.519719615
7.729086000	-8.924587250	-0.520449687
7.729087000	-8.929793358	-0.520168957
7.729088000	-8.929108620	-0.520806551
7.729089000	-8.926342010	-0.520550555
7.729090000	-8.925119400	-0.521556497
7.729091000	-8.926296234	-0.522112033
7.729092000	-8.925135612	-0.521626072
7.729093000	-8.933982849	-0.522993406
7.729094000	-8.926417351	-0.522307409
7.729095000	-8.923510551	-0.522544031
7.729096000	-8.930087090	-0.522611908
7.729097000	-8.924868584	-0.522833583
7.729098000	-8.930883408	-0.523868221
7.729099000	-8.931192398	-0.523376235
7.729100000	-8.931798935	-0.524635145
7.729101000	-8.924445152	-0.524977461
7.729102000	-8.926047325	-0.524804355
7.729103000	-8.936869621	-0.525002594
7.729104000	-8.935761452	-0.525504534
7.729105000	-8.934630394	-0.525527736
7.729106000	-8.933437347	-0.526013630
7.729107000	-8.929582596	-0.526794369
7.729108000	-8.931628227	-0.526076214
7.729109000	-8.937167168	-0.527441085
7.729110000	-8.929396629	-0.527591353
7.729111000	-8.933632851	-0.527291015
7.729112000	-8.931395531	-0.527368447
7.729113000	-8.936268806	-0.528146822
7.729114000	-8.935747147	-0.528617403
7.729115000	-8.939423561	-0.528357079
7.729116000	-8.933576584	-0.528518932
7.729117000	-8.933710098	-0.529772216
7.729118000	-8.937510490	-0.529977080
7.729119000	-8.937744141	-0.530326087
7.729120000	-8.936806679	-0.530905558
7.729121000	-8.935304642	-0.531141580
7.729122000	-8.934494019	-0.531362955
7.729123000	-8.940454483	-0.531949883
7.729124000	-8.939668655	-0.532509380
7.729125000	-8.935822487	-0.532759151
7.729126000	-8.940732956	-0.532556551
7.729127000	-8.940665245	-0.532417967
7.729128000	-8.942866325	-0.533323042
7.729129000	-8.937845230	-0.533508831
7.729130000	-8.946440697	-0.533343082
7.729131000	-8.938722610	-0.534265002
7.729132000	-8.944288254	-0.534356349
7.729133000	-8.935827255	-0.535220644
7.729134000	-8.940820694	-0.534408946
7.729135000	-8.944817543	-0.535564725
7.729136000	-8.940494537	-0.536698765
7.729137000	-8.942864418	-0.535903945
7.729138000	-8.949935913	-0.536789113
7.729139000	-8.942742348	-0.537430935
7.729140000	-8.947691917	-0.537346679
7.729141000	-8.947897911	-0.538887850
7.729142000	-8.946551323	-0.538424860
7.729143000	-8.944643974	-0.538278952
7.729144000	-8.948215485	-0.539346813
7.729145000	-8.946411133	-0.539663929
7.729146000	-8.949256897	-0.539405003
7.729147000	-8.949369431	-0.539615293
7.729148000	-8.952388763	-0.540225756
7.729149000	-8.950660706	-0.539990898
7.729150000	-8.947561264	-0.541084892
7.729151000	-8.946701050	-0.540981295
7.729152000	-8.951054573	-0.541491523
7.729153000	-8.945878029	-0.542390340
7.729154000	-8.954042435	-0.541710868
7.729155000	-8.951825142	-0.542220730
7.729156000	-8.948956490	-0.542892512
7.729157000	-8.956101418	-0.543771289
7.729158000	-8.955326080	-0.543921591
7.729159000	-8.956681252	-0.544037838
7.729160000	-8.955305099	-0.544176289
7.729161000	-8.956679344	-0.544903232
7.729162000	-8.956086159	-0.544452492
7.729163000	-8.955606461	-0.545017548
7.729164000	-8.963963509	-0.546063771
7.729165000	-8.956882477	-0.545212458
7.729166000	-8.959751129	-0.545769159
7.729167000	-8.957427025	-0.547322647
7.729168000	-8.960786819	-0.547520587
7.729169000	-8.958997726	-0.547953384
7.729170000	-8.960055351	-0.547708340
7.729171000	-8.960760117	-0.547803714
7.729172000	-8.963016510	-0.548353723
7.729173000	-8.967016220	-0.549668859
7.729174000	-8.962248802	-0.549418888
7.729175000	-8.965283394	-0.550318837
7.729176000	-8.966070175	-0.549977786
7.729177000	-8.970674515	-0.550798772
7.729178000	-8.972455025	-0.550494605
7.729179000	-8.969020844	-0.550969913
7.729180000	-8.966496468	-0.552070265
7.729181000	-8.970916748	-0.552613749
7.729182000	-8.972462654	-0.552466443
7.729183000	-8.972611427	-0.553053138
7.729184000	-8.973911285	-0.552961525
7.729185000	-8.975835800	-0.554667479
7.729186000	-8.976305962	-0.555363130
7.729187000	-8.976657867	-0.555416826
7.729188000	-8.975808144	-0.556134715
7.729189000	-8.975248337	-0.556584722
7.729190000	-8.978226662	-0.556230122
7.729191000	-8.975228310	-0.556440645
7.729192000	-8.971933365	-0.556999509
7.729193000	-8.977416992	-0.556770677
7.729194000	-8.973176003	-0.558122465
7.729195000	-8.977864265	-0.557732711
7.729196000	-8.982822418	-0.558226994
7.729197000	-8.979280472	-0.559196318
7.729198000	-8.980942726	-0.559061828
7.729199000	-8.984850883	-0.559637404
7.729200000	-8.979631424	-0.560519310
7.729201000	-8.981225014	-0.561120718
7.729202000	-8.979642868	-0.562408423
7.729203000	-8.981789589	-0.561785376
7.729204000	-8.984445572	-0.563063960
7.729205000	-8.985620499	-0.562325732
7.729206000	-8.981425285	-0.562573606
7.729207000	-8.988315582	-0.563732413
7.729208000	-8.990233421	-0.563954188
7.729209000	-8.986701012	-0.564597741
7.729210000	-8.989540100	-0.564836893
7.729211000	-8.990879059	-0.564813124
7.729212000	-8.992167473	-0.566480130
7.729213000	-8.997934341	-0.566761693
7.729214000	-8.995709419	-0.567566966
7.729215000	-9.003377914	-0.566835196
7.729216000	-8.997467041	-0.567953191
7.729217000	-8.995814323	-0.568654867
7.729218000	-8.997570992	-0.568974447
7.729219000	-8.998266220	-0.569584111
7.729220000	-8.992038727	-0.570520212
7.729221000	-8.998621941	-0.570644448
7.729222000	-8.999008179	-0.571623426
7.729223000	-9.001818657	-0.571717170
7.729224000	-9.003282547	-0.572264316
7.729225000	-9.002688408	-0.572631366
7.729226000	-9.003762245	-0.572458660
7.729227000	-9.009472847	-0.573487772
7.729228000	-9.003542900	-0.573737643
7.729229000	-9.005970955	-0.574009486
7.729230000	-9.012310028	-0.574853042
7.729231000	-9.004430771	-0.575624426
7.729232000	-9.002234459	-0.575940011
7.729233000	-9.012743950	-0.575956656
7.729234000	-9.008623123	-0.576500274
7.729235000	-9.005434990	-0.578089781
7.729236000	-9.002771378	-0.578088716
7.729237000	-9.011580467	-0.578252167
7.729238000	-9.012028694	-0.578123603
7.729239000	-9.011577606	-0.578897451
7.729240000	-9.019758224	-0.579225952
7.729241000	-9.015101433	-0.580332363
7.729242000	-9.010728836	-0.580719653
7.729243000	-9.020872116	-0.581602557
7.729244000	-9.016773224	-0.581519334
7.729245000	-9.024420738	-0.581473261
7.729246000	-9.019614220	-0.582207494
7.729247000	-9.021452904	-0.583199588
7.729248000	-9.023488045	-0.583749331
7.729249000	-9.023585320	-0.584260991
7.729250000	-9.020994186	-0.585159209
7.729251000	-9.029849052	-0.585101751
7.729252000	-9.026075363	-0.586305766
7.729253000	-9.027908325	-0.585807689
7.729254000	-9.032907486	-0.587174623
7.729255000	-9.032476425	-0.587294931
7.729256000	-9.032097816	-0.588030896
7.729257000	-9.035663605	-0.589043762
7.729258000	-9.036342621	-0.589378788
7.729259000	-9.033102989	-0.590411695
7.729260000	-9.036383629	-0.590876949
7.729261000	-9.032371521	-0.590878747
7.729262000	-9.039741516	-0.592735769
7.729263000	-9.038296700	-0.592121644
7.729264000	-9.041913986	-0.593626530
7.729265000	-9.040816307	-0.593847173
7.729266000	-9.040582657	-0.594396783
7.729267000	-9.048449516	-0.594611833
7.729268000	-9.045021057	-0.595377891
7.729269000	-9.044445038	-0.596259065
7.729270000	-9.051915169	-0.598048975
7.729271000	-9.053325653	-0.598130335
7.729272000	-9.049147606	-0.598262694
7.729273000	-9.052942276	-0.598199777
7.729274000	-9.052296638	-0.600725186
7.729275000	-9.053273201	-0.601102223
7.729276000	-9.055973053	-0.601312146
7.729277000	-9.056913376	-0.600973526
7.729278000	-9.059187889	-0.602150310
7.729279000	-9.061303139	-0.603484420
7.729280000	-9.059523582	-0.602936941
7.729281000	-9.057476997	-0.603904401
7.729282000	-9.063312531	-0.605385118
7.729283000	-9.059808731	-0.605089707
7.729284000	-9.069998741	-0.606369822
7.729285000	-9.065080643	-0.607713853
7.729286000	-9.071144104	-0.607745611
7.729287000	-9.068478584	-0.608225180
7.729288000	-9.072676659	-0.608863273
7.729289000	-9.074410439	-0.610587271
7.729290000	-9.073153496	-0.610199381
7.729291000	-9.073280334	-0.610500651
7.729292000	-9.077342987	-0.612123582
7.729293000	-9.078763008	-0.613386386
7.729294000	-9.085632324	-0.614118622
7.729295000	-9.089933395	-0.614799593
7.729296000	-9.089105606	-0.614907184
7.729297000	-9.091744423	-0.615453865
7.729298000	-9.089726448	-0.615770714
7.729299000	-9.089491844	-0.617677072
7.729300000	-9.093422890	-0.618454781
7.729301000	-9.102391243	-0.618731417
7.729302000	-9.095784187	-0.619862062
7.729303000	-9.099950790	-0.621115545
7.729304000	-9.096920967	-0.620963080
7.729305000	-9.101433754	-0.622354648
7.729306000	-9.109748840	-0.623114248
7.729307000	-9.109328270	-0.624358410
7.729308000	-9.108955383	-0.624798231
7.729309000	-9.113352776	-0.625662360
7.729310000	-9.112990379	-0.626465170
7.729311000	-9.118753433	-0.626886616
7.729312000	-9.119140625	-0.628446362
7.729313000	-9.118486404	-0.629293913
7.729314000	-9.122109413	-0.630008772
7.729315000	-9.122919083	-0.630058241
7.729316000	-9.132226944	-0.631402604
7.729317000	-9.127699852	-0.632050219
7.729318000	-9.131889343	-0.633702044
7.729319000	-9.133850098	-0.634701129
7.729320000	-9.135406494	-0.635083892
7.729321000	-9.129774094	-0.636663945
7.729322000	-9.138954163	-0.636606621
7.729323000	-9.145833969	-0.638505122
7.729324000	-9.153584480	-0.640266337
7.729325000	-9.150050163	-0.641599449
7.729326000	-9.153934479	-0.641425012
7.729327000	-9.156193733	-0.642528959
7.729328000	-9.159127235	-0.644175458
7.729329000	-9.161686897	-0.643725717
7.729330000	-9.159706116	-0.644826934
7.729331000	-9.159714699	-0.645309498
7.729332000	-9.160937309	-0.646904799
7.729333000	-9.172384262	-0.649004768
7.729334000	-9.170723915	-0.649406106
7.729335000	-9.175727844	-0.651398084
7.729336000	-9.181717873	-0.651688169
7.729337000	-9.186454773	-0.653937475
7.729338000	-9.182682991	-0.654731030
7.729339000	-16.200414658	0.137692169
7.729340000	-16.049255371	0.135920227
7.729341000	-16.007284164	0.138940310
7.729342000	-15.961413383	0.139079352
7.729343000	-15.935569763	0.142746566
7.729344000	-15.927886963	0.142705370
7.729345000	-15.890302658	0.145874299
7.729346000	-15.872985840	0.145923568
7.729347000	-15.870352745	0.148219312
7.729348000	-15.824912071	0.149738662
7.729349000	-15.818894386	0.151670869
7.729350000	-15.789097786	0.152931127
7.729351000	-15.766805649	0.153667541
7.729352000	-15.758009911	0.155984191
7.729353000	-15.734710693	0.157335196
7.729354000	-15.727226257	0.159733489
7.729355000	-15.700989723	0.159757724
7.729356000	-15.679824829	0.161371333
7.729357000	-15.660497665	0.164972909
7.729358000	-15.622768402	0.167215291
7.729359000	-15.600168228	0.166330173
7.729360000	-15.602019310	0.166267871
7.729361000	-15.586840630	0.168663118
7.729362000	-15.553150177	0.171940388
7.729363000	-15.557506561	0.174171651
7.729364000	-15.520475388	0.173539782
7.729365000	-15.509765625	0.176667782
7.729366000	-15.487982750	0.176937227
7.729367000	-15.469056129	0.176663304
7.729368000	-15.460044861	0.179931735
7.729369000	-15.427168846	0.180101778
7.729370000	-15.416224480	0.182544962
7.729371000	-15.414820671	0.184427118
7.729372000	-15.376228333	0.184523774
7.729373000	-15.372087479	0.185927143
7.729374000	-15.343601227	0.187886048
7.729375000	-15.298863411	0.189298689
7.729376000	-15.319042206	0.189842223
7.729377000	-15.279721260	0.189561593
7.729378000	-15.270076752	0.191939629
7.729379000	-15.236724854	0.192400289
7.729380000	-15.229834557	0.193403319
7.729381000	-15.222256660	0.193465004
7.729382000	-15.194915771	0.195305732
7.729383000	-15.172677040	0.198075868
7.729384000	-15.146699905	0.196602225
7.729385000	-15.148205757	0.200022356
7.729386000	-15.118826866	0.199963134
7.729387000	-15.093407631	0.202599714
7.729388000	-15.086142540	0.203872705
7.729389000	-15.052045822	0.204144081
7.729390000	-15.057976723	0.205037322
7.729391000	-15.030180931	0.206437612
7.729392000	-15.026589394	0.206501278
7.729393000	-14.991466522	0.207802981
7.729394000	-14.973368645	0.208142484
7.729395000	-14.962315559	0.209760005
7.729396000	-14.939230919	0.209475363
7.729397000	-14.922947884	0.211094765
7.729398000	-14.907368660	0.213654612
7.729399000	-14.909971237	0.212799571
7.729400000	-14.876206398	0.213831579
7.729401000	-14.863003731	0.215216256
7.729402000	-14.851816177	0.217181969
7.729403000	-14.822381973	0.214883128
7.729404000	-14.802551270	0.216907796
7.729405000	-14.778225899	0.218515380
7.729406000	-14.789301872	0.220458722
7.729407000	-14.749541283	0.221373002
7.729408000	-14.755959511	0.222230740
7.729409000	-14.732177734	0.222676653
7.729410000	-14.718092918	0.223367743
7.729411000	-14.682078362	0.224652951
7.729412000	-14.674092293	0.224445957
7.729413000	-14.655159950	0.223513801
7.729414000	-14.649987221	0.226566932
7.729415000	-14.630246162	0.226286984
7.729416000	-14.612831116	0.227424470
7.729417000	-14.596854210	0.227565534
7.729418000	-14.593347549	0.229455613
7.729419000	-14.565406799	0.229936064
7.729420000	-14.547956467	0.231831052
7.729421000	-14.539146423	0.233600257
7.729422000	-14.519044876	0.233023450
7.729423000	-14.512963295	0.233837528
7.729424000	-14.506583214	0.233618333
7.729425000	-14.486099243	0.235308641
7.729426000	-14.457609177	0.234952843
7.729427000	-14.438204765	0.236367930
7.729428000	-14.421155930	0.235840242
7.729429000	-14.399636269	0.236687526
7.729430000	-14.386876106	0.238683266
7.729431000	-14.372716904	0.238326869
7.729432000	-14.365714073	0.240165765
7.729433000	-14.334550858	0.238396344
7.729434000	-14.334273338	0.239476505
7.729435000	-14.313679695	0.240470147
7.729436000	-14.305140495	0.240198288
7.729437000	-14.270543098	0.240368531
7.729438000	-14.272961617	0.241448959
7.729439000	-14.245413780	0.242960036
7.729440000	-14.234935760	0.242809818
7.729441000	-14.218221664	0.243669952
7.729442000	-14.211033821	0.244733319
7.729443000	-14.191892624	0.243862548
7.729444000	-14.185710907	0.246611596
7.729445000	-14.164641380	0.246194379
7.729446000	-14.139871597	0.246422545
7.729447000	-14.120616913	0.245626477
7.729448000	-14.110208511	0.247132195
7.729449000	-14.099288940	0.247438292
7.729450000	-14.082221031	0.248287823
7.729451000	-14.068340302	0.247669903
7.729452000	-14.043381691	0.248217932
7.729453000	-14.044742584	0.249403238
7.729454000	-14.029201508	0.249864798
7.729455000	-14.002736092	0.247398045
7.729456000	-13.980234146	0.251654875
7.729457000	-13.980707169	0.250245663
7.729458000	-13.966056824	0.251336311
7.729459000	-13.958513260	0.251687115
7.729460000	-13.925253868	0.253254918
7.729461000	-13.927957535	0.253589894
7.729462000	-13.905566216	0.252130831
7.729463000	-13.897157669	0.253949471
7.729464000	-13.880132675	0.253484250
7.729465000	-13.859940529	0.254669290
7.729466000	-13.858069420	0.255027202
7.729467000	-13.829808235	0.254333316
7.729468000	-13.815166473	0.254415125
7.729469000	-13.806359291	0.255314524
7.729470000	-13.788071632	0.255159228
7.729471000	-13.783972740	0.254691844
7.729472000	-13.777222633	0.254595903
7.729473000	-13.747444153	0.256769892
7.729474000	-13.755497932	0.257227722
7.729475000	-13.716403961	0.255560517
7.729476000	-13.715698242	0.256182382
7.729477000	-13.699878693	0.257780428
7.729478000	-13.684594154	0.257762219
7.729479000	-13.674337387	0.259079185
7.729480000	-13.644441605	0.258224277
7.729481000	-13.639706612	0.257963304
7.729482000	-13.623176575	0.258138840
7.729483000	-13.609751701	0.259756144
7.729484000	-13.594207764	0.258562948
7.729485000	-13.572968483	0.258514795
7.729486000	-13.568080902	0.260001654
7.729487000	-13.558981895	0.258698936
7.729488000	-13.528795242	0.259177606
7.729489000	-13.528715134	0.257950904
7.729490000	-13.525296211	0.260381787
7.729491000	-13.508009911	0.260049591
7.729492000	-13.477935791	0.260000772
7.729493000	-13.466199875	0.260733907
7.729494000	-13.457926750	0.259791997
7.729495000	-13.449101448	0.260427594
7.729496000	-13.447138786	0.259703463
7.729497000	-13.431522369	0.260139856
7.729498000	-13.403327942	0.257867164
7.729499000	-13.395442963	0.259257201
7.729500000	-13.385718346	0.261881230
7.729501000	-13.365994453	0.261203589
7.729502000	-13.369655609	0.261446902
7.729503000	-13.354172707	0.262326427
7.729504000	-13.332777023	0.260349996
7.729505000	-13.314353943	0.261691596
7.729506000	-13.308274269	0.261190506
7.729507000	-13.304496765	0.262121597
7.729508000	-13.278863907	0.261422667
7.729509000	-13.268355370	0.261540812
7.729510000	-13.255167007	0.261741098
7.729511000	-13.244135857	0.262129104
7.729512000	-13.232199669	0.261997344
7.729513000	-13.224367142	0.262717463
7.729514000	-13.204175949	0.261576797
7.729515000	-13.204737663	0.261802916
7.729516000	-13.178781509	0.262485451
7.729517000	-13.163655281	0.260410616
7.729518000	-13.155978203	0.261363994
7.729519000	-13.138448715	0.262542959
7.729520000	-13.134777069	0.261312995
7.729521000	-13.112146378	0.259920694
7.729522000	-13.109086990	0.261275511
7.729523000	-13.076254845	0.261385466
7.729524000	-13.079379082	0.262153305
7.729525000	-13.063542366	0.260464345
7.729526000	-13.062929153	0.260717578
7.729527000	-13.050705910	0.261520954
7.729528000	-13.029682159	0.261271716
7.729529000	-13.015708923	0.260545472
7.729530000	-13.011363983	0.261136327
7.729531000	-12.988085747	0.260395319
7.729532000	-12.990391731	0.260370019
7.729533000	-12.968795776	0.259793611
7.729534000	-12.956804276	0.260435583
7.729535000	-12.945218086	0.260977786
7.729536000	-12.930995941	0.260508154
7.729537000	-12.924501419	0.261682625
7.729538000	-12.912361145	0.260334549
7.729539000	-12.895387650	0.259555308
7.729540000	-12.882578850	0.258924422
7.729541000	-12.875900269	0.260701966
7.729542000	-12.866872787	0.260252957
7.729543000	-12.857389450	0.259969114
7.729544000	-12.852456093	0.261018549
7.729545000	-12.840557098	0.260089156
7.729546000	-12.810732841	0.260099059
7.729547000	-12.823091507	0.260102655
7.729548000	-12.807478905	0.260321317
7.729549000	-12.794610023	0.259112059
7.729550000	-12.784557343	0.259942565
7.729551000	-12.763851166	0.259312461
7.729552000	-12.760118484	0.259491359
7.729553000	-12.746322632	0.259777965
7.729554000	-12.733573914	0.260189740
7.729555000	-12.719901085	0.258854897
7.729556000	-12.701782227	0.257998358
7.729557000	-12.692488670	0.258816032
7.729558000	-12.683611870	0.258919745
7.729559000	-12.676732063	0.258870493
7.729560000	-12.672891617	0.258676082
7.729561000	-12.657018661	0.258127538
7.729562000	-12.629224777	0.256334631
7.729563000	-12.632044792	0.257103985
7.729564000	-12.617733002	0.257360098
7.729565000	-12.606559753	0.257144665
7.729566000	-12.603982925	0.255794908
7.729567000	-12.578652382	0.252191069
7.729568000	-12.580901146	0.256715097
7.729569000	-12.570308685	0.256228987
7.729570000	-12.555585861	0.256176955
7.729571000	-12.546922684	0.256928067
7.729572000	-12.528482437	0.255218034
7.729573000	-12.513868332	0.255048757
7.729574000	-12.508804321	0.256376593
7.729575000	-12.510622025	0.254560766
7.729576000	-12.495503426	0.254506471
7.729577000	-12.484277725	0.254278804
7.729578000	-12.475665092	0.253658454
7.729579000	-12.446661949	0.253989102
7.729580000	-12.449508667	0.253711917
7.729581000	-12.425943375	0.252473747
7.729582000	-12.416752815	0.252190020
7.729583000	-12.423002243	0.252390623
7.729584000	-12.396152496	0.251575945
7.729585000	-12.399603844	0.253019279
7.729586000	-12.387572289	0.251719989
7.729587000	-12.376656532	0.252149557
7.729588000	-12.367364883	0.251984241
7.729589000	-12.352005959	0.251528175
7.729590000	-12.329281807	0.250925818
7.729591000	-12.328195572	0.250677761
7.729592000	-12.329841614	0.251174923
7.729593000	-12.315607071	0.250157812
7.729594000	-12.308715820	0.250681556
7.729595000	-12.299820900	0.250875833
7.729596000	-12.284454346	0.249561214
7.729597000	-12.277093887	0.247655789
7.729598000	-12.264121056	0.248330267
7.729599000	-12.260742187	0.248595885
7.729600000	-12.244808197	0.248361626
7.729601000	-12.237308502	0.247085040
7.729602000	-12.228427887	0.247752245
7.729603000	-12.212024689	0.246024186
7.729604000	-12.209701538	0.246951000
7.729605000	-12.188220024	0.246204283
7.729606000	-12.186989784	0.245673049
7.729607000	-12.174687386	0.245460745
7.729608000	-12.160393715	0.245577691
7.729609000	-12.161515236	0.245168696
7.729610000	-12.146400452	0.245376023
7.729611000	-12.132764816	0.244113069
7.729612000	-12.123591423	0.243588160
7.729613000	-12.111991882	0.244465471
7.729614000	-12.103260040	0.243238453
7.729615000	-12.102889061	0.243794272
7.729616000	-12.092464447	0.243430967
7.729617000	-12.091743469	0.242078364
7.729618000	-12.066869736	0.242576192
7.729619000	-12.062031746	0.241495997
7.729620000	-12.041101456	0.240914779
7.729621000	-12.036586761	0.241387573
7.729622000	-12.023732185	0.240259175
7.729623000	-12.013017654	0.241446063
7.729624000	-12.000107765	0.238786297
7.729625000	-11.990200043	0.239368464
7.729626000	-11.997253418	0.239447527
7.729627000	-11.982686996	0.238784516
7.729628000	-11.971573830	0.238265699
7.729629000	-11.959441185	0.237018041
7.729630000	-11.956207275	0.238290833
7.729631000	-11.954343796	0.236872400
7.729632000	-11.940646172	0.236991360
7.729633000	-11.933621407	0.236857603
7.729634000	-11.917142868	0.236524092
7.729635000	-11.917892456	0.235198486
7.729636000	-11.908575058	0.233826859
7.729637000	-11.890692711	0.235190214
7.729638000	-11.888843536	0.234323272
7.729639000	-11.878020287	0.234387021
7.729640000	-11.859976768	0.232683131
7.729641000	-11.859341621	0.234109170
7.729642000	-11.845558167	0.233235204
7.729643000	-11.838534355	0.232966075
7.729644000	-11.838068962	0.232781102
7.729645000	-11.818660736	0.230935465
7.729646000	-11.819980621	0.232045354
7.729647000	-11.803875923	0.230648875
7.729648000	-11.802280426	0.230924446
7.729649000	-11.791543961	0.230224933
7.729650000	-11.778132439	0.228421141
7.729651000	-11.773565292	0.228568181
7.729652000	-11.766655922	0.228231957
7.729653000	-11.758173943	0.228564020
7.729654000	-11.748865128	0.227458741
7.729655000	-11.733406067	0.227330843
7.729656000	-11.728528976	0.226049013
7.729657000	-11.724038124	0.226590351
7.729658000	-11.715245247	0.225696677
7.729659000	-11.696053505	0.224194954
7.729660000	-11.696938515	0.225366379
7.729661000	-11.686998367	0.224158685
7.729662000	-11.674420357	0.223355010
7.729663000	-11.666445732	0.223227261
7.729664000	-11.653412819	0.222870897
7.729665000	-11.650110245	0.223216109
7.729666000	-11.637089729	0.221126243
7.729667000	-11.627283096	0.220106785
7.729668000	-11.622724533	0.220673373
7.729669000	-11.608978271	0.220112528
7.729670000	-11.612129211	0.219800422
7.729671000	-11.593184471	0.220085463
7.729672000	-11.589009285	0.219394856
7.729673000	-11.579561234	0.219136413
7.729674000	-11.572800636	0.219395771
7.729675000	-11.562102318	0.216811190
7.729676000	-11.560475349	0.217767365
7.729677000	-11.554141998	0.217156669
7.729678000	-11.544011116	0.216836274
7.729679000	-11.534749031	0.215863521
7.729680000	-11.532688141	0.215537084
7.729681000	-11.514204979	0.213380156
7.729682000	-11.517486572	0.214817415
7.729683000	-11.507265091	0.214208283
7.729684000	-11.486794472	0.211301160
7.729685000	-11.488882065	0.212508021
7.729686000	-11.484696388	0.212033213
7.729687000	-11.460024834	0.211171630
7.729688000	-11.470755577	0.211291273
7.729689000	-11.465410233	0.211613449
7.729690000	-11.453597069	0.210302840
7.729691000	-11.439183235	0.209504125
7.729692000	-11.427419662	0.209482986
7.729693000	-11.418409348	0.208582671
7.729694000	-11.411775589	0.207252572
7.729695000	-11.401324272	0.207657140
7.729696000	-11.393113136	0.207219366
7.729697000	-11.393871307	0.207294184
7.729698000	-11.380141258	0.205484899
7.729699000	-11.380023003	0.205209229
7.729700000	-11.363142967	0.204053700
7.729701000	-11.347297668	0.203880777
7.729702000	-11.355237961	0.203336477
7.729703000	-11.344519615	0.202963285
7.729704000	-11.328050613	0.203619704
7.729705000	-11.323828697	0.201654341
7.729706000	-11.313100815	0.201744939
7.729707000	-11.300770760	0.200724648
7.729708000	-11.299489021	0.199250905
7.729709000	-11.298333168	0.199680490
7.729710000	-11.284177780	0.198438791
7.729711000	-11.288154602	0.199156330
7.729712000	-11.270082474	0.197711864
7.729713000	-11.265712738	0.197854177
7.729714000	-11.258605957	0.197186805
7.729715000	-11.258036613	0.196144178
7.729716000	-11.248406410	0.195106294
7.729717000	-11.233096123	0.195646849
7.729718000	-11.228509903	0.194440421
7.729719000	-11.219943047	0.194120042
7.729720000	-11.216362000	0.193451289
7.729721000	-11.208069801	0.192561860
7.729722000	-11.197314262	0.192558464
7.729723000	-11.195796967	0.192151650
7.729724000	-11.186244965	0.191557865
7.729725000	-11.183423996	0.190996104
7.729726000	-11.167016983	0.189561659
7.729727000	-11.162297249	0.189056674
7.729728000	-11.158252716	0.189445013
7.729729000	-11.153356552	0.187990511
7.729730000	-11.147342682	0.189228315
7.729731000	-11.133260727	0.187400304
7.729732000	-11.124451637	0.186365883
7.729733000	-11.126015663	0.186636659
7.729734000	-11.108216286	0.185472042
7.729735000	-11.095293045	0.184596878
7.729736000	-11.092224121	0.185607780
7.729737000	-11.083531380	0.183867538
7.729738000	-11.085922241	0.183066709
7.729739000	-11.086256027	0.184124566
7.729740000	-11.073781967	0.183594497
7.729741000	-11.067281723	0.181553234
7.729742000	-11.050806999	0.180183687
7.729743000	-11.046228409	0.180111382
7.729744000	-11.044218063	0.180420475
7.729745000	-11.048688889	0.180150497
7.729746000	-11.029347420	0.178783513
7.729747000	-11.024932861	0.177858548
7.729748000	-11.014378548	0.177999163
7.729749000	-11.007742882	0.176703518
7.729750000	-10.999690056	0.176027025
7.729751000	-10.990939140	0.175138012
7.729752000	-10.990581512	0.174511936
7.729753000	-10.977137566	0.173875424
7.729754000	-10.969027519	0.173130987
7.729755000	-10.962046623	0.172976574
7.729756000	-10.963873863	0.172210882
7.729757000	-10.957708359	0.171836957
7.729758000	-10.938800812	0.168591413
7.729759000	-10.938693047	0.169916186
7.729760000	-10.929993629	0.168958030
7.729761000	-10.931084633	0.170083615
7.729762000	-10.918616295	0.168237179
7.729763000	-10.916877747	0.167449832
7.729764000	-10.898853302	0.167169435
7.729765000	-10.900105476	0.166785873
7.729766000	-10.904290199	0.167352993
7.729767000	-10.883412361	0.164911141
7.729768000	-10.884324074	0.165879466
7.729769000	-10.877016068	0.165080634
7.729770000	-10.871859550	0.163656459
7.729771000	-10.865971565	0.162604826
7.729772000	-10.854722977	0.162760305
7.729773000	-10.841605186	0.162090370
7.729774000	-10.844982147	0.161215089
7.729775000	-10.829612732	0.159717377
7.729776000	-10.822560310	0.159393520
7.729777000	-10.820789337	0.160015352
7.729778000	-10.819263458	0.158241403
7.729779000	-10.815328598	0.158528026
7.729780000	-10.814345360	0.158261594
7.729781000	-10.805321693	0.157586998
7.729782000	-10.791078568	0.156352773
7.729783000	-10.790214539	0.155896806
7.729784000	-10.784213066	0.154979497
7.729785000	-10.777483940	0.154016898
7.729786000	-10.767700195	0.152715694
7.729787000	-10.756182671	0.152870523
7.729788000	-10.755725861	0.151900167
7.729789000	-10.758073807	0.152013834
7.729790000	-10.742588043	0.150504887
7.729791000	-10.745332718	0.149891428
7.729792000	-10.726541519	0.149323193
7.729793000	-10.728660583	0.149520733
7.729794000	-10.721551895	0.148847053
7.729795000	-10.719841003	0.148095509
7.729796000	-10.719114304	0.147794422
7.729797000	-10.709220886	0.147019309
7.729798000	-10.693546295	0.145845054
7.729799000	-10.694195747	0.146096507
7.729800000	-10.680924416	0.145106693
7.729801000	-10.683338165	0.144158175
7.729802000	-10.673132896	0.143728690
7.729803000	-10.665794373	0.142424573
7.729804000	-10.656558037	0.142481582
7.729805000	-10.653714180	0.141209606
7.729806000	-10.659763336	0.141231244
7.729807000	-10.651032448	0.140481115
7.729808000	-10.634312630	0.138892173
7.729809000	-10.634181023	0.137944479
7.729810000	-10.624721527	0.137788418
7.729811000	-10.619686127	0.137861047
7.729812000	-10.614779472	0.137449830
7.729813000	-10.614742279	0.136526928
7.729814000	-10.605850220	0.135431637
7.729815000	-10.594348907	0.134504857
7.729816000	-10.586138725	0.133547950
7.729817000	-10.584764481	0.132814748
7.729818000	-10.576995850	0.132574772
7.729819000	-10.570082664	0.131055031
7.729820000	-10.570921898	0.131171553
7.729821000	-10.563485146	0.130819907
7.729822000	-10.561891556	0.130071867
7.729823000	-10.553297997	0.128764613
7.729824000	-10.545200348	0.128915398
7.729825000	-10.534860611	0.128562545
7.729826000	-10.531927109	0.127471182
7.729827000	-10.529525757	0.125959247
7.729828000	-10.525381088	0.126372204
7.729829000	-10.515134811	0.125207395
7.729830000	-10.520449638	0.123490905
7.729831000	-10.515913010	0.123836541
7.729832000	-10.504540443	0.123471988
7.729833000	-10.490090370	0.122918258
7.729834000	-10.496838570	0.121800297
7.729835000	-10.491341591	0.122199147
7.729836000	-10.476158142	0.121018950
7.729837000	-10.479216576	0.120501997
7.729838000	-10.475000381	0.118558156
7.729839000	-10.468621254	0.119048511
7.729840000	-10.462714195	0.118423034
7.729841000	-10.458205223	0.117827876
7.729842000	-10.453368187	0.116932263
7.729843000	-10.446689606	0.115951887
7.729844000	-10.438113213	0.114919995
7.729845000	-10.433780670	0.114779879
7.729846000	-10.426037788	0.114035776
7.729847000	-10.422597885	0.113483378
7.729848000	-10.411818504	0.112170007
7.729849000	-10.412398338	0.111676698
7.729850000	-10.409165382	0.111864683
7.729851000	-10.397117615	0.109627462
7.729852000	-10.398571968	0.110389792
7.729853000	-10.398154259	0.109233813
7.729854000	-10.382893562	0.108777763
7.729855000	-10.383879662	0.107104882
7.729856000	-10.377880096	0.107272969
7.729857000	-10.371681213	0.106583194
7.729858000	-10.369121552	0.105823136
7.729859000	-10.360314369	0.105376033
7.729860000	-10.346140862	0.103200264
7.729861000	-10.351964951	0.103183835
7.729862000	-10.343488693	0.101429445
7.729863000	-10.342301369	0.101577716
7.729864000	-10.338242531	0.101853586
7.729865000	-10.332921028	0.100816518
7.729866000	-10.328854561	0.100556269
7.729867000	-10.321828842	0.098970140
7.729868000	-10.328517914	0.100024178
7.729869000	-10.313543320	0.098196226
7.729870000	-10.307610512	0.098091405
7.729871000	-10.301311493	0.097292540
7.729872000	-10.293972969	0.095726152
7.729873000	-10.294265747	0.096281454
7.729874000	-10.287602425	0.095373491
7.729875000	-10.273894310	0.094437673
7.729876000	-10.275745392	0.093387098
7.729877000	-10.269403458	0.093355889
7.729878000	-10.265364647	0.092818280
7.729879000	-10.261090279	0.092110328
7.729880000	-10.260486603	0.091113990
7.729881000	-10.255456924	0.090493040
7.729882000	-10.246682167	0.088958868
7.729883000	-10.241623878	0.088798163
7.729884000	-10.234683990	0.087639155
7.729885000	-10.234670639	0.088167884
7.729886000	-10.238587379	0.087231450
7.729887000	-10.227934837	0.085949629
7.729888000	-10.224342346	0.085669623
7.729889000	-10.223555565	0.085194124
7.729890000	-10.225719452	0.084957202
7.729891000	-10.212355614	0.083066707
7.729892000	-10.211440086	0.084052818
7.729893000	-10.205327988	0.082388875
7.729894000	-10.196956635	0.080902664
7.729895000	-10.190322876	0.081015616
7.729896000	-10.185997963	0.080602576
7.729897000	-10.186717987	0.080026160
7.729898000	-10.178816795	0.078630131
7.729899000	-10.175328255	0.077666416
7.729900000	-10.166353226	0.077505594
7.729901000	-10.161547661	0.076565507
7.729902000	-10.158761978	0.076552199
7.729903000	-10.150900841	0.075275430
7.729904000	-10.155359268	0.075239968
7.729905000	-10.145057678	0.073907672
7.729906000	-10.141310692	0.073236680
7.729907000	-10.137581825	0.072596123
7.729908000	-10.136764526	0.072503728
7.729909000	-10.128645897	0.071009970
7.729910000	-10.122678757	0.070752966
7.729911000	-10.117444038	0.068860786
7.729912000	-10.111045837	0.069251688
7.729913000	-10.116225243	0.067731044
7.729914000	-10.114502907	0.068032331
7.729915000	-10.101074219	0.066795134
7.729916000	-10.097151756	0.066559366
7.729917000	-10.096652031	0.065460042
7.729918000	-10.091033936	0.065482999
7.729919000	-10.084275246	0.064313755
7.729920000	-10.079613686	0.063070238
7.729921000	-10.082612038	0.063381844
7.729922000	-10.083416939	0.061655059
7.729923000	-10.063961983	0.060901030
7.729924000	-10.069220543	0.061429635
7.729925000	-10.069456100	0.060033735
7.729926000	-10.055060387	0.059619388
7.729927000	-10.053154945	0.059416006
7.729928000	-10.051278114	0.057646152
7.729929000	-10.039064407	0.057744889
7.729930000	-10.041594505	0.056706394
7.729931000	-10.029348373	0.055560277
7.729932000	-10.030801773	0.054805845
7.729933000	-10.029769897	0.054606841
7.729934000	-10.023730278	0.054457017
7.729935000	-10.022835732	0.052999635
7.729936000	-10.007223129	0.052233727
7.729937000	-10.014533043	0.051406129
7.729938000	-10.014384270	0.051454906
7.729939000	-10.001309395	0.050995211
7.729940000	-9.998488426	0.050129984
7.729941000	-9.993981361	0.048754186
7.729942000	-9.993813515	0.048359618
7.729943000	-9.991366386	0.047546842
7.729944000	-9.984145164	0.047881061
7.729945000	-9.980237007	0.046919714
7.729946000	-9.975531578	0.046131797
7.729947000	-9.965538025	0.044598057
7.729948000	-9.970970154	0.044541099
7.729949000	-9.969403267	0.043510817
7.729950000	-9.956263542	0.042943835
7.729951000	-9.955513000	0.041998005
7.729952000	-9.958024979	0.042221257
7.729953000	-9.947857857	0.041412388
7.729954000	-9.948723793	0.041185774
7.729955000	-9.941294670	0.039758007
7.729956000	-9.937450409	0.038599961
7.729957000	-9.934117317	0.038975408
7.729958000	-9.927320480	0.037392708
7.729959000	-9.924311638	0.036491303
7.729960000	-9.918576241	0.035671982
7.729961000	-9.915184021	0.035552722
7.729962000	-9.913738251	0.035163201
7.729963000	-9.909345627	0.033919372
7.729964000	-9.906322479	0.032925335
7.729965000	-9.905437469	0.032963836
7.729966000	-9.904408455	0.031650261
7.729967000	-9.887805939	0.031538804
7.729968000	-9.891201973	0.030763455
7.729969000	-9.888916969	0.030964851
7.729970000	-9.876189232	0.029129922
7.729971000	-9.876194954	0.027275803
7.729972000	-9.874363899	0.026027851
7.729973000	-9.866285324	0.026472269
7.729974000	-9.875709534	0.026604921
7.729975000	-9.868278503	0.026260928
7.729976000	-9.864920616	0.024836403
7.729977000	-9.861348152	0.024330731
7.729978000	-9.859120369	0.024131745
7.729979000	-9.850526810	0.022689036
7.729980000	-9.849065781	0.022577604
7.729981000	-9.846072197	0.022218252
7.729982000	-9.848998070	0.021877802
7.729983000	-9.839769363	0.020580224
7.729984000	-9.833856583	0.020166003
7.729985000	-9.828881264	0.019422284
7.729986000	-9.834836006	0.018499902
7.729987000	-9.827034950	0.017795272
7.729988000	-9.823126793	0.017399835
7.729989000	-9.818926811	0.016077183
7.729990000	-9.815290451	0.015555697
7.729991000	-9.811703682	0.014731809
7.729992000	-9.807374954	0.014589586
7.729993000	-9.806903839	0.013418524
7.729994000	-9.803544998	0.013522596
7.729995000	-9.795822144	0.012563201
7.729996000	-9.791939735	0.012613065
7.729997000	-9.791580200	0.011119129
7.729998000	-9.793113708	0.010684927
7.729999000	-9.787126541	0.010100475
7.730000000	-9.781191826	0.010183122
7.730001000	-9.775254250	0.008427668
7.730002000	-9.778197289	0.008218133
7.730003000	-9.764348984	0.007774419
7.730004000	-9.769252777	0.006966239
7.730005000	-9.764039040	0.005946653
7.730006000	-9.766406059	0.005628806
7.730007000	-9.758753777	0.004670477
7.730008000	-9.757440567	0.004036179
7.730009000	-9.746841431	0.004499942
7.730010000	-9.745885849	0.003065515
7.730011000	-9.743475914	0.002227698
7.730012000	-9.741456032	0.001202155
7.730013000	-9.731894493	0.001685719
7.730014000	-9.736083984	0.000377161
7.730015000	-9.739748955	-0.000555784
7.730016000	-9.734210968	-0.000565416
7.730017000	-9.721369743	-0.001755608
7.730018000	-9.726394653	-0.002505929
7.730019000	-9.723096848	-0.002766165
7.730020000	-9.720422745	-0.002520678
7.730021000	-9.715913773	-0.002890302
7.730022000	-9.707527161	-0.004522191
7.730023000	-9.706531525	-0.004699568
7.730024000	-9.699818611	-0.005441877
7.730025000	-9.701888084	-0.007155190
7.730026000	-9.698856354	-0.007433148
7.730027000	-9.700593948	-0.008489300
7.730028000	-9.689561844	-0.009471925
7.730029000	-9.692935944	-0.009118505
7.730030000	-9.685117722	-0.009572063
7.730031000	-9.681481361	-0.009827932
7.730032000	-9.681119919	-0.011273173
7.730033000	-9.688121796	-0.011017378
7.730034000	-9.682531357	-0.012116074
7.730035000	-9.668972969	-0.012553952
7.730036000	-9.668462753	-0.012811540
7.730037000	-9.669959068	-0.013643547
7.730038000	-9.666318893	-0.015441196
7.730039000	-9.661843300	-0.015312728
7.730040000	-9.661985397	-0.015687885
7.730041000	-9.657065392	-0.016993881
7.730042000	-9.652828217	-0.017343350
7.730043000	-9.644983292	-0.017437062
7.730044000	-9.647164345	-0.017517240
7.730045000	-9.639840126	-0.019259163
7.730046000	-9.641987801	-0.020126586
7.730047000	-9.637852669	-0.020058713
7.730048000	-9.633997917	-0.020930944
7.730049000	-9.635513306	-0.021829946
7.730050000	-9.627202988	-0.022400491
7.730051000	-9.628016472	-0.023230609
7.730052000	-9.633164406	-0.022966889
7.730053000	-9.621290207	-0.023486051
7.730054000	-9.619316101	-0.025061290
7.730055000	-9.612987518	-0.026259682
7.730056000	-9.612421036	-0.026231446
7.730057000	-9.608852386	-0.025680767
7.730058000	-9.614029884	-0.026873838
7.730059000	-9.606613159	-0.027496416
7.730060000	-9.602019310	-0.028694824
7.730061000	-9.602059364	-0.029469646
7.730062000	-9.595793724	-0.030018788
7.730063000	-9.596484184	-0.029999105
7.730064000	-9.593811989	-0.031278228
7.730065000	-9.587706566	-0.031583753
7.730066000	-9.594495773	-0.030850876
7.730067000	-9.586237907	-0.031910751
7.730068000	-9.580220222	-0.033516627
7.730069000	-9.584631920	-0.033513706
7.730070000	-9.577549934	-0.034664911
7.730071000	-9.567378998	-0.035899936
7.730072000	-9.572260857	-0.035843677
7.730073000	-9.564939499	-0.035497786
7.730074000	-9.562751770	-0.037358832
7.730075000	-9.566449165	-0.038263188
7.730076000	-9.563304901	-0.038010616
7.730077000	-9.558370590	-0.038445510
7.730078000	-9.551596642	-0.039656945
7.730079000	-9.545829773	-0.040553285
7.730080000	-9.547183037	-0.041156458
7.730081000	-9.553109169	-0.041450288
7.730082000	-9.546200752	-0.041520350
7.730083000	-9.544240952	-0.041826235
7.730084000	-9.538785934	-0.042246249
7.730085000	-9.542744637	-0.043298489
7.730086000	-9.535595894	-0.044293042
7.730087000	-9.532667160	-0.044455599
7.730088000	-9.526823997	-0.045419409
7.730089000	-9.523658752	-0.046328567
7.730090000	-9.518570900	-0.046985431
7.730091000	-9.526144981	-0.046838437
7.730092000	-9.522853851	-0.047941960
7.730093000	-9.518206596	-0.048049868
7.730094000	-9.511016846	-0.048955351
7.730095000	-9.508761406	-0.050208901
7.730096000	-9.509123802	-0.050338480
7.730097000	-9.503108978	-0.051105595
7.730098000	-9.505887032	-0.051453883
7.730099000	-9.500576973	-0.052132731
7.730100000	-9.503776550	-0.052617855
7.730101000	-9.494190216	-0.052438520
7.730102000	-9.499935150	-0.053383201
7.730103000	-9.499332428	-0.054155614
7.730104000	-9.494094849	-0.054402689
7.730105000	-9.493866920	-0.055164527
7.730106000	-9.491627693	-0.056186153
7.730107000	-9.491012573	-0.055971474
7.730108000	-9.483051300	-0.056737786
7.730109000	-9.485941887	-0.057290184
7.730110000	-9.485155106	-0.057735934
7.730111000	-9.484563828	-0.057690032
7.730112000	-9.481987000	-0.058820702
7.730113000	-9.473579407	-0.059666039
7.730114000	-9.468302727	-0.060588159
7.730115000	-9.472826958	-0.060775271
7.730116000	-9.468909264	-0.062214843
7.730117000	-9.467884064	-0.062184512
7.730118000	-9.464516640	-0.063394806
7.730119000	-9.459647179	-0.063160868
7.730120000	-9.471964836	-0.063858196
7.730121000	-9.458478928	-0.064516143
7.730122000	-9.462342262	-0.066094673
7.730123000	-9.454190254	-0.065473066
7.730124000	-9.455688477	-0.066503036
7.730125000	-9.447694778	-0.066366524
7.730126000	-9.447783470	-0.066741513
7.730127000	-9.447162628	-0.067128504
7.730128000	-9.448223114	-0.068199494
7.730129000	-9.442563057	-0.068884201
7.730130000	-9.437843323	-0.069098003
7.730131000	-9.439697266	-0.069472976
7.730132000	-9.435960770	-0.071160588
7.730133000	-9.442591667	-0.070750212
7.730134000	-9.429273605	-0.071292348
7.730135000	-9.421978951	-0.071468666
7.730136000	-9.428307533	-0.073088409
7.730137000	-9.423422813	-0.072851762
7.730138000	-9.421178818	-0.074190417
7.730139000	-9.420248985	-0.074080245
7.730140000	-9.417329788	-0.074114475
7.730141000	-9.416486740	-0.075130804
7.730142000	-9.412555695	-0.075875823
7.730143000	-9.413056374	-0.076428146
7.730144000	-9.409798622	-0.077299774
7.730145000	-9.404238701	-0.077589917
7.730146000	-9.400937080	-0.077630022
7.730147000	-9.402008057	-0.078330783
7.730148000	-9.398321152	-0.078993203
7.730149000	-9.402758598	-0.079773676
7.730150000	-9.394272804	-0.080582686
7.730151000	-9.395661354	-0.081092115
7.730152000	-9.392194748	-0.080985131
7.730153000	-9.387503624	-0.081615626
7.730154000	-9.391598701	-0.082158303
7.730155000	-9.391482353	-0.083100305
7.730156000	-9.390748024	-0.083458650
7.730157000	-9.385651588	-0.084462254
7.730158000	-9.385548592	-0.085278396
7.730159000	-9.380560875	-0.085691561
7.730160000	-9.381968498	-0.085805011
7.730161000	-9.373790741	-0.085566617
7.730162000	-9.376899719	-0.086574465
7.730163000	-9.372700691	-0.087378890
7.730164000	-9.367215157	-0.087806677
7.730165000	-9.375677109	-0.087765772
7.730166000	-9.365921974	-0.088902168
7.730167000	-9.361594200	-0.089826360
7.730168000	-9.364626884	-0.089646987
7.730169000	-9.361020088	-0.090320992
7.730170000	-9.364409447	-0.090174260
7.730171000	-9.363657951	-0.090402651
7.730172000	-9.368899345	-0.091174959
7.730173000	-9.359177589	-0.091720208
7.730174000	-9.354847908	-0.092118842
7.730175000	-9.357363701	-0.093132558
7.730176000	-9.359034538	-0.093685322
7.730177000	-9.345745087	-0.093685696
7.730178000	-9.345447540	-0.094912190
7.730179000	-9.349026680	-0.094765458
7.730180000	-9.346149445	-0.096114183
7.730181000	-9.344208717	-0.096213144
7.730182000	-9.340373993	-0.096332670
7.730183000	-9.341504097	-0.097494949
7.730184000	-9.340589523	-0.097467709
7.730185000	-9.335063934	-0.097622481
7.730186000	-9.332647324	-0.098800214
7.730187000	-9.327042580	-0.098922087
7.730188000	-9.335705757	-0.099712838
7.730189000	-9.332132339	-0.099258585
7.730190000	-9.332845688	-0.100782738
7.730191000	-9.328077316	-0.101214777
7.730192000	-9.322020531	-0.101625578
7.730193000	-9.326210976	-0.101757130
7.730194000	-9.325554848	-0.101847619
7.730195000	-9.317839622	-0.103319706
7.730196000	-9.319210052	-0.102754009
7.730197000	-9.319957733	-0.104842102
7.730198000	-9.316266060	-0.104097591
7.730199000	-9.313187599	-0.104636124
7.730200000	-9.314235687	-0.105362068
7.730201000	-9.313190460	-0.105875326
7.730202000	-9.308004379	-0.106368676
7.730203000	-9.302044868	-0.107065168
7.730204000	-9.304544449	-0.106548548
7.730205000	-9.301856041	-0.107360021
7.730206000	-9.301639557	-0.108179726
7.730207000	-9.307114601	-0.107467372
7.730208000	-9.300508499	-0.108291753
7.730209000	-9.298344612	-0.109172702
7.730210000	-9.298924446	-0.109129775
7.730211000	-9.297016144	-0.110401559
7.730212000	-9.292209625	-0.110638989
7.730213000	-9.292999268	-0.110817137
7.730214000	-9.292456627	-0.112146679
7.730215000	-9.287964821	-0.112373023
7.730216000	-9.291446686	-0.112042133
7.730217000	-9.289599419	-0.113089480
7.730218000	-9.283388138	-0.113822540
7.730219000	-9.288422585	-0.113740414
7.730220000	-9.282133102	-0.114517500
7.730221000	-9.282200813	-0.115974831
7.730222000	-9.282082558	-0.115689532
7.730223000	-9.281785011	-0.116195599
7.730224000	-9.282714844	-0.115969280
7.730225000	-9.271318436	-0.117012141
7.730226000	-9.277694702	-0.117626749
7.730227000	-9.280695915	-0.117327376
7.730228000	-9.271709442	-0.117766240
7.730229000	-9.271673203	-0.118110312
7.730230000	-9.273245811	-0.119114723
7.730231000	-9.263608932	-0.119180429
7.730232000	-9.264671326	-0.119992609
7.730233000	-9.268633842	-0.120252359
7.730234000	-9.264189720	-0.121161429
7.730235000	-9.260722160	-0.121117862
7.730236000	-9.261260033	-0.121797575
7.730237000	-9.259250641	-0.122883163
7.730238000	-9.259845734	-0.122681295
7.730239000	-9.258466721	-0.123440513
7.730240000	-9.256868362	-0.123816984
7.730241000	-9.258580208	-0.124593503
7.730242000	-9.253075600	-0.124186830
7.730243000	-9.253589630	-0.124368341
7.730244000	-9.256369591	-0.124929644
7.730245000	-9.249653816	-0.126335352
7.730246000	-9.246752739	-0.126410353
7.730247000	-9.245373726	-0.127219006
7.730248000	-9.242076874	-0.126566173
7.730249000	-9.245413780	-0.127835261
7.730250000	-9.237837791	-0.127386851
7.730251000	-9.237386703	-0.128180448
7.730252000	-9.240033150	-0.128554672
7.730253000	-9.235861778	-0.129294648
7.730254000	-9.237122536	-0.129572200
7.730255000	-9.238935471	-0.130338474
7.730256000	-9.238177299	-0.130080164
7.730257000	-9.236598015	-0.130950352
7.730258000	-9.235203743	-0.130991357
7.730259000	-9.230298996	-0.131456095
7.730260000	-9.224094391	-0.132422581
7.730261000	-9.229275703	-0.132804561
7.730262000	-9.226616859	-0.133749900
7.730263000	-9.233242035	-0.133858591
7.730264000	-9.224413872	-0.134324020
7.730265000	-9.228620529	-0.134583104
7.730266000	-9.220476151	-0.134827274
7.730267000	-9.224763870	-0.134281326
7.730268000	-9.223770142	-0.134849345
7.730269000	-9.215625763	-0.136286620
7.730270000	-9.219992638	-0.135812094
7.730271000	-9.218229294	-0.136730494
7.730272000	-9.220907211	-0.137243435
7.730273000	-9.219183922	-0.137048084
7.730274000	-9.211429596	-0.137972492
7.730275000	-9.209584236	-0.138781294
7.730276000	-9.204459190	-0.139266555
7.730277000	-9.207226753	-0.139045505
7.730278000	-9.202705383	-0.139402243
7.730279000	-9.202032089	-0.140722664
7.730280000	-9.204202652	-0.140745584
7.730281000	-9.207130432	-0.140625125
7.730282000	-9.205187798	-0.141441684
7.730283000	-9.196933746	-0.141585078
7.730284000	-9.203490257	-0.142511725
7.730285000	-9.196675301	-0.142901313
7.730286000	-9.195424080	-0.143489954
7.730287000	-9.199311256	-0.143802027
7.730288000	-9.200932503	-0.144271010
7.730289000	-9.191061974	-0.144575276
7.730290000	-9.190918922	-0.144589590
7.730291000	-9.197208405	-0.145119726
7.730292000	-9.185856819	-0.146043460
7.730293000	-9.190058708	-0.146097439
7.730294000	-9.185994148	-0.146454419
7.730295000	-9.188714027	-0.147030161
7.730296000	-9.184341431	-0.147035720
7.730297000	-9.187022209	-0.148298874
7.730298000	-9.183319092	-0.148077316
7.730299000	-9.187007904	-0.147928945
7.730300000	-9.180484772	-0.148714893
7.730301000	-9.182708740	-0.148888631
7.730302000	-9.181777000	-0.150010804
7.730303000	-9.189387321	-0.150148057
7.730304000	-9.185084343	-0.149464989
7.730305000	-9.178368568	-0.150511928
7.730306000	-9.182044983	-0.151187039
7.730307000	-9.176891327	-0.151676262
7.730308000	-9.173521996	-0.151981843
7.730309000	-9.173458099	-0.151630439
7.730310000	-9.170293808	-0.151787649
7.730311000	-9.175345421	-0.152965648
7.730312000	-9.167445183	-0.153481086
7.730313000	-9.169168472	-0.153415805
7.730314000	-9.166813850	-0.153242001
7.730315000	-9.165961266	-0.154609051
7.730316000	-9.166348457	-0.155042564
7.730317000	-9.163193703	-0.154938268
7.730318000	-9.163889885	-0.155822804
7.730319000	-9.166082382	-0.155903165
7.730320000	-9.162593842	-0.156620803
7.730321000	-9.162584305	-0.156195130
7.730322000	-9.163557053	-0.156894560
7.730323000	-9.157475471	-0.157455954
7.730324000	-9.158432961	-0.157583303
7.730325000	-9.158677101	-0.157699400
7.730326000	-9.154621124	-0.159274677
7.730327000	-9.159376144	-0.159835272
7.730328000	-9.154356003	-0.159316838
7.730329000	-9.155228615	-0.160080516
7.730330000	-9.155573845	-0.159850652
7.730331000	-9.150011063	-0.160515210
7.730332000	-9.151401520	-0.160072343
7.730333000	-9.153552055	-0.161111991
7.730334000	-9.150783539	-0.161525247
7.730335000	-9.152834892	-0.161429990
7.730336000	-9.149218559	-0.161727531
7.730337000	-9.147353172	-0.162158148
7.730338000	-9.151406288	-0.163089156
7.730339000	-9.148313522	-0.162523350
7.730340000	-9.150366783	-0.163163707
7.730341000	-9.142550468	-0.163807493
7.730342000	-9.142087936	-0.164601931
7.730343000	-9.140285492	-0.164088407
7.730344000	-9.145303726	-0.165024758
7.730345000	-9.143314362	-0.164855614
7.730346000	-9.141823769	-0.165889153
7.730347000	-9.143003464	-0.166237595
7.730348000	-9.137372971	-0.166431090
7.730349000	-9.136240959	-0.166756828
7.730350000	-9.134853363	-0.165962324
7.730351000	-9.140819550	-0.167240275
7.730352000	-9.133386612	-0.167755347
7.730353000	-9.133899689	-0.167970697
7.730354000	-9.139369965	-0.167899207
7.730355000	-9.133471489	-0.168855049
7.730356000	-9.132846832	-0.169189059
7.730357000	-9.133477211	-0.169941286
7.730358000	-9.129188538	-0.169228191
7.730359000	-9.130498886	-0.169980767
7.730360000	-9.127913475	-0.169859277
7.730361000	-9.132548332	-0.170168836
7.730362000	-9.136456490	-0.170644827
7.730363000	-9.130023956	-0.170994916
7.730364000	-9.126095772	-0.172393641
7.730365000	-9.125517845	-0.172526084
7.730366000	-9.127088547	-0.172497371
7.730367000	-9.126728058	-0.172561803
7.730368000	-9.127967834	-0.172787756
7.730369000	-9.126462936	-0.173353994
7.730370000	-9.124566078	-0.174039508
7.730371000	-9.120900154	-0.174470724
7.730372000	-9.122964859	-0.175511237
7.730373000	-9.126557350	-0.174404261
7.730374000	-9.118609428	-0.174688121
7.730375000	-9.124181747	-0.175445091
7.730376000	-9.121271133	-0.175798476
7.730377000	-9.118961334	-0.176618430
7.730378000	-9.117673874	-0.176616732
7.730379000	-9.120880127	-0.176932633
7.730380000	-9.118676186	-0.177481294
7.730381000	-9.114593506	-0.177886111
7.730382000	-9.112425804	-0.177139844
7.730383000	-9.112499237	-0.177642449
7.730384000	-9.114381790	-0.178395557
7.730385000	-9.118561745	-0.178253744
7.730386000	-9.109605789	-0.178613587
7.730387000	-9.112164497	-0.178993104
7.730388000	-9.109587669	-0.179386536
7.730389000	-9.108769417	-0.179115826
7.730390000	-9.108258247	-0.180359422
7.730391000	-9.108460426	-0.181085700
7.730392000	-9.105633736	-0.180694331
7.730393000	-9.104985237	-0.181505663
7.730394000	-9.112454414	-0.181116842
7.730395000	-9.102848053	-0.181742735
7.730396000	-9.107486725	-0.182523507
7.730397000	-9.103858948	-0.182192127
7.730398000	-9.095893860	-0.183248619
7.730399000	-9.104062080	-0.183175316
7.730400000	-9.097634315	-0.183466399
7.730401000	-9.095702171	-0.184819518
7.730402000	-9.095600128	-0.183666070
7.730403000	-9.099678993	-0.184471859
7.730404000	-9.100637436	-0.184744067
7.730405000	-9.098890305	-0.184148435
7.730406000	-9.098868370	-0.185291896
7.730407000	-9.091756821	-0.186339084
7.730408000	-9.093327522	-0.186162817
7.730409000	-9.092135429	-0.187324587
7.730410000	-9.091640472	-0.186555200
7.730411000	-9.094674110	-0.187531498
7.730412000	-9.091662407	-0.187502670
7.730413000	-9.094427109	-0.187707700
7.730414000	-9.090901375	-0.188024649
7.730415000	-9.091486931	-0.188543965
7.730416000	-9.082090378	-0.188777758
7.730417000	-9.086515427	-0.188862796
7.730418000	-9.085958481	-0.189335241
7.730419000	-9.090313911	-0.189214849
7.730420000	-9.087283134	-0.189295027
7.730421000	-9.089344978	-0.190263369
7.730422000	-9.085283279	-0.190648262
7.730423000	-9.083063126	-0.189943407
7.730424000	-9.084637642	-0.190737312
7.730425000	-9.083822250	-0.191054894
7.730426000	-9.086243629	-0.191320544
7.730427000	-9.083435059	-0.191987316
7.730428000	-9.080748558	-0.191756870
7.730429000	-9.078680038	-0.192589657
7.730430000	-9.075447083	-0.193621099
7.730431000	-9.084889412	-0.192990279
7.730432000	-9.080226898	-0.193290085
7.730433000	-9.075565338	-0.193098404
7.730434000	-9.075357437	-0.193783419
7.730435000	-9.083721161	-0.194130495
7.730436000	-9.078158379	-0.194811882
7.730437000	-9.075363159	-0.194650361
7.730438000	-9.073220253	-0.195183226
7.730439000	-9.074794769	-0.194931441
7.730440000	-9.073797226	-0.196105612
7.730441000	-9.072753906	-0.196098987
7.730442000	-9.071232796	-0.196131378
7.730443000	-9.069410324	-0.196340353
7.730444000	-9.069405556	-0.197120826
7.730445000	-9.075968742	-0.196451956
7.730446000	-9.070190430	-0.196736282
7.730447000	-9.070217133	-0.197931325
7.730448000	-9.071618080	-0.197314737
7.730449000	-9.065237045	-0.197839862
7.730450000	-9.066858292	-0.198402355
7.730451000	-9.072052002	-0.198299108
7.730452000	-9.069002151	-0.199088186
7.730453000	-9.063626289	-0.199405235
7.730454000	-9.061930656	-0.199858289
7.730455000	-9.064229012	-0.200357582
7.730456000	-9.062666893	-0.200576943
7.730457000	-9.061651230	-0.201190419
7.730458000	-9.062939644	-0.200910138
7.730459000	-9.063833237	-0.201213572
7.730460000	-9.061899185	-0.201173674
7.730461000	-9.063930511	-0.201773618
7.730462000	-9.060153008	-0.201534133
7.730463000	-9.057360649	-0.202136973
7.730464000	-9.054713249	-0.202126137
7.730465000	-9.057611465	-0.202660234
7.730466000	-9.059356689	-0.203770373
7.730467000	-9.054567337	-0.203450660
7.730468000	-9.052099228	-0.203589061
7.730469000	-9.046640396	-0.204276423
7.730470000	-9.051319122	-0.205273311
7.730471000	-9.046889305	-0.204778412
7.730472000	-9.059890747	-0.204669506
7.730473000	-9.054922104	-0.205162124
7.730474000	-9.056118965	-0.206221912
7.730475000	-9.054643631	-0.205868960
7.730476000	-9.055300713	-0.205934474
7.730477000	-9.047631264	-0.206558120
7.730478000	-9.045750618	-0.206313359
7.730479000	-9.056820869	-0.206261027
7.730480000	-9.054027557	-0.207129518
7.730481000	-9.049976349	-0.206764481
7.730482000	-9.052223206	-0.207624699
7.730483000	-9.047952652	-0.207617509
7.730484000	-9.054687500	-0.207866381
7.730485000	-9.049981117	-0.208201273
7.730486000	-9.044954300	-0.208448198
7.730487000	-9.051214218	-0.208888702
7.730488000	-9.049739838	-0.209111592
7.730489000	-9.044883728	-0.209072427
7.730490000	-9.047702789	-0.209303955
7.730491000	-9.045137405	-0.210255902
7.730492000	-9.039999962	-0.209796940
7.730493000	-9.051853180	-0.210606940
7.730494000	-9.045751572	-0.210797722
7.730495000	-9.047372818	-0.211075473
7.730496000	-9.045327187	-0.211596554
7.730497000	-9.043594360	-0.211274312
7.730498000	-9.041775703	-0.211694642
7.730499000	-9.039838791	-0.212394321
7.730500000	-9.043258667	-0.211674468
7.730501000	-9.042083740	-0.212482804
7.730502000	-9.038372040	-0.212884709
7.730503000	-9.046242714	-0.213413829
7.730504000	-9.040116310	-0.212875371
7.730505000	-9.035152435	-0.212870577
7.730506000	-9.040979385	-0.213721424
7.730507000	-9.036900520	-0.214383902
7.730508000	-9.032947540	-0.214630644
7.730509000	-9.037050247	-0.214082881
7.730510000	-9.032488823	-0.215100658
7.730511000	-9.039644241	-0.214792348
7.730512000	-9.032188416	-0.214989571
7.730513000	-9.036561966	-0.215030484
7.730514000	-9.031660080	-0.215288078
7.730515000	-9.039560318	-0.215038640
7.730516000	-9.026422501	-0.216015288
7.730517000	-9.028319359	-0.216262263
7.730518000	-9.030400276	-0.216105735
7.730519000	-9.031852722	-0.216510369
7.730520000	-9.034392357	-0.217162178
7.730521000	-9.029607773	-0.217097546
7.730522000	-9.034465790	-0.216980034
7.730523000	-9.029866219	-0.218173097
7.730524000	-9.030568123	-0.218098046
7.730525000	-9.028664589	-0.218030835
7.730526000	-9.024548531	-0.218727418
7.730527000	-9.026613235	-0.218651002
7.730528000	-9.029558182	-0.219074944
7.730529000	-9.026724815	-0.219466245
7.730530000	-9.027671814	-0.219470639
7.730531000	-9.021936417	-0.219914106
7.730532000	-9.023630142	-0.220802386
7.730533000	-9.022176743	-0.220661255
7.730534000	-9.028811455	-0.220254441
7.730535000	-9.017265320	-0.221042121
7.730536000	-9.021447182	-0.221063975
7.730537000	-9.023141861	-0.221354143
7.730538000	-9.024060249	-0.221292807
7.730539000	-9.023678780	-0.221748691
7.730540000	-9.016998291	-0.222101576
7.730541000	-9.020824432	-0.222047231
7.730542000	-9.019041061	-0.222207337
7.730543000	-9.018859863	-0.222677501
7.730544000	-9.024077415	-0.223152609
7.730545000	-9.018489838	-0.223741651
7.730546000	-9.016500473	-0.223311334
7.730547000	-9.021764755	-0.223844732
7.730548000	-9.016377449	-0.223463484
7.730549000	-9.017668724	-0.223769913
7.730550000	-9.022860527	-0.224218057
7.730551000	-9.022624016	-0.224573672
7.730552000	-9.015277863	-0.224977191
7.730553000	-9.014753342	-0.225092622
7.730554000	-9.012936592	-0.225708445
7.730555000	-9.020833015	-0.226303745
7.730556000	-9.015654564	-0.225878055
7.730557000	-9.014862061	-0.226364731
7.730558000	-9.015648842	-0.226145670
7.730559000	-9.011199951	-0.226744814
7.730560000	-9.015051842	-0.226684477
7.730561000	-9.013461113	-0.227156123
7.730562000	-9.011479378	-0.227654017
7.730563000	-9.010890961	-0.227887593
7.730564000	-9.013057709	-0.228115044
7.730565000	-9.006501198	-0.227369825
7.730566000	-9.008172989	-0.228170904
7.730567000	-9.007435799	-0.228596493
7.730568000	-9.010684013	-0.229155591
7.730569000	-9.006104469	-0.228952408
7.730570000	-9.005903244	-0.229249035
7.730571000	-9.010105133	-0.229404264
7.730572000	-9.008585930	-0.229914492
7.730573000	-9.012835503	-0.229687407
7.730574000	-9.006979942	-0.229984683
7.730575000	-9.005927086	-0.230373438
7.730576000	-9.002736092	-0.230384856
7.730577000	-9.007390976	-0.230779786
7.730578000	-9.010265350	-0.230345974
7.730579000	-9.004191399	-0.231513654
7.730580000	-9.008284569	-0.231527086
7.730581000	-9.003917694	-0.231228346
7.730582000	-9.005636215	-0.232038679
7.730583000	-9.000646591	-0.231942156
7.730584000	-9.005867958	-0.232301916
7.730585000	-9.005775452	-0.232240480
7.730586000	-8.996820450	-0.232748761
7.730587000	-9.005236626	-0.232679419
7.730588000	-9.000652313	-0.233049798
7.730589000	-9.001928329	-0.233156341
7.730590000	-8.999474525	-0.233649892
7.730591000	-9.000144005	-0.234279246
7.730592000	-9.000879288	-0.234220191
7.730593000	-8.994260788	-0.234600124
7.730594000	-8.998666763	-0.234444479
7.730595000	-8.995329857	-0.234466916
7.730596000	-8.997554779	-0.235464170
7.730597000	-8.996916771	-0.235586626
7.730598000	-8.996033669	-0.235222821
7.730599000	-8.994041443	-0.235649959
7.730600000	-8.985967636	-0.235569215
7.730601000	-8.993603706	-0.235866224
7.730602000	-8.996182442	-0.236729704
7.730603000	-8.991519928	-0.236767022
7.730604000	-8.999982834	-0.236670732
7.730605000	-8.996214867	-0.237225152
7.730606000	-8.993412018	-0.237271258
7.730607000	-8.990951538	-0.237079943
7.730608000	-8.994498253	-0.237027479
7.730609000	-8.994508743	-0.237460176
7.730610000	-8.993245125	-0.238223039
7.730611000	-8.993462563	-0.238138034
7.730612000	-8.990057945	-0.238489388
7.730613000	-8.994369507	-0.238647380
7.730614000	-8.995981216	-0.238378950
7.730615000	-8.990941048	-0.239088033
7.730616000	-8.988493919	-0.239231361
7.730617000	-8.991279602	-0.240091945
7.730618000	-8.994256020	-0.240411092
7.730619000	-8.989366531	-0.240344130
7.730620000	-8.987815857	-0.240362472
7.730621000	-8.995657921	-0.240333078
7.730622000	-8.988022804	-0.240813146
7.730623000	-8.989407539	-0.240451089
7.730624000	-8.987730026	-0.241046306
7.730625000	-8.985715866	-0.240751044
7.730626000	-8.990414619	-0.241214185
7.730627000	-8.985025406	-0.241068027
7.730628000	-8.987647057	-0.241919706
7.730629000	-8.985082626	-0.241137053
7.730630000	-8.982839584	-0.241543834
7.730631000	-8.991468430	-0.242016578
7.730632000	-8.988682747	-0.242344946
7.730633000	-8.985587120	-0.242649412
7.730634000	-8.985297203	-0.243429435
7.730635000	-8.985938072	-0.243719204
7.730636000	-8.983906746	-0.243848883
7.730637000	-8.981690407	-0.243937666
7.730638000	-8.981970787	-0.243819022
7.730639000	-8.984787941	-0.244875798
7.730640000	-8.982829094	-0.244882106
7.730641000	-8.982177734	-0.244526241
7.730642000	-8.984797478	-0.244395530
7.730643000	-8.985224724	-0.244977964
7.730644000	-8.984766960	-0.244326671
7.730645000	-8.985274315	-0.245414655
7.730646000	-8.983552933	-0.245052981
7.730647000	-8.985363007	-0.245658468
7.730648000	-8.984532356	-0.245614759
7.730649000	-8.979500771	-0.246332764
7.730650000	-8.982851028	-0.246254849
7.730651000	-8.985427856	-0.246332813
7.730652000	-8.978245735	-0.246866827
7.730653000	-8.981226921	-0.246868958
7.730654000	-8.972486496	-0.247644337
7.730655000	-8.980561256	-0.247618238
7.730656000	-8.976504326	-0.247187355
7.730657000	-8.975293159	-0.247528373
7.730658000	-8.978098869	-0.247402089
7.730659000	-8.978783607	-0.248507867
7.730660000	-8.973783493	-0.248155381
7.730661000	-8.979240417	-0.248328570
7.730662000	-8.979743004	-0.248625962
7.730663000	-8.974747658	-0.248232946
7.730664000	-8.980189323	-0.249012503
7.730665000	-8.981109619	-0.249428422
7.730666000	-8.977453232	-0.249536879
7.730667000	-8.976464272	-0.249484315
7.730668000	-8.978088379	-0.249796205
7.730669000	-8.971607208	-0.250361261
7.730670000	-8.974224091	-0.249414490
7.730671000	-8.977318764	-0.250490491
7.730672000	-8.977210045	-0.250754992
7.730673000	-8.976693153	-0.250092664
7.730674000	-8.977959633	-0.250785586
7.730675000	-8.977337837	-0.250072724
7.730676000	-8.976401329	-0.251431885
7.730677000	-8.981084824	-0.250831192
7.730678000	-8.975763321	-0.251040067
7.730679000	-8.975696564	-0.252431303
7.730680000	-8.972792625	-0.252252604
7.730681000	-8.975381851	-0.251719023
7.730682000	-8.976400375	-0.252005280
7.730683000	-8.967712402	-0.252415340
7.730684000	-8.969103813	-0.252336361
7.730685000	-8.979096413	-0.252795706
7.730686000	-8.973275185	-0.252790896
7.730687000	-8.970560074	-0.253450428
7.730688000	-8.971601486	-0.252657621
7.730689000	-8.973582268	-0.253706391
7.730690000	-8.974497795	-0.253918495
7.730691000	-8.971180916	-0.253610667
7.730692000	-8.967668533	-0.254808490
7.730693000	-8.971857071	-0.253981828
7.730694000	-8.974195480	-0.254429489
7.730695000	-8.972065926	-0.254338542
7.730696000	-8.971239090	-0.255317071
7.730697000	-8.970839500	-0.255230884
7.730698000	-8.973407745	-0.255873322
7.730699000	-8.970719337	-0.254838168
7.730700000	-8.967089653	-0.255464710
7.730701000	-8.973842621	-0.256099491
7.730702000	-8.971838951	-0.255535699
7.730703000	-8.974939346	-0.255469869
7.730704000	-8.970514297	-0.256529625
7.730705000	-8.968826294	-0.256210844
7.730706000	-8.969771385	-0.256749036
7.730707000	-8.966507912	-0.257336712
7.730708000	-8.965650558	-0.257337894
7.730709000	-8.970850945	-0.257786820
7.730710000	-8.965568542	-0.257449780
7.730711000	-8.972349167	-0.257790382
7.730712000	-8.970832825	-0.258046594
7.730713000	-8.972427368	-0.258528893
7.730714000	-8.970970154	-0.258301592
7.730715000	-8.969899178	-0.258173444
7.730716000	-8.965741158	-0.258821641
7.730717000	-8.966883659	-0.258966450
7.730718000	-8.968841553	-0.259481905
7.730719000	-8.970520020	-0.259294302
7.730720000	-8.963805199	-0.259444388
7.730721000	-8.968808174	-0.259357003
7.730722000	-8.970226288	-0.259163208
7.730723000	-8.965496063	-0.259035027
7.730724000	-8.969919205	-0.259122378
7.730725000	-8.963409424	-0.260673353
7.730726000	-8.966569901	-0.260506639
7.730727000	-8.962458611	-0.260837104
7.730728000	-8.965911865	-0.260971428
7.730729000	-8.965978622	-0.260439644
7.730730000	-8.964898109	-0.261126757
7.730731000	-8.961503983	-0.261170898
7.730732000	-8.964056969	-0.261505458
7.730733000	-8.962308884	-0.261605743
7.730734000	-8.959915161	-0.261763552
7.730735000	-8.960429192	-0.261346218
7.730736000	-8.960790634	-0.261662135
7.730737000	-8.962125778	-0.262860391
7.730738000	-8.956147194	-0.262991402
7.730739000	-8.962607384	-0.262441043
7.730740000	-8.968413353	-0.262214608
7.730741000	-8.961502075	-0.262660571
7.730742000	-8.959692955	-0.263169884
7.730743000	-8.962690353	-0.263794844
7.730744000	-8.959212303	-0.263135845
7.730745000	-8.958752632	-0.263791982
7.730746000	-8.963081360	-0.264501697
7.730747000	-8.959522247	-0.264500266
7.730748000	-8.963091850	-0.263836356
7.730749000	-8.961030006	-0.263942866
7.730750000	-8.961526871	-0.264661287
7.730751000	-8.961416245	-0.264990154
7.730752000	-8.961543083	-0.264779182
7.730753000	-8.956486702	-0.264784908
7.730754000	-8.959405899	-0.264915919
7.730755000	-8.962340355	-0.265589981
7.730756000	-8.956055641	-0.265710057
7.730757000	-8.959706306	-0.265508872
7.730758000	-8.957237244	-0.265726036
7.730759000	-8.961827278	-0.265572588
7.730760000	-8.963801384	-0.265939471
7.730761000	-8.964487076	-0.266698239
7.730762000	-8.951645851	-0.266948493
7.730763000	-8.962744713	-0.267065922
7.730764000	-8.954806328	-0.267100809
7.730765000	-8.966066360	-0.267159166
7.730766000	-8.961403847	-0.266387016
7.730767000	-8.956799507	-0.266813438
7.730768000	-8.952530861	-0.267532108
7.730769000	-8.961624146	-0.268002073
7.730770000	-8.956615448	-0.268389347
7.730771000	-8.957291603	-0.268530228
7.730772000	-8.954285622	-0.268035080
7.730773000	-8.954568863	-0.268000275
7.730774000	-8.955487251	-0.268407523
7.730775000	-8.958432198	-0.269416461
7.730776000	-8.955466270	-0.268818915
7.730777000	-8.954931259	-0.269260134
7.730778000	-8.957151413	-0.268977223
7.730779000	-8.960197449	-0.268920331
7.730780000	-8.956060410	-0.269331606
7.730781000	-8.953976631	-0.270481409
7.730782000	-8.956983566	-0.269623372
7.730783000	-8.950051308	-0.269525002
7.730784000	-8.953310013	-0.270203475
7.730785000	-8.950716019	-0.270454179
7.730786000	-8.950402260	-0.271221053
7.730787000	-8.949467659	-0.270684775
7.730788000	-8.953402519	-0.271156604
7.730789000	-8.948167801	-0.271481693
7.730790000	-8.961054802	-0.271098281
7.730791000	-8.949571609	-0.271361601
7.730792000	-8.953580856	-0.271999012
7.730793000	-8.951581955	-0.272203176
7.730794000	-8.953200340	-0.272049096
7.730795000	-8.950971603	-0.271960329
7.730796000	-8.953684807	-0.272804718
7.730797000	-8.951088905	-0.272829119
7.730798000	-8.948892593	-0.272741135
7.730799000	-8.948294640	-0.272902040
7.730800000	-8.953840256	-0.272720695
7.730801000	-8.946469307	-0.273819382
7.730802000	-8.953153610	-0.273574022
7.730803000	-8.948501587	-0.273287516
7.730804000	-8.952698708	-0.273680598
7.730805000	-8.952128410	-0.273557244
7.730806000	-8.946353912	-0.274262882
7.730807000	-8.952859879	-0.274828104
7.730808000	-8.949399948	-0.274775357
7.730809000	-8.951924324	-0.274649240
7.730810000	-8.946598053	-0.274813923
7.730811000	-8.945410728	-0.275087596
7.730812000	-8.945625305	-0.275320390
7.730813000	-8.950948715	-0.274929055
7.730814000	-8.947354317	-0.275379395
7.730815000	-8.948496819	-0.274717334
7.730816000	-8.949292183	-0.275426034
7.730817000	-8.946873665	-0.276344725
7.730818000	-8.946969032	-0.276213414
7.730819000	-8.945826530	-0.276678802
7.730820000	-8.949201584	-0.276385521
7.730821000	-8.939751625	-0.276244790
7.730822000	-8.945865631	-0.276690703
7.730823000	-8.945149422	-0.276390431
7.730824000	-8.943430901	-0.276572525
7.730825000	-8.944811821	-0.277193524
7.730826000	-8.948879242	-0.276764306
7.730827000	-8.945127487	-0.277503916
7.730828000	-8.949437141	-0.277969603
7.730829000	-8.944318771	-0.277449887
7.730830000	-8.941404343	-0.278387969
7.730831000	-8.944634438	-0.277470027
7.730832000	-8.941539764	-0.277986647
7.730833000	-8.947604179	-0.278192293
7.730834000	-8.941786766	-0.279055623
7.730835000	-8.944542885	-0.278653469
7.730836000	-8.945858002	-0.278877508
7.730837000	-8.942649841	-0.279251915
7.730838000	-8.944298744	-0.279033818
7.730839000	-8.944377899	-0.279337668
7.730840000	-8.943463326	-0.279702888
7.730841000	-8.944016457	-0.280129559
7.730842000	-8.942445755	-0.279626089
7.730843000	-8.945843697	-0.280217111
7.730844000	-8.940337181	-0.280632398
7.730845000	-8.947421074	-0.279678154
7.730846000	-8.943114281	-0.280608196
7.730847000	-8.942225456	-0.280005822
7.730848000	-8.939073563	-0.280638423
7.730849000	-8.945519447	-0.280655034
7.730850000	-8.946513176	-0.280536391
7.730851000	-8.942268372	-0.281127845
7.730852000	-8.944330215	-0.282003226
7.730853000	-8.942944527	-0.281172686
7.730854000	-8.943778038	-0.281448856
7.730855000	-8.940495491	-0.281803290
7.730856000	-8.939647675	-0.282156059
7.730857000	-8.936005592	-0.281654951
7.730858000	-8.944349289	-0.282055391
7.730859000	-8.942930222	-0.282611592
7.730860000	-8.939009666	-0.282181225
7.730861000	-8.936380386	-0.282145572
7.730862000	-8.939737320	-0.282412421
7.730863000	-8.938829422	-0.283568133
7.730864000	-8.937635422	-0.283431746
7.730865000	-8.943316460	-0.283703056
7.730866000	-8.938385010	-0.283698828
7.730867000	-8.937062263	-0.283720000
7.730868000	-8.935523033	-0.284620082
7.730869000	-8.934026718	-0.284043940
7.730870000	-8.941552162	-0.284104128
7.730871000	-8.940334320	-0.284461857
7.730872000	-8.936951637	-0.284166712
7.730873000	-8.938677788	-0.284586626
7.730874000	-8.937124252	-0.284903808
7.730875000	-8.940480232	-0.285437339
7.730876000	-8.933229446	-0.285166063
7.730877000	-8.936374664	-0.285068159
7.730878000	-8.935437202	-0.285324854
7.730879000	-8.938034058	-0.285839210
7.730880000	-8.933826447	-0.285721432
7.730881000	-8.934164047	-0.285865442
7.730882000	-8.938470840	-0.286482197
7.730883000	-8.929060936	-0.285326252
7.730884000	-8.934721947	-0.285985185
7.730885000	-8.933175087	-0.286866125
7.730886000	-8.935817719	-0.286511559
7.730887000	-8.933329582	-0.286617220
7.730888000	-8.938145638	-0.286243378
7.730889000	-8.935974121	-0.286568883
7.730890000	-8.934599876	-0.287099052
7.730891000	-8.937472343	-0.287401720
7.730892000	-8.932613373	-0.287556716
7.730893000	-8.931321144	-0.287740208
7.730894000	-8.935092926	-0.288056691
7.730895000	-8.931403160	-0.287332644
7.730896000	-8.935019493	-0.288214950
7.730897000	-8.931618690	-0.287940444
7.730898000	-8.934802055	-0.287771866
7.730899000	-8.933401108	-0.288334526
7.730900000	-8.931892395	-0.287820003
7.730901000	-8.940171242	-0.288299439
7.730902000	-8.933854103	-0.288194111
7.730903000	-8.937290192	-0.288886932
7.730904000	-8.930576324	-0.288991461
7.730905000	-8.935747147	-0.288751211
7.730906000	-8.926582336	-0.289545199
7.730907000	-8.932882309	-0.289542203
7.730908000	-8.932339668	-0.289431149
7.730909000	-8.931325912	-0.289274355
7.730910000	-8.933205605	-0.289790443
7.730911000	-8.933579445	-0.290347409
7.730912000	-8.932372093	-0.289940645
7.730913000	-8.934000969	-0.289901829
7.730914000	-8.927432060	-0.290808003
7.730915000	-8.929738998	-0.291303651
7.730916000	-8.933145523	-0.291336874
7.730917000	-8.932093620	-0.290677275
7.730918000	-8.934041977	-0.291467768
7.730919000	-8.930142403	-0.291460444
7.730920000	-8.928665161	-0.291800230
7.730921000	-8.931718826	-0.291752160
7.730922000	-8.930470467	-0.291788945
7.730923000	-8.931879997	-0.291850764
7.730924000	-8.933047295	-0.292691457
7.730925000	-8.931998253	-0.292190550
7.730926000	-8.931436539	-0.292713029
7.730927000	-8.929335594	-0.292528172
7.730928000	-8.936900139	-0.292534797
7.730929000	-8.929117203	-0.292335992
7.730930000	-8.930219650	-0.293324424
