D:\KID metingen\Entropy ADR\LT343chip5_BF_20240530_mapping\S21\Power\KID367_104dBm_.dat
Power at KID:104dBm
resonance Frequency in GHz :7.792624
Q=53374.136984, Qc=60290.699505, Qi=465254.820489  S21min=-18.807200


Temperature in K:0.100014
GHz	dB	Rad
7.791781000	1.007590413	0.082939467
7.791782000	1.013161421	0.081207105
7.791783000	1.011643410	0.079727578
7.791784000	1.020758629	0.082376541
7.791785000	1.007487059	0.082537804
7.791786000	0.995544136	0.080957775
7.791787000	0.979485691	0.080463359
7.791788000	1.002003431	0.078925975
7.791789000	1.010571003	0.080945674
7.791790000	1.016221046	0.079476242
7.791791000	0.999880672	0.079566981
7.791792000	1.001757264	0.081377722
7.791793000	0.986731827	0.078302179
7.791794000	0.995010436	0.080304210
7.791795000	0.984067500	0.076842958
7.791796000	1.002617598	0.080764505
7.791797000	0.982885361	0.078204083
7.791798000	0.998105764	0.079297835
7.791799000	1.011245966	0.080148965
7.791800000	1.006194830	0.080425035
7.791801000	1.011875749	0.084255659
7.791802000	1.029786348	0.080140434
7.791803000	0.970073700	0.073872934
7.791804000	1.012333274	0.078379045
7.791805000	0.979915202	0.081496574
7.791806000	0.994300783	0.077868533
7.791807000	0.983977497	0.081258596
7.791808000	1.011011004	0.079428497
7.791809000	1.004106879	0.077886127
7.791810000	0.999941587	0.077317400
7.791811000	0.976619482	0.079773792
7.791812000	1.006015778	0.079121334
7.791813000	1.011270404	0.079572257
7.791814000	1.006143093	0.077522297
7.791815000	1.003374815	0.080433582
7.791816000	1.015654922	0.081378888
7.791817000	1.002723455	0.077657578
7.791818000	1.000729322	0.075343432
7.791819000	0.979703784	0.080479247
7.791820000	0.998356819	0.075057042
7.791821000	1.011193275	0.080898254
7.791822000	0.987531424	0.079089218
7.791823000	1.010367513	0.072558556
7.791824000	1.009607315	0.075495149
7.791825000	1.013513565	0.079456759
7.791826000	0.971510828	0.075812931
7.791827000	1.019242048	0.081164811
7.791828000	0.951986611	0.078464574
7.791829000	0.986421585	0.077790894
7.791830000	0.978292286	0.076310900
7.791831000	1.028033137	0.075447221
7.791832000	1.000684619	0.072997528
7.791833000	1.001166582	0.072821044
7.791834000	0.970343709	0.076997505
7.791835000	0.979602098	0.076271411
7.791836000	1.006555080	0.073331630
7.791837000	0.996531785	0.077970849
7.791838000	0.980912745	0.075235749
7.791839000	0.990964293	0.074272642
7.791840000	0.960418403	0.075875582
7.791841000	0.984867334	0.076080279
7.791842000	0.980976880	0.076166574
7.791843000	0.981014490	0.075019717
7.791844000	1.007723212	0.074272367
7.791845000	0.987146795	0.076038126
7.791846000	0.990798771	0.074589158
7.791847000	0.989852786	0.076109382
7.791848000	0.999843955	0.074088426
7.791849000	0.980629563	0.073492485
7.791850000	0.969385803	0.074259401
7.791851000	0.981458962	0.073279566
7.791852000	1.012358665	0.073650610
7.791853000	0.986397982	0.072244353
7.791854000	0.995226920	0.074432406
7.791855000	0.974494159	0.072067627
7.791856000	1.027186632	0.075102716
7.791857000	0.971148610	0.070182684
7.791858000	0.987526238	0.074848708
7.791859000	0.985151350	0.073689409
7.791860000	0.982291102	0.073858087
7.791861000	0.969546676	0.073099611
7.791862000	0.984956980	0.073263636
7.791863000	0.974349856	0.066921368
7.791864000	0.958912730	0.070794686
7.791865000	0.977682412	0.070731819
7.791866000	0.996322751	0.070229747
7.791867000	1.009955049	0.071536585
7.791868000	1.003653646	0.074565698
7.791869000	0.963772953	0.073774489
7.791870000	0.967768788	0.070026506
7.791871000	0.982482553	0.074201402
7.791872000	1.002907515	0.071717730
7.791873000	1.007575154	0.075307829
7.791874000	0.996558607	0.067896069
7.791875000	0.988279462	0.069679350
7.791876000	0.992433727	0.069794865
7.791877000	0.977651894	0.071335341
7.791878000	0.984318376	0.068966114
7.791879000	0.992450297	0.072619551
7.791880000	0.989198625	0.067837234
7.791881000	1.001204610	0.073771268
7.791882000	0.987823546	0.071476006
7.791883000	0.974051297	0.071172289
7.791884000	0.967753828	0.067854411
7.791885000	0.995660365	0.069246279
7.791886000	0.970992327	0.068138221
7.791887000	0.970939875	0.064543398
7.791888000	0.976666868	0.068080738
7.791889000	0.958008468	0.069785685
7.791890000	0.993730009	0.069727957
7.791891000	0.956868112	0.067086497
7.791892000	1.005643725	0.069369005
7.791893000	0.997649074	0.069600271
7.791894000	0.978644550	0.068829061
7.791895000	0.954939425	0.066927560
7.791896000	0.964960873	0.065447338
7.791897000	0.974196076	0.068303407
7.791898000	0.974602163	0.065301950
7.791899000	0.978553951	0.069427856
7.791900000	1.008232832	0.064758341
7.791901000	0.983071268	0.065330350
7.791902000	0.995773554	0.067069477
7.791903000	0.960812688	0.070983355
7.791904000	0.954118371	0.067088507
7.791905000	1.001007438	0.064912038
7.791906000	0.962720156	0.063801983
7.791907000	1.005896807	0.066089834
7.791908000	0.981030047	0.067242242
7.791909000	0.987267613	0.065339813
7.791910000	0.965580821	0.068536446
7.791911000	0.987565815	0.064046124
7.791912000	0.990218937	0.064497272
7.791913000	0.958638072	0.065941895
7.791914000	0.972905219	0.065893101
7.791915000	0.977180243	0.060675132
7.791916000	0.979485333	0.063436560
7.791917000	0.974940658	0.064693214
7.791918000	0.989916623	0.065842264
7.791919000	0.976901054	0.064912076
7.791920000	0.963382721	0.065546020
7.791921000	0.974506259	0.066614085
7.791922000	0.953388214	0.064720087
7.791923000	0.985352099	0.060827340
7.791924000	0.954664052	0.063018876
7.791925000	0.927011192	0.066877447
7.791926000	0.931340337	0.063503580
7.791927000	0.980713367	0.064040053
7.791928000	0.973248482	0.065067425
7.791929000	0.971245646	0.063373493
7.791930000	0.966918409	0.061174783
7.791931000	0.958591104	0.061599041
7.791932000	0.978118420	0.062533552
7.791933000	0.958880424	0.063127625
7.791934000	0.984675705	0.063932390
7.791935000	0.971069276	0.064831124
7.791936000	0.947645485	0.062513158
7.791937000	0.987628877	0.059268471
7.791938000	0.965415716	0.061908400
7.791939000	0.987409532	0.060230838
7.791940000	0.950097442	0.059212486
7.791941000	0.954933226	0.062526145
7.791942000	0.948388457	0.058835916
7.791943000	0.969853699	0.060621569
7.791944000	0.958944142	0.063035504
7.791945000	0.982154191	0.059405370
7.791946000	0.944648683	0.059772786
7.791947000	0.947270155	0.057345602
7.791948000	0.963784695	0.059382650
7.791949000	0.944689929	0.060520515
7.791950000	1.001145363	0.058585865
7.791951000	0.952899039	0.062575160
7.791952000	0.947645068	0.060889866
7.791953000	0.947828770	0.062687496
7.791954000	0.956256211	0.057928764
7.791955000	0.994534373	0.059601641
7.791956000	0.940888524	0.059351337
7.791957000	0.960938513	0.066510992
7.791958000	0.972808540	0.060388031
7.791959000	0.936226547	0.059195267
7.791960000	0.975659311	0.060266828
7.791961000	0.954623520	0.056403022
7.791962000	0.940166712	0.056315063
7.791963000	0.965341389	0.057276685
7.791964000	0.951737165	0.055420386
7.791965000	0.986799538	0.056474387
7.791966000	0.926029682	0.055585985
7.791967000	0.946145117	0.057471037
7.791968000	0.944088161	0.058633557
7.791969000	0.966424763	0.059927146
7.791970000	0.947300792	0.056969327
7.791971000	0.932433248	0.055298231
7.791972000	0.944487095	0.056404824
7.791973000	0.956795454	0.056089327
7.791974000	0.945735395	0.057820802
7.791975000	0.956595540	0.059339528
7.791976000	0.941538870	0.054934543
7.791977000	0.957037687	0.055919059
7.791978000	0.935806334	0.053871908
7.791979000	0.952148139	0.054530329
7.791980000	0.939680815	0.054379003
7.791981000	0.964934886	0.051906112
7.791982000	0.949417293	0.056377244
7.791983000	0.926973879	0.057863171
7.791984000	0.929795504	0.058673188
7.791985000	0.921744823	0.053925808
7.791986000	0.953980386	0.052759031
7.791987000	0.924693406	0.056227720
7.791988000	0.973647892	0.050939089
7.791989000	0.935059786	0.052405064
7.791990000	0.959722638	0.051499161
7.791991000	0.950157404	0.053939182
7.791992000	0.947842360	0.054045550
7.791993000	0.931823850	0.053226637
7.791994000	0.911882997	0.054657249
7.791995000	0.954654336	0.054702860
7.791996000	0.946627259	0.052721643
7.791997000	0.915628910	0.051855841
7.791998000	0.944546640	0.051840952
7.791999000	0.918798268	0.051507633
7.792000000	0.946471274	0.053471444
7.792001000	0.938724697	0.052182378
7.792002000	0.908002973	0.049764610
7.792003000	0.938428879	0.051167601
7.792004000	0.934018612	0.051470502
7.792005000	0.956905603	0.050631099
7.792006000	0.959160209	0.050483755
7.792007000	0.938451707	0.050893891
7.792008000	0.937895536	0.055100520
7.792009000	0.936863303	0.049549352
7.792010000	0.951072872	0.050370767
7.792011000	0.954026520	0.050686239
7.792012000	0.930782080	0.046334380
7.792013000	0.935981035	0.045822308
7.792014000	0.944874406	0.047990999
7.792015000	0.932775736	0.051300152
7.792016000	0.956743300	0.051271086
7.792017000	0.941083550	0.048046152
7.792018000	0.907426059	0.049407634
7.792019000	0.946804047	0.049719403
7.792020000	0.933334291	0.049640133
7.792021000	0.977796555	0.046723480
7.792022000	0.953397512	0.050207219
7.792023000	0.932734132	0.049020099
7.792024000	0.924404323	0.047143340
7.792025000	0.941615880	0.045968578
7.792026000	0.973182797	0.048558502
7.792027000	0.924090803	0.048428032
7.792028000	0.931831121	0.048327286
7.792029000	0.923919857	0.047352506
7.792030000	0.954591811	0.047230625
7.792031000	0.927970171	0.047649969
7.792032000	0.939864635	0.046307769
7.792033000	0.899589241	0.045095536
7.792034000	0.917802632	0.049462196
7.792035000	0.931487381	0.046022099
7.792036000	0.934814751	0.044731685
7.792037000	0.931806862	0.045055671
7.792038000	0.953049779	0.048864770
7.792039000	0.908941567	0.043993803
7.792040000	0.918938041	0.043964895
7.792041000	0.909220934	0.047393161
7.792042000	0.892505646	0.042781648
7.792043000	0.931211710	0.044072016
7.792044000	0.928623140	0.041272722
7.792045000	0.939126968	0.042529855
7.792046000	0.930038571	0.042887051
7.792047000	0.897433758	0.041872499
7.792048000	0.907833278	0.046024309
7.792049000	0.931990743	0.041890787
7.792050000	0.924803495	0.044275781
7.792051000	0.931801915	0.044900072
7.792052000	0.918543041	0.040844053
7.792053000	0.905720770	0.041509061
7.792054000	0.909998357	0.042225726
7.792055000	0.907831073	0.038847577
7.792056000	0.896518290	0.042447808
7.792057000	0.906932414	0.044457509
7.792058000	0.918445587	0.041481143
7.792059000	0.937407315	0.040554526
7.792060000	0.931787252	0.041252848
7.792061000	0.909845352	0.038517952
7.792062000	0.921260118	0.038082546
7.792063000	0.900406718	0.042277354
7.792064000	0.894986331	0.040807438
7.792065000	0.904615402	0.041636235
7.792066000	0.918445826	0.043794120
7.792067000	0.925134480	0.041997497
7.792068000	0.918345034	0.037521959
7.792069000	0.910637975	0.044153426
7.792070000	0.933187723	0.038756555
7.792071000	0.903305113	0.042016514
7.792072000	0.909232259	0.036920842
7.792073000	0.890428960	0.037406686
7.792074000	0.883756638	0.037251357
7.792075000	0.910232365	0.040503871
7.792076000	0.892351031	0.035583236
7.792077000	0.896663606	0.038584211
7.792078000	0.902879894	0.038149533
7.792079000	0.939603269	0.037724160
7.792080000	0.907916486	0.037086561
7.792081000	0.903404593	0.038949201
7.792082000	0.902968168	0.037218575
7.792083000	0.930657446	0.034540598
7.792084000	0.909685612	0.035027979
7.792085000	0.889354587	0.036229440
7.792086000	0.910565495	0.035804287
7.792087000	0.894201398	0.034531803
7.792088000	0.906309962	0.033436514
7.792089000	0.905067265	0.036891173
7.792090000	0.900929749	0.034746458
7.792091000	0.893747687	0.036066508
7.792092000	0.900186419	0.034941335
7.792093000	0.898003876	0.033220939
7.792094000	0.915195048	0.037340148
7.792095000	0.917956948	0.030552706
7.792096000	0.910172582	0.031232761
7.792097000	0.887762308	0.031770501
7.792098000	0.893277526	0.032011875
7.792099000	0.878879189	0.033194797
7.792100000	0.908388615	0.029272895
7.792101000	0.906245291	0.031126361
7.792102000	0.892679930	0.031506192
7.792103000	0.885209858	0.032319661
7.792104000	0.906931460	0.032957465
7.792105000	0.865871847	0.032245781
7.792106000	0.844108522	0.031355878
7.792107000	0.905087173	0.032468342
7.792108000	0.881983101	0.030600166
7.792109000	0.912913978	0.031571336
7.792110000	0.869983196	0.028391476
7.792111000	0.891411960	0.029126985
7.792112000	0.884132266	0.032420379
7.792113000	0.859210491	0.027918694
7.792114000	0.913135886	0.028214236
7.792115000	0.875793815	0.029098343
7.792116000	0.858536243	0.027191199
7.792117000	0.856610775	0.026650478
7.792118000	0.891820192	0.028828852
7.792119000	0.863641322	0.030799088
7.792120000	0.884122372	0.029368504
7.792121000	0.855067194	0.024865540
7.792122000	0.882333696	0.025963792
7.792123000	0.894614697	0.026946446
7.792124000	0.895999670	0.032191788
7.792125000	0.904714227	0.028723385
7.792126000	0.885219991	0.025972306
7.792127000	0.861918092	0.026030113
7.792128000	0.859000266	0.029296274
7.792129000	0.890306652	0.023911571
7.792130000	0.861978769	0.022495688
7.792131000	0.875713646	0.024184228
7.792132000	0.892824531	0.025504295
7.792133000	0.859273136	0.025334100
7.792134000	0.874728382	0.024938617
7.792135000	0.845977008	0.024234495
7.792136000	0.916182876	0.020036854
7.792137000	0.865514874	0.022758867
7.792138000	0.871055126	0.025737344
7.792139000	0.859175146	0.022467272
7.792140000	0.864465714	0.020889430
7.792141000	0.868371606	0.025367032
7.792142000	0.850095630	0.021296660
7.792143000	0.851096869	0.021987073
7.792144000	0.868066251	0.022260213
7.792145000	0.882676005	0.022538977
7.792146000	0.831658840	0.023984458
7.792147000	0.868301153	0.021150174
7.792148000	0.859991729	0.020271583
7.792149000	0.861395478	0.024477440
7.792150000	0.844947100	0.023040043
7.792151000	0.891910195	0.017747110
7.792152000	0.847799718	0.018808194
7.792153000	0.862858593	0.021313965
7.792154000	0.850535393	0.017379783
7.792155000	0.856334865	0.018808425
7.792156000	0.850581646	0.019150808
7.792157000	0.853358746	0.018716436
7.792158000	0.828068197	0.016312177
7.792159000	0.833955705	0.018936309
7.792160000	0.836361468	0.019262253
7.792161000	0.814338684	0.016208854
7.792162000	0.851765931	0.014833705
7.792163000	0.849917293	0.016969139
7.792164000	0.870459795	0.017948844
7.792165000	0.868656099	0.015786989
7.792166000	0.845420599	0.013494997
7.792167000	0.853587627	0.013089576
7.792168000	0.827456057	0.015576737
7.792169000	0.832188904	0.011602866
7.792170000	0.863258123	0.017560397
7.792171000	0.835753262	0.012876934
7.792172000	0.835779309	0.011201230
7.792173000	0.833938062	0.012937579
7.792174000	0.832031429	0.012610874
7.792175000	0.850339353	0.013975230
7.792176000	0.832937539	0.013745342
7.792177000	0.861541748	0.013521673
7.792178000	0.828657866	0.012353575
7.792179000	0.818004429	0.013647585
7.792180000	0.831417441	0.012563411
7.792181000	0.838560760	0.010123737
7.792182000	0.863894880	0.008750194
7.792183000	0.847702801	0.009412082
7.792184000	0.830284894	0.008417019
7.792185000	0.849403918	0.009219098
7.792186000	0.838484347	0.009319726
7.792187000	0.814800858	0.009359151
7.792188000	0.837567389	0.008503043
7.792189000	0.822730660	0.004837844
7.792190000	0.819078684	0.009273080
7.792191000	0.856943011	0.007745006
7.792192000	0.804819047	0.011258896
7.792193000	0.838961124	0.007420136
7.792194000	0.802099347	0.008117758
7.792195000	0.843166351	0.009527940
7.792196000	0.820487976	0.008202379
7.792197000	0.824871004	0.008505605
7.792198000	0.817921340	0.006974588
7.792199000	0.818639100	0.008225763
7.792200000	0.812779844	0.006145021
7.792201000	0.826790214	0.008158650
7.792202000	0.798627794	0.006235668
7.792203000	0.825807214	0.004747337
7.792204000	0.826271951	0.002354186
7.792205000	0.821279407	0.005968228
7.792206000	0.828961670	0.005738133
7.792207000	0.818078816	0.001934978
7.792208000	0.801820576	0.003123013
7.792209000	0.824597478	0.005353169
7.792210000	0.786842287	0.001397084
7.792211000	0.801609159	0.006237178
7.792212000	0.815131307	-0.000082219
7.792213000	0.815632403	0.003716522
7.792214000	0.807006299	0.001241473
7.792215000	0.782851338	0.002561690
7.792216000	0.787955701	0.002202899
7.792217000	0.803827941	0.000525895
7.792218000	0.809092343	-0.000171384
7.792219000	0.772267222	-0.001616559
7.792220000	0.789646387	-0.000263190
7.792221000	0.801242054	-0.000493608
7.792222000	0.792096436	-0.003399667
7.792223000	0.797870874	-0.000981129
7.792224000	0.827375472	-0.004104750
7.792225000	0.813512266	-0.001207167
7.792226000	0.789066017	-0.006234587
7.792227000	0.795613706	-0.001926652
7.792228000	0.779142797	-0.001585258
7.792229000	0.768498421	-0.007306001
7.792230000	0.786221743	-0.004686409
7.792231000	0.781186879	-0.007701287
7.792232000	0.800581932	-0.010805935
7.792233000	0.763901055	-0.006166086
7.792234000	0.781147778	-0.009867656
7.792235000	0.773913562	-0.007744318
7.792236000	0.743529081	-0.005783486
7.792237000	0.788214445	-0.008678678
7.792238000	0.772774637	-0.004320612
7.792239000	0.788532078	-0.005497960
7.792240000	0.729114175	-0.008449285
7.792241000	0.809282541	-0.009213278
7.792242000	0.788841188	-0.007591755
7.792243000	0.792449355	-0.012737467
7.792244000	0.788069665	-0.009841275
7.792245000	0.750549257	-0.009659389
7.792246000	0.769689977	-0.011760655
7.792247000	0.760179877	-0.012212384
7.792248000	0.750395298	-0.012837158
7.792249000	0.783393681	-0.010959313
7.792250000	0.768550336	-0.009543909
7.792251000	0.753564954	-0.010249649
7.792252000	0.746829271	-0.015488902
7.792253000	0.775069058	-0.012538708
7.792254000	0.738777280	-0.014069252
7.792255000	0.745283484	-0.016210119
7.792256000	0.763714314	-0.015923014
7.792257000	0.733740449	-0.017320397
7.792258000	0.722780585	-0.015777625
7.792259000	0.749512672	-0.013843703
7.792260000	0.749919355	-0.019782743
7.792261000	0.749289095	-0.017491992
7.792262000	0.729561567	-0.019205440
7.792263000	0.730835259	-0.019755312
7.792264000	0.753664732	-0.020771627
7.792265000	0.756335020	-0.020936734
7.792266000	0.735415876	-0.022003522
7.792267000	0.715800941	-0.024550036
7.792268000	0.730507076	-0.023073661
7.792269000	0.710784316	-0.024257188
7.792270000	0.716986239	-0.024024711
7.792271000	0.735031545	-0.026424092
7.792272000	0.715062082	-0.024725430
7.792273000	0.738607168	-0.025768193
7.792274000	0.732203007	-0.025664977
7.792275000	0.708585560	-0.027402810
7.792276000	0.715743780	-0.029067586
7.792277000	0.708886802	-0.027256255
7.792278000	0.702479839	-0.029808044
7.792279000	0.693674982	-0.027487039
7.792280000	0.707639694	-0.030200628
7.792281000	0.720862567	-0.032434333
7.792282000	0.737658083	-0.033654458
7.792283000	0.720307648	-0.030118831
7.792284000	0.691867948	-0.026577139
7.792285000	0.697855890	-0.031244391
7.792286000	0.724523246	-0.033870649
7.792287000	0.710250378	-0.032226373
7.792288000	0.683386385	-0.031098323
7.792289000	0.682869792	-0.032371245
7.792290000	0.672547579	-0.032870908
7.792291000	0.729172587	-0.035415965
7.792292000	0.704414308	-0.037324935
7.792293000	0.664016366	-0.035256491
7.792294000	0.695592225	-0.036087298
7.792295000	0.682986677	-0.034539052
7.792296000	0.673472345	-0.037344963
7.792297000	0.679047704	-0.038597872
7.792298000	0.688561201	-0.038020045
7.792299000	0.686222017	-0.036748723
7.792300000	0.698187351	-0.035940387
7.792301000	0.676017523	-0.039834082
7.792302000	0.675233781	-0.037351467
7.792303000	0.686854064	-0.041433310
7.792304000	0.687240303	-0.037997367
7.792305000	0.659429252	-0.044499932
7.792306000	0.686692357	-0.044980812
7.792307000	0.683818936	-0.045437094
7.792308000	0.682903111	-0.043058313
7.792309000	0.645703137	-0.043446423
7.792310000	0.697113276	-0.044670882
7.792311000	0.653886080	-0.043989683
7.792312000	0.655083597	-0.042586767
7.792313000	0.655188560	-0.048170396
7.792314000	0.677949071	-0.044289284
7.792315000	0.650309503	-0.043899310
7.792316000	0.649069428	-0.048025133
7.792317000	0.617789447	-0.046398783
7.792318000	0.660970211	-0.049192513
7.792319000	0.640584171	-0.051842821
7.792320000	0.630497932	-0.050658193
7.792321000	0.655831516	-0.053265727
7.792322000	0.637896359	-0.052278626
7.792323000	0.648693621	-0.049254628
7.792324000	0.652483523	-0.050032637
7.792325000	0.648105979	-0.049829325
7.792326000	0.616740167	-0.050036815
7.792327000	0.646811724	-0.053547460
7.792328000	0.652328432	-0.053405493
7.792329000	0.620393574	-0.054410736
7.792330000	0.623333037	-0.053966280
7.792331000	0.618269265	-0.052089288
7.792332000	0.606864154	-0.057908033
7.792333000	0.591837406	-0.055065537
7.792334000	0.598070145	-0.055976696
7.792335000	0.623474300	-0.056004068
7.792336000	0.601756215	-0.060287218
7.792337000	0.609588921	-0.059839486
7.792338000	0.611615598	-0.062482707
7.792339000	0.616425872	-0.059590393
7.792340000	0.597022593	-0.061146828
7.792341000	0.588212252	-0.060310504
7.792342000	0.600166798	-0.060434703
7.792343000	0.589137077	-0.064339975
7.792344000	0.619160593	-0.064715676
7.792345000	0.620562613	-0.060753941
7.792346000	0.582093894	-0.064702223
7.792347000	0.623807847	-0.058875064
7.792348000	0.603873789	-0.064598093
7.792349000	0.554897666	-0.065269963
7.792350000	0.568716764	-0.066028252
7.792351000	0.578023732	-0.066383788
7.792352000	0.578431010	-0.063418171
7.792353000	0.573675275	-0.069317452
7.792354000	0.544820905	-0.070325779
7.792355000	0.586230218	-0.065143138
7.792356000	0.536223233	-0.071947161
7.792357000	0.575004756	-0.071451988
7.792358000	0.556477427	-0.075127883
7.792359000	0.550987780	-0.072739476
7.792360000	0.544494808	-0.070546130
7.792361000	0.568728745	-0.072695243
7.792362000	0.564216495	-0.075017328
7.792363000	0.563493133	-0.075863131
7.792364000	0.566138983	-0.073309385
7.792365000	0.532460868	-0.074616131
7.792366000	0.531696379	-0.079425492
7.792367000	0.523550689	-0.075898310
7.792368000	0.524430990	-0.080114169
7.792369000	0.543152869	-0.077845264
7.792370000	0.539203882	-0.079321396
7.792371000	0.509761214	-0.076346154
7.792372000	0.528855801	-0.078684268
7.792373000	0.541598320	-0.081553300
7.792374000	0.512192667	-0.076650919
7.792375000	0.511711419	-0.085836104
7.792376000	0.492114723	-0.084793102
7.792377000	0.518514395	-0.082504531
7.792378000	0.483987659	-0.085341538
7.792379000	0.502794743	-0.087052220
7.792380000	0.528124213	-0.085949762
7.792381000	0.479864061	-0.082984765
7.792382000	0.480049789	-0.089450504
7.792383000	0.480411887	-0.087720523
7.792384000	0.492679268	-0.089829347
7.792385000	0.499516636	-0.088661676
7.792386000	0.436296552	-0.091579494
7.792387000	0.489285499	-0.091595364
7.792388000	0.477990180	-0.096996039
7.792389000	0.470668346	-0.090272472
7.792390000	0.474263400	-0.094897409
7.792391000	0.464987457	-0.099232878
7.792392000	0.449797839	-0.098135822
7.792393000	0.437002420	-0.099909579
7.792394000	0.473172367	-0.096980076
7.792395000	0.419656247	-0.100663386
7.792396000	0.457483977	-0.101411868
7.792397000	0.415079325	-0.098638743
7.792398000	0.407850981	-0.101934422
7.792399000	0.431083649	-0.104782564
7.792400000	0.427720547	-0.102374609
7.792401000	0.412905127	-0.107371864
7.792402000	0.427317590	-0.104651778
7.792403000	0.454811990	-0.108258697
7.792404000	0.397009999	-0.106347754
7.792405000	0.411845118	-0.109447806
7.792406000	0.400854319	-0.112088705
7.792407000	0.385286599	-0.112421392
7.792408000	0.377719373	-0.114309998
7.792409000	0.397226661	-0.113124267
7.792410000	0.409876078	-0.112662616
7.792411000	0.410231739	-0.113344103
7.792412000	0.374488860	-0.113659737
7.792413000	0.364353776	-0.113765931
7.792414000	0.394956023	-0.118190457
7.792415000	0.357452363	-0.117509869
7.792416000	0.343876123	-0.121219594
7.792417000	0.328325063	-0.116547120
7.792418000	0.365525156	-0.122972395
7.792419000	0.341540784	-0.122098879
7.792420000	0.335349530	-0.124141698
7.792421000	0.335240602	-0.126889839
7.792422000	0.338523239	-0.125072298
7.792423000	0.331176817	-0.126530795
7.792424000	0.321376055	-0.124906316
7.792425000	0.333409071	-0.130756066
7.792426000	0.323204398	-0.131007177
7.792427000	0.332962394	-0.129095377
7.792428000	0.268626481	-0.131667858
7.792429000	0.289779276	-0.132496550
7.792430000	0.303059816	-0.133707506
7.792431000	0.267808586	-0.134037380
7.792432000	0.274977714	-0.139747913
7.792433000	0.266085863	-0.138919770
7.792434000	0.242836088	-0.138561142
7.792435000	0.239216775	-0.141306379
7.792436000	0.233650938	-0.145555902
7.792437000	0.237620875	-0.141856788
7.792438000	0.246175095	-0.141762861
7.792439000	0.245310351	-0.143012766
7.792440000	0.245112702	-0.146481816
7.792441000	0.239485472	-0.147867675
7.792442000	0.244266033	-0.151350208
7.792443000	0.232073501	-0.149172874
7.792444000	0.169210583	-0.156202088
7.792445000	0.186640769	-0.151033658
7.792446000	0.166225344	-0.155519137
7.792447000	0.175072715	-0.155752729
7.792448000	0.165512174	-0.156829379
7.792449000	0.156760857	-0.157618690
7.792450000	0.187257692	-0.157539677
7.792451000	0.124818698	-0.166481357
7.792452000	0.143595353	-0.167391509
7.792453000	0.132433251	-0.170340444
7.792454000	0.111518674	-0.170663352
7.792455000	0.074465469	-0.172236398
7.792456000	0.095829934	-0.175714353
7.792457000	0.104681164	-0.173434105
7.792458000	0.084690124	-0.175161065
7.792459000	0.006235042	-0.179241910
7.792460000	0.039922744	-0.181636292
7.792461000	0.015323450	-0.183490584
7.792462000	0.002303211	-0.193328800
7.792463000	0.040295806	-0.188298089
7.792464000	0.037212655	-0.183564487
7.792465000	-0.027218997	-0.190409327
7.792466000	-0.007209724	-0.190009320
7.792467000	-0.015568165	-0.189801693
7.792468000	-0.028165575	-0.195013266
7.792469000	0.009420634	-0.195126517
7.792470000	-0.050007857	-0.196221692
7.792471000	-0.060719833	-0.196096757
7.792472000	-0.095036939	-0.203202354
7.792473000	-0.063916728	-0.198051634
7.792474000	-0.076564595	-0.199732954
7.792475000	-0.060750060	-0.202885687
7.792476000	-0.077355742	-0.202104016
7.792477000	-0.122839637	-0.212291473
7.792478000	-0.121742003	-0.210473466
7.792479000	-0.141025662	-0.211413046
7.792480000	-0.158764198	-0.209633255
7.792481000	-0.146880135	-0.218714352
7.792482000	-0.186434239	-0.222203908
7.792483000	-0.166574851	-0.216951023
7.792484000	-0.166631117	-0.218833012
7.792485000	-0.214090735	-0.225150097
7.792486000	-0.228560701	-0.224914357
7.792487000	-0.183032781	-0.223161132
7.792488000	-0.229272306	-0.230154243
7.792489000	-0.264593542	-0.234722280
7.792490000	-0.288214952	-0.235233590
7.792491000	-0.262250423	-0.238063099
7.792492000	-0.292474747	-0.239620749
7.792493000	-0.274508983	-0.236849613
7.792494000	-0.311463922	-0.241799181
7.792495000	-0.345181853	-0.240388005
7.792496000	-0.324846059	-0.244602574
7.792497000	-0.279037535	-0.244305965
7.792498000	-0.346328557	-0.248449710
7.792499000	-0.320222020	-0.246060023
7.792500000	-0.395188242	-0.250041432
7.792501000	-0.394065380	-0.258179519
7.792502000	-0.394517303	-0.260526896
7.792503000	-0.460147798	-0.269494708
7.792504000	-0.505770087	-0.270003239
7.792505000	-0.486385942	-0.268014174
7.792506000	-0.513840795	-0.268979819
7.792507000	-0.515291929	-0.273038627
7.792508000	-0.547238290	-0.271417211
7.792509000	-0.545698285	-0.273492280
7.792510000	-0.535043299	-0.274615534
7.792511000	-0.547341466	-0.282010051
7.792512000	-0.614416957	-0.284368513
7.792513000	-0.580715001	-0.284909434
7.792514000	-0.641731262	-0.284160154
7.792515000	-0.677583277	-0.294843258
7.792516000	-0.691842020	-0.296221877
7.792517000	-0.715787411	-0.297798934
7.792518000	-0.700418651	-0.296513160
7.792519000	-0.762166977	-0.304388793
7.792520000	-0.820701003	-0.312547221
7.792521000	-0.822290421	-0.313245268
7.792522000	-0.833779395	-0.319623905
7.792523000	-0.905549884	-0.318494159
7.792524000	-0.904063702	-0.316413665
7.792525000	-0.924557090	-0.323837492
7.792526000	-0.942255735	-0.325512155
7.792527000	-0.975682914	-0.328808316
7.792528000	-1.003949404	-0.333698079
7.792529000	-1.015109301	-0.331389518
7.792530000	-1.040491581	-0.339972986
7.792531000	-0.982159734	-0.337077498
7.792532000	-1.072628021	-0.344216634
7.792533000	-1.012329578	-0.338964147
7.792534000	-1.056823492	-0.341260991
7.792535000	-1.090419531	-0.347720588
7.792536000	-1.142999887	-0.348609984
7.792537000	-1.148105979	-0.362235881
7.792538000	-1.220376015	-0.359323481
7.792539000	-1.276119828	-0.361635971
7.792540000	-1.203302979	-0.362060445
7.792541000	-1.277594447	-0.368521407
7.792542000	-1.335533500	-0.369487769
7.792543000	-1.366760969	-0.375556314
7.792544000	-1.368065000	-0.380534860
7.792545000	-1.468539596	-0.385431249
7.792546000	-1.531873584	-0.389829759
7.792547000	-1.542550683	-0.386247940
7.792548000	-1.602274060	-0.396692658
7.792549000	-1.707645774	-0.410053038
7.792550000	-1.670867443	-0.400457802
7.792551000	-1.732726693	-0.410014955
7.792552000	-1.725947857	-0.415272435
7.792553000	-1.805332541	-0.421753004
7.792554000	-1.843381643	-0.422407709
7.792555000	-1.898798823	-0.426549956
7.792556000	-1.957773924	-0.430538173
7.792557000	-1.962118626	-0.436578256
7.792558000	-2.048822403	-0.438034872
7.792559000	-2.130136251	-0.446209145
7.792560000	-2.235632181	-0.449853282
7.792561000	-2.284022570	-0.460654997
7.792562000	-2.335649252	-0.461024776
7.792563000	-2.426737785	-0.468742617
7.792564000	-2.503383160	-0.474762926
7.792565000	-2.504657984	-0.472046069
7.792566000	-2.515708685	-0.481220126
7.792567000	-2.543491125	-0.475458610
7.792568000	-2.704722166	-0.492858739
7.792569000	-2.874818802	-0.502590829
7.792570000	-2.900752068	-0.506238527
7.792571000	-3.020574331	-0.512061962
7.792572000	-3.043775320	-0.509050959
7.792573000	-3.064846754	-0.517395974
7.792574000	-3.312536478	-0.528810083
7.792575000	-3.362276793	-0.531998752
7.792576000	-3.459299088	-0.540527825
7.792577000	-3.454628706	-0.540464641
7.792578000	-3.701007366	-0.548749170
7.792579000	-3.846736431	-0.561096483
7.792580000	-3.937506437	-0.564149664
7.792581000	-4.098974705	-0.569420193
7.792582000	-4.258272648	-0.570194174
7.792583000	-4.336667061	-0.585906425
7.792584000	-4.405305386	-0.586861035
7.792585000	-4.613258839	-0.593852499
7.792586000	-4.719039917	-0.594750450
7.792587000	-4.996123791	-0.603208583
7.792588000	-5.051305771	-0.610701387
7.792589000	-5.223888397	-0.611896614
7.792590000	-5.355835438	-0.614603118
7.792591000	-5.844027042	-0.628747166
7.792592000	-5.956340313	-0.635539892
7.792593000	-6.100945950	-0.642787418
7.792594000	-6.522714138	-0.642867380
7.792595000	-6.676883221	-0.648546771
7.792596000	-6.833592415	-0.652733659
7.792597000	-7.359364033	-0.666026628
7.792598000	-7.538079262	-0.665355911
7.792599000	-7.720355034	-0.657187530
7.792600000	-7.572921753	-0.663314465
7.792601000	-8.025407791	-0.662006720
7.792602000	-8.147746086	-0.664405096
7.792603000	-9.085096359	-0.653042652
7.792604000	-9.303908348	-0.656781664
7.792605000	-9.535103798	-0.657502715
7.792606000	-10.026216507	-0.639589694
7.792607000	-10.305805206	-0.633588793
7.792608000	-10.554953575	-0.624709481
7.792609000	-11.226851463	-0.599482222
7.792610000	-12.536864281	-0.548528693
7.792611000	-12.366806984	-0.581435511
7.792612000	-13.180811882	-0.517814157
7.792613000	-13.261469841	-0.514727486
7.792614000	-13.405551910	-0.499700034
7.792615000	-14.763162613	-0.384662727
7.792616000	-15.274099350	-0.321783230
7.792617000	-15.645154953	-0.296721419
7.792618000	-16.134611130	-0.211166803
7.792619000	-16.163887024	-0.199783737
7.792620000	-16.361547470	-0.232168558
7.792621000	-17.200969696	-0.041336829
7.792622000	-17.361778259	0.100507766
7.792623000	-17.555294037	0.230387253
7.792624000	-17.589328766	0.374619580
7.792625000	-17.433998108	0.475048250
7.792626000	-16.836465836	0.614079674
7.792627000	-16.257596970	0.691948839
7.792628000	-15.549296379	0.776439556
7.792629000	-15.255396843	0.843121381
7.792630000	-14.524431229	0.928036272
7.792631000	-14.949648857	0.896155837
7.792632000	-14.204157829	0.951405777
7.792633000	-13.591215134	0.999418510
7.792634000	-12.900561333	1.030451994
7.792635000	-12.674064636	1.066026100
7.792636000	-11.881704330	1.100586208
7.792637000	-11.458038330	1.117018045
7.792638000	-11.129712105	1.120446332
7.792639000	-10.645911217	1.129779913
7.792640000	-10.118732452	1.141924993
7.792641000	-9.996521950	1.152203463
7.792642000	-9.426494598	1.159798399
7.792643000	-9.622027397	1.159957390
7.792644000	-8.947002411	1.168578308
7.792645000	-9.171624184	1.156707800
7.792646000	-8.421678543	1.172846424
7.792647000	-8.286737442	1.161873534
7.792648000	-7.962859631	1.170776082
7.792649000	-7.682315350	1.168711333
7.792650000	-7.538301945	1.164075302
7.792651000	-7.406535625	1.170944793
7.792652000	-6.942209721	1.166503040
7.792653000	-7.066297054	1.168375509
7.792654000	-6.617383957	1.163171559
7.792655000	-6.501812458	1.158303167
7.792656000	-6.303027153	1.154406430
7.792657000	-5.849314213	1.146648242
7.792658000	-5.836682796	1.140295937
7.792659000	-5.701615334	1.143883348
7.792660000	-5.475389004	1.131092851
7.792661000	-5.268216133	1.125801017
7.792662000	-5.270192623	1.122780327
7.792663000	-5.061280727	1.128831694
7.792664000	-4.869674206	1.114945440
7.792665000	-4.512036800	1.095885795
7.792666000	-4.527461529	1.102179311
7.792667000	-4.312790871	1.092499719
7.792668000	-4.284564972	1.094066723
7.792669000	-4.194481850	1.080822357
7.792670000	-4.040219307	1.078007462
7.792671000	-4.049684525	1.077721239
7.792672000	-4.011747360	1.078119515
7.792673000	-3.724458694	1.062260790
7.792674000	-3.609129906	1.063759550
7.792675000	-3.559291124	1.045829685
7.792676000	-3.437147379	1.047060398
7.792677000	-3.428833246	1.043005736
7.792678000	-3.261298895	1.031140820
7.792679000	-3.188192606	1.037542460
7.792680000	-3.081930637	1.026906727
7.792681000	-2.989617586	1.020025718
7.792682000	-2.861088037	1.013817690
7.792683000	-2.758889437	1.013207693
7.792684000	-2.636243582	1.002637606
7.792685000	-2.610923290	0.997580863
7.792686000	-2.465966463	0.985997643
7.792687000	-2.461361647	0.985351560
7.792688000	-2.357161283	0.978561765
7.792689000	-2.256070852	0.968872585
7.792690000	-2.203574657	0.963504918
7.792691000	-2.130822182	0.959719301
7.792692000	-2.061558962	0.957213732
7.792693000	-2.067319870	0.951543729
7.792694000	-1.978014231	0.952828438
7.792695000	-1.874756217	0.941052672
7.792696000	-1.864063382	0.936366973
7.792697000	-1.837312222	0.931286794
7.792698000	-1.733993173	0.921301471
7.792699000	-1.698056221	0.919123138
7.792700000	-1.601686954	0.908738142
7.792701000	-1.671800733	0.916859185
7.792702000	-1.565774798	0.911260155
7.792703000	-1.515761375	0.903768284
7.792704000	-1.432417393	0.901598273
7.792705000	-1.358415365	0.886960608
7.792706000	-1.282419443	0.883949705
7.792707000	-1.210545063	0.873379086
7.792708000	-1.245512366	0.873495466
7.792709000	-1.088963032	0.859884848
7.792710000	-1.122772455	0.860331128
7.792711000	-1.115115166	0.856033984
7.792712000	-0.973782718	0.848513883
7.792713000	-0.986590087	0.849538534
7.792714000	-0.989283979	0.841905382
7.792715000	-0.951016188	0.840880997
7.792716000	-0.913310647	0.835946226
7.792717000	-0.889483809	0.837249244
7.792718000	-0.857830763	0.827806474
7.792719000	-0.743202984	0.819323706
7.792720000	-0.714459836	0.811841822
7.792721000	-0.687073767	0.809116809
7.792722000	-0.611805022	0.799127691
7.792723000	-0.597482502	0.797059480
7.792724000	-0.525223613	0.789360814
7.792725000	-0.577653766	0.791421901
7.792726000	-0.489305288	0.784329836
7.792727000	-0.502200723	0.786039453
7.792728000	-0.477734566	0.780753744
7.792729000	-0.451084107	0.774703841
7.792730000	-0.329422206	0.764662525
7.792731000	-0.324466765	0.759051977
7.792732000	-0.313648552	0.755313564
7.792733000	-0.294950128	0.755119553
7.792734000	-0.236784190	0.740737418
7.792735000	-0.216962948	0.739064553
7.792736000	-0.125240833	0.731390521
7.792737000	-0.226246521	0.739157032
7.792738000	-0.157925487	0.730403021
7.792739000	-0.124910802	0.726498761
7.792740000	-0.116899975	0.727363090
7.792741000	-0.126760617	0.729250871
7.792742000	-0.108697347	0.718745100
7.792743000	-0.080396540	0.712941739
7.792744000	-0.055276167	0.711173334
7.792745000	0.008130701	0.707365413
7.792746000	-0.000040656	0.699668478
7.792747000	0.036563780	0.698991303
7.792748000	0.058191124	0.699828600
7.792749000	0.118925750	0.692597785
7.792750000	0.110044524	0.689162773
7.792751000	0.145397246	0.684452906
7.792752000	0.093575627	0.678954944
7.792753000	0.154422954	0.674070906
7.792754000	0.153857306	0.668648310
7.792755000	0.230326056	0.665111300
7.792756000	0.204408258	0.664010016
7.792757000	0.223613292	0.661434406
7.792758000	0.270715058	0.651442825
7.792759000	0.234526590	0.655763870
7.792760000	0.289649904	0.650149727
7.792761000	0.311785996	0.644613548
7.792762000	0.303516477	0.644599367
7.792763000	0.324340403	0.645484002
7.792764000	0.373532861	0.636432250
7.792765000	0.386758626	0.636206414
7.792766000	0.364798546	0.632601160
7.792767000	0.360962570	0.628737845
7.792768000	0.411053598	0.623331495
7.792769000	0.412028968	0.622851460
7.792770000	0.451389641	0.621253364
7.792771000	0.393973649	0.617780003
7.792772000	0.412750542	0.618536074
7.792773000	0.441639870	0.610714170
7.792774000	0.484220415	0.604223048
7.792775000	0.481989890	0.603593277
7.792776000	0.489071727	0.603196466
7.792777000	0.530530155	0.599520838
7.792778000	0.534057498	0.595311845
7.792779000	0.536755383	0.592184228
7.792780000	0.522029400	0.591587015
7.792781000	0.530691445	0.588272644
7.792782000	0.556068540	0.581574461
7.792783000	0.564868569	0.586331200
7.792784000	0.585295081	0.579776761
7.792785000	0.607590556	0.576342481
7.792786000	0.620036900	0.574931072
7.792787000	0.620320857	0.577731120
7.792788000	0.626473248	0.572275102
7.792789000	0.637472391	0.565387568
7.792790000	0.657513440	0.567241528
7.792791000	0.627150595	0.566799842
7.792792000	0.628252566	0.555382072
7.792793000	0.664662659	0.555556709
7.792794000	0.698503852	0.557372385
7.792795000	0.693414450	0.548459285
7.792796000	0.708001614	0.552159680
7.792797000	0.703980625	0.546568939
7.792798000	0.703583658	0.545417189
7.792799000	0.739423633	0.544237009
7.792800000	0.736670673	0.536778460
7.792801000	0.757506371	0.537182229
7.792802000	0.759473979	0.533307263
7.792803000	0.770219564	0.528581983
7.792804000	0.789390326	0.526902161
7.792805000	0.761468351	0.529697248
7.792806000	0.747842789	0.530398791
7.792807000	0.765224636	0.524807385
7.792808000	0.772846103	0.525113715
7.792809000	0.782930911	0.520080806
7.792810000	0.808386564	0.517214080
7.792811000	0.817437530	0.518424087
7.792812000	0.808785141	0.516748360
7.792813000	0.793602526	0.510337165
7.792814000	0.814331710	0.509363847
7.792815000	0.791424692	0.513272901
7.792816000	0.829290450	0.505482090
7.792817000	0.821209192	0.505739451
7.792818000	0.844017982	0.502065121
7.792819000	0.853067696	0.501530291
7.792820000	0.863297701	0.497024556
7.792821000	0.842063308	0.500042150
7.792822000	0.858570695	0.496281201
7.792823000	0.852199197	0.491076718
7.792824000	0.856935918	0.486886268
7.792825000	0.874637067	0.491741144
7.792826000	0.834302962	0.489499029
7.792827000	0.907154143	0.486205064
7.792828000	0.886310220	0.481521829
7.792829000	0.878200650	0.481338670
7.792830000	0.918348670	0.480222040
7.792831000	0.895548999	0.475844635
7.792832000	0.917909801	0.473431179
7.792833000	0.925517499	0.470529565
7.792834000	0.951434314	0.464732762
7.792835000	0.925808847	0.469301948
7.792836000	0.896672249	0.468615285
7.792837000	0.944109678	0.464944384
7.792838000	0.927439630	0.467000277
7.792839000	0.942033350	0.464385320
7.792840000	0.956297576	0.460868649
7.792841000	0.941609561	0.460277593
7.792842000	0.943380892	0.455344720
7.792843000	0.943969607	0.459238894
7.792844000	0.946918309	0.454897742
7.792845000	0.932422757	0.456021329
7.792846000	0.926902533	0.450986523
7.792847000	0.974095583	0.450377758
7.792848000	0.982084572	0.450254254
7.792849000	0.992537379	0.444874435
7.792850000	0.978466570	0.446055215
7.792851000	0.963172734	0.443067880
7.792852000	0.998240530	0.439215551
7.792853000	0.977477610	0.443075204
7.792854000	0.947060585	0.440935420
7.792855000	1.002985001	0.437548013
7.792856000	0.979989052	0.440219929
7.792857000	1.018516541	0.434885085
7.792858000	0.979110897	0.435447544
7.792859000	0.998887718	0.434090797
7.792860000	0.974547148	0.432482015
7.792861000	1.021182418	0.431594483
7.792862000	1.042859077	0.429123469
7.792863000	1.006235719	0.428831586
7.792864000	1.009665489	0.427385224
7.792865000	0.978704453	0.423592782
7.792866000	1.000294805	0.425859831
7.792867000	1.023331165	0.422343960
7.792868000	1.007472396	0.427577570
7.792869000	1.017006159	0.420025511
7.792870000	0.999994695	0.419946249
7.792871000	1.063791156	0.415636356
7.792872000	1.026512623	0.413711123
7.792873000	1.023740411	0.412912707
7.792874000	1.043129444	0.411283319
7.792875000	1.024457455	0.412985512
7.792876000	1.011857867	0.411963224
7.792877000	1.031311750	0.412579846
7.792878000	1.044213891	0.410032099
7.792879000	1.044378281	0.409633391
7.792880000	1.060765266	0.403500930
7.792881000	1.021867633	0.407920046
7.792882000	1.053413630	0.405235014
7.792883000	1.079270244	0.400555540
7.792884000	1.065489292	0.398563729
7.792885000	1.047137022	0.399682822
7.792886000	1.064959407	0.399029149
7.792887000	1.079512358	0.397752363
7.792888000	1.058232188	0.396934606
7.792889000	1.065326691	0.393871305
7.792890000	1.070459008	0.394671818
7.792891000	1.055983663	0.392149239
7.792892000	1.072149992	0.395234178
7.792893000	1.073082924	0.389801629
7.792894000	1.048248529	0.390672150
7.792895000	1.061061502	0.390154897
7.792896000	1.082308054	0.389325988
7.792897000	1.072759390	0.388193146
7.792898000	1.072479010	0.387307113
7.792899000	1.103253245	0.385541037
7.792900000	1.092900157	0.383568367
7.792901000	1.088690758	0.384573611
7.792902000	1.076659203	0.380815757
7.792903000	1.095672131	0.380981772
7.792904000	1.080084205	0.378402634
7.792905000	1.070474625	0.373828754
7.792906000	1.059265494	0.374035782
7.792907000	1.105591416	0.375803788
7.792908000	1.102856278	0.372843485
7.792909000	1.102321386	0.374481595
7.792910000	1.112060547	0.376352666
7.792911000	1.095731974	0.369786043
7.792912000	1.115655899	0.372982602
7.792913000	1.103192568	0.369670595
7.792914000	1.084634304	0.369591266
7.792915000	1.075203180	0.368278194
7.792916000	1.084364772	0.371620794
7.792917000	1.104526401	0.364611487
7.792918000	1.117640495	0.365995632
7.792919000	1.116493583	0.366507791
7.792920000	1.088628292	0.369136864
7.792921000	1.116677642	0.365383971
7.792922000	1.125022054	0.361687569
7.792923000	1.084483981	0.362663884
7.792924000	1.101506352	0.361199013
7.792925000	1.083660722	0.364411018
7.792926000	1.106211901	0.360791449
7.792927000	1.127127647	0.356950605
7.792928000	1.087394357	0.356785322
7.792929000	1.135813355	0.351649583
7.792930000	1.114002943	0.354241438
7.792931000	1.111335158	0.354840649
7.792932000	1.147609115	0.355552778
7.792933000	1.105028272	0.354694475
7.792934000	1.112237453	0.353592925
7.792935000	1.091139674	0.349926651
7.792936000	1.108751774	0.347676879
7.792937000	1.132849932	0.349489293
7.792938000	1.142004371	0.346716809
7.792939000	1.138803244	0.348313474
7.792940000	1.123456597	0.346711683
7.792941000	1.107543945	0.342356915
7.792942000	1.109423161	0.345754176
7.792943000	1.113490462	0.346885887
7.792944000	1.149798036	0.342164535
7.792945000	1.106456518	0.343916162
7.792946000	1.132961273	0.344618704
7.792947000	1.138990521	0.341516055
7.792948000	1.140738249	0.340532250
7.792949000	1.148525357	0.340511045
7.792950000	1.140333772	0.340649629
7.792951000	1.128281116	0.338525425
7.792952000	1.141852617	0.336010802
7.792953000	1.116798162	0.337909170
7.792954000	1.118060589	0.336185072
7.792955000	1.133815885	0.335676775
7.792956000	1.146161199	0.332970570
7.792957000	1.130921364	0.330008503
7.792958000	1.138178945	0.331481131
7.792959000	1.136563420	0.331776109
7.792960000	1.149009585	0.327490983
7.792961000	1.136524320	0.332313635
7.792962000	1.146291375	0.331223071
7.792963000	1.130225778	0.326806018
7.792964000	1.141274333	0.327659861
7.792965000	1.142537117	0.325678835
7.792966000	1.151696920	0.330608346
7.792967000	1.134366989	0.328544430
7.792968000	1.144847274	0.325658063
7.792969000	1.154800415	0.325507394
7.792970000	1.144880295	0.324849593
7.792971000	1.167606711	0.321309853
7.792972000	1.161616564	0.325700374
7.792973000	1.112641096	0.324147518
7.792974000	1.152391672	0.320211099
7.792975000	1.150389314	0.323626503
7.792976000	1.133747578	0.322036630
7.792977000	1.122837067	0.318767133
7.792978000	1.149615765	0.314688136
7.792979000	1.101441622	0.318673124
7.792980000	1.140240312	0.312340659
7.792981000	1.178217649	0.316662171
7.792982000	1.153329015	0.317603565
7.792983000	1.166075230	0.313170134
7.792984000	1.162351251	0.311102389
7.792985000	1.163029552	0.317336849
7.792986000	1.172364712	0.313043834
7.792987000	1.162734032	0.313839886
7.792988000	1.180052400	0.311748705
7.792989000	1.161774755	0.312555543
7.792990000	1.164056540	0.309011009
7.792991000	1.164774537	0.310434002
7.792992000	1.146307468	0.306379972
7.792993000	1.145505667	0.311901970
7.792994000	1.143542528	0.311273830
7.792995000	1.143024921	0.310622155
7.792996000	1.130659938	0.309719210
7.792997000	1.156748056	0.307902235
7.792998000	1.157399893	0.309959993
7.792999000	1.155151486	0.308843496
7.793000000	1.142186999	0.306320251
7.793001000	1.161783099	0.303689514
7.793002000	1.169498801	0.305059943
7.793003000	1.161941051	0.305259847
7.793004000	1.169156194	0.304054000
7.793005000	1.162980795	0.304356469
7.793006000	1.153725266	0.305048325
7.793007000	1.197003007	0.305074857
7.793008000	1.148874402	0.298626478
7.793009000	1.173387289	0.299889482
7.793010000	1.180590034	0.302444785
7.793011000	1.159165382	0.301125156
7.793012000	1.193549037	0.301379354
7.793013000	1.163253427	0.299139470
7.793014000	1.149616003	0.297897405
7.793015000	1.127435803	0.296437626
7.793016000	1.165175557	0.299559583
7.793017000	1.183695436	0.297224124
7.793018000	1.164218426	0.300180033
7.793019000	1.174214602	0.294489457
7.793020000	1.144243121	0.296952615
7.793021000	1.197724581	0.292156029
7.793022000	1.158769727	0.296653375
7.793023000	1.192930937	0.292222208
7.793024000	1.177826762	0.293425824
7.793025000	1.156851530	0.290479203
7.793026000	1.158208489	0.292769887
7.793027000	1.169144034	0.292543951
7.793028000	1.183492303	0.294515889
7.793029000	1.175894499	0.292153665
7.793030000	1.142341375	0.290291416
7.793031000	1.179341793	0.292973253
7.793032000	1.184760809	0.291753825
7.793033000	1.182568431	0.290819588
7.793034000	1.170220494	0.288569883
7.793035000	1.169427514	0.287828991
7.793036000	1.169692039	0.288193678
7.793037000	1.181808114	0.288862464
7.793038000	1.158915281	0.284883235
7.793039000	1.156452060	0.287277717
7.793040000	1.155717254	0.286122471
7.793041000	1.149243832	0.285807885
7.793042000	1.155686021	0.282673078
7.793043000	1.176332474	0.280693517
7.793044000	1.193881154	0.285698529
7.793045000	1.203783751	0.281739008
7.793046000	1.184230566	0.284660928
7.793047000	1.165696263	0.280011315
7.793048000	1.187725067	0.282116311
7.793049000	1.165551424	0.282320675
7.793050000	1.171994448	0.279390965
7.793051000	1.138611317	0.278946966
7.793052000	1.186362267	0.278665453
7.793053000	1.171388268	0.278584510
7.793054000	1.177039862	0.280233056
7.793055000	1.187348366	0.277658795
7.793056000	1.165170431	0.280769584
7.793057000	1.187810063	0.274792951
7.793058000	1.174067378	0.278170388
7.793059000	1.170069218	0.279634478
7.793060000	1.154381275	0.276036630
7.793061000	1.183606029	0.275621893
7.793062000	1.180196047	0.275054307
7.793063000	1.180182815	0.274888725
7.793064000	1.165064931	0.275319874
7.793065000	1.169645309	0.272875791
7.793066000	1.191874266	0.272653251
7.793067000	1.188183665	0.271579564
7.793068000	1.156683922	0.273854802
7.793069000	1.194647431	0.272040374
7.793070000	1.184787750	0.275640518
7.793071000	1.174358368	0.274054739
7.793072000	1.169735074	0.273086996
7.793073000	1.155017376	0.271386901
7.793074000	1.169296861	0.269731996
7.793075000	1.173894525	0.268425466
7.793076000	1.174243689	0.266696808
7.793077000	1.174088240	0.265927221
7.793078000	1.198114038	0.267833795
7.793079000	1.148602247	0.269004204
7.793080000	1.154047012	0.266930167
7.793081000	1.188743949	0.270255890
7.793082000	1.136180639	0.267296618
7.793083000	1.187117219	0.267654514
7.793084000	1.176977396	0.267484438
7.793085000	1.169925690	0.266484437
7.793086000	1.176285028	0.267547288
7.793087000	1.162598848	0.268184067
7.793088000	1.178876638	0.264679347
7.793089000	1.187805653	0.264859643
7.793090000	1.185234547	0.261971661
7.793091000	1.167338252	0.265322067
7.793092000	1.161425710	0.261623652
7.793093000	1.183040857	0.261235097
7.793094000	1.153717160	0.262450631
7.793095000	1.166092634	0.259337012
7.793096000	1.178301573	0.267202526
7.793097000	1.159657955	0.258728563
7.793098000	1.205390334	0.263870695
7.793099000	1.161426663	0.263290592
7.793100000	1.146174669	0.262719194
7.793101000	1.176573277	0.262281786
7.793102000	1.159894347	0.263022628
7.793103000	1.173917413	0.257963936
7.793104000	1.193184137	0.259509186
7.793105000	1.185958743	0.257885823
7.793106000	1.172248483	0.260302075
7.793107000	1.170094967	0.256602861
7.793108000	1.178715229	0.255801317
7.793109000	1.199615121	0.255369252
7.793110000	1.174526691	0.258429740
7.793111000	1.169654608	0.255862985
7.793112000	1.188103080	0.257252273
7.793113000	1.173932552	0.258176573
7.793114000	1.153355360	0.256441957
7.793115000	1.176475048	0.254787534
7.793116000	1.173182130	0.255886321
7.793117000	1.190682888	0.252711983
7.793118000	1.162923336	0.256116219
7.793119000	1.169668317	0.257253555
7.793120000	1.176224709	0.253776499
7.793121000	1.168825865	0.252232348
7.793122000	1.176995754	0.250068430
7.793123000	1.172405720	0.254321464
7.793124000	1.156252623	0.251830760
7.793125000	1.178646088	0.252113338
7.793126000	1.177809596	0.251133378
7.793127000	1.159248948	0.251328770
7.793128000	1.169937372	0.249479155
7.793129000	1.193762064	0.253253321
7.793130000	1.176040411	0.248876881
7.793131000	1.182519317	0.250782340
7.793132000	1.175358415	0.249081911
7.793133000	1.176188827	0.249774783
7.793134000	1.190270185	0.249156114
7.793135000	1.162112713	0.246576576
7.793136000	1.169708490	0.247632919
7.793137000	1.125924587	0.248769689
7.793138000	1.166775227	0.247319032
7.793139000	1.184717417	0.249983791
7.793140000	1.171431661	0.245225022
7.793141000	1.172766209	0.250649032
7.793142000	1.177261710	0.244507017
7.793143000	1.181177378	0.243615557
7.793144000	1.183031797	0.248351356
7.793145000	1.159986138	0.244589958
7.793146000	1.154197454	0.245237389
7.793147000	1.168377638	0.245428054
7.793148000	1.163254499	0.245497180
7.793149000	1.128990293	0.245543236
7.793150000	1.179048181	0.242138917
7.793151000	1.158296704	0.242387823
7.793152000	1.206142426	0.240730055
7.793153000	1.168292284	0.245069077
7.793154000	1.217871547	0.243653324
7.793155000	1.170132160	0.240893074
7.793156000	1.204624057	0.240237270
7.793157000	1.182378411	0.241813346
7.793158000	1.155695438	0.241119176
7.793159000	1.156456232	0.242011235
7.793160000	1.176206827	0.240492235
7.793161000	1.136179209	0.241086636
7.793162000	1.171657801	0.241240949
7.793163000	1.155380607	0.240157026
7.793164000	1.191435337	0.239068126
7.793165000	1.165324688	0.240425672
7.793166000	1.162034273	0.239375005
7.793167000	1.187548041	0.241208176
7.793168000	1.168740630	0.238276751
7.793169000	1.188464403	0.240331513
7.793170000	1.169052601	0.238966177
7.793171000	1.173947453	0.237187135
7.793172000	1.175381899	0.239872035
7.793173000	1.189453602	0.234378549
7.793174000	1.152583122	0.238966427
7.793175000	1.166290045	0.239781604
7.793176000	1.152215123	0.236791373
7.793177000	1.181359768	0.237306928
7.793178000	1.178557754	0.235172338
7.793179000	1.161670327	0.235462289
7.793180000	1.180040479	0.236248055
7.793181000	1.179962039	0.235600124
7.793182000	1.177633166	0.236387704
7.793183000	1.185484290	0.232843952
7.793184000	1.149653673	0.234882735
7.793185000	1.149199724	0.233802541
7.793186000	1.161763549	0.236752907
7.793187000	1.152138591	0.233639006
7.793188000	1.179878235	0.232095654
7.793189000	1.172726393	0.231888327
7.793190000	1.160342932	0.230393778
7.793191000	1.171048045	0.235066577
7.793192000	1.190775752	0.232006139
7.793193000	1.182640910	0.232357759
7.793194000	1.174625039	0.231930788
7.793195000	1.183282852	0.228108952
7.793196000	1.169171572	0.230810180
7.793197000	1.176953554	0.233761528
7.793198000	1.166935205	0.229696745
7.793199000	1.179635286	0.233812111
7.793200000	1.173272729	0.229451585
7.793201000	1.146272779	0.230492098
7.793202000	1.184432507	0.228528733
7.793203000	1.192362905	0.232148967
7.793204000	1.160103917	0.232885914
7.793205000	1.157733321	0.235547943
7.793206000	1.160060525	0.228835429
7.793207000	1.162098765	0.230558145
7.793208000	1.178199053	0.225345040
7.793209000	1.166357994	0.225671161
7.793210000	1.191855907	0.226478565
7.793211000	1.184107780	0.226567248
7.793212000	1.155722260	0.228035199
7.793213000	1.170913577	0.228583278
7.793214000	1.172813535	0.222748258
7.793215000	1.206453919	0.227777954
7.793216000	1.200245738	0.224839872
7.793217000	1.169724464	0.225690718
7.793218000	1.148750067	0.226163596
7.793219000	1.177736640	0.223972464
7.793220000	1.164327383	0.222653217
7.793221000	1.185423255	0.223857132
7.793222000	1.184149981	0.227633727
7.793223000	1.178408742	0.224596209
7.793224000	1.186715126	0.223586472
7.793225000	1.175741792	0.222885112
7.793226000	1.179738998	0.226871547
7.793227000	1.159644127	0.225546175
7.793228000	1.175291061	0.224570360
7.793229000	1.156928301	0.225583876
7.793230000	1.163431883	0.221554413
7.793231000	1.191525578	0.224709959
7.793232000	1.161409140	0.225573190
7.793233000	1.133030176	0.223960995
7.793234000	1.148759723	0.226154025
7.793235000	1.173794031	0.224357224
7.793236000	1.140010118	0.222133135
7.793237000	1.197581291	0.221164859
7.793238000	1.169953585	0.220350648
7.793239000	1.174826622	0.221034747
7.793240000	1.179407477	0.222298617
7.793241000	1.173105478	0.220175428
7.793242000	1.179089665	0.216403044
7.793243000	1.154299259	0.220622690
7.793244000	1.186958671	0.216953236
7.793245000	1.181509852	0.222656396
7.793246000	1.171687722	0.220269721
7.793247000	1.182449222	0.219701419
7.793248000	1.176731467	0.217430725
7.793249000	1.141108394	0.220813888
7.793250000	1.177665114	0.220595842
7.793251000	1.172133803	0.218397485
7.793252000	1.162364364	0.217823641
7.793253000	1.142502904	0.220075260
7.793254000	1.178402424	0.217800821
7.793255000	1.187002778	0.218723656
7.793256000	1.130559683	0.217390777
7.793257000	1.148403645	0.217159415
7.793258000	1.165657640	0.216113242
7.793259000	1.182201743	0.214811306
7.793260000	1.176240563	0.219492511
7.793261000	1.186931014	0.221325631
7.793262000	1.169722080	0.217741515
7.793263000	1.179537892	0.216893648
7.793264000	1.153217554	0.213966335
7.793265000	1.173712850	0.217678232
7.793266000	1.165969491	0.216284983
7.793267000	1.188510180	0.213536567
7.793268000	1.165026188	0.216020281
7.793269000	1.140371203	0.213715132
7.793270000	1.150222063	0.213648487
7.793271000	1.166017413	0.214371035
7.793272000	1.156282663	0.211617360
7.793273000	1.179121614	0.214367773
7.793274000	1.177275300	0.214997927
7.793275000	1.169293165	0.211677181
7.793276000	1.153344750	0.211691596
7.793277000	1.177887559	0.215973293
7.793278000	1.209794283	0.212214940
7.793279000	1.166343808	0.213398882
7.793280000	1.157906055	0.212599218
7.793281000	1.183790326	0.210983927
7.793282000	1.178432822	0.211705211
7.793283000	1.159392834	0.209311778
7.793284000	1.170670509	0.216884028
7.793285000	1.177461505	0.212420736
7.793286000	1.186156869	0.210965868
7.793287000	1.167379975	0.212165472
7.793288000	1.165096998	0.211027736
7.793289000	1.157278419	0.211809574
7.793290000	1.141129732	0.207952601
7.793291000	1.167659998	0.210568158
7.793292000	1.172471166	0.210821674
7.793293000	1.157240391	0.208249327
7.793294000	1.153271437	0.204270681
7.793295000	1.153100967	0.209329738
7.793296000	1.166883588	0.211895511
7.793297000	1.152069688	0.206600497
7.793298000	1.183440089	0.209966250
7.793299000	1.154049397	0.207279620
7.793300000	1.159836292	0.210102354
7.793301000	1.154800057	0.207077852
7.793302000	1.197477937	0.204966182
7.793303000	1.149858475	0.208110426
7.793304000	1.147557735	0.214074576
7.793305000	1.171932578	0.208164522
7.793306000	1.145107031	0.208114538
7.793307000	1.146328092	0.206470119
7.793308000	1.152591348	0.206395800
7.793309000	1.135928154	0.208283282
7.793310000	1.153311253	0.206479923
7.793311000	1.152230978	0.206698735
7.793312000	1.144631147	0.204660434
7.793313000	1.155625939	0.208445202
7.793314000	1.176134229	0.212004567
7.793315000	1.156109929	0.205008143
7.793316000	1.185445428	0.207911455
7.793317000	1.140211582	0.204017614
7.793318000	1.160575271	0.204223077
7.793319000	1.157674193	0.205987704
7.793320000	1.151960492	0.205359131
7.793321000	1.152436018	0.206408733
7.793322000	1.156740546	0.204401459
7.793323000	1.161535144	0.204245963
7.793324000	1.164713502	0.200519735
7.793325000	1.143981695	0.207172128
7.793326000	1.148436427	0.203525262
7.793327000	1.195673466	0.207164388
7.793328000	1.159367919	0.206326907
7.793329000	1.175843477	0.203665710
7.793330000	1.157378078	0.202424744
7.793331000	1.161840200	0.206720023
7.793332000	1.168769956	0.199903063
7.793333000	1.165471315	0.201972672
7.793334000	1.143115759	0.201169446
7.793335000	1.150634170	0.200701146
7.793336000	1.147197127	0.202176188
7.793337000	1.181246400	0.202483650
7.793338000	1.161802053	0.199364938
7.793339000	1.169298172	0.202522865
7.793340000	1.183429003	0.201101968
7.793341000	1.164763331	0.199968843
7.793342000	1.163371086	0.199403920
7.793343000	1.170366645	0.199786134
7.793344000	1.155523896	0.199960970
7.793345000	1.143218279	0.201168215
7.793346000	1.148039103	0.200633885
7.793347000	1.199773192	0.201621618
7.793348000	1.179418325	0.198673449
7.793349000	1.154715896	0.198106295
7.793350000	1.166764855	0.201947622
7.793351000	1.138880014	0.198619786
7.793352000	1.178066850	0.199775498
7.793353000	1.155125499	0.193664841
7.793354000	1.155145288	0.198142531
7.793355000	1.179573298	0.202796371
7.793356000	1.164186239	0.198072323
7.793357000	1.170128226	0.200122774
7.793358000	1.165552616	0.199454121
7.793359000	1.158636689	0.198855625
7.793360000	1.138990998	0.196119960
7.793361000	1.171367049	0.195703075
7.793362000	1.120710969	0.197160124
7.793363000	1.156498432	0.197109191
7.793364000	1.138920307	0.191304082
7.793365000	1.154579520	0.195199005
7.793366000	1.135257721	0.193984903
7.793367000	1.129953027	0.196761931
7.793368000	1.139071345	0.191584513
7.793369000	1.145805240	0.197417069
7.793370000	1.143127799	0.195530119
7.793371000	1.166601300	0.194583932
7.793372000	1.171319366	0.194625710
7.793373000	1.162316442	0.195115132
7.793374000	1.135382414	0.193165848
7.793375000	1.160736084	0.194200370
7.793376000	1.150077581	0.196916295
7.793377000	1.159174204	0.195576359
7.793378000	1.137531996	0.193411991
7.793379000	1.137407541	0.195392534
7.793380000	1.154243827	0.192502788
7.793381000	1.143241882	0.195288587
7.793382000	1.141351223	0.195655088
7.793383000	1.143613458	0.190662560
7.793384000	1.148975253	0.193870704
7.793385000	1.164597034	0.192731337
7.793386000	1.135105968	0.192975749
7.793387000	1.131333590	0.191859385
7.793388000	1.154994726	0.194261273
7.793389000	1.140269995	0.195173139
7.793390000	1.156941056	0.192307744
7.793391000	1.163799644	0.189523193
7.793392000	1.147719502	0.194361707
7.793393000	1.137893915	0.192399058
7.793394000	1.157906890	0.191794021
7.793395000	1.140987992	0.190676042
7.793396000	1.146626830	0.189784782
7.793397000	1.167150378	0.193327835
7.793398000	1.157396793	0.194058090
7.793399000	1.171809077	0.190436674
7.793400000	1.144001722	0.190774479
7.793401000	1.141876578	0.191201983
7.793402000	1.149260044	0.189484095
7.793403000	1.141505480	0.189359825
7.793404000	1.162291169	0.190680603
7.793405000	1.156405687	0.192319879
7.793406000	1.142725229	0.188883618
7.793407000	1.154426098	0.183127911
7.793408000	1.160199881	0.186211968
7.793409000	1.135922670	0.189356413
7.793410000	1.143650293	0.187676524
7.793411000	1.141290784	0.190507980
7.793412000	1.169444442	0.189875563
7.793413000	1.160114765	0.186914727
7.793414000	1.133146763	0.186375770
7.793415000	1.162042141	0.188524391
7.793416000	1.153333545	0.186507729
7.793417000	1.158749819	0.184963295
7.793418000	1.155364394	0.186508445
7.793419000	1.140451431	0.188343413
7.793420000	1.138476729	0.184682049
7.793421000	1.136659980	0.188383826
7.793422000	1.132299066	0.187268944
7.793423000	1.150549889	0.188682716
7.793424000	1.143890142	0.189102497
7.793425000	1.148966432	0.182734196
7.793426000	1.149849534	0.188098635
7.793427000	1.165527225	0.188321891
7.793428000	1.144443035	0.184513338
7.793429000	1.128206849	0.187170723
7.793430000	1.110897064	0.186716954
7.793431000	1.159800529	0.184809415
7.793432000	1.179817438	0.184988462
7.793433000	1.150870204	0.184369111
7.793434000	1.156608820	0.184406861
7.793435000	1.157787681	0.185970553
7.793436000	1.143372178	0.182678237
7.793437000	1.155139685	0.183401102
7.793438000	1.125316501	0.184621262
7.793439000	1.160172105	0.184775426
7.793440000	1.160086513	0.182646945
7.793441000	1.171461582	0.182627853
7.793442000	1.139294028	0.183545345
7.793443000	1.122471929	0.184240514
7.793444000	1.126111984	0.183920468
7.793445000	1.129301548	0.184945769
7.793446000	1.135614514	0.181784047
7.793447000	1.145933509	0.180529365
7.793448000	1.155879498	0.180778121
7.793449000	1.107742429	0.184273503
7.793450000	1.129667163	0.182495977
7.793451000	1.127765656	0.184305095
7.793452000	1.162048817	0.181238432
7.793453000	1.162774324	0.181355228
7.793454000	1.180005550	0.182390748
7.793455000	1.150928736	0.178977475
7.793456000	1.155218482	0.183660960
7.793457000	1.139044046	0.181026211
7.793458000	1.156134367	0.182859531
7.793459000	1.156431556	0.181445543
7.793460000	1.112858057	0.179403314
7.793461000	1.145193815	0.182009101
7.793462000	1.166306019	0.177219522
7.793463000	1.139039874	0.180271055
7.793464000	1.138648033	0.181389433
7.793465000	1.141429305	0.179288266
7.793466000	1.138445854	0.177411669
7.793467000	1.160503268	0.178514601
7.793468000	1.154488087	0.178612805
7.793469000	1.130478740	0.174345971
7.793470000	1.157217145	0.179828455
7.793471000	1.131837368	0.179387651
7.793472000	1.147934556	0.174499785
7.793473000	1.134506226	0.178763074
7.793474000	1.139060736	0.178161033
7.793475000	1.130816221	0.180797363
7.793476000	1.138728857	0.173278127
7.793477000	1.122931600	0.175323584
7.793478000	1.144761562	0.180377149
7.793479000	1.178475976	0.176093121
7.793480000	1.159982324	0.177865022
7.793481000	1.146811128	0.175925875
7.793482000	1.182318807	0.176456160
7.793483000	1.145706296	0.176161581
7.793484000	1.126419187	0.178394609
7.793485000	1.112200022	0.178604166
7.793486000	1.153051496	0.175035913
7.793487000	1.139367819	0.177511321
7.793488000	1.154823780	0.173761957
7.793489000	1.139305711	0.175541048
7.793490000	1.137430787	0.176159351
7.793491000	1.143520355	0.172813305
7.793492000	1.162866712	0.177875608
7.793493000	1.153526425	0.176542330
7.793494000	1.149338961	0.176304493
7.793495000	1.155108809	0.176709976
7.793496000	1.174603939	0.176373053
7.793497000	1.151502252	0.177227894
7.793498000	1.124739289	0.172722974
7.793499000	1.155423164	0.175935013
7.793500000	1.123747587	0.177025644
7.793501000	1.147784233	0.175710808
7.793502000	1.144170523	0.174610540
7.793503000	1.130321860	0.174899626
7.793504000	1.156084538	0.170861824
7.793505000	1.138374209	0.174137462
7.793506000	1.143969297	0.171244570
7.793507000	1.137297511	0.172343790
7.793508000	1.146367431	0.170163327
7.793509000	1.120990992	0.171440230
7.793510000	1.179954529	0.174652867
7.793511000	1.139959574	0.174155722
7.793512000	1.135802627	0.172824274
7.793513000	1.136026382	0.171905018
7.793514000	1.147786498	0.172539766
7.793515000	1.154075027	0.171404610
7.793516000	1.131232142	0.172287647
7.793517000	1.140477657	0.175105139
7.793518000	1.157024741	0.174984980
7.793519000	1.136285543	0.174003056
7.793520000	1.140780807	0.175802704
7.793521000	1.143939257	0.172521173
7.793522000	1.144765019	0.169295320
7.793523000	1.100399375	0.175146434
7.793524000	1.151268125	0.172342775
7.793525000	1.133915544	0.169822293
7.793526000	1.142476439	0.172636472
7.793527000	1.108304262	0.169255955
7.793528000	1.142479658	0.171451714
7.793529000	1.136917591	0.168118652
7.793530000	1.149606109	0.172054887
7.793531000	1.142493010	0.169213244
7.793532000	1.126297593	0.171829733
7.793533000	1.139461637	0.170871578
7.793534000	1.132484198	0.171510803
7.793535000	1.110273242	0.168962225
7.793536000	1.136096239	0.169688868
7.793537000	1.124871731	0.169904085
7.793538000	1.159933805	0.171817949
7.793539000	1.118774295	0.172445606
7.793540000	1.121698141	0.168538699
7.793541000	1.145367980	0.169716382
7.793542000	1.153972030	0.170039473
7.793543000	1.120754361	0.165445204
7.793544000	1.135040045	0.167505193
7.793545000	1.156036735	0.169476581
7.793546000	1.118975043	0.164223246
7.793547000	1.133868217	0.167291374
7.793548000	1.132906914	0.167540613
7.793549000	1.111306310	0.165520255
7.793550000	1.154153585	0.164912139
7.793551000	1.135414124	0.168415628
7.793552000	1.133946776	0.168161961
7.793553000	1.156330585	0.166708258
7.793554000	1.144048452	0.167503312
7.793555000	1.144595385	0.167980267
7.793556000	1.133535981	0.168594875
7.793557000	1.145533442	0.166218303
7.793558000	1.126890898	0.167316541
7.793559000	1.149774671	0.166414645
7.793560000	1.147131443	0.163119915
7.793561000	1.158790588	0.165947010
7.793562000	1.133870840	0.167725519
7.793563000	1.149986029	0.167854483
7.793564000	1.164045334	0.163499932
7.793565000	1.146682620	0.167719910
7.793566000	1.132547617	0.164230387
7.793567000	1.149250150	0.164768428
7.793568000	1.150829792	0.168747890
7.793569000	1.126722217	0.168130802
7.793570000	1.124993563	0.163804447
7.793571000	1.120899558	0.164132249
7.793572000	1.149128079	0.165506191
7.793573000	1.130210161	0.165726251
7.793574000	1.126196742	0.161725051
7.793575000	1.106102347	0.161571304
7.793576000	1.129275322	0.167187444
7.793577000	1.116406679	0.159763084
7.793578000	1.146762609	0.162384200
7.793579000	1.111933708	0.162656175
7.793580000	1.146825433	0.163310298
7.793581000	1.134542227	0.167144584
7.793582000	1.131218314	0.164734174
7.793583000	1.129725814	0.164200659
7.793584000	1.129528999	0.163594740
7.793585000	1.139339447	0.160158746
7.793586000	1.136433005	0.163832361
7.793587000	1.116924405	0.162938987
7.793588000	1.148818135	0.165529643
7.793589000	1.157612562	0.165003785
7.793590000	1.124253869	0.162169333
7.793591000	1.134876966	0.159328939
7.793592000	1.131120443	0.164076106
7.793593000	1.146053553	0.159374246
7.793594000	1.123292565	0.159571969
7.793595000	1.133852601	0.160550198
7.793596000	1.118774414	0.162593142
7.793597000	1.134208202	0.159582904
7.793598000	1.107046962	0.163086659
7.793599000	1.120728374	0.162280453
7.793600000	1.115594149	0.157237741
7.793601000	1.120547891	0.160829347
7.793602000	1.153037429	0.162648003
7.793603000	1.130295515	0.159989219
7.793604000	1.117290258	0.161451611
7.793605000	1.127178073	0.157591792
7.793606000	1.151434302	0.159086558
7.793607000	1.134399533	0.159960890
7.793608000	1.109704852	0.159659071
7.793609000	1.127790689	0.160081415
7.793610000	1.124352932	0.161130451
7.793611000	1.120168686	0.161600116
7.793612000	1.135743976	0.160833808
7.793613000	1.129343510	0.158881128
7.793614000	1.142773747	0.160188840
7.793615000	1.113735676	0.159748220
7.793616000	1.127243638	0.155435763
7.793617000	1.099504590	0.157121361
7.793618000	1.151935577	0.158521318
7.793619000	1.123206973	0.162872025
7.793620000	1.121810317	0.158603643
7.793621000	1.111181617	0.158722204
7.793622000	1.134159684	0.156053101
7.793623000	1.143475533	0.158861387
7.793624000	1.159973025	0.156550113
7.793625000	1.110479236	0.159755427
7.793626000	1.126955628	0.157439226
7.793627000	1.135378599	0.157726864
7.793628000	1.137041092	0.159259014
7.793629000	1.116960287	0.157080831
7.793630000	1.113241553	0.159826251
7.793631000	1.127326965	0.157871490
7.793632000	1.138508677	0.157186026
7.793633000	1.107170939	0.157900269
7.793634000	1.114746332	0.158422798
7.793635000	1.120731115	0.157725499
7.793636000	1.137522459	0.157757873
7.793637000	1.136240482	0.153391438
7.793638000	1.158317804	0.156445351
7.793639000	1.140876293	0.155861619
7.793640000	1.161704183	0.154420400
7.793641000	1.147116184	0.157085159
7.793642000	1.132546544	0.153594387
7.793643000	1.130104899	0.156224741
7.793644000	1.116784096	0.157310429
7.793645000	1.116189361	0.156978832
7.793646000	1.146469712	0.153108160
7.793647000	1.150683761	0.153391987
7.793648000	1.118122935	0.153912502
7.793649000	1.119481325	0.152912335
7.793650000	1.127450943	0.153205865
7.793651000	1.138330460	0.153370781
7.793652000	1.112296581	0.150839563
7.793653000	1.116982818	0.153125920
7.793654000	1.151488781	0.153915381
7.793655000	1.123113036	0.154456918
7.793656000	1.145039916	0.151128450
7.793657000	1.132993102	0.154444568
7.793658000	1.103074670	0.154368435
7.793659000	1.114801645	0.157937537
7.793660000	1.130421758	0.150527191
7.793661000	1.134227753	0.152358730
7.793662000	1.137951612	0.153582669
7.793663000	1.096724153	0.154121943
7.793664000	1.132348657	0.152228468
7.793665000	1.114774704	0.155260361
7.793666000	1.096353054	0.149223524
7.793667000	1.119186044	0.151386643
7.793668000	1.124679685	0.152026967
7.793669000	1.142779231	0.149060106
7.793670000	1.125498056	0.153792093
7.793671000	1.077366829	0.151679907
7.793672000	1.147524357	0.153098440
7.793673000	1.124382019	0.151043595
7.793674000	1.105006218	0.152460962
7.793675000	1.096502781	0.147498528
7.793676000	1.107451439	0.148921139
7.793677000	1.108937144	0.149904428
7.793678000	1.149236441	0.153123191
7.793679000	1.124038100	0.149995308
7.793680000	1.148963809	0.152215968
7.793681000	1.112243056	0.149025118
7.793682000	1.112214446	0.148388024
7.793683000	1.147504330	0.150670436
7.793684000	1.131109953	0.151555554
7.793685000	1.142286301	0.147773017
7.793686000	1.144334197	0.150521565
7.793687000	1.121454954	0.151232596
7.793688000	1.085769176	0.151471132
7.793689000	1.130454898	0.150149205
7.793690000	1.113074660	0.147227268
7.793691000	1.143385887	0.147067312
7.793692000	1.111356616	0.147346195
7.793693000	1.133728147	0.146836699
7.793694000	1.086569548	0.149622266
7.793695000	1.146787763	0.148563892
7.793696000	1.105672359	0.154063653
7.793697000	1.130715966	0.145384977
7.793698000	1.132447362	0.147725063
7.793699000	1.110046148	0.149758536
7.793700000	1.090306520	0.148976283
7.793701000	1.088371038	0.150211507
7.793702000	1.122301221	0.148498478
7.793703000	1.107932448	0.147224722
7.793704000	1.106831074	0.150277986
7.793705000	1.117462516	0.147060754
7.793706000	1.095365882	0.149003097
7.793707000	1.128751159	0.146961618
7.793708000	1.111101508	0.147878977
7.793709000	1.096653104	0.144933321
7.793710000	1.134281516	0.145016079
7.793711000	1.129934788	0.148514424
7.793712000	1.127558708	0.146949317
7.793713000	1.097673297	0.144493467
7.793714000	1.141552091	0.146514074
7.793715000	1.103257895	0.143592469
7.793716000	1.152231336	0.145818406
7.793717000	1.124002576	0.147998819
7.793718000	1.108798146	0.145495614
7.793719000	1.128146052	0.144401937
7.793720000	1.116663098	0.146154048
7.793721000	1.120192766	0.147399974
7.793722000	1.137603641	0.145121873
7.793723000	1.121076226	0.144561494
7.793724000	1.123823762	0.145267981
7.793725000	1.115023136	0.142825762
7.793726000	1.094893217	0.144075051
7.793727000	1.086727142	0.144167180
7.793728000	1.122020006	0.143860417
7.793729000	1.139025927	0.144557216
7.793730000	1.099041581	0.145104912
7.793731000	1.127160668	0.142878226
7.793732000	1.134435058	0.146153382
7.793733000	1.137041092	0.141031540
7.793734000	1.116216063	0.145871087
7.793735000	1.100406528	0.146067362
7.793736000	1.117716789	0.142745534
7.793737000	1.129276752	0.143569350
7.793738000	1.116620660	0.144234707
7.793739000	1.117667913	0.140528286
7.793740000	1.123200297	0.145707202
7.793741000	1.094044805	0.141994573
7.793742000	1.075485706	0.141752658
7.793743000	1.108407259	0.144587892
7.793744000	1.085821509	0.140962032
7.793745000	1.128360152	0.142289984
7.793746000	1.107380033	0.143694186
7.793747000	1.097195864	0.143864778
7.793748000	1.102461815	0.142728457
7.793749000	1.110240817	0.140755121
7.793750000	1.107440591	0.141558996
7.793751000	1.119188786	0.143212253
7.793752000	1.114609599	0.143485410
7.793753000	1.114817619	0.140464420
7.793754000	1.098797441	0.144431482
7.793755000	1.124084949	0.143400272
7.793756000	1.110717297	0.141658282
7.793757000	1.092381954	0.142168261
7.793758000	1.118236423	0.142775778
7.793759000	1.138129473	0.141398058
7.793760000	1.115302563	0.143265333
7.793761000	1.108077765	0.144834768
7.793762000	1.105182767	0.139837379
7.793763000	1.118917704	0.140949981
7.793764000	1.119730234	0.139730919
7.793765000	1.088017583	0.147384012
7.793766000	1.092652321	0.139525881
7.793767000	1.075552225	0.141463855
7.793768000	1.111335754	0.139055034
7.793769000	1.129948139	0.142266998
7.793770000	1.103285909	0.140486025
7.793771000	1.133423328	0.141918839
7.793772000	1.082128644	0.140833501
7.793773000	1.143277884	0.142134405
7.793774000	1.103127480	0.139704787
7.793775000	1.116639137	0.139161294
7.793776000	1.107130170	0.139213667
7.793777000	1.098330736	0.138669541
7.793778000	1.121814489	0.139202473
7.793779000	1.119001269	0.136429523
7.793780000	1.102612257	0.140839227
7.793781000	1.093726277	0.136698752
