D:\KID metingen\Entropy ADR\LT343chip5_BF_20240530_mapping\S21\Power\KID38_92dBm_.dat
Power at KID:92dBm
resonance Frequency in GHz :5.836708
Q=25487.807862, Qc=36575.048055, Qi=84080.238283  S21min=-10.367229


Temperature in K:0.099994
GHz	dB	Rad
5.836047000	-4.641670227	-0.076705381
5.836048000	-4.638785839	-0.075887890
5.836049000	-4.636606216	-0.076517911
5.836050000	-4.638675690	-0.076299748
5.836051000	-4.642531395	-0.076323376
5.836052000	-4.637337208	-0.076647674
5.836053000	-4.640185833	-0.077161348
5.836054000	-4.640984535	-0.077416154
5.836055000	-4.647605896	-0.076919508
5.836056000	-4.640439034	-0.077736990
5.836057000	-4.639548779	-0.078176669
5.836058000	-4.640429020	-0.078700663
5.836059000	-4.641886234	-0.077772318
5.836060000	-4.632506847	-0.078430993
5.836061000	-4.642023563	-0.078696427
5.836062000	-4.644419670	-0.078254525
5.836063000	-4.636206150	-0.079408773
5.836064000	-4.639057159	-0.079552483
5.836065000	-4.640458107	-0.079333488
5.836066000	-4.642610550	-0.079147200
5.836067000	-4.634780884	-0.079456576
5.836068000	-4.643489361	-0.079178600
5.836069000	-4.645280361	-0.080072898
5.836070000	-4.641284943	-0.080763181
5.836071000	-4.640354156	-0.079901499
5.836072000	-4.645396233	-0.081099181
5.836073000	-4.644009590	-0.080208828
5.836074000	-4.642986774	-0.081148100
5.836075000	-4.643772125	-0.080982168
5.836076000	-4.644582272	-0.081151953
5.836077000	-4.647645473	-0.081170795
5.836078000	-4.643115044	-0.081697044
5.836079000	-4.646409512	-0.082252571
5.836080000	-4.653677464	-0.082234894
5.836081000	-4.641756058	-0.081993778
5.836082000	-4.638055801	-0.082830868
5.836083000	-4.643861294	-0.082724541
5.836084000	-4.650700569	-0.082281316
5.836085000	-4.653704166	-0.083018246
5.836086000	-4.648701668	-0.083796780
5.836087000	-4.648211479	-0.083470593
5.836088000	-4.646184444	-0.084025063
5.836089000	-4.642391682	-0.083618123
5.836090000	-4.648445129	-0.084273003
5.836091000	-4.642959595	-0.084047184
5.836092000	-4.643713474	-0.084908175
5.836093000	-4.644781590	-0.084654351
5.836094000	-4.642800808	-0.085289906
5.836095000	-4.646831512	-0.084714172
5.836096000	-4.647786617	-0.085412170
5.836097000	-4.645209789	-0.085253987
5.836098000	-4.650968552	-0.085211992
5.836099000	-4.640761852	-0.085715945
5.836100000	-4.645813465	-0.086065493
5.836101000	-4.649569988	-0.086699742
5.836102000	-4.645998001	-0.086791937
5.836103000	-4.647557259	-0.086649159
5.836104000	-4.650911331	-0.086811212
5.836105000	-4.645805836	-0.087267004
5.836106000	-4.647327423	-0.087348779
5.836107000	-4.645322323	-0.087738583
5.836108000	-4.646523952	-0.087863002
5.836109000	-4.647864819	-0.088654044
5.836110000	-4.645869255	-0.087818136
5.836111000	-4.652357578	-0.088914027
5.836112000	-4.649046421	-0.088333974
5.836113000	-4.652184010	-0.088697720
5.836114000	-4.646245956	-0.088573684
5.836115000	-4.646132469	-0.089277274
5.836116000	-4.652152538	-0.088411347
5.836117000	-4.657534599	-0.089502003
5.836118000	-4.655811787	-0.089580517
5.836119000	-4.645894527	-0.090053744
5.836120000	-4.647031307	-0.090722646
5.836121000	-4.652928352	-0.090636693
5.836122000	-4.648772717	-0.091015386
5.836123000	-4.659443855	-0.090679711
5.836124000	-4.647913933	-0.090943273
5.836125000	-4.653099060	-0.091021470
5.836126000	-4.651987076	-0.091357078
5.836127000	-4.649256706	-0.090852967
5.836128000	-4.645571709	-0.091299396
5.836129000	-4.646636009	-0.091693985
5.836130000	-4.650119305	-0.092053104
5.836131000	-4.650336742	-0.092729430
5.836132000	-4.653767109	-0.092801735
5.836133000	-4.654735565	-0.092523326
5.836134000	-4.647909164	-0.093375496
5.836135000	-4.651949883	-0.092854965
5.836136000	-4.657511234	-0.093082374
5.836137000	-4.654609680	-0.093594541
5.836138000	-4.652835846	-0.094168702
5.836139000	-4.653647900	-0.094412182
5.836140000	-4.650128365	-0.093814743
5.836141000	-4.654627323	-0.094138209
5.836142000	-4.648231506	-0.094869371
5.836143000	-4.650157928	-0.095006516
5.836144000	-4.652635098	-0.095001381
5.836145000	-4.652363777	-0.095407513
5.836146000	-4.654733658	-0.095642812
5.836147000	-4.652066708	-0.095228915
5.836148000	-4.645812035	-0.095289027
5.836149000	-4.653471470	-0.096081210
5.836150000	-4.653841019	-0.096970248
5.836151000	-4.651267052	-0.096997861
5.836152000	-4.649436951	-0.096782170
5.836153000	-4.652300358	-0.097190666
5.836154000	-4.655687809	-0.097282112
5.836155000	-4.650126457	-0.097112078
5.836156000	-4.657857895	-0.097402129
5.836157000	-4.654578209	-0.098499235
5.836158000	-4.649693489	-0.098094210
5.836159000	-4.649248600	-0.098393907
5.836160000	-4.659771442	-0.098646782
5.836161000	-4.655287743	-0.098150511
5.836162000	-4.655920506	-0.098218371
5.836163000	-4.659762383	-0.099778185
5.836164000	-4.655001163	-0.099383380
5.836165000	-4.656275272	-0.100310584
5.836166000	-4.656051159	-0.100036278
5.836167000	-4.656428814	-0.100171326
5.836168000	-4.657129765	-0.100259734
5.836169000	-4.655320644	-0.099932898
5.836170000	-4.653398514	-0.100276121
5.836171000	-4.651640892	-0.100214777
5.836172000	-4.651741028	-0.100666466
5.836173000	-4.657907486	-0.100277028
5.836174000	-4.656939507	-0.101462102
5.836175000	-4.654059410	-0.101222500
5.836176000	-4.655347824	-0.101277245
5.836177000	-4.657968044	-0.102048521
5.836178000	-4.658494949	-0.102268365
5.836179000	-4.659407139	-0.103044818
5.836180000	-4.655281067	-0.102791635
5.836181000	-4.656534672	-0.103080688
5.836182000	-4.658966541	-0.102925192
5.836183000	-4.656241894	-0.102980661
5.836184000	-4.663730621	-0.103595993
5.836185000	-4.655843735	-0.103928405
5.836186000	-4.656781673	-0.104139377
5.836187000	-4.658807755	-0.103946914
5.836188000	-4.662284851	-0.104765353
5.836189000	-4.660364628	-0.104601968
5.836190000	-4.654131413	-0.104789929
5.836191000	-4.658435822	-0.105316944
5.836192000	-4.657711506	-0.105765512
5.836193000	-4.657542229	-0.105402515
5.836194000	-4.657223701	-0.106219340
5.836195000	-4.665789127	-0.105746087
5.836196000	-4.652987480	-0.106117291
5.836197000	-4.663521290	-0.106271230
5.836198000	-4.662662029	-0.107059067
5.836199000	-4.655248165	-0.106914375
5.836200000	-4.666695595	-0.106885762
5.836201000	-4.661818027	-0.107644181
5.836202000	-4.663225651	-0.108242984
5.836203000	-4.652274132	-0.108227563
5.836204000	-4.651748657	-0.108833698
5.836205000	-4.665694237	-0.108623974
5.836206000	-4.658969402	-0.107996184
5.836207000	-4.664395332	-0.108470834
5.836208000	-4.655215740	-0.108975270
5.836209000	-4.652096272	-0.109739581
5.836210000	-4.659274578	-0.109407634
5.836211000	-4.663786411	-0.110303239
5.836212000	-4.659921646	-0.110139962
5.836213000	-4.659439087	-0.110471118
5.836214000	-4.653489590	-0.110116976
5.836215000	-4.663532734	-0.111178287
5.836216000	-4.653202057	-0.110759347
5.836217000	-4.656456947	-0.111440775
5.836218000	-4.664501667	-0.111715596
5.836219000	-4.662847519	-0.111672362
5.836220000	-4.663068295	-0.112611359
5.836221000	-4.660182476	-0.111731034
5.836222000	-4.662207603	-0.112028901
5.836223000	-4.658184528	-0.112417273
5.836224000	-4.670791149	-0.113399488
5.836225000	-4.653847694	-0.113607548
5.836226000	-4.660142899	-0.113241663
5.836227000	-4.656547070	-0.113552387
5.836228000	-4.662797928	-0.113429024
5.836229000	-4.662795544	-0.113966167
5.836230000	-4.661659718	-0.113685403
5.836231000	-4.663173676	-0.114305995
5.836232000	-4.666274071	-0.114512099
5.836233000	-4.665630817	-0.114753073
5.836234000	-4.665871620	-0.114758599
5.836235000	-4.659665585	-0.115843488
5.836236000	-4.665954590	-0.116230969
5.836237000	-4.669890404	-0.115888587
5.836238000	-4.662609577	-0.116150242
5.836239000	-4.664020538	-0.115753981
5.836240000	-4.662256718	-0.116746008
5.836241000	-4.663097858	-0.116998409
5.836242000	-4.665435791	-0.117211712
5.836243000	-4.662971973	-0.116896943
5.836244000	-4.668023109	-0.117002937
5.836245000	-4.666389465	-0.117619142
5.836246000	-4.669531822	-0.118318913
5.836247000	-4.667652607	-0.117981407
5.836248000	-4.663837910	-0.118148487
5.836249000	-4.664361954	-0.118714109
5.836250000	-4.664661407	-0.118453361
5.836251000	-4.662465572	-0.120028321
5.836252000	-4.664061069	-0.119285615
5.836253000	-4.663766384	-0.119928411
5.836254000	-4.666573524	-0.120327718
5.836255000	-4.667295933	-0.120210905
5.836256000	-4.672801971	-0.120035087
5.836257000	-4.674588680	-0.120303875
5.836258000	-4.670492172	-0.121098196
5.836259000	-4.673438549	-0.120437124
5.836260000	-4.671656132	-0.121492235
5.836261000	-4.665191650	-0.121464056
5.836262000	-4.664061069	-0.122010512
5.836263000	-4.664890766	-0.122124661
5.836264000	-4.673931122	-0.122385268
5.836265000	-4.668191433	-0.122635614
5.836266000	-4.669141293	-0.122731438
5.836267000	-4.669870377	-0.123243580
5.836268000	-4.667261124	-0.123881033
5.836269000	-4.674197674	-0.123559622
5.836270000	-4.667670727	-0.123483240
5.836271000	-4.671832085	-0.124378037
5.836272000	-4.668549061	-0.124193247
5.836273000	-4.671982765	-0.125043095
5.836274000	-4.670303345	-0.124647091
5.836275000	-4.677998066	-0.125671318
5.836276000	-4.671560764	-0.124662812
5.836277000	-4.675607681	-0.126118987
5.836278000	-4.669595242	-0.125644761
5.836279000	-4.670704365	-0.126634974
5.836280000	-4.677357197	-0.126380984
5.836281000	-4.673521519	-0.126247809
5.836282000	-4.668981075	-0.126711474
5.836283000	-4.673620701	-0.127938225
5.836284000	-4.669023991	-0.127817376
5.836285000	-4.673306942	-0.128013377
5.836286000	-4.672417164	-0.128206273
5.836287000	-4.674665928	-0.127762141
5.836288000	-4.674880028	-0.128497689
5.836289000	-4.675507545	-0.129091624
5.836290000	-4.677098274	-0.129087438
5.836291000	-4.673798561	-0.129246146
5.836292000	-4.677429199	-0.130139861
5.836293000	-4.668054104	-0.130081238
5.836294000	-4.672399521	-0.129936429
5.836295000	-4.670680523	-0.130066890
5.836296000	-4.676712990	-0.131285087
5.836297000	-4.675802708	-0.131179301
5.836298000	-4.679279327	-0.130979481
5.836299000	-4.673668385	-0.131051827
5.836300000	-4.673483849	-0.131906394
5.836301000	-4.674849987	-0.131510532
5.836302000	-4.672877789	-0.132187665
5.836303000	-4.680284500	-0.132616018
5.836304000	-4.677825928	-0.132417771
5.836305000	-4.668802738	-0.133271788
5.836306000	-4.677501202	-0.133430329
5.836307000	-4.675874710	-0.133704052
5.836308000	-4.679707050	-0.133709146
5.836309000	-4.679054260	-0.133695664
5.836310000	-4.674540997	-0.134511073
5.836311000	-4.680091858	-0.134446933
5.836312000	-4.678991318	-0.135218983
5.836313000	-4.676790714	-0.134852557
5.836314000	-4.678337097	-0.134942639
5.836315000	-4.681893349	-0.135788351
5.836316000	-4.680744648	-0.136157082
5.836317000	-4.681748390	-0.135979166
5.836318000	-4.678924561	-0.135624891
5.836319000	-4.680309296	-0.136896600
5.836320000	-4.687608719	-0.136601389
5.836321000	-4.683875084	-0.137018664
5.836322000	-4.678922653	-0.137231800
5.836323000	-4.685863018	-0.137817038
5.836324000	-4.686555862	-0.137879822
5.836325000	-4.680183887	-0.138813319
5.836326000	-4.675590992	-0.139092310
5.836327000	-4.680924892	-0.138863969
5.836328000	-4.680309772	-0.138907952
5.836329000	-4.682043552	-0.139722164
5.836330000	-4.677185059	-0.139939145
5.836331000	-4.685487747	-0.140336555
5.836332000	-4.682940960	-0.140709930
5.836333000	-4.686325550	-0.140573011
5.836334000	-4.684952259	-0.140539122
5.836335000	-4.684475422	-0.140621830
5.836336000	-4.683372021	-0.141730687
5.836337000	-4.688599586	-0.141416217
5.836338000	-4.688039303	-0.141990695
5.836339000	-4.681119919	-0.141774812
5.836340000	-4.685494900	-0.143074934
5.836341000	-4.695385456	-0.142997935
5.836342000	-4.692630291	-0.143318580
5.836343000	-4.691303253	-0.143416668
5.836344000	-4.682543755	-0.143727858
5.836345000	-4.685705185	-0.144360092
5.836346000	-4.687880993	-0.144686146
5.836347000	-4.691983700	-0.144912282
5.836348000	-4.688225746	-0.145418399
5.836349000	-4.691927910	-0.145003662
5.836350000	-4.690509319	-0.145436209
5.836351000	-4.689308643	-0.146008922
5.836352000	-4.692928791	-0.146321377
5.836353000	-4.692213058	-0.147602807
5.836354000	-4.688663483	-0.146826080
5.836355000	-4.687884808	-0.146971405
5.836356000	-4.686483860	-0.147682186
5.836357000	-4.691779137	-0.147271044
5.836358000	-4.690013409	-0.148023370
5.836359000	-4.696417809	-0.148258477
5.836360000	-4.688281059	-0.150054081
5.836361000	-4.696387768	-0.150332431
5.836362000	-4.689106464	-0.149047189
5.836363000	-4.694172382	-0.149010637
5.836364000	-4.696505547	-0.149430901
5.836365000	-4.696453094	-0.150679873
5.836366000	-4.685876846	-0.150841228
5.836367000	-4.691467762	-0.150203967
5.836368000	-4.697726250	-0.151784220
5.836369000	-4.693304539	-0.151783021
5.836370000	-4.694167137	-0.151948504
5.836371000	-4.698482037	-0.151971057
5.836372000	-4.696587086	-0.152704442
5.836373000	-4.697007179	-0.153342369
5.836374000	-4.696853161	-0.153011355
5.836375000	-4.697830200	-0.154025336
5.836376000	-4.696305752	-0.153822054
5.836377000	-4.689785004	-0.154861969
5.836378000	-4.697465420	-0.154780376
5.836379000	-4.693403721	-0.155284412
5.836380000	-4.698882103	-0.155466806
5.836381000	-4.699686050	-0.155674482
5.836382000	-4.698381901	-0.156120479
5.836383000	-4.698327541	-0.156155716
5.836384000	-4.698764801	-0.156903981
5.836385000	-4.702037811	-0.156663996
5.836386000	-4.698245049	-0.157467256
5.836387000	-4.698054790	-0.157731658
5.836388000	-4.696031094	-0.158742727
5.836389000	-4.700940132	-0.158447832
5.836390000	-4.697912693	-0.158836337
5.836391000	-4.700156689	-0.158689597
5.836392000	-4.705373764	-0.159278105
5.836393000	-4.703845978	-0.160311628
5.836394000	-4.696630478	-0.160198311
5.836395000	-4.704195976	-0.159574116
5.836396000	-4.699300766	-0.161139588
5.836397000	-4.704353333	-0.160986723
5.836398000	-4.704178810	-0.161595622
5.836399000	-4.705718040	-0.160647636
5.836400000	-4.707028866	-0.162154736
5.836401000	-4.703766823	-0.163151340
5.836402000	-4.709980488	-0.162794260
5.836403000	-4.701459408	-0.163283866
5.836404000	-4.703613758	-0.162821458
5.836405000	-4.698522568	-0.163942016
5.836406000	-4.701600075	-0.163661918
5.836407000	-4.700202465	-0.164573452
5.836408000	-4.705111027	-0.164946361
5.836409000	-4.708105087	-0.164949407
5.836410000	-4.710874557	-0.165528861
5.836411000	-4.708925247	-0.166509021
5.836412000	-4.708468914	-0.167117386
5.836413000	-4.712059975	-0.166973509
5.836414000	-4.710713387	-0.167273597
5.836415000	-4.707355022	-0.167607774
5.836416000	-4.711277008	-0.167648088
5.836417000	-4.712885380	-0.168291707
5.836418000	-4.709819794	-0.169058631
5.836419000	-4.708065033	-0.168740916
5.836420000	-4.703459740	-0.169180537
5.836421000	-4.707882881	-0.169774955
5.836422000	-4.711811066	-0.170834260
5.836423000	-4.715632915	-0.170709874
5.836424000	-4.710268974	-0.170862607
5.836425000	-4.717243195	-0.171363497
5.836426000	-4.711771965	-0.171453728
5.836427000	-4.712255001	-0.172420323
5.836428000	-4.711054325	-0.171815852
5.836429000	-4.713322639	-0.172418558
5.836430000	-4.719082355	-0.173339047
5.836431000	-4.713508606	-0.173989873
5.836432000	-4.718554974	-0.173671842
5.836433000	-4.717706680	-0.174262431
5.836434000	-4.717723370	-0.174012743
5.836435000	-4.718849659	-0.175368142
5.836436000	-4.714486122	-0.176201312
5.836437000	-4.711044312	-0.176031736
5.836438000	-4.717322350	-0.175978223
5.836439000	-4.717890739	-0.176885678
5.836440000	-4.714836121	-0.177000078
5.836441000	-4.712551117	-0.177514817
5.836442000	-4.724472523	-0.178233138
5.836443000	-4.722810268	-0.177556995
5.836444000	-4.725020885	-0.178206939
5.836445000	-4.723568916	-0.179065259
5.836446000	-4.727480412	-0.178342527
5.836447000	-4.718525887	-0.179410055
5.836448000	-4.722508430	-0.180072966
5.836449000	-4.724103928	-0.179426217
5.836450000	-4.725809097	-0.180565934
5.836451000	-4.727988243	-0.181010465
5.836452000	-4.729621410	-0.181402017
5.836453000	-4.727488518	-0.181941590
5.836454000	-4.730563164	-0.182082155
5.836455000	-4.728586197	-0.182603152
5.836456000	-4.727615833	-0.182830187
5.836457000	-4.728410721	-0.183340848
5.836458000	-4.728646278	-0.183434608
5.836459000	-4.729491711	-0.184486906
5.836460000	-4.732173920	-0.185348089
5.836461000	-4.733500481	-0.186019971
5.836462000	-4.728613853	-0.186097919
5.836463000	-4.727388382	-0.185491067
5.836464000	-4.737007141	-0.186541302
5.836465000	-4.734460831	-0.187143759
5.836466000	-4.734063148	-0.187586093
5.836467000	-4.729654312	-0.187438571
5.836468000	-4.737489700	-0.189078395
5.836469000	-4.728276253	-0.188767571
5.836470000	-4.733770847	-0.189662094
5.836471000	-4.733958721	-0.189517018
5.836472000	-4.727152348	-0.190610112
5.836473000	-4.735653400	-0.191445480
5.836474000	-4.733535767	-0.190905823
5.836475000	-4.732753277	-0.191766574
5.836476000	-4.731463909	-0.192210356
5.836477000	-4.737210751	-0.192454185
5.836478000	-4.733160019	-0.194067894
5.836479000	-4.734861374	-0.193501606
5.836480000	-4.739768505	-0.194027880
5.836481000	-4.740696907	-0.194831639
5.836482000	-4.738007069	-0.194700645
5.836483000	-4.742731094	-0.195707503
5.836484000	-4.737166882	-0.195748599
5.836485000	-4.739046097	-0.196972604
5.836486000	-4.741823673	-0.196981625
5.836487000	-4.746687889	-0.196941728
5.836488000	-4.733897686	-0.197560963
5.836489000	-4.746321678	-0.198469833
5.836490000	-4.746315956	-0.199113619
5.836491000	-4.738620758	-0.199110057
5.836492000	-4.744337559	-0.199656222
5.836493000	-4.746592522	-0.200223708
5.836494000	-4.745779991	-0.200780292
5.836495000	-4.743102551	-0.201818242
5.836496000	-4.748267651	-0.201829794
5.836497000	-4.743206501	-0.202095427
5.836498000	-4.753428936	-0.203737682
5.836499000	-4.753635883	-0.203534700
5.836500000	-4.751563549	-0.203767144
5.836501000	-4.744290352	-0.203865381
5.836502000	-4.751240253	-0.205345516
5.836503000	-4.751268864	-0.205286593
5.836504000	-4.748821259	-0.205158695
5.836505000	-4.760023117	-0.207264723
5.836506000	-4.750369549	-0.206984076
5.836507000	-4.750919342	-0.207881095
5.836508000	-4.754002094	-0.208028251
5.836509000	-4.761057377	-0.208515177
5.836510000	-4.760953903	-0.208797405
5.836511000	-4.757890701	-0.209971926
5.836512000	-4.756878853	-0.209326925
5.836513000	-4.754191875	-0.210291688
5.836514000	-4.749949455	-0.211087624
5.836515000	-4.756682396	-0.211465011
5.836516000	-4.754967213	-0.212688550
5.836517000	-4.756917477	-0.213246233
5.836518000	-4.761795998	-0.212226625
5.836519000	-4.760497093	-0.214450697
5.836520000	-4.758456707	-0.214169717
5.836521000	-4.764408588	-0.215799156
5.836522000	-4.767888069	-0.214991552
5.836523000	-4.763035774	-0.215889120
5.836524000	-4.763323307	-0.215755413
5.836525000	-4.769038677	-0.217051141
5.836526000	-4.773023605	-0.218179539
5.836527000	-4.770681858	-0.218876655
5.836528000	-4.770046711	-0.218768147
5.836529000	-4.768177509	-0.219872078
5.836530000	-4.770661354	-0.219838955
5.836531000	-4.770215034	-0.221372935
5.836532000	-4.775286198	-0.221514000
5.836533000	-4.777178288	-0.221680314
5.836534000	-4.773655415	-0.222692648
5.836535000	-4.773269176	-0.222498554
5.836536000	-4.779137611	-0.222371637
5.836537000	-4.772975445	-0.224989508
5.836538000	-4.784794807	-0.225110499
5.836539000	-4.781871796	-0.226441663
5.836540000	-4.782771587	-0.226403181
5.836541000	-4.781548977	-0.226179741
5.836542000	-4.788001060	-0.227221570
5.836543000	-4.784596920	-0.227486421
5.836544000	-4.779886723	-0.228705483
5.836545000	-4.788890839	-0.229374569
5.836546000	-4.787669182	-0.229915724
5.836547000	-4.792098999	-0.230298270
5.836548000	-4.786614895	-0.231148068
5.836549000	-4.789822578	-0.231658579
5.836550000	-4.788663387	-0.232338318
5.836551000	-4.792402744	-0.232845584
5.836552000	-4.793690681	-0.234108971
5.836553000	-4.789170265	-0.234425055
5.836554000	-4.788290977	-0.234915309
5.836555000	-4.794893265	-0.234677206
5.836556000	-4.795932770	-0.236168926
5.836557000	-4.799231052	-0.236024899
5.836558000	-4.795554161	-0.237557148
5.836559000	-4.799388885	-0.238219227
5.836560000	-4.798138618	-0.238104794
5.836561000	-4.803895473	-0.239296342
5.836562000	-4.803156853	-0.240867807
5.836563000	-4.808720589	-0.241670001
5.836564000	-4.806604862	-0.241851163
5.836565000	-4.809720039	-0.242316184
5.836566000	-4.814152718	-0.243551824
5.836567000	-4.813279629	-0.244143063
5.836568000	-4.815827370	-0.244831606
5.836569000	-4.811954975	-0.245005278
5.836570000	-4.813402176	-0.245988999
5.836571000	-4.818094254	-0.247915563
5.836572000	-4.812131405	-0.247512377
5.836573000	-4.817003250	-0.248484281
5.836574000	-4.814689159	-0.248209360
5.836575000	-4.822216988	-0.251042331
5.836576000	-4.814202785	-0.249855593
5.836577000	-4.821557522	-0.251330202
5.836578000	-4.825769901	-0.251784887
5.836579000	-4.827258587	-0.252815347
5.836580000	-4.832628250	-0.253862835
5.836581000	-4.832294941	-0.254490525
5.836582000	-4.830656052	-0.255533286
5.836583000	-4.836454391	-0.256838867
5.836584000	-4.832741261	-0.257544755
5.836585000	-4.829962730	-0.258369769
5.836586000	-4.836519241	-0.258979084
5.836587000	-4.838657856	-0.259676848
5.836588000	-4.839616299	-0.260525049
5.836589000	-4.839296818	-0.261320951
5.836590000	-4.841767788	-0.260948574
5.836591000	-4.848381996	-0.262478228
5.836592000	-4.842646599	-0.263625384
5.836593000	-4.845670223	-0.264031300
5.836594000	-4.849416256	-0.265728649
5.836595000	-4.855587959	-0.265490296
5.836596000	-4.852162361	-0.266971746
5.836597000	-4.853393078	-0.268832214
5.836598000	-4.858107090	-0.268957199
5.836599000	-4.859581470	-0.269832414
5.836600000	-4.854537487	-0.270263796
5.836601000	-4.866148472	-0.271921514
5.836602000	-4.868813038	-0.273314031
5.836603000	-4.866164684	-0.273359870
5.836604000	-4.864803791	-0.274153775
5.836605000	-4.873299122	-0.275868119
5.836606000	-4.872259617	-0.275815405
5.836607000	-4.876332283	-0.277359273
5.836608000	-4.873839855	-0.277557761
5.836609000	-4.870013714	-0.278822547
5.836610000	-4.879803658	-0.280632231
5.836611000	-4.886737347	-0.282054792
5.836612000	-4.883061886	-0.282387887
5.836613000	-4.879289150	-0.282731967
5.836614000	-4.885365009	-0.283956622
5.836615000	-4.887328148	-0.285097254
5.836616000	-4.893797874	-0.286863196
5.836617000	-4.895792007	-0.286914994
5.836618000	-4.888717175	-0.287410908
5.836619000	-4.895999432	-0.288932938
5.836620000	-4.901666164	-0.290013016
5.836621000	-4.903757572	-0.291086869
5.836622000	-4.900218964	-0.293361808
5.836623000	-4.903136730	-0.293890779
5.836624000	-4.907263279	-0.294420648
5.836625000	-4.910320759	-0.296036454
5.836626000	-4.906976223	-0.297254085
5.836627000	-4.916136265	-0.298140052
5.836628000	-4.916057110	-0.298169679
5.836629000	-4.922605038	-0.300142183
5.836630000	-4.925476551	-0.301694706
5.836631000	-4.920208931	-0.303055814
5.836632000	-4.925711632	-0.303938186
5.836633000	-4.927561760	-0.305007445
5.836634000	-4.926499367	-0.306484767
5.836635000	-4.933636665	-0.307437214
5.836636000	-4.935069561	-0.310258367
5.836637000	-4.940607071	-0.310042218
5.836638000	-4.941947460	-0.311755529
5.836639000	-4.944849491	-0.312503978
5.836640000	-4.950871468	-0.313617712
5.836641000	-4.957079411	-0.316796261
5.836642000	-4.954862595	-0.317264278
5.836643000	-4.960142612	-0.318441695
5.836644000	-4.961893559	-0.318558807
5.836645000	-4.969085217	-0.319592380
5.836646000	-4.978295326	-0.323414649
5.836647000	-4.967769146	-0.324502284
5.836648000	-4.977989197	-0.324728320
5.836649000	-4.977009296	-0.327408126
5.836650000	-4.986497402	-0.328296922
5.836651000	-4.990989685	-0.330773729
5.836652000	-4.991331577	-0.330917073
5.836653000	-4.993557930	-0.331082922
5.836654000	-4.994418621	-0.333512224
5.836655000	-4.998600483	-0.335018807
5.836656000	-5.002914429	-0.336589740
5.836657000	-5.006269455	-0.336280979
5.836658000	-5.019026756	-0.339388356
5.836659000	-5.019030571	-0.341498112
5.836660000	-5.024393082	-0.343270945
5.836661000	-5.036984921	-0.346373994
5.836662000	-5.033273220	-0.346782057
5.836663000	-5.038624287	-0.347778845
5.836664000	-5.047843933	-0.350637215
5.836665000	-5.041049957	-0.351357567
5.836666000	-5.049042702	-0.353070679
5.836667000	-5.058301449	-0.355588398
5.836668000	-5.067012787	-0.358002087
5.836669000	-5.074274540	-0.360946911
5.836670000	-5.070133209	-0.361102673
5.836671000	-5.088204861	-0.364017802
5.836672000	-5.099447727	-0.366878170
5.836673000	-5.099016666	-0.367790469
5.836674000	-5.111808777	-0.371227645
5.836675000	-5.109539986	-0.372629633
5.836676000	-5.114555359	-0.373820299
5.836677000	-5.123445988	-0.376379563
5.836678000	-5.134929657	-0.379399422
5.836679000	-5.139131069	-0.379440235
5.836680000	-5.139809608	-0.380658697
5.836681000	-5.160250187	-0.385516703
5.836682000	-5.166682720	-0.390120842
5.836683000	-5.171794415	-0.390570417
5.836684000	-5.180902004	-0.391997538
5.836685000	-5.194597721	-0.396455703
5.836686000	-5.209828854	-0.399993280
5.836687000	-5.217616558	-0.403085244
5.836688000	-5.223628521	-0.403974540
5.836689000	-5.235647202	-0.408310732
5.836690000	-5.237757683	-0.410475948
5.836691000	-5.258882046	-0.415962127
5.836692000	-5.279030323	-0.420725790
5.836693000	-5.277251244	-0.421604200
5.836694000	-5.293390751	-0.423028192
5.836695000	-5.311752796	-0.428721165
5.836696000	-5.345154762	-0.434397626
5.836697000	-5.340136528	-0.437610464
5.836698000	-5.358540058	-0.442090866
5.836699000	-5.396293640	-0.449013720
5.836700000	-5.400240898	-0.450567775
5.836701000	-5.431931973	-0.457090988
5.836702000	-5.462653637	-0.464349766
5.836703000	-5.494953156	-0.470527301
5.836704000	-5.513119221	-0.475688807
5.836705000	-5.559970856	-0.484542520
5.836706000	-5.623300076	-0.496469220
5.836707000	-5.754949570	-0.522060334
5.836708000	-14.999735832	0.657317159
5.836709000	-14.655964851	0.657080604
5.836710000	-14.519353867	0.661771230
5.836711000	-14.388113022	0.665364433
5.836712000	-14.351231575	0.670744152
5.836713000	-14.275204659	0.669847399
5.836714000	-14.211003304	0.669884283
5.836715000	-14.129374504	0.673822300
5.836716000	-14.023653030	0.679040498
5.836717000	-14.000571251	0.680863165
5.836718000	-13.907759666	0.681285676
5.836719000	-13.856194496	0.685201721
5.836720000	-13.792720795	0.682718456
5.836721000	-13.670977592	0.684175871
5.836722000	-13.636263847	0.689376892
5.836723000	-13.601908684	0.690946426
5.836724000	-13.565481186	0.693157249
5.836725000	-13.473435402	0.695522402
5.836726000	-13.387828827	0.695342572
5.836727000	-13.363792419	0.696136061
5.836728000	-13.264918327	0.699217405
5.836729000	-13.237767220	0.700263961
5.836730000	-13.157204628	0.702962076
5.836731000	-13.084513664	0.699971745
5.836732000	-13.023399353	0.702398884
5.836733000	-12.982611656	0.704515032
5.836734000	-12.941053391	0.704628682
5.836735000	-12.839775085	0.706185100
5.836736000	-12.801958084	0.708540333
5.836737000	-12.785196304	0.706867135
5.836738000	-12.693082809	0.710300549
5.836739000	-12.647672653	0.708246320
5.836740000	-12.555265427	0.709801207
5.836741000	-12.514488220	0.710486505
5.836742000	-12.490659714	0.711101295
5.836743000	-12.390025139	0.710053341
5.836744000	-12.413343430	0.712100247
5.836745000	-12.364855766	0.713979107
5.836746000	-12.286264420	0.712671229
5.836747000	-12.267922401	0.712002775
5.836748000	-12.186521530	0.713330494
5.836749000	-12.133728027	0.713442280
5.836750000	-12.121828079	0.714579317
5.836751000	-12.057485580	0.715293843
5.836752000	-11.995959282	0.713976045
5.836753000	-11.940062523	0.714313068
5.836754000	-11.931028366	0.715466483
5.836755000	-11.849465370	0.715890258
5.836756000	-11.815807343	0.715667019
5.836757000	-11.781515121	0.715295574
5.836758000	-11.736974716	0.714678320
5.836759000	-11.652589798	0.715704969
5.836760000	-11.674304962	0.714763541
5.836761000	-11.606534004	0.714667068
5.836762000	-11.558121681	0.714978592
5.836763000	-11.503238678	0.713598408
5.836764000	-11.448968887	0.714259005
5.836765000	-11.441643715	0.713679368
5.836766000	-11.408556938	0.714368328
5.836767000	-11.359320641	0.713450337
5.836768000	-11.324021339	0.714226049
5.836769000	-11.251367569	0.713220772
5.836770000	-11.224007607	0.711055622
5.836771000	-11.190248489	0.713112981
5.836772000	-11.174190521	0.711625805
5.836773000	-11.115015030	0.710380378
5.836774000	-11.059560776	0.710385904
5.836775000	-11.021851540	0.709550603
5.836776000	-11.002775192	0.708894467
5.836777000	-10.951592445	0.709971383
5.836778000	-10.914165497	0.710214263
5.836779000	-10.901117325	0.708808979
5.836780000	-10.833160400	0.707274333
5.836781000	-10.817602158	0.707308088
5.836782000	-10.793420792	0.705518311
5.836783000	-10.744565964	0.705871513
5.836784000	-10.713929176	0.704691533
5.836785000	-10.678326607	0.705508391
5.836786000	-10.601027489	0.702362931
5.836787000	-10.588320732	0.702930184
5.836788000	-10.559954643	0.702220718
5.836789000	-10.509169579	0.702556942
5.836790000	-10.486748695	0.700408770
5.836791000	-10.444172859	0.700013490
5.836792000	-10.426531792	0.699462216
5.836793000	-10.367590904	0.699972811
5.836794000	-10.372220993	0.698647755
5.836795000	-10.316514969	0.696570556
5.836796000	-10.288544655	0.696737536
5.836797000	-10.250754356	0.696936607
5.836798000	-10.216880798	0.694066519
5.836799000	-10.170710564	0.694401344
5.836800000	-10.157155991	0.692783274
5.836801000	-10.116647720	0.692734472
5.836802000	-10.088586807	0.691620006
5.836803000	-10.060179710	0.689476427
5.836804000	-10.046538353	0.691746839
5.836805000	-9.996860504	0.689787285
5.836806000	-9.973660469	0.688864566
5.836807000	-9.977953911	0.687618539
5.836808000	-9.902029037	0.687485315
5.836809000	-9.880075455	0.686508201
5.836810000	-9.852173805	0.684762099
5.836811000	-9.852085114	0.685466705
5.836812000	-9.803547859	0.683072124
5.836813000	-9.761663437	0.682352405
5.836814000	-9.736602783	0.679942510
5.836815000	-9.729310989	0.679542903
5.836816000	-9.673199654	0.679263604
5.836817000	-9.656388283	0.680710965
5.836818000	-9.631690025	0.677251053
5.836819000	-9.609673500	0.676018542
5.836820000	-9.560994148	0.674431365
5.836821000	-9.524619102	0.673705720
5.836822000	-9.527871132	0.673846468
5.836823000	-9.489235878	0.671493565
5.836824000	-9.460019112	0.671317797
5.836825000	-9.411715508	0.669246057
5.836826000	-9.402915001	0.668057288
5.836827000	-9.367477417	0.667614871
5.836828000	-9.348004341	0.667251150
5.836829000	-9.327470779	0.664997250
5.836830000	-9.304192543	0.664331127
5.836831000	-9.284615517	0.664929805
5.836832000	-9.246780396	0.663027776
5.836833000	-9.229308128	0.662535757
5.836834000	-9.197957993	0.660410621
5.836835000	-9.166228294	0.659284969
5.836836000	-9.139386177	0.658687955
5.836837000	-9.120335579	0.658491347
5.836838000	-9.099073410	0.655018785
5.836839000	-9.060530663	0.655669129
5.836840000	-9.050195694	0.653398784
5.836841000	-9.021342278	0.652826936
5.836842000	-9.024987221	0.652843581
5.836843000	-8.974200249	0.651577781
5.836844000	-8.943392754	0.648467209
5.836845000	-8.919570923	0.646976171
5.836846000	-8.899236679	0.647172113
5.836847000	-8.870203018	0.643458602
5.836848000	-8.853730202	0.643007795
5.836849000	-8.822844505	0.643262793
5.836850000	-8.831026077	0.643426644
5.836851000	-8.765480042	0.639148675
5.836852000	-8.767091751	0.640240105
5.836853000	-8.738869667	0.638302588
5.836854000	-8.720606804	0.637885471
5.836855000	-8.692186356	0.635705807
5.836856000	-8.657979012	0.634795805
5.836857000	-8.658452034	0.633234393
5.836858000	-8.618852615	0.631630704
5.836859000	-8.615790367	0.631265718
5.836860000	-8.602415085	0.629521947
5.836861000	-8.555465698	0.628412474
5.836862000	-8.540607452	0.626959320
5.836863000	-8.523270607	0.625563890
5.836864000	-8.509110451	0.625238252
5.836865000	-8.484370232	0.623053861
5.836866000	-8.451076508	0.620913744
5.836867000	-8.436877251	0.621233257
5.836868000	-8.421920776	0.620099816
5.836869000	-8.401577950	0.617322472
5.836870000	-8.388456345	0.617556297
5.836871000	-8.360539436	0.615511988
5.836872000	-8.340679169	0.614660975
5.836873000	-8.306137085	0.613556362
5.836874000	-8.293150902	0.613238048
5.836875000	-8.280732155	0.610198782
5.836876000	-8.263238907	0.609573938
5.836877000	-8.239043236	0.607174696
5.836878000	-8.215797424	0.605975941
5.836879000	-8.191503525	0.602764701
5.836880000	-8.165388107	0.602918033
5.836881000	-8.168010712	0.603482756
5.836882000	-8.145551682	0.602750720
5.836883000	-8.112451553	0.600613932
5.836884000	-8.120721817	0.600948359
5.836885000	-8.085566521	0.597633589
5.836886000	-8.076784134	0.596208864
5.836887000	-8.045426369	0.594985674
5.836888000	-8.020619392	0.592776981
5.836889000	-8.007912636	0.591886554
5.836890000	-7.991715908	0.590696920
5.836891000	-7.974927902	0.588499212
5.836892000	-7.963085651	0.589318734
5.836893000	-7.941491127	0.587859188
5.836894000	-7.910522938	0.584211523
5.836895000	-7.896934032	0.584037019
5.836896000	-7.885747910	0.584143812
5.836897000	-7.866800308	0.582233061
5.836898000	-7.836271763	0.580093477
5.836899000	-7.828833580	0.577646631
5.836900000	-7.811041832	0.577596963
5.836901000	-7.792432785	0.576259857
5.836902000	-7.775870323	0.574409626
5.836903000	-7.761514187	0.572729504
5.836904000	-7.731203079	0.570580399
5.836905000	-7.729804993	0.570941857
5.836906000	-7.721063614	0.570597643
5.836907000	-7.696851730	0.567386071
5.836908000	-7.670296192	0.566424070
5.836909000	-7.669384480	0.564510323
5.836910000	-7.642117977	0.564148599
5.836911000	-7.629417419	0.562276796
5.836912000	-7.603406429	0.560344207
5.836913000	-7.589872837	0.560450067
5.836914000	-7.579697132	0.557956350
5.836915000	-7.557439804	0.556888822
5.836916000	-7.545029163	0.555287363
5.836917000	-7.527952194	0.554791649
5.836918000	-7.492870808	0.551350778
5.836919000	-7.490112305	0.550999707
5.836920000	-7.468719959	0.548515044
5.836921000	-7.475305080	0.549169483
5.836922000	-7.450043678	0.547600981
5.836923000	-7.442368984	0.545955547
5.836924000	-7.409166813	0.545590960
5.836925000	-7.407670498	0.543600813
5.836926000	-7.390984058	0.542378089
5.836927000	-7.382201195	0.540225456
5.836928000	-7.360974789	0.537888899
5.836929000	-7.344419003	0.537337358
5.836930000	-7.342094421	0.536773334
5.836931000	-7.320828438	0.534875265
5.836932000	-7.315289497	0.535312889
5.836933000	-7.299399853	0.532946005
5.836934000	-7.287855148	0.531237254
5.836935000	-7.269938946	0.530321659
5.836936000	-7.245177269	0.527599809
5.836937000	-7.240472317	0.526988747
5.836938000	-7.232667446	0.526353017
5.836939000	-7.206771374	0.524269526
5.836940000	-7.197790623	0.523677705
5.836941000	-7.183076382	0.522478750
5.836942000	-7.160792351	0.519349269
5.836943000	-7.140974045	0.519188514
5.836944000	-7.138193607	0.517686558
5.836945000	-7.118409634	0.514877389
5.836946000	-7.105461121	0.514365629
5.836947000	-7.087400913	0.513069169
5.836948000	-7.081533909	0.511611355
5.836949000	-7.061563492	0.510647191
5.836950000	-7.050989628	0.508549818
5.836951000	-7.041220188	0.507548636
5.836952000	-7.025815487	0.506134398
5.836953000	-7.020989895	0.505857229
5.836954000	-6.997272491	0.503274396
5.836955000	-6.993894577	0.501673636
5.836956000	-6.975235462	0.500381371
5.836957000	-6.967915535	0.499881895
5.836958000	-6.941200256	0.496180900
5.836959000	-6.940156937	0.496752547
5.836960000	-6.926160812	0.495207448
5.836961000	-6.921513081	0.494560333
5.836962000	-6.888123512	0.490582402
5.836963000	-6.888184547	0.491340338
5.836964000	-6.875988483	0.489238871
5.836965000	-6.876136780	0.489342335
5.836966000	-6.845465660	0.485998403
5.836967000	-6.845044613	0.485794239
5.836968000	-6.837056637	0.484549311
5.836969000	-6.814259052	0.481956191
5.836970000	-6.804158688	0.480313220
5.836971000	-6.792678833	0.479311339
5.836972000	-6.777238846	0.479198620
5.836973000	-6.775911808	0.477866141
5.836974000	-6.764313698	0.476982005
5.836975000	-6.753854275	0.474188948
5.836976000	-6.724885941	0.472149300
5.836977000	-6.718172073	0.470987529
5.836978000	-6.699309349	0.469362468
5.836979000	-6.695224285	0.468783364
5.836980000	-6.692991257	0.467465831
5.836981000	-6.671028137	0.465365796
5.836982000	-6.668496132	0.464880534
5.836983000	-6.646935463	0.462623805
5.836984000	-6.630661964	0.461530111
5.836985000	-6.617797852	0.459402246
5.836986000	-6.612236023	0.458257685
5.836987000	-6.601757526	0.456966019
5.836988000	-6.593254089	0.454964986
5.836989000	-6.592877865	0.455973359
5.836990000	-6.570021629	0.452749236
5.836991000	-6.571146965	0.452172695
5.836992000	-6.557822227	0.450194799
5.836993000	-6.547527313	0.449325210
5.836994000	-6.536292076	0.447980613
5.836995000	-6.526569366	0.446863484
5.836996000	-6.507621765	0.443715994
5.836997000	-6.504284382	0.443825583
5.836998000	-6.501300812	0.442361310
5.836999000	-6.487250805	0.440895640
5.837000000	-6.473536968	0.440489541
5.837001000	-6.460613728	0.438082775
5.837002000	-6.458732128	0.437069310
5.837003000	-6.437769890	0.434906024
5.837004000	-6.429404259	0.433111952
5.837005000	-6.411295414	0.430599792
5.837006000	-6.426115036	0.432118793
5.837007000	-6.391742706	0.429205960
5.837008000	-6.394121647	0.428456314
5.837009000	-6.378567219	0.426464203
5.837010000	-6.377581120	0.425984068
5.837011000	-6.365378380	0.426603719
5.837012000	-6.357706070	0.423793352
5.837013000	-6.327722073	0.420439966
5.837014000	-6.330656528	0.420719631
5.837015000	-6.328266144	0.420066025
5.837016000	-6.325717449	0.419184152
5.837017000	-6.306341648	0.416659242
5.837018000	-6.294141769	0.414917768
5.837019000	-6.284475803	0.413659558
5.837020000	-6.291769981	0.413343440
5.837021000	-6.276494980	0.412271052
5.837022000	-6.255479336	0.408717363
5.837023000	-6.256895065	0.410301045
5.837024000	-6.245115757	0.408034961
5.837025000	-6.237077713	0.405723338
5.837026000	-6.228233337	0.405210812
5.837027000	-6.223470688	0.404782876
5.837028000	-6.208403111	0.402229170
5.837029000	-6.198717594	0.400865998
5.837030000	-6.183031559	0.398721321
5.837031000	-6.173355103	0.396820523
5.837032000	-6.179362774	0.396820790
5.837033000	-6.168477535	0.395422996
5.837034000	-6.165517330	0.394547782
5.837035000	-6.152039528	0.392512461
5.837036000	-6.143153667	0.391430918
5.837037000	-6.139849186	0.390817991
5.837038000	-6.125990868	0.389461477
5.837039000	-6.120796204	0.387767806
5.837040000	-6.116259575	0.387342866
5.837041000	-6.105666637	0.386114982
5.837042000	-6.098019123	0.383828159
5.837043000	-6.094481945	0.383364835
5.837044000	-6.085341454	0.383131576
5.837045000	-6.083418369	0.380240548
5.837046000	-6.068268776	0.380315516
5.837047000	-6.060831070	0.378722579
5.837048000	-6.047779560	0.376981105
5.837049000	-6.042053699	0.375271788
5.837050000	-6.038852692	0.374517448
5.837051000	-6.031414986	0.373060799
5.837052000	-6.016523361	0.370904570
5.837053000	-6.016714573	0.369938142
5.837054000	-6.001403332	0.368889256
5.837055000	-6.001255989	0.367350715
5.837056000	-5.993206501	0.366233452
5.837057000	-5.984160900	0.365409271
5.837058000	-5.970614910	0.364017203
5.837059000	-5.970810890	0.364163410
5.837060000	-5.967549324	0.360937557
5.837061000	-5.956894398	0.361286864
5.837062000	-5.954166889	0.359579478
5.837063000	-5.943562508	0.358725369
5.837064000	-5.925709248	0.356154486
5.837065000	-5.922068596	0.356148627
5.837066000	-5.918791294	0.354314675
5.837067000	-5.917431355	0.353943896
5.837068000	-5.910582066	0.352952900
5.837069000	-5.899506092	0.351085325
5.837070000	-5.888851166	0.349335728
5.837071000	-5.880868435	0.348574830
5.837072000	-5.879582882	0.346315371
5.837073000	-5.877118587	0.346825666
5.837074000	-5.869009972	0.345425442
5.837075000	-5.854834080	0.343398877
5.837076000	-5.851386070	0.343018178
5.837077000	-5.850506306	0.341905775
5.837078000	-5.841362953	0.341011752
5.837079000	-5.841819286	0.340065098
5.837080000	-5.834214687	0.338138101
5.837081000	-5.827358723	0.337475673
5.837082000	-5.817781448	0.334808751
5.837083000	-5.822469234	0.335778940
5.837084000	-5.814401150	0.333874980
5.837085000	-5.800909042	0.332785314
5.837086000	-5.792575836	0.332398889
5.837087000	-5.782357693	0.329513255
5.837088000	-5.790070534	0.329569880
5.837089000	-5.779477596	0.328351251
5.837090000	-5.765246868	0.325687224
5.837091000	-5.760379791	0.326773195
5.837092000	-5.764473438	0.324551652
5.837093000	-5.750486851	0.322545626
5.837094000	-5.752242088	0.323554165
5.837095000	-5.741795063	0.320686240
5.837096000	-5.735158920	0.318727153
5.837097000	-5.726347446	0.318513900
5.837098000	-5.723884106	0.316941203
5.837099000	-5.719767570	0.316244587
5.837100000	-5.716953278	0.315879934
5.837101000	-5.704970360	0.314063125
5.837102000	-5.700709343	0.313347833
5.837103000	-5.697311878	0.310921095
5.837104000	-5.686835289	0.310481540
5.837105000	-5.684601784	0.308796225
5.837106000	-5.684012413	0.308994031
5.837107000	-5.670034885	0.306793395
5.837108000	-5.673099041	0.306376976
5.837109000	-5.665014744	0.304948922
5.837110000	-5.657717705	0.302918695
5.837111000	-5.646021843	0.302351841
5.837112000	-5.653857231	0.302792827
5.837113000	-5.641847134	0.300739164
5.837114000	-5.636994839	0.299782889
5.837115000	-5.631750584	0.298617590
5.837116000	-5.627372265	0.297122624
5.837117000	-5.626480103	0.295613910
5.837118000	-5.619890213	0.295619037
5.837119000	-5.613984108	0.293642372
5.837120000	-5.614068508	0.292806606
5.837121000	-5.601695538	0.291696434
5.837122000	-5.599756241	0.291275521
5.837123000	-5.594524384	0.290172972
5.837124000	-5.599034309	0.289318364
5.837125000	-5.591499805	0.288779873
5.837126000	-5.581248283	0.286748547
5.837127000	-5.573961735	0.285518499
5.837128000	-5.574654579	0.286229430
5.837129000	-5.565878391	0.285200851
5.837130000	-5.565553665	0.283074616
5.837131000	-5.565738678	0.283144824
5.837132000	-5.556028366	0.282357860
5.837133000	-5.553937912	0.280524939
5.837134000	-5.547646523	0.279730784
5.837135000	-5.545688152	0.277980954
5.837136000	-5.537589550	0.276638538
5.837137000	-5.532197952	0.276477933
5.837138000	-5.529965401	0.274648458
5.837139000	-5.528883934	0.274561139
5.837140000	-5.524180889	0.273144371
5.837141000	-5.521923065	0.272069303
5.837142000	-5.508077145	0.271883364
5.837143000	-5.504553318	0.269054355
5.837144000	-5.501900673	0.270175079
5.837145000	-5.503186226	0.268106103
5.837146000	-5.505339146	0.267810492
5.837147000	-5.494152546	0.267719845
5.837148000	-5.489997387	0.264908262
5.837149000	-5.485590935	0.264054985
5.837150000	-5.480706692	0.263066986
5.837151000	-5.477823257	0.263307403
5.837152000	-5.470449924	0.261472967
5.837153000	-5.461163044	0.260801668
5.837154000	-5.473090649	0.259861622
5.837155000	-5.461437225	0.259807293
5.837156000	-5.459248543	0.258113207
5.837157000	-5.460355282	0.257373314
5.837158000	-5.448385715	0.255948040
5.837159000	-5.443983078	0.256580707
5.837160000	-5.449808598	0.255480289
5.837161000	-5.446890831	0.254403806
5.837162000	-5.441216469	0.252891697
5.837163000	-5.428794861	0.251836635
5.837164000	-5.431267738	0.251175739
5.837165000	-5.423360825	0.250145711
5.837166000	-5.414799213	0.248688546
5.837167000	-5.416040421	0.248524179
5.837168000	-5.412571907	0.246335260
5.837169000	-5.408053398	0.245796752
5.837170000	-5.414290428	0.246444966
5.837171000	-5.407083035	0.244360293
5.837172000	-5.404879570	0.244363606
5.837173000	-5.396916389	0.244741675
5.837174000	-5.393736839	0.242070923
5.837175000	-5.393558502	0.241058739
5.837176000	-5.389397144	0.241041528
5.837177000	-5.386339188	0.238699894
5.837178000	-5.382910728	0.238917441
5.837179000	-5.382716656	0.238127864
5.837180000	-5.376404762	0.236328100
5.837181000	-5.375457287	0.236636111
5.837182000	-5.374093533	0.236338253
5.837183000	-5.365685940	0.235072569
5.837184000	-5.367037296	0.233694882
5.837185000	-5.361272812	0.232478467
5.837186000	-5.356424332	0.232697945
5.837187000	-5.355237484	0.232237884
5.837188000	-5.351821899	0.230505381
5.837189000	-5.345176220	0.229727272
5.837190000	-5.343883991	0.228765871
5.837191000	-5.338797569	0.228016374
5.837192000	-5.335630417	0.226292809
5.837193000	-5.339443207	0.225761542
5.837194000	-5.328512669	0.225628217
5.837195000	-5.328635216	0.224947247
5.837196000	-5.325161457	0.224270638
5.837197000	-5.327983856	0.223379011
5.837198000	-5.320683956	0.222697342
5.837199000	-5.316624165	0.220648206
5.837200000	-5.314858437	0.220729299
5.837201000	-5.313729763	0.220042520
5.837202000	-5.302628040	0.218840802
5.837203000	-5.304773808	0.219200562
5.837204000	-5.309309006	0.217461700
5.837205000	-5.303072929	0.216274347
5.837206000	-5.299455643	0.216297067
5.837207000	-5.298424721	0.215745842
5.837208000	-5.293982506	0.213571771
5.837209000	-5.291943073	0.215061760
5.837210000	-5.287333965	0.213283733
5.837211000	-5.287961006	0.212778848
5.837212000	-5.292947292	0.211904199
5.837213000	-5.282807827	0.211496586
5.837214000	-5.286922455	0.210352342
5.837215000	-5.279492378	0.210008944
5.837216000	-5.279126644	0.209531123
5.837217000	-5.273963451	0.207817079
5.837218000	-5.269832134	0.207561316
5.837219000	-5.265053749	0.205401209
5.837220000	-5.265208721	0.204882725
5.837221000	-5.259166718	0.204718525
5.837222000	-5.263820171	0.204262758
5.837223000	-5.262539864	0.203889749
5.837224000	-5.249513149	0.203027084
5.837225000	-5.251408577	0.202438276
5.837226000	-5.256024361	0.201753894
5.837227000	-5.249639034	0.201801681
5.837228000	-5.243030548	0.200221544
5.837229000	-5.241642952	0.198435379
5.837230000	-5.244171619	0.198715343
5.837231000	-5.236330986	0.197384545
5.837232000	-5.235307217	0.197340120
5.837233000	-5.229991436	0.196956841
5.837234000	-5.231904507	0.195565656
5.837235000	-5.228363514	0.194175969
5.837236000	-5.226831436	0.193693654
5.837237000	-5.225959778	0.193156794
5.837238000	-5.224174500	0.192774730
5.837239000	-5.223956585	0.192257045
5.837240000	-5.228216648	0.190703207
5.837241000	-5.214568615	0.190203032
5.837242000	-5.212214470	0.190454650
5.837243000	-5.210476875	0.189953910
5.837244000	-5.212903976	0.189207176
5.837245000	-5.214183331	0.188347291
5.837246000	-5.208075047	0.188818021
5.837247000	-5.203350544	0.187163516
5.837248000	-5.200742245	0.186975463
5.837249000	-5.199510098	0.185587690
5.837250000	-5.195813179	0.186096354
5.837251000	-5.201280117	0.184790872
5.837252000	-5.199837208	0.184248620
5.837253000	-5.192023277	0.183699193
5.837254000	-5.195687294	0.183438086
5.837255000	-5.194631100	0.182411471
5.837256000	-5.183104515	0.182008485
5.837257000	-5.180296898	0.180209220
5.837258000	-5.181679726	0.179827073
5.837259000	-5.180286407	0.181006704
5.837260000	-5.186760426	0.179282623
5.837261000	-5.177067280	0.178297370
5.837262000	-5.174099922	0.177931318
5.837263000	-5.174155712	0.176811975
5.837264000	-5.172359943	0.175906967
5.837265000	-5.164324760	0.175078374
5.837266000	-5.161186695	0.174360003
5.837267000	-5.163146019	0.175240510
5.837268000	-5.166836739	0.174439015
5.837269000	-5.165531635	0.173094102
5.837270000	-5.165962219	0.172226761
5.837271000	-5.157009125	0.171844314
5.837272000	-5.154867172	0.171428329
5.837273000	-5.158190250	0.171559356
5.837274000	-5.157861233	0.170645226
5.837275000	-5.149314880	0.170087943
5.837276000	-5.153626442	0.169113825
5.837277000	-5.148001194	0.168818580
5.837278000	-5.143590450	0.167560170
5.837279000	-5.146042824	0.167308335
5.837280000	-5.144203663	0.166240724
5.837281000	-5.131500244	0.166253440
5.837282000	-5.138310432	0.166748705
5.837283000	-5.138327599	0.165513897
5.837284000	-5.136454582	0.164014671
5.837285000	-5.136721611	0.164005766
5.837286000	-5.130344391	0.163376211
5.837287000	-5.124445915	0.162788684
5.837288000	-5.127656460	0.162351427
5.837289000	-5.130553722	0.161950970
5.837290000	-5.124403477	0.161098010
5.837291000	-5.122669697	0.159405837
5.837292000	-5.120637417	0.159903732
5.837293000	-5.119471073	0.159981646
5.837294000	-5.120440006	0.159712484
5.837295000	-5.119397640	0.157898405
5.837296000	-5.120971680	0.156969311
5.837297000	-5.111322403	0.157355037
5.837298000	-5.107556820	0.156445867
5.837299000	-5.113482952	0.156011705
5.837300000	-5.107874870	0.156229468
5.837301000	-5.105211258	0.155204318
5.837302000	-5.106588364	0.155143981
5.837303000	-5.103673458	0.155054582
5.837304000	-5.099150658	0.152668023
5.837305000	-5.098874092	0.153285610
5.837306000	-5.104990482	0.152381101
5.837307000	-5.101221561	0.153039301
5.837308000	-5.103427887	0.152446581
5.837309000	-5.095263004	0.151976134
5.837310000	-5.097007751	0.151099504
5.837311000	-5.099355221	0.150804060
5.837312000	-5.098436356	0.149175803
5.837313000	-5.096597672	0.149415688
5.837314000	-5.093378544	0.147839063
5.837315000	-5.099338531	0.148561412
5.837316000	-5.088984013	0.149280316
5.837317000	-5.091556549	0.147916744
5.837318000	-5.089581013	0.147193729
5.837319000	-5.091500759	0.146876147
5.837320000	-5.082828999	0.146053297
5.837321000	-5.089187622	0.146403286
5.837322000	-5.082406521	0.143949816
5.837323000	-5.086172104	0.144144876
5.837324000	-5.076434612	0.143788744
5.837325000	-5.084094048	0.143815726
5.837326000	-5.085511684	0.143116413
5.837327000	-5.084248543	0.142890843
5.837328000	-5.077147007	0.142754489
5.837329000	-5.075788975	0.141916775
5.837330000	-5.075194359	0.141835432
5.837331000	-5.072751999	0.140207359
5.837332000	-5.077035904	0.140809083
5.837333000	-5.072351933	0.139636094
5.837334000	-5.067932606	0.139576572
5.837335000	-5.072927952	0.139585169
5.837336000	-5.065047264	0.139091344
5.837337000	-5.067843914	0.137151140
5.837338000	-5.063310146	0.137388769
5.837339000	-5.063376904	0.136974855
5.837340000	-5.058938503	0.136083720
5.837341000	-5.065259457	0.135825177
5.837342000	-5.066462994	0.135338043
5.837343000	-5.059150219	0.135114762
5.837344000	-5.062682152	0.134908667
5.837345000	-5.060584068	0.133742693
5.837346000	-5.059522629	0.133659278
5.837347000	-5.058615208	0.133879546
5.837348000	-5.060281754	0.133272504
5.837349000	-5.056025028	0.132460772
5.837350000	-5.049941540	0.131364274
5.837351000	-5.048949718	0.131288441
5.837352000	-5.053784847	0.131222219
5.837353000	-5.046517849	0.130981569
5.837354000	-5.055774212	0.130411553
5.837355000	-5.051754475	0.130208803
5.837356000	-5.048918724	0.129131230
5.837357000	-5.051296711	0.129116475
5.837358000	-5.046396255	0.128566698
5.837359000	-5.037477493	0.127517929
5.837360000	-5.045651913	0.127521366
5.837361000	-5.037648678	0.127772394
5.837362000	-5.047087669	0.126853062
5.837363000	-5.044598579	0.127145519
5.837364000	-5.044203281	0.126314180
5.837365000	-5.043715477	0.125483873
5.837366000	-5.039480686	0.125274989
5.837367000	-5.032907963	0.124116623
5.837368000	-5.033348560	0.124429785
5.837369000	-5.037795067	0.124427422
5.837370000	-5.034522533	0.123894989
5.837371000	-5.030622959	0.123396737
5.837372000	-5.030604362	0.123055103
5.837373000	-5.031608105	0.122132751
5.837374000	-5.030349731	0.122430950
5.837375000	-5.027647495	0.121378460
5.837376000	-5.022799015	0.121751128
5.837377000	-5.023208141	0.120436192
5.837378000	-5.023675442	0.120598046
5.837379000	-5.021955967	0.119639058
5.837380000	-5.020947456	0.119441002
5.837381000	-5.011379242	0.118391567
5.837382000	-5.018216610	0.117993200
5.837383000	-5.019014835	0.117589714
5.837384000	-5.021318436	0.118002895
5.837385000	-5.018412113	0.117726268
5.837386000	-5.019134521	0.116709514
5.837387000	-5.018492222	0.116787171
5.837388000	-5.018127441	0.116078462
5.837389000	-5.015082836	0.115930140
5.837390000	-5.017426491	0.116006515
5.837391000	-5.008596897	0.116011891
5.837392000	-5.016651630	0.114433835
5.837393000	-5.017736912	0.114332760
5.837394000	-5.011950970	0.113874579
5.837395000	-5.014984131	0.114320268
5.837396000	-5.011097431	0.113904390
5.837397000	-5.013537884	0.112116186
5.837398000	-5.012425900	0.112488504
5.837399000	-5.005853653	0.112317804
5.837400000	-5.003722668	0.111421508
5.837401000	-5.008141994	0.111155001
5.837402000	-5.002794743	0.111036008
5.837403000	-5.008187294	0.110874628
5.837404000	-5.014377594	0.110167218
5.837405000	-5.000579357	0.109851409
5.837406000	-5.000620365	0.109626380
5.837407000	-4.996709824	0.109355536
5.837408000	-4.997894287	0.109208621
5.837409000	-4.995561600	0.108326965
5.837410000	-5.000023842	0.108715146
5.837411000	-5.003093243	0.107491989
5.837412000	-4.997769356	0.107658487
5.837413000	-4.995634079	0.107487870
5.837414000	-4.998013020	0.106796089
5.837415000	-4.994438171	0.105356700
5.837416000	-4.992801189	0.105722269
5.837417000	-4.995384693	0.104920999
5.837418000	-4.991270065	0.105215644
5.837419000	-4.993506432	0.104269523
5.837420000	-4.994610786	0.104769590
5.837421000	-4.988028526	0.105113737
5.837422000	-4.991401196	0.103591024
5.837423000	-4.989489079	0.103465473
5.837424000	-4.992020130	0.103302662
5.837425000	-4.979349613	0.102185100
5.837426000	-4.990951061	0.102392211
5.837427000	-4.991999626	0.102862575
5.837428000	-4.990562439	0.101865878
5.837429000	-4.987428188	0.101997072
5.837430000	-4.983300209	0.101589243
5.837431000	-4.985715389	0.101058941
5.837432000	-4.982490540	0.101249015
5.837433000	-4.984079361	0.100304750
5.837434000	-4.981124401	0.099843108
5.837435000	-4.983399868	0.099395763
5.837436000	-4.976291180	0.099116289
5.837437000	-4.983036041	0.099168254
5.837438000	-4.977270126	0.098692647
5.837439000	-4.973892212	0.098513907
5.837440000	-4.975710392	0.097751186
5.837441000	-4.983242989	0.097772783
5.837442000	-4.980782509	0.097371486
5.837443000	-4.978000164	0.097358062
5.837444000	-4.976338863	0.096571939
5.837445000	-4.977899551	0.095974617
5.837446000	-4.973182201	0.095874357
5.837447000	-4.976666451	0.095729373
5.837448000	-4.968560219	0.095756304
5.837449000	-4.970023632	0.095341883
5.837450000	-4.972983837	0.095013632
5.837451000	-4.969311237	0.094251976
5.837452000	-4.971391201	0.093806346
5.837453000	-4.968795776	0.094002696
5.837454000	-4.974302292	0.094117395
5.837455000	-4.968745708	0.093087350
5.837456000	-4.961795330	0.092635237
5.837457000	-4.961581230	0.091979159
5.837458000	-4.967565536	0.092265973
5.837459000	-4.970303535	0.092818038
5.837460000	-4.964798450	0.091526904
5.837461000	-4.965646744	0.091921926
5.837462000	-4.961495876	0.091462464
5.837463000	-4.966475010	0.091784499
5.837464000	-4.963277817	0.090509311
5.837465000	-4.961904526	0.091890459
5.837466000	-4.962481499	0.090489112
5.837467000	-4.967896938	0.089840999
5.837468000	-4.966277122	0.089422225
5.837469000	-4.960356236	0.089584004
5.837470000	-4.958788395	0.088575681
5.837471000	-4.956760406	0.089090695
5.837472000	-4.959629059	0.087346141
5.837473000	-4.953495502	0.087226415
5.837474000	-4.954065323	0.087995794
5.837475000	-4.958740711	0.087060434
5.837476000	-4.955249786	0.086113131
5.837477000	-4.958086491	0.086634927
5.837478000	-4.961541653	0.086107197
5.837479000	-4.958190441	0.086476502
5.837480000	-4.957936764	0.086342504
5.837481000	-4.959015846	0.085839682
5.837482000	-4.953223228	0.085009650
5.837483000	-4.953754425	0.085238124
5.837484000	-4.955175877	0.084958342
5.837485000	-4.947592258	0.085144805
5.837486000	-4.950637341	0.084389225
5.837487000	-4.953259945	0.084316537
5.837488000	-4.952689648	0.083649807
5.837489000	-4.946016788	0.083585200
5.837490000	-4.947581291	0.082385887
5.837491000	-4.941474438	0.083472490
5.837492000	-4.944681644	0.082904521
5.837493000	-4.949490070	0.082105381
5.837494000	-4.945326805	0.081914474
5.837495000	-4.944343567	0.081762324
5.837496000	-4.943010807	0.081298227
5.837497000	-4.940335751	0.081531919
5.837498000	-4.940240383	0.080611606
5.837499000	-4.940398693	0.080452898
5.837500000	-4.942103386	0.080447114
5.837501000	-4.940074921	0.079698491
5.837502000	-4.941804886	0.080172059
5.837503000	-4.936141968	0.079170486
5.837504000	-4.941869259	0.079315712
5.837505000	-4.939589024	0.078534016
5.837506000	-4.938375473	0.078015290
5.837507000	-4.936893463	0.078118338
5.837508000	-4.940285206	0.077612412
5.837509000	-4.933629036	0.078078432
5.837510000	-4.938161850	0.077315078
5.837511000	-4.939229488	0.076837765
5.837512000	-4.938498497	0.076765119
5.837513000	-4.926510334	0.075570983
5.837514000	-4.935134888	0.076068461
5.837515000	-4.932312012	0.076354085
5.837516000	-4.934397697	0.076189169
5.837517000	-4.933822155	0.075717931
5.837518000	-4.935396194	0.075566921
5.837519000	-4.929236412	0.075245594
5.837520000	-4.929852486	0.075173539
5.837521000	-4.932566643	0.076047738
5.837522000	-4.929503441	0.074475949
5.837523000	-4.936818123	0.074350647
5.837524000	-4.929304123	0.073719611
5.837525000	-4.931870461	0.073187753
5.837526000	-4.926966667	0.072858495
5.837527000	-4.930887222	0.073784842
5.837528000	-4.929280281	0.073548403
5.837529000	-4.927781105	0.073262455
5.837530000	-4.930088520	0.072771975
5.837531000	-4.930720806	0.071875206
5.837532000	-4.926798344	0.071250012
5.837533000	-4.929296970	0.070899798
5.837534000	-4.927062035	0.070837863
5.837535000	-4.923890114	0.071001140
5.837536000	-4.923711777	0.071069200
5.837537000	-4.922908306	0.070282852
5.837538000	-4.929475784	0.071329857
5.837539000	-4.924706459	0.070073477
5.837540000	-4.921592236	0.070290059
5.837541000	-4.919760704	0.070184748
5.837542000	-4.923321724	0.070109497
5.837543000	-4.924007893	0.069485418
5.837544000	-4.919969082	0.068961033
5.837545000	-4.920839310	0.068375304
5.837546000	-4.924911022	0.068847991
5.837547000	-4.922752857	0.067958199
5.837548000	-4.923436642	0.068033608
5.837549000	-4.920679092	0.067122512
5.837550000	-4.920724869	0.067649647
5.837551000	-4.918311596	0.067078977
5.837552000	-4.916251659	0.067213717
5.837553000	-4.919730186	0.066643105
5.837554000	-4.918374062	0.066781760
5.837555000	-4.919858932	0.066891358
5.837556000	-4.921732426	0.066172637
5.837557000	-4.922734261	0.065854901
5.837558000	-4.917851448	0.065517562
5.837559000	-4.920204163	0.065512814
5.837560000	-4.920989513	0.065459580
5.837561000	-4.925948620	0.065225213
5.837562000	-4.920306206	0.065225892
5.837563000	-4.921499252	0.064566576
5.837564000	-4.919897556	0.064852404
5.837565000	-4.920775414	0.065210491
5.837566000	-4.920289993	0.063901531
5.837567000	-4.919783115	0.063951723
5.837568000	-4.918419361	0.063904419
5.837569000	-4.918700218	0.063982562
5.837570000	-4.913916588	0.062923922
5.837571000	-4.918810368	0.063767665
5.837572000	-4.916589737	0.063070408
5.837573000	-4.912330627	0.062498603
5.837574000	-4.919323444	0.061742698
5.837575000	-4.913784027	0.061874674
5.837576000	-4.916170120	0.062011465
5.837577000	-4.917221546	0.061496534
5.837578000	-4.919981480	0.061724168
5.837579000	-4.914471626	0.061895030
5.837580000	-4.912246704	0.061418811
5.837581000	-4.916818142	0.060633508
5.837582000	-4.916850090	0.059655553
5.837583000	-4.916640282	0.060686625
5.837584000	-4.911677837	0.059888526
5.837585000	-4.909043312	0.060360296
5.837586000	-4.917901039	0.060053363
5.837587000	-4.918025494	0.059692925
5.837588000	-4.911893368	0.059819924
5.837589000	-4.915819645	0.059094384
5.837590000	-4.908386707	0.059156215
5.837591000	-4.907457829	0.059604679
5.837592000	-4.905386925	0.058649207
5.837593000	-4.907269955	0.057480121
5.837594000	-4.904585838	0.058009595
5.837595000	-4.906492233	0.057865688
5.837596000	-4.908138275	0.057092956
5.837597000	-4.907734394	0.056870944
5.837598000	-4.909578800	0.057176367
5.837599000	-4.908557892	0.056063698
5.837600000	-4.905192375	0.056770439
5.837601000	-4.905859947	0.056396535
5.837602000	-4.902677059	0.056772661
5.837603000	-4.900413990	0.056053362
5.837604000	-4.897688866	0.055821250
5.837605000	-4.903348446	0.055201928
5.837606000	-4.899412632	0.054652851
5.837607000	-4.902154922	0.054995117
5.837608000	-4.902298927	0.054976105
5.837609000	-4.902466297	0.055032164
5.837610000	-4.893236160	0.054384267
5.837611000	-4.900102139	0.055232738
5.837612000	-4.899402142	0.054122316
5.837613000	-4.904146194	0.053408755
5.837614000	-4.895903111	0.052906745
5.837615000	-4.904910088	0.053283474
5.837616000	-4.897430897	0.053663362
5.837617000	-4.895566463	0.053251254
5.837618000	-4.899776459	0.053193064
5.837619000	-4.898076057	0.052973545
5.837620000	-4.897342682	0.052470653
5.837621000	-4.893387794	0.052609524
5.837622000	-4.897949696	0.052579942
5.837623000	-4.900156498	0.052112083
5.837624000	-4.901085854	0.052144715
5.837625000	-4.895058632	0.052142930
5.837626000	-4.900827885	0.052104343
5.837627000	-4.899220943	0.051761727
5.837628000	-4.899725914	0.050893633
5.837629000	-4.898166180	0.051352112
5.837630000	-4.890270233	0.050962072
5.837631000	-4.898707867	0.050428611
5.837632000	-4.897391319	0.050305540
5.837633000	-4.894962311	0.050153020
5.837634000	-4.897516251	0.050153757
5.837635000	-4.892108440	0.050113859
5.837636000	-4.892556190	0.049743197
5.837637000	-4.888685226	0.049225366
5.837638000	-4.896741867	0.048941352
5.837639000	-4.890893936	0.049334160
5.837640000	-4.888698578	0.048597272
5.837641000	-4.890392303	0.048484579
5.837642000	-4.895028591	0.048830881
5.837643000	-4.889779091	0.048556118
5.837644000	-4.892010212	0.048365165
5.837645000	-4.887780666	0.048055731
5.837646000	-4.889180183	0.047388409
5.837647000	-4.891506195	0.047746159
5.837648000	-4.888299465	0.047317615
5.837649000	-4.889485836	0.047536672
5.837650000	-4.885162830	0.047112539
5.837651000	-4.890707016	0.046462644
5.837652000	-4.889034271	0.046490125
5.837653000	-4.883507729	0.046381310
5.837654000	-4.887997150	0.046171295
5.837655000	-4.881536484	0.045690186
5.837656000	-4.890369415	0.045900110
5.837657000	-4.885524750	0.045053491
5.837658000	-4.876536369	0.045182717
5.837659000	-4.881762028	0.046195417
5.837660000	-4.889674664	0.045325283
5.837661000	-4.879414558	0.045175485
5.837662000	-4.881580353	0.045062654
5.837663000	-4.883692741	0.044850171
5.837664000	-4.879585266	0.043513789
5.837665000	-4.887537956	0.043768445
5.837666000	-4.885615826	0.043948021
5.837667000	-4.878021717	0.043402052
5.837668000	-4.884586334	0.043766781
5.837669000	-4.878240585	0.043162310
5.837670000	-4.876971245	0.042934489
5.837671000	-4.881310940	0.043234044
5.837672000	-4.881382942	0.042754114
5.837673000	-4.883325577	0.042190863
5.837674000	-4.879651070	0.041595447
5.837675000	-4.877347469	0.042118546
5.837676000	-4.878241062	0.042236241
5.837677000	-4.878584385	0.042110282
5.837678000	-4.873866558	0.041667011
5.837679000	-4.881352901	0.041200771
5.837680000	-4.886535645	0.041331187
5.837681000	-4.877768517	0.041137404
5.837682000	-4.883932590	0.040362299
5.837683000	-4.883823395	0.040744197
5.837684000	-4.873913288	0.040627159
5.837685000	-4.879938126	0.040964528
5.837686000	-4.876502037	0.040928521
5.837687000	-4.884078026	0.040603020
5.837688000	-4.879766941	0.040709376
5.837689000	-4.881711960	0.040114696
5.837690000	-4.878941059	0.039801142
5.837691000	-4.875421524	0.039342379
5.837692000	-4.875456810	0.039804068
5.837693000	-4.877080441	0.039430518
5.837694000	-4.876120090	0.039574957
5.837695000	-4.881578922	0.038760075
5.837696000	-4.877554417	0.039013795
5.837697000	-4.875208855	0.038653786
5.837698000	-4.870165348	0.038572023
5.837699000	-4.873916626	0.038385264
5.837700000	-4.875867844	0.037845433
5.837701000	-4.876461506	0.036941531
5.837702000	-4.869670868	0.037285687
5.837703000	-4.880228996	0.037797629
5.837704000	-4.875349998	0.037853893
5.837705000	-4.872864246	0.037027202
5.837706000	-4.877256870	0.037154393
5.837707000	-4.877685070	0.036969940
5.837708000	-4.874759674	0.037026020
5.837709000	-4.873788357	0.036550413
5.837710000	-4.872107029	0.036928141
5.837711000	-4.875228405	0.036405266
5.837712000	-4.874052048	0.036210098
5.837713000	-4.877810001	0.035716581
5.837714000	-4.877377510	0.036248523
5.837715000	-4.874385357	0.036121178
5.837716000	-4.872133732	0.036044974
5.837717000	-4.870624542	0.035053354
5.837718000	-4.867509365	0.034298654
5.837719000	-4.877827168	0.035502222
5.837720000	-4.863985062	0.035012974
5.837721000	-4.870002270	0.035264734
5.837722000	-4.869741440	0.034656321
5.837723000	-4.879787922	0.035048606
5.837724000	-4.875707150	0.034205038
5.837725000	-4.874035358	0.034609083
5.837726000	-4.873443127	0.035143698
5.837727000	-4.872109890	0.034281258
5.837728000	-4.876717091	0.033731055
5.837729000	-4.874022007	0.033764902
5.837730000	-4.873331547	0.033555449
5.837731000	-4.870092392	0.032491897
5.837732000	-4.874955177	0.033326448
5.837733000	-4.872021675	0.032731973
5.837734000	-4.877446175	0.032500762
5.837735000	-4.871864796	0.032910816
5.837736000	-4.873146057	0.032348746
5.837737000	-4.863560677	0.032390882
5.837738000	-4.862624168	0.032208503
5.837739000	-4.864974976	0.032304439
5.837740000	-4.873405457	0.032422755
5.837741000	-4.867747784	0.031776903
5.837742000	-4.866792679	0.030991185
5.837743000	-4.867422104	0.031924512
5.837744000	-4.865299702	0.031515998
5.837745000	-4.865298748	0.031209576
5.837746000	-4.863482952	0.030891743
5.837747000	-4.867631435	0.030834402
5.837748000	-4.868329525	0.030889148
5.837749000	-4.872802734	0.030294383
5.837750000	-4.863278389	0.030088848
5.837751000	-4.865740776	0.030716305
5.837752000	-4.870329857	0.030490288
5.837753000	-4.861666203	0.029335242
5.837754000	-4.866569996	0.029720254
5.837755000	-4.866134167	0.030282682
5.837756000	-4.862137794	0.029472846
5.837757000	-4.868596554	0.029905838
5.837758000	-4.862336636	0.029104402
5.837759000	-4.863033295	0.029353873
5.837760000	-4.862784863	0.029174824
5.837761000	-4.867609024	0.028750807
5.837762000	-4.864130020	0.028429806
5.837763000	-4.858262062	0.028611844
5.837764000	-4.864491463	0.028377101
5.837765000	-4.864192963	0.028326736
5.837766000	-4.863323212	0.027746304
5.837767000	-4.862297058	0.027851305
5.837768000	-4.868680954	0.027901847
5.837769000	-4.865968704	0.027887774
5.837770000	-4.861047745	0.027648949
5.837771000	-4.860994339	0.027241017
5.837772000	-4.862412453	0.028121566
5.837773000	-4.865983963	0.027420316
5.837774000	-4.865284443	0.027581171
5.837775000	-4.860554218	0.027559223
5.837776000	-4.859750748	0.026406992
5.837777000	-4.853517056	0.026748996
5.837778000	-4.862958908	0.025828202
5.837779000	-4.861520767	0.025996844
5.837780000	-4.859760284	0.026057612
5.837781000	-4.861440659	0.026098744
5.837782000	-4.860773563	0.025548064
5.837783000	-4.855808735	0.026104234
5.837784000	-4.860258102	0.025518984
5.837785000	-4.854427338	0.024820122
5.837786000	-4.861184120	0.024541602
5.837787000	-4.859181404	0.024659981
5.837788000	-4.861363411	0.024815666
5.837789000	-4.857546329	0.025254940
5.837790000	-4.865647793	0.024988255
5.837791000	-4.862885952	0.024922525
5.837792000	-4.859671116	0.023980509
5.837793000	-4.856028557	0.024748650
5.837794000	-4.858428955	0.024148502
5.837795000	-4.857804775	0.024414879
5.837796000	-4.860805035	0.024147678
5.837797000	-4.862651825	0.023709747
5.837798000	-4.857981682	0.023896043
5.837799000	-4.861185074	0.023886476
5.837800000	-4.860701561	0.023020439
5.837801000	-4.851345062	0.023268594
5.837802000	-4.856334686	0.022598769
5.837803000	-4.855807304	0.023007330
5.837804000	-4.858551979	0.022655474
5.837805000	-4.855651855	0.022915567
5.837806000	-4.857653141	0.023161999
5.837807000	-4.858963966	0.022151273
5.837808000	-4.858598709	0.022225446
5.837809000	-4.859450817	0.022130080
5.837810000	-4.850984097	0.021632498
5.837811000	-4.857988358	0.021412510
5.837812000	-4.851587296	0.022027729
5.837813000	-4.857265949	0.021491544
5.837814000	-4.856781960	0.021463784
5.837815000	-4.860055923	0.020745051
5.837816000	-4.863488197	0.020934743
5.837817000	-4.855885506	0.021516005
5.837818000	-4.854427338	0.020726045
5.837819000	-4.855583668	0.021027013
5.837820000	-4.856086254	0.020495835
5.837821000	-4.854061127	0.020313451
5.837822000	-4.857805729	0.020135529
5.837823000	-4.859756947	0.020794996
5.837824000	-4.862071991	0.020615501
5.837825000	-4.860214233	0.020023784
5.837826000	-4.856661320	0.020168710
5.837827000	-4.858675957	0.020343694
5.837828000	-4.861228466	0.020085436
5.837829000	-4.854821682	0.019474815
5.837830000	-4.860216141	0.020209953
5.837831000	-4.858556747	0.020032279
5.837832000	-4.856591702	0.019343839
5.837833000	-4.848611355	0.019206761
5.837834000	-4.853258610	0.019283404
5.837835000	-4.852691650	0.019267556
5.837836000	-4.860153675	0.019499980
5.837837000	-4.858111858	0.019407356
5.837838000	-4.851920605	0.019560051
5.837839000	-4.858897686	0.018822020
5.837840000	-4.850886822	0.017891328
5.837841000	-4.858893394	0.018553245
5.837842000	-4.856588364	0.018333746
5.837843000	-4.854265213	0.018624332
5.837844000	-4.858209133	0.018156945
5.837845000	-4.853294849	0.017400718
5.837846000	-4.861035347	0.017795159
5.837847000	-4.854938030	0.018037030
5.837848000	-4.852023602	0.017473666
5.837849000	-4.856849194	0.017155052
5.837850000	-4.853636742	0.016799143
5.837851000	-4.853309631	0.017207643
5.837852000	-4.852377892	0.016798020
5.837853000	-4.854698181	0.016706619
5.837854000	-4.851822376	0.017388147
5.837855000	-4.853225231	0.016797558
5.837856000	-4.863685608	0.016459804
5.837857000	-4.856683254	0.016878033
5.837858000	-4.855291367	0.016103026
5.837859000	-4.853070259	0.016344475
5.837860000	-4.848695755	0.016154554
5.837861000	-4.850362778	0.016755031
5.837862000	-4.850031853	0.015694099
5.837863000	-4.851920605	0.016127091
5.837864000	-4.853257179	0.014803216
5.837865000	-4.853901863	0.015316595
5.837866000	-4.855435371	0.015366927
5.837867000	-4.852484703	0.014965490
5.837868000	-4.855919838	0.015467005
5.837869000	-4.856264591	0.014753951
5.837870000	-4.850832462	0.015396389
5.837871000	-4.848797798	0.014191723
5.837872000	-4.849110126	0.014258914
5.837873000	-4.850923061	0.014313216
5.837874000	-4.847581863	0.014168817
5.837875000	-4.855298519	0.013777918
5.837876000	-4.852853775	0.013614481
5.837877000	-4.848276138	0.013902171
5.837878000	-4.849926949	0.013371885
5.837879000	-4.853039265	0.013520098
5.837880000	-4.849620819	0.013834191
5.837881000	-4.850129128	0.013978406
5.837882000	-4.848085403	0.013471306
5.837883000	-4.851797104	0.013397309
5.837884000	-4.852464676	0.013070591
5.837885000	-4.855805397	0.012684167
5.837886000	-4.847573280	0.012684273
5.837887000	-4.850193977	0.012683668
5.837888000	-4.847424507	0.013146178
5.837889000	-4.857392311	0.012436467
5.837890000	-4.852006435	0.012850519
5.837891000	-4.854266644	0.012909070
5.837892000	-4.848774910	0.012714616
5.837893000	-4.846300602	0.012187139
5.837894000	-4.845669746	0.011953535
5.837895000	-4.847284794	0.011568128
5.837896000	-4.845671177	0.011427479
5.837897000	-4.848155022	0.011615176
5.837898000	-4.846747398	0.011753283
5.837899000	-4.845420837	0.011663012
5.837900000	-4.844526768	0.011513783
5.837901000	-4.848423481	0.011148381
5.837902000	-4.851669312	0.011741634
5.837903000	-4.849822044	0.010818703
5.837904000	-4.847172737	0.010965374
5.837905000	-4.851933956	0.010970020
5.837906000	-4.846157074	0.011085559
5.837907000	-4.850148201	0.010321094
5.837908000	-4.849666595	0.011104691
5.837909000	-4.849461079	0.010298799
5.837910000	-4.852526665	0.010486939
5.837911000	-4.855040550	0.010713980
5.837912000	-4.844961643	0.009722623
5.837913000	-4.848449230	0.009234570
5.837914000	-4.849357128	0.009985317
5.837915000	-4.847612381	0.010175672
5.837916000	-4.848295689	0.009651530
5.837917000	-4.850060940	0.009409599
5.837918000	-4.847420692	0.008979240
5.837919000	-4.851187706	0.009274064
5.837920000	-4.846023083	0.009390163
5.837921000	-4.849269390	0.008904279
5.837922000	-4.846436501	0.009311520
5.837923000	-4.847430706	0.008777041
5.837924000	-4.847281933	0.008259500
5.837925000	-4.849918842	0.008872994
5.837926000	-4.847665787	0.009287613
5.837927000	-4.851120949	0.008656822
5.837928000	-4.841286182	0.008462629
5.837929000	-4.851689339	0.008311552
5.837930000	-4.840646267	0.008172861
5.837931000	-4.852763176	0.008178049
5.837932000	-4.847487450	0.008158363
5.837933000	-4.852254868	0.007485423
5.837934000	-4.846353531	0.007863037
5.837935000	-4.847271919	0.007991489
5.837936000	-4.845807552	0.007794330
5.837937000	-4.847994328	0.007823196
5.837938000	-4.846147060	0.007330363
5.837939000	-4.852599621	0.006889963
5.837940000	-4.843067646	0.007145474
5.837941000	-4.847393990	0.007090812
5.837942000	-4.852146149	0.006679278
5.837943000	-4.846271038	0.006903607
5.837944000	-4.847115993	0.006892610
5.837945000	-4.845652103	0.006411419
5.837946000	-4.840729713	0.007233838
5.837947000	-4.847681999	0.006426839
5.837948000	-4.849998951	0.005632508
5.837949000	-4.851650238	0.005857122
5.837950000	-4.850398540	0.006322610
5.837951000	-4.848402023	0.006039942
5.837952000	-4.845807552	0.005814523
5.837953000	-4.840507507	0.004789546
5.837954000	-4.848503113	0.005767590
5.837955000	-4.845528126	0.005692952
5.837956000	-4.846994400	0.004880510
5.837957000	-4.849596500	0.005062480
5.837958000	-4.846975803	0.005284908
5.837959000	-4.850934982	0.005043652
5.837960000	-4.838100433	0.005092344
5.837961000	-4.848301411	0.005335232
5.837962000	-4.846382141	0.005068409
5.837963000	-4.843746662	0.004791608
5.837964000	-4.845628262	0.004418969
5.837965000	-4.849310398	0.004039350
5.837966000	-4.849444389	0.004237762
5.837967000	-4.846239090	0.004660747
5.837968000	-4.847514153	0.003789824
5.837969000	-4.843688011	0.004139801
5.837970000	-4.839034557	0.004401737
5.837971000	-4.842514038	0.004596595
5.837972000	-4.843821526	0.003661613
5.837973000	-4.845724583	0.003596472
5.837974000	-4.848551273	0.004136954
5.837975000	-4.844635487	0.004287382
5.837976000	-4.846452713	0.003166828
5.837977000	-4.841865063	0.003238425
5.837978000	-4.850718498	0.003575307
5.837979000	-4.849742889	0.003743526
5.837980000	-4.846221447	0.002699346
5.837981000	-4.841216564	0.002910138
5.837982000	-4.845330715	0.003116367
5.837983000	-4.842721939	0.002981827
5.837984000	-4.846368790	0.002845581
5.837985000	-4.845954895	0.002804248
5.837986000	-4.839693069	0.002374800
5.837987000	-4.838331223	0.002960981
5.837988000	-4.838214397	0.002468009
5.837989000	-4.842258930	0.002726763
5.837990000	-4.841742516	0.002626706
5.837991000	-4.840533257	0.002120877
5.837992000	-4.846294403	0.002152476
5.837993000	-4.841689110	0.002086871
5.837994000	-4.845968246	0.002136987
5.837995000	-4.845305443	0.001801016
5.837996000	-4.838552475	0.002352558
5.837997000	-4.844845295	0.001487719
5.837998000	-4.839957714	0.002207781
5.837999000	-4.841287136	0.001018868
5.838000000	-4.841138363	0.001672055
5.838001000	-4.849699974	0.001565751
5.838002000	-4.840085030	0.001250715
5.838003000	-4.843054771	0.000768267
5.838004000	-4.846383095	0.001222455
5.838005000	-4.844737530	0.000766979
5.838006000	-4.841590881	0.000581731
5.838007000	-4.845431328	0.000527861
5.838008000	-4.836108685	0.000439234
5.838009000	-4.842877388	0.000347313
5.838010000	-4.841730595	0.000035736
5.838011000	-4.845992088	0.000741433
5.838012000	-4.839787006	-0.000289189
5.838013000	-4.844009399	0.000385303
5.838014000	-4.844687939	-0.000288889
5.838015000	-4.844844341	-0.000361216
5.838016000	-4.843091965	0.000215091
5.838017000	-4.842063427	-0.000176073
5.838018000	-4.843842030	-0.000052905
5.838019000	-4.840312958	-0.000389977
5.838020000	-4.840129852	-0.000420350
5.838021000	-4.844750404	-0.000865545
5.838022000	-4.840188503	-0.001243260
5.838023000	-4.841633320	-0.000994455
5.838024000	-4.842435837	-0.001371338
5.838025000	-4.842315674	-0.000804027
5.838026000	-4.841674328	-0.000956775
5.838027000	-4.839553833	-0.000971061
5.838028000	-4.838504314	-0.001329325
5.838029000	-4.841629982	-0.001339517
5.838030000	-4.846495152	-0.001213390
5.838031000	-4.843072891	-0.000844091
5.838032000	-4.842763424	-0.001741412
5.838033000	-4.844097137	-0.002366492
5.838034000	-4.847086430	-0.002300125
5.838035000	-4.847596645	-0.002400296
5.838036000	-4.842917919	-0.001097746
5.838037000	-4.841558933	-0.002058777
5.838038000	-4.845024586	-0.002507096
5.838039000	-4.837306023	-0.001410895
5.838040000	-4.839552402	-0.002401870
5.838041000	-4.841019154	-0.002546880
5.838042000	-4.838571072	-0.002611859
5.838043000	-4.839483261	-0.002444094
5.838044000	-4.841950893	-0.002557446
5.838045000	-4.844611645	-0.002309597
5.838046000	-4.837560177	-0.002764392
5.838047000	-4.843538761	-0.003272794
