D:\KID metingen\Entropy ADR\LT343chip5_BF_20240530_mapping\S21\Power\KID376_106dBm_.dat
Power at KID:106dBm
resonance Frequency in GHz :7.843751
Q=24743.694008, Qc=30106.725023, Qi=138904.956813  S21min=-14.985064


Temperature in K:0.099967
GHz	dB	Rad
7.842898000	1.485962868	0.057082182
7.842899000	1.455861449	0.056907679
7.842900000	1.482287049	0.062981151
7.842901000	1.488124609	0.060448668
7.842902000	1.492372751	0.056878093
7.842903000	1.455163598	0.060217455
7.842904000	1.450969219	0.056004218
7.842905000	1.470769405	0.056215165
7.842906000	1.469065189	0.058758422
7.842907000	1.467178345	0.057884418
7.842908000	1.443721294	0.057008717
7.842909000	1.474467993	0.053098218
7.842910000	1.459688306	0.054948558
7.842911000	1.495704889	0.054845206
7.842912000	1.453901649	0.056306682
7.842913000	1.488587379	0.057333676
7.842914000	1.473580599	0.058286951
7.842915000	1.466256857	0.053996161
7.842916000	1.486127973	0.057522295
7.842917000	1.444795847	0.059119480
7.842918000	1.489217758	0.058779531
7.842919000	1.489265919	0.053529879
7.842920000	1.473999023	0.056006028
7.842921000	1.472456217	0.055113353
7.842922000	1.439846039	0.058056991
7.842923000	1.461478353	0.058065359
7.842924000	1.472556949	0.057411137
7.842925000	1.482886314	0.056958241
7.842926000	1.464851260	0.058825167
7.842927000	1.479381204	0.052458943
7.842928000	1.460661769	0.056654849
7.842929000	1.444949746	0.054558821
7.842930000	1.480515361	0.054670890
7.842931000	1.476029277	0.058546696
7.842932000	1.474979639	0.049404068
7.842933000	1.471498251	0.051150395
7.842934000	1.453282356	0.052038060
7.842935000	1.450178385	0.049488911
7.842936000	1.496257186	0.051282034
7.842937000	1.451783299	0.056056191
7.842938000	1.468238950	0.054752545
7.842939000	1.473443508	0.053497197
7.842940000	1.495449185	0.051899488
7.842941000	1.450402975	0.050975421
7.842942000	1.468269110	0.054960712
7.842943000	1.449896693	0.053260550
7.842944000	1.454756498	0.050970365
7.842945000	1.466350198	0.051782155
7.842946000	1.476189494	0.054359795
7.842947000	1.485793710	0.049579933
7.842948000	1.468049169	0.052030894
7.842949000	1.465309381	0.049983477
7.842950000	1.450389504	0.048692567
7.842951000	1.476341963	0.050459013
7.842952000	1.469753623	0.049876388
7.842953000	1.469570160	0.049585509
7.842954000	1.474478364	0.051699601
7.842955000	1.483929276	0.047270127
7.842956000	1.464508176	0.052231605
7.842957000	1.456540346	0.050957582
7.842958000	1.494584918	0.050707211
7.842959000	1.480404973	0.050751391
7.842960000	1.466134071	0.053147911
7.842961000	1.481155872	0.050154972
7.842962000	1.480988979	0.050473119
7.842963000	1.479257941	0.048160484
7.842964000	1.469013810	0.048746738
7.842965000	1.450071812	0.046456507
7.842966000	1.487465978	0.051988525
7.842967000	1.469716191	0.047534496
7.842968000	1.481212974	0.046243899
7.842969000	1.476624966	0.045604482
7.842970000	1.499554396	0.044034395
7.842971000	1.463375092	0.045921024
7.842972000	1.509586096	0.046415561
7.842973000	1.470971465	0.048976698
7.842974000	1.464118123	0.044865305
7.842975000	1.474770188	0.047008763
7.842976000	1.505257368	0.043344603
7.842977000	1.479251266	0.045134181
7.842978000	1.448088527	0.045524130
7.842979000	1.498319149	0.044729892
7.842980000	1.490585566	0.046437228
7.842981000	1.492649198	0.046755771
7.842982000	1.476049304	0.040163320
7.842983000	1.498952508	0.043242995
7.842984000	1.491034627	0.042605089
7.842985000	1.478291631	0.043742666
7.842986000	1.468155146	0.047387294
7.842987000	1.515061021	0.043594532
7.842988000	1.494189143	0.039667863
7.842989000	1.499073863	0.040568524
7.842990000	1.512521744	0.042661602
7.842991000	1.521670103	0.044343205
7.842992000	1.495061755	0.043965481
7.842993000	1.508812308	0.045076365
7.842994000	1.471095443	0.043714911
7.842995000	1.497723460	0.041610365
7.842996000	1.509055495	0.040908551
7.842997000	1.484402418	0.039495794
7.842998000	1.473084331	0.041500143
7.842999000	1.496287107	0.039586275
7.843000000	1.484185457	0.041264308
7.843001000	1.514688015	0.041432874
7.843002000	1.458441973	0.039869099
7.843003000	1.498981357	0.039771818
7.843004000	1.481077552	0.042251284
7.843005000	1.504171848	0.037016595
7.843006000	1.486200452	0.040178545
7.843007000	1.506049633	0.043437281
7.843008000	1.480550170	0.038969175
7.843009000	1.514653087	0.037079787
7.843010000	1.510896444	0.038170676
7.843011000	1.487627506	0.038553252
7.843012000	1.505575776	0.041286333
7.843013000	1.493071556	0.040832972
7.843014000	1.499587178	0.036899924
7.843015000	1.483912945	0.036486539
7.843016000	1.503673673	0.035861615
7.843017000	1.481931090	0.037447016
7.843018000	1.495319128	0.035819987
7.843019000	1.536154032	0.038909029
7.843020000	1.506948590	0.033818357
7.843021000	1.506957650	0.037107118
7.843022000	1.491759539	0.037278721
7.843023000	1.483979464	0.032624585
7.843024000	1.477509141	0.032341206
7.843025000	1.486527443	0.036254232
7.843026000	1.509119987	0.034604318
7.843027000	1.514930487	0.035034929
7.843028000	1.505955219	0.034631518
7.843029000	1.519690990	0.033040177
7.843030000	1.502715111	0.029999109
7.843031000	1.516689181	0.034467700
7.843032000	1.494158030	0.033732649
7.843033000	1.498466849	0.033580435
7.843034000	1.500827909	0.034413542
7.843035000	1.499293208	0.030250757
7.843036000	1.498172045	0.031916167
7.843037000	1.490177274	0.032929554
7.843038000	1.498599291	0.032113903
7.843039000	1.516429186	0.032277585
7.843040000	1.496051311	0.033015882
7.843041000	1.509565473	0.030771056
7.843042000	1.493913412	0.033039988
7.843043000	1.506071329	0.032115363
7.843044000	1.505821586	0.030138470
7.843045000	1.502105355	0.035469182
7.843046000	1.499992490	0.032769975
7.843047000	1.517888904	0.029931399
7.843048000	1.490238070	0.033634782
7.843049000	1.505838990	0.028971945
7.843050000	1.518868327	0.030517540
7.843051000	1.498336434	0.029026858
7.843052000	1.508633137	0.029402717
7.843053000	1.534525990	0.030357673
7.843054000	1.524050355	0.031348837
7.843055000	1.504946828	0.029671990
7.843056000	1.485141397	0.033504766
7.843057000	1.501511455	0.026632911
7.843058000	1.531433105	0.031415768
7.843059000	1.523164630	0.029747370
7.843060000	1.528832436	0.027795712
7.843061000	1.494549990	0.024879800
7.843062000	1.522568583	0.028013184
7.843063000	1.491264820	0.031807612
7.843064000	1.490453839	0.025642590
7.843065000	1.499925852	0.020994924
7.843066000	1.510929465	0.027521429
7.843067000	1.478136778	0.025537520
7.843068000	1.495859861	0.026596108
7.843069000	1.538211823	0.024217378
7.843070000	1.483306646	0.025831146
7.843071000	1.503689528	0.023061329
7.843072000	1.541517258	0.024753566
7.843073000	1.524637938	0.024804121
7.843074000	1.493404746	0.025283171
7.843075000	1.511763334	0.023696131
7.843076000	1.491631866	0.021564458
7.843077000	1.518451333	0.024692655
7.843078000	1.504170418	0.024495211
7.843079000	1.511707187	0.025126051
7.843080000	1.505740762	0.021176383
7.843081000	1.513877273	0.020585103
7.843082000	1.535378933	0.021635829
7.843083000	1.512928724	0.022127063
7.843084000	1.501994967	0.024379538
7.843085000	1.525487185	0.024287809
7.843086000	1.544524670	0.021299613
7.843087000	1.497073770	0.022146613
7.843088000	1.509375930	0.022556694
7.843089000	1.487214804	0.020618218
7.843090000	1.509704709	0.020537283
7.843091000	1.519089222	0.017057274
7.843092000	1.509967804	0.015629581
7.843093000	1.502338886	0.020168810
7.843094000	1.515713453	0.022266411
7.843095000	1.510294437	0.020205387
7.843096000	1.521728873	0.017912615
7.843097000	1.480314732	0.018206849
7.843098000	1.511520028	0.018536288
7.843099000	1.544063210	0.017329874
7.843100000	1.543760538	0.020047370
7.843101000	1.477053881	0.014622209
7.843102000	1.480816960	0.018702685
7.843103000	1.550578356	0.015430175
7.843104000	1.496265888	0.015245299
7.843105000	1.524981260	0.014810942
7.843106000	1.506171703	0.017159711
7.843107000	1.492489934	0.020390936
7.843108000	1.488501310	0.013846832
7.843109000	1.531534910	0.012931820
7.843110000	1.515421391	0.013923224
7.843111000	1.505622625	0.013508140
7.843112000	1.512522459	0.012708180
7.843113000	1.522157192	0.015164648
7.843114000	1.527299881	0.015302942
7.843115000	1.518348336	0.016789871
7.843116000	1.510291219	0.013010364
7.843117000	1.523061156	0.014339369
7.843118000	1.546145439	0.014309759
7.843119000	1.511596322	0.012822384
7.843120000	1.559202671	0.013587726
7.843121000	1.513552904	0.013054303
7.843122000	1.562359571	0.007991686
7.843123000	1.535829425	0.013207548
7.843124000	1.533606410	0.010352327
7.843125000	1.535716295	0.010364756
7.843126000	1.553829193	0.009799217
7.843127000	1.486527205	0.008164869
7.843128000	1.489120364	0.008144522
7.843129000	1.578031659	0.009794142
7.843130000	1.535778165	0.010368208
7.843131000	1.510683656	0.008757569
7.843132000	1.547344446	0.008590215
7.843133000	1.505120277	0.010054065
7.843134000	1.515666962	0.009154045
7.843135000	1.538720131	0.008681569
7.843136000	1.544512987	0.008895661
7.843137000	1.525999188	0.009137452
7.843138000	1.499751568	0.005668006
7.843139000	1.520890832	0.003073121
7.843140000	1.531321049	0.001428642
7.843141000	1.538002968	0.004459784
7.843142000	1.519755483	0.008211917
7.843143000	1.520349860	0.005401339
7.843144000	1.558246970	0.005093880
7.843145000	1.525992870	0.002873921
7.843146000	1.496980190	0.004797775
7.843147000	1.525533438	0.005466184
7.843148000	1.526779532	0.003193755
7.843149000	1.531930566	0.003750718
7.843150000	1.535338402	0.001562837
7.843151000	1.515698314	0.000303869
7.843152000	1.537213445	0.002381579
7.843153000	1.526769280	0.002244542
7.843154000	1.533640742	0.000395577
7.843155000	1.527415037	0.004953946
7.843156000	1.532250285	0.003654681
7.843157000	1.506892562	0.003577367
7.843158000	1.507286310	0.002458415
7.843159000	1.558803439	-0.000276450
7.843160000	1.537424088	0.003639823
7.843161000	1.558576822	-0.000543615
7.843162000	1.539305568	0.000696826
7.843163000	1.559713960	0.001449664
7.843164000	1.533591390	-0.000631730
7.843165000	1.568149447	0.000351876
7.843166000	1.522131920	-0.002940064
7.843167000	1.535745025	-0.002823318
7.843168000	1.541485190	-0.003251099
7.843169000	1.561194539	-0.002925605
7.843170000	1.531959891	-0.001956583
7.843171000	1.505985618	-0.003381618
7.843172000	1.546719193	-0.004123955
7.843173000	1.525493026	-0.004119041
7.843174000	1.550611377	-0.004089358
7.843175000	1.554110408	-0.003075092
7.843176000	1.551712632	-0.003321451
7.843177000	1.551518321	-0.005735823
7.843178000	1.557680011	-0.006577303
7.843179000	1.546681285	-0.008033566
7.843180000	1.547924519	-0.005997328
7.843181000	1.509153128	-0.004198189
7.843182000	1.532479286	-0.005011641
7.843183000	1.547850013	-0.002013752
7.843184000	1.518029213	-0.005124012
7.843185000	1.547970414	-0.008299662
7.843186000	1.535913467	-0.005154994
7.843187000	1.527018070	-0.005283937
7.843188000	1.528333068	-0.006523117
7.843189000	1.576086402	-0.010398550
7.843190000	1.574416280	-0.006018188
7.843191000	1.523400545	-0.010367757
7.843192000	1.558336616	-0.007921066
7.843193000	1.535772920	-0.010829468
7.843194000	1.536759973	-0.011981857
7.843195000	1.542498708	-0.013139827
7.843196000	1.562748909	-0.011771990
7.843197000	1.542766333	-0.013977179
7.843198000	1.556548476	-0.013831114
7.843199000	1.538504720	-0.011341137
7.843200000	1.561250806	-0.017227952
7.843201000	1.544138193	-0.012486142
7.843202000	1.533000946	-0.011756764
7.843203000	1.537230015	-0.012996393
7.843204000	1.529655576	-0.015801330
7.843205000	1.554197431	-0.012170467
7.843206000	1.513056278	-0.013039811
7.843207000	1.550185800	-0.018465275
7.843208000	1.525476694	-0.011679690
7.843209000	1.546879768	-0.014628913
7.843210000	1.535051823	-0.016190382
7.843211000	1.540281534	-0.017206969
7.843212000	1.532282948	-0.016866425
7.843213000	1.526094675	-0.016171159
7.843214000	1.558376193	-0.017129953
7.843215000	1.523635387	-0.021583810
7.843216000	1.525918722	-0.019984785
7.843217000	1.544410706	-0.019150511
7.843218000	1.545767426	-0.020761542
7.843219000	1.527379870	-0.021151716
7.843220000	1.534128666	-0.021401448
7.843221000	1.549189687	-0.022356909
7.843222000	1.543695092	-0.022400651
7.843223000	1.561827421	-0.023115468
7.843224000	1.562128067	-0.022936184
7.843225000	1.580659032	-0.022264287
7.843226000	1.555100441	-0.023371090
7.843227000	1.557169914	-0.024923160
7.843228000	1.569821596	-0.026919107
7.843229000	1.573134303	-0.026861446
7.843230000	1.542374015	-0.024350393
7.843231000	1.544212937	-0.025623063
7.843232000	1.542280078	-0.025948466
7.843233000	1.531638622	-0.028537338
7.843234000	1.560842276	-0.027690066
7.843235000	1.535206199	-0.027778195
7.843236000	1.581119418	-0.029960639
7.843237000	1.539873838	-0.027125998
7.843238000	1.546427965	-0.026044001
7.843239000	1.543254137	-0.027945800
7.843240000	1.560034871	-0.031925060
7.843241000	1.557794452	-0.030060606
7.843242000	1.554900885	-0.032337513
7.843243000	1.525056124	-0.027909344
7.843244000	1.518158078	-0.029518440
7.843245000	1.575630188	-0.031374588
7.843246000	1.553846598	-0.029769046
7.843247000	1.552015781	-0.033074578
7.843248000	1.571170926	-0.031465311
7.843249000	1.604573846	-0.033587419
7.843250000	1.546113014	-0.031659436
7.843251000	1.529138207	-0.032874712
7.843252000	1.553454876	-0.034850829
7.843253000	1.532947540	-0.032433153
7.843254000	1.548651099	-0.033986710
7.843255000	1.571658373	-0.036342474
7.843256000	1.536734819	-0.036148296
7.843257000	1.566159129	-0.035753474
7.843258000	1.546598673	-0.041923270
7.843259000	1.571208954	-0.038682723
7.843260000	1.549269319	-0.035416297
7.843261000	1.536567092	-0.040766659
7.843262000	1.544456363	-0.035334617
7.843263000	1.559413791	-0.038138635
7.843264000	1.537949204	-0.037565593
7.843265000	1.545811296	-0.037989918
7.843266000	1.544283271	-0.044110749
7.843267000	1.600936174	-0.037765900
7.843268000	1.517314792	-0.045485901
7.843269000	1.558993936	-0.039484247
7.843270000	1.566447854	-0.043170515
7.843271000	1.560305119	-0.039685898
7.843272000	1.588373899	-0.045101037
7.843273000	1.569947004	-0.042930702
7.843274000	1.522573590	-0.043779127
7.843275000	1.517388105	-0.045197193
7.843276000	1.567869067	-0.044727578
7.843277000	1.571775079	-0.043509865
7.843278000	1.569038630	-0.041023991
7.843279000	1.576112747	-0.049268230
7.843280000	1.565217853	-0.049463274
7.843281000	1.579638004	-0.046298785
7.843282000	1.542295337	-0.048951934
7.843283000	1.522917867	-0.044002013
7.843284000	1.552979708	-0.049733060
7.843285000	1.565457463	-0.048622335
7.843286000	1.562355280	-0.047545219
7.843287000	1.549142003	-0.046215324
7.843288000	1.566604257	-0.048966827
7.843289000	1.537068844	-0.055655040
7.843290000	1.559350491	-0.055017305
7.843291000	1.552223444	-0.051782109
7.843292000	1.584569335	-0.056912926
7.843293000	1.540116310	-0.052733748
7.843294000	1.557124615	-0.055369062
7.843295000	1.561363816	-0.051694100
7.843296000	1.549794078	-0.055462485
7.843297000	1.559428334	-0.055968898
7.843298000	1.554695010	-0.058726372
7.843299000	1.526576042	-0.059150560
7.843300000	1.562258601	-0.059717825
7.843301000	1.587182641	-0.053442207
7.843302000	1.555014014	-0.061984612
7.843303000	1.586987853	-0.060090751
7.843304000	1.580242157	-0.057647101
7.843305000	1.537794828	-0.061255868
7.843306000	1.576160669	-0.062266042
7.843307000	1.557482243	-0.061072442
7.843308000	1.562292337	-0.060520086
7.843309000	1.563785434	-0.062823841
7.843310000	1.541822433	-0.062052290
7.843311000	1.578006148	-0.064286033
7.843312000	1.481472492	-0.063086354
7.843313000	1.557574987	-0.061883167
7.843314000	1.576738834	-0.068149568
7.843315000	1.563297033	-0.066827059
7.843316000	1.549784660	-0.062019962
7.843317000	1.567239046	-0.067270937
7.843318000	1.553336978	-0.068971195
7.843319000	1.555107713	-0.068322199
7.843320000	1.556426883	-0.069279560
7.843321000	1.589302063	-0.067593388
7.843322000	1.568634510	-0.072693895
7.843323000	1.549926162	-0.069363849
7.843324000	1.571000576	-0.071363380
7.843325000	1.580896497	-0.063977697
7.843326000	1.567455530	-0.077171176
7.843327000	1.559700727	-0.073369480
7.843328000	1.547946811	-0.074399441
7.843329000	1.565868020	-0.073409062
7.843330000	1.583502054	-0.074457523
7.843331000	1.518616080	-0.075298500
7.843332000	1.542206883	-0.075404760
7.843333000	1.524631500	-0.074933597
7.843334000	1.542272329	-0.077392851
7.843335000	1.574487567	-0.076537177
7.843336000	1.552764535	-0.079860295
7.843337000	1.552939415	-0.081101985
7.843338000	1.549457908	-0.079864581
7.843339000	1.550726771	-0.076418309
7.843340000	1.556413651	-0.078370664
7.843341000	1.533924937	-0.083843485
7.843342000	1.551212907	-0.081464242
7.843343000	1.546008229	-0.081807249
7.843344000	1.585771322	-0.079841228
7.843345000	1.534222126	-0.084505772
7.843346000	1.573945403	-0.084574598
7.843347000	1.553386092	-0.087533195
7.843348000	1.560065866	-0.087470444
7.843349000	1.553550482	-0.091641520
7.843350000	1.548556089	-0.090738634
7.843351000	1.536467671	-0.087894236
7.843352000	1.542102456	-0.089581457
7.843353000	1.569974661	-0.088016817
7.843354000	1.562582135	-0.091556024
7.843355000	1.603207111	-0.092931580
7.843356000	1.550228596	-0.091398424
7.843357000	1.540937781	-0.092080001
7.843358000	1.551179528	-0.092310823
7.843359000	1.551648259	-0.095003853
7.843360000	1.545944214	-0.094751693
7.843361000	1.545444846	-0.094196765
7.843362000	1.586116791	-0.095425997
7.843363000	1.545834064	-0.097294554
7.843364000	1.580253482	-0.096078838
7.843365000	1.549988389	-0.095297949
7.843366000	1.554739118	-0.100326746
7.843367000	1.581246376	-0.097786232
7.843368000	1.545575619	-0.099416344
7.843369000	1.551287651	-0.101729841
7.843370000	1.560549259	-0.101864156
7.843371000	1.545458317	-0.104889182
7.843372000	1.543905377	-0.102543095
7.843373000	1.561749339	-0.104887817
7.843374000	1.536295056	-0.105723118
7.843375000	1.535425425	-0.104650247
7.843376000	1.558237076	-0.106014193
7.843377000	1.563352585	-0.111643733
7.843378000	1.551699758	-0.108598558
7.843379000	1.562532425	-0.110623459
7.843380000	1.566834688	-0.109773328
7.843381000	1.534832001	-0.108663730
7.843382000	1.539445162	-0.111309331
7.843383000	1.543996215	-0.112289299
7.843384000	1.551229954	-0.116206144
7.843385000	1.549926400	-0.114552620
7.843386000	1.579901338	-0.111375952
7.843387000	1.557315111	-0.115593633
7.843388000	1.503244758	-0.115596671
7.843389000	1.561460614	-0.117545148
7.843390000	1.512161016	-0.121005926
7.843391000	1.560681820	-0.119745668
7.843392000	1.547687531	-0.119602756
7.843393000	1.549400568	-0.119440528
7.843394000	1.532332540	-0.119829691
7.843395000	1.539667249	-0.122113468
7.843396000	1.546146154	-0.126747743
7.843397000	1.532281756	-0.125467286
7.843398000	1.552258372	-0.123669378
7.843399000	1.520778775	-0.122425124
7.843400000	1.538048625	-0.126540083
7.843401000	1.551979661	-0.128689711
7.843402000	1.543518901	-0.130269332
7.843403000	1.526724935	-0.126619312
7.843404000	1.554317355	-0.131959008
7.843405000	1.542121172	-0.131067140
7.843406000	1.538610339	-0.131629200
7.843407000	1.549350023	-0.136593641
7.843408000	1.517951846	-0.125452755
7.843409000	1.549783826	-0.135983718
7.843410000	1.511430502	-0.140394562
7.843411000	1.548249602	-0.135229228
7.843412000	1.535274744	-0.135986556
7.843413000	1.508954406	-0.137451336
7.843414000	1.567239642	-0.139811397
7.843415000	1.552485466	-0.139374314
7.843416000	1.531475782	-0.144010885
7.843417000	1.514106631	-0.142988398
7.843418000	1.501835585	-0.142787745
7.843419000	1.538346171	-0.143081708
7.843420000	1.497264147	-0.144702924
7.843421000	1.541223764	-0.148783853
7.843422000	1.517999172	-0.149895007
7.843423000	1.498854995	-0.150329202
7.843424000	1.536091328	-0.149698782
7.843425000	1.482871294	-0.149935071
7.843426000	1.523267627	-0.151376723
7.843427000	1.505650997	-0.150851398
7.843428000	1.523652315	-0.153236442
7.843429000	1.514425159	-0.149051267
7.843430000	1.529083371	-0.154191318
7.843431000	1.537213683	-0.157476194
7.843432000	1.490665555	-0.159255901
7.843433000	1.512539268	-0.159218700
7.843434000	1.509793282	-0.156804229
7.843435000	1.529784560	-0.159180118
7.843436000	1.517068624	-0.159242569
7.843437000	1.495588899	-0.163766680
7.843438000	1.524794459	-0.166831430
7.843439000	1.473053217	-0.164176574
7.843440000	1.500556231	-0.165899856
7.843441000	1.522549868	-0.165179487
7.843442000	1.499227762	-0.167782161
7.843443000	1.491055727	-0.167819912
7.843444000	1.490766883	-0.173914822
7.843445000	1.488693357	-0.171392709
7.843446000	1.463283300	-0.169139907
7.843447000	1.494562387	-0.173696759
7.843448000	1.500469923	-0.175503831
7.843449000	1.488486767	-0.174464998
7.843450000	1.493393660	-0.174876823
7.843451000	1.496725559	-0.181162515
7.843452000	1.501573682	-0.180440932
7.843453000	1.464260936	-0.179627952
7.843454000	1.490051150	-0.179527800
7.843455000	1.473527551	-0.181611641
7.843456000	1.489816070	-0.185032521
7.843457000	1.505172014	-0.185220457
7.843458000	1.492323160	-0.186874213
7.843459000	1.491461515	-0.193784084
7.843460000	1.490152836	-0.184292312
7.843461000	1.491013885	-0.186899980
7.843462000	1.449948788	-0.191792722
7.843463000	1.474941611	-0.189695833
7.843464000	1.482963800	-0.194807820
7.843465000	1.458526611	-0.192556517
7.843466000	1.439620733	-0.195827778
7.843467000	1.445397139	-0.196434612
7.843468000	1.463466406	-0.194538292
7.843469000	1.430106163	-0.201761117
7.843470000	1.466289997	-0.203383332
7.843471000	1.479996324	-0.208128636
7.843472000	1.435240626	-0.201540308
7.843473000	1.440227151	-0.205163772
7.843474000	1.456756234	-0.207976836
7.843475000	1.460898995	-0.206698285
7.843476000	1.411715031	-0.212108231
7.843477000	1.438120961	-0.214588283
7.843478000	1.409711599	-0.213594025
7.843479000	1.480656862	-0.213856496
7.843480000	1.397126198	-0.219083050
7.843481000	1.429241419	-0.216356838
7.843482000	1.422872186	-0.215575350
7.843483000	1.432352662	-0.213735938
7.843484000	1.445161939	-0.221116040
7.843485000	1.412693501	-0.221991388
7.843486000	1.400615335	-0.223417710
7.843487000	1.396415114	-0.219874524
7.843488000	1.438533902	-0.227440249
7.843489000	1.407453775	-0.225811459
7.843490000	1.406990290	-0.230640603
7.843491000	1.389172912	-0.233122586
7.843492000	1.361538410	-0.230693583
7.843493000	1.351157188	-0.235496594
7.843494000	1.370685697	-0.238772216
7.843495000	1.408255577	-0.238551123
7.843496000	1.396248579	-0.240551707
7.843497000	1.371165991	-0.242658017
7.843498000	1.372658849	-0.244413490
7.843499000	1.361787081	-0.247035106
7.843500000	1.345317364	-0.253561415
7.843501000	1.333135009	-0.252056329
7.843502000	1.376508117	-0.252983725
7.843503000	1.339127302	-0.256796040
7.843504000	1.333866477	-0.253481720
7.843505000	1.342787266	-0.258895810
7.843506000	1.349159598	-0.259356387
7.843507000	1.357345104	-0.260928185
7.843508000	1.343956590	-0.258637350
7.843509000	1.276936412	-0.262211362
7.843510000	1.307537198	-0.266714818
7.843511000	1.340432405	-0.266809493
7.843512000	1.336129427	-0.270542712
7.843513000	1.298236966	-0.268645593
7.843514000	1.313796759	-0.272025793
7.843515000	1.310087681	-0.269814321
7.843516000	1.291094780	-0.273711924
7.843517000	1.323199630	-0.275588903
7.843518000	1.264940143	-0.279076279
7.843519000	1.277334213	-0.280470144
7.843520000	1.285023570	-0.283192561
7.843521000	1.259740829	-0.285745567
7.843522000	1.298083186	-0.286786663
7.843523000	1.251800656	-0.288781804
7.843524000	1.280490398	-0.288731503
7.843525000	1.273221612	-0.291294496
7.843526000	1.239450693	-0.295419899
7.843527000	1.272670388	-0.290730971
7.843528000	1.242668629	-0.289941677
7.843529000	1.254874229	-0.297075919
7.843530000	1.241143346	-0.302780011
7.843531000	1.212366700	-0.299663680
7.843532000	1.224793792	-0.306761670
7.843533000	1.228415012	-0.302854945
7.843534000	1.201633930	-0.307343371
7.843535000	1.192934752	-0.313247066
7.843536000	1.175031543	-0.309378159
7.843537000	1.166424990	-0.315307188
7.843538000	1.174819589	-0.316626085
7.843539000	1.180532694	-0.319842984
7.843540000	1.163334370	-0.318574420
7.843541000	1.161259413	-0.324114028
7.843542000	1.172259927	-0.319548871
7.843543000	1.154984832	-0.323276797
7.843544000	1.160811424	-0.327445243
7.843545000	1.113322616	-0.335445313
7.843546000	1.127194285	-0.332698795
7.843547000	1.130368233	-0.335082590
7.843548000	1.057919264	-0.341047605
7.843549000	1.076161504	-0.341704574
7.843550000	1.091378212	-0.348171794
7.843551000	1.099836946	-0.348041399
7.843552000	1.083612204	-0.343970358
7.843553000	1.083516955	-0.353254703
7.843554000	1.088376164	-0.351912703
7.843555000	1.029896379	-0.357388861
7.843556000	1.035359383	-0.357454974
7.843557000	1.031832218	-0.356726833
7.843558000	1.030676126	-0.362985428
7.843559000	1.024179697	-0.356732459
7.843560000	1.006388426	-0.367673290
7.843561000	1.008843899	-0.360992484
7.843562000	0.958264768	-0.369056503
7.843563000	0.955523908	-0.370937860
7.843564000	0.949554384	-0.379189332
7.843565000	0.943207800	-0.383744336
7.843566000	0.902856052	-0.386269811
7.843567000	0.853322029	-0.391964848
7.843568000	0.949104190	-0.385382346
7.843569000	0.918181002	-0.391734418
7.843570000	0.922685504	-0.393512444
7.843571000	0.883918703	-0.393286009
7.843572000	0.859050035	-0.400361662
7.843573000	0.859690070	-0.401311778
7.843574000	0.887510061	-0.401040335
7.843575000	0.860094547	-0.401461847
7.843576000	0.838704288	-0.411261947
7.843577000	0.793741941	-0.414039857
7.843578000	0.802387178	-0.412187063
7.843579000	0.812902510	-0.409821144
7.843580000	0.816212773	-0.416644595
7.843581000	0.747114420	-0.422462304
7.843582000	0.714722455	-0.426885382
7.843583000	0.719012916	-0.429598144
7.843584000	0.679588199	-0.430639706
7.843585000	0.679730952	-0.440778494
7.843586000	0.657326698	-0.438584315
7.843587000	0.628738046	-0.448165437
7.843588000	0.655402184	-0.447050970
7.843589000	0.626916409	-0.449232632
7.843590000	0.608732045	-0.452733091
7.843591000	0.585224628	-0.450969646
7.843592000	0.572861552	-0.455589464
7.843593000	0.545831740	-0.467993170
7.843594000	0.539299548	-0.460968251
7.843595000	0.491536975	-0.466623041
7.843596000	0.472203374	-0.473761744
7.843597000	0.427491188	-0.478470945
7.843598000	0.385498464	-0.487381982
7.843599000	0.429894656	-0.486951515
7.843600000	0.434705287	-0.486637362
7.843601000	0.451745987	-0.484360626
7.843602000	0.349915802	-0.490625346
7.843603000	0.352222115	-0.496089420
7.843604000	0.296632499	-0.505579661
7.843605000	0.283798188	-0.504583473
7.843606000	0.278468370	-0.504696391
7.843607000	0.276734769	-0.505864819
7.843608000	0.227156952	-0.512142356
7.843609000	0.226728722	-0.515303395
7.843610000	0.196895480	-0.522809082
7.843611000	0.162105903	-0.523742520
7.843612000	0.117890276	-0.529820919
7.843613000	0.077774577	-0.532552123
7.843614000	0.093384191	-0.537512194
7.843615000	0.032841571	-0.540085207
7.843616000	0.014641959	-0.539805709
7.843617000	-0.037189137	-0.548784856
7.843618000	-0.051090412	-0.552449366
7.843619000	-0.078136370	-0.556235216
7.843620000	-0.112791285	-0.559741999
7.843621000	-0.183902010	-0.563550320
7.843622000	-0.148156449	-0.567187732
7.843623000	-0.185919747	-0.569985249
7.843624000	-0.232007310	-0.570560026
7.843625000	-0.246372268	-0.577737911
7.843626000	-0.311912537	-0.585571333
7.843627000	-0.342884958	-0.584310526
7.843628000	-0.320850313	-0.586751247
7.843629000	-0.472193748	-0.601983396
7.843630000	-0.499767035	-0.601633590
7.843631000	-0.481340408	-0.605372335
7.843632000	-0.453108013	-0.604924125
7.843633000	-0.537672758	-0.608704882
7.843634000	-0.584829688	-0.610397587
7.843635000	-0.600596905	-0.615746879
7.843636000	-0.649966717	-0.624115530
7.843637000	-0.713995814	-0.631192747
7.843638000	-0.729396462	-0.634867976
7.843639000	-0.835464895	-0.640561082
7.843640000	-0.890238583	-0.639715129
7.843641000	-1.015506506	-0.653057966
7.843642000	-0.978354573	-0.652251560
7.843643000	-1.025281072	-0.651944232
7.843644000	-1.050777555	-0.656353295
7.843645000	-1.143070459	-0.664737658
7.843646000	-1.125473142	-0.669009368
7.843647000	-1.194813609	-0.669916508
7.843648000	-1.279982567	-0.671082706
7.843649000	-1.321053267	-0.677410377
7.843650000	-1.271111369	-0.675904093
7.843651000	-1.419860482	-0.685487545
7.843652000	-1.468917608	-0.687082112
7.843653000	-1.539705157	-0.697172563
7.843654000	-1.457478285	-0.685932492
7.843655000	-1.567213655	-0.695208948
7.843656000	-1.680414438	-0.707881667
7.843657000	-1.705973148	-0.705537685
7.843658000	-1.841495156	-0.714311004
7.843659000	-1.799824595	-0.710619130
7.843660000	-1.956413269	-0.720978494
7.843661000	-2.027735949	-0.734788582
7.843662000	-2.075621843	-0.731876548
7.843663000	-2.134193897	-0.733412127
7.843664000	-2.288412809	-0.741734838
7.843665000	-2.235930204	-0.744685022
7.843666000	-2.358814478	-0.751784676
7.843667000	-2.404175520	-0.752115774
7.843668000	-2.509596348	-0.767979492
7.843669000	-2.598910093	-0.762232257
7.843670000	-2.780982018	-0.771752858
7.843671000	-2.835639000	-0.774546181
7.843672000	-2.913060427	-0.779451658
7.843673000	-3.069381714	-0.788215388
7.843674000	-3.034012318	-0.788612333
7.843675000	-3.049740553	-0.783007510
7.843676000	-3.166096687	-0.793351694
7.843677000	-3.178762436	-0.795693678
7.843678000	-3.264871120	-0.790535934
7.843679000	-3.359577894	-0.797420472
7.843680000	-3.368834734	-0.796581776
7.843681000	-3.447249651	-0.796762205
7.843682000	-3.711066246	-0.815654669
7.843683000	-3.803869009	-0.811533494
7.843684000	-3.952881336	-0.810000246
7.843685000	-4.087086201	-0.813629269
7.843686000	-4.051122189	-0.815587891
7.843687000	-4.155404568	-0.823627974
7.843688000	-4.085257053	-0.819305131
7.843689000	-4.310913086	-0.825367751
7.843690000	-4.520658970	-0.827876848
7.843691000	-4.640838146	-0.832864815
7.843692000	-5.048221588	-0.833023473
7.843693000	-4.964138508	-0.831042281
7.843694000	-5.231664181	-0.836927867
7.843695000	-5.092932224	-0.837313426
7.843696000	-5.166759491	-0.836301225
7.843697000	-5.374939442	-0.839933910
7.843698000	-5.514845848	-0.842628164
7.843699000	-5.835020065	-0.840900305
7.843700000	-5.729969978	-0.842956199
7.843701000	-5.860808372	-0.837313027
7.843702000	-5.998649597	-0.840548967
7.843703000	-6.218371391	-0.834236610
7.843704000	-6.340635300	-0.826319831
7.843705000	-6.266386509	-0.837568357
7.843706000	-6.633400440	-0.829803112
7.843707000	-6.767975330	-0.826621900
7.843708000	-6.964628696	-0.827585165
7.843709000	-7.047933102	-0.827510530
7.843710000	-7.203477859	-0.823059389
7.843711000	-7.259868622	-0.834670705
7.843712000	-7.614109993	-0.812366398
7.843713000	-7.634260654	-0.820721600
7.843714000	-7.859819889	-0.806819233
7.843715000	-7.987364292	-0.811201864
7.843716000	-8.097627640	-0.790026937
7.843717000	-8.429447174	-0.807422972
7.843718000	-8.500791550	-0.794841932
7.843719000	-8.778721809	-0.786989935
7.843720000	-8.938102722	-0.767974099
7.843721000	-8.839548111	-0.772223838
7.843722000	-9.228797913	-0.752376630
7.843723000	-9.050256729	-0.777373926
7.843724000	-9.477677345	-0.755240327
7.843725000	-9.529361725	-0.729300539
7.843726000	-9.872950554	-0.719131192
7.843727000	-10.211971283	-0.697694277
7.843728000	-10.401875496	-0.686762799
7.843729000	-10.386013985	-0.679426257
7.843730000	-10.602293015	-0.663180574
7.843731000	-10.851233482	-0.633924285
7.843732000	-11.200213432	-0.603216972
7.843733000	-11.336826324	-0.597554959
7.843734000	-11.334402084	-0.611319374
7.843735000	-11.469278336	-0.554066004
7.843736000	-11.783776283	-0.542812351
7.843737000	-11.742113113	-0.554071897
7.843738000	-11.835905075	-0.533715126
7.843739000	-12.219242096	-0.518247686
7.843740000	-12.310019493	-0.471114329
7.843741000	-12.624535561	-0.437016845
7.843742000	-12.738915443	-0.381891242
7.843743000	-12.614641190	-0.350007478
7.843744000	-12.916911125	-0.349544287
7.843745000	-12.954154015	-0.314759675
7.843746000	-13.151724815	-0.276208321
7.843747000	-13.143088341	-0.256536732
7.843748000	-13.357711792	-0.216026823
7.843749000	-13.227639198	-0.158163373
7.843750000	-13.315918922	-0.152079814
7.843751000	-13.380490303	-0.078183186
7.843752000	-13.285654068	-0.029473279
7.843753000	-13.330932617	-0.009168568
7.843754000	-13.303373337	-0.058735340
7.843755000	-13.356255531	-0.008571360
7.843756000	-12.887034416	0.073729457
7.843757000	-13.323362350	0.014779809
7.843758000	-13.216829300	0.023157958
7.843759000	-13.333515167	0.051584028
7.843760000	-13.039172173	0.117306895
7.843761000	-13.235031128	0.091119216
7.843762000	-13.097963333	0.161544622
7.843763000	-13.065038681	0.206133479
7.843764000	-12.779531479	0.225508525
7.843765000	-12.571849823	0.256109777
7.843766000	-12.476078987	0.296790761
7.843767000	-12.497642517	0.279375618
7.843768000	-12.049134254	0.371461537
7.843769000	-11.995680809	0.352535650
7.843770000	-12.015233040	0.373587106
7.843771000	-11.937608719	0.389593103
7.843772000	-11.644458771	0.389323092
7.843773000	-12.085583687	0.391301688
7.843774000	-11.419601440	0.465497489
7.843775000	-11.511924744	0.450658355
7.843776000	-11.216314316	0.481603522
7.843777000	-11.269712448	0.471582712
7.843778000	-11.101898193	0.468443544
7.843779000	-10.921892166	0.507939954
7.843780000	-10.653586388	0.536253085
7.843781000	-10.658210754	0.518362934
7.843782000	-10.495591164	0.534314171
7.843783000	-10.233917236	0.567937279
7.843784000	-10.091959953	0.565729185
7.843785000	-10.203151703	0.550698271
7.843786000	-9.997859001	0.570825011
7.843787000	-9.997270584	0.580979378
7.843788000	-10.016781807	0.564937427
7.843789000	-9.841048241	0.583405251
7.843790000	-9.469068527	0.603590547
7.843791000	-9.482275963	0.614816770
7.843792000	-9.168409348	0.610688604
7.843793000	-9.145292282	0.638147126
7.843794000	-8.934591293	0.622901195
7.843795000	-8.780807495	0.628609148
7.843796000	-8.689318657	0.632206879
7.843797000	-8.637953758	0.640469403
7.843798000	-8.416234016	0.640516474
7.843799000	-8.230899811	0.645353907
7.843800000	-8.114318848	0.664428465
7.843801000	-8.101966858	0.656697575
7.843802000	-7.871435642	0.673485809
7.843803000	-7.753168583	0.669386872
7.843804000	-7.708614826	0.663819400
7.843805000	-7.647489548	0.669518099
7.843806000	-7.551841736	0.675640040
7.843807000	-7.449615479	0.681177418
7.843808000	-7.336003780	0.673487873
7.843809000	-7.388323784	0.676609431
7.843810000	-7.236165047	0.688463561
7.843811000	-7.095823765	0.696794328
7.843812000	-7.206085205	0.696453510
7.843813000	-6.813000202	0.680663162
7.843814000	-6.983322144	0.680939731
7.843815000	-6.799253941	0.689710652
7.843816000	-6.573727608	0.693511849
7.843817000	-6.529267788	0.685311177
7.843818000	-6.410080910	0.690021643
7.843819000	-6.412684917	0.691674600
7.843820000	-6.267572403	0.694202007
7.843821000	-6.129203796	0.701194403
7.843822000	-6.127081394	0.687946841
7.843823000	-5.936486721	0.694040087
7.843824000	-6.014483452	0.689046660
7.843825000	-5.917541027	0.698430308
7.843826000	-5.890223980	0.694834841
7.843827000	-5.742782116	0.697053587
7.843828000	-5.689861298	0.698426979
7.843829000	-5.623456478	0.692268818
7.843830000	-5.547890186	0.690084826
7.843831000	-5.577126026	0.691892048
7.843832000	-5.324821472	0.694614531
7.843833000	-5.334428310	0.689519970
7.843834000	-5.240329742	0.687008676
7.843835000	-5.206636906	0.696918498
7.843836000	-5.179113388	0.689562913
7.843837000	-5.152899742	0.689619639
7.843838000	-5.179740429	0.690849020
7.843839000	-5.019410610	0.691215738
7.843840000	-5.003126621	0.688719291
7.843841000	-4.940616131	0.685773701
7.843842000	-4.787950993	0.679727593
7.843843000	-4.710960388	0.682252669
7.843844000	-4.670032024	0.684845257
7.843845000	-4.707067966	0.683011737
7.843846000	-4.553010941	0.676599244
7.843847000	-4.515914917	0.672977279
7.843848000	-4.584606647	0.683646834
7.843849000	-4.524562359	0.674134689
7.843850000	-4.504472733	0.674446678
7.843851000	-4.442103863	0.678728442
7.843852000	-4.351792812	0.682887966
7.843853000	-4.300206184	0.680534265
7.843854000	-4.269576550	0.681694071
7.843855000	-4.061672688	0.672505966
7.843856000	-4.174619198	0.669600857
7.843857000	-4.010464191	0.673721166
7.843858000	-3.944794655	0.673331546
7.843859000	-4.013426781	0.668378133
7.843860000	-3.875291586	0.670989429
7.843861000	-3.921865463	0.669975430
7.843862000	-3.802602053	0.665996801
7.843863000	-3.761077404	0.657458040
7.843864000	-3.805782795	0.660561222
7.843865000	-3.737657785	0.655345554
7.843866000	-3.677298546	0.656133850
7.843867000	-3.614011288	0.657523488
7.843868000	-3.588638306	0.655033099
7.843869000	-3.548899889	0.650488614
7.843870000	-3.516949892	0.655360934
7.843871000	-3.459921122	0.654900074
7.843872000	-3.425967932	0.656839322
7.843873000	-3.457046747	0.645035992
7.843874000	-3.468031168	0.648801502
7.843875000	-3.376823425	0.649576349
7.843876000	-3.281276464	0.645121612
7.843877000	-3.257731676	0.645195915
7.843878000	-3.230299711	0.642864783
7.843879000	-3.207469463	0.639901750
7.843880000	-3.146319389	0.637379803
7.843881000	-3.051190615	0.636866146
7.843882000	-3.051577568	0.632735650
7.843883000	-2.953358173	0.631982375
7.843884000	-2.991919994	0.630716707
7.843885000	-2.931669235	0.634323693
7.843886000	-2.912510633	0.632529122
7.843887000	-2.898266315	0.631137820
7.843888000	-2.856323957	0.627919190
7.843889000	-2.842993975	0.626614640
7.843890000	-2.774778128	0.626979826
7.843891000	-2.777107716	0.615569979
7.843892000	-2.721464872	0.620605950
7.843893000	-2.735281229	0.616228978
7.843894000	-2.714319468	0.617529066
7.843895000	-2.615405798	0.611431693
7.843896000	-2.566289425	0.615712325
7.843897000	-2.547318459	0.608624521
7.843898000	-2.563172340	0.615923979
7.843899000	-2.584014177	0.616366463
7.843900000	-2.469404936	0.605514615
7.843901000	-2.564893246	0.603683092
7.843902000	-2.477152109	0.609027391
7.843903000	-2.435018539	0.608086363
7.843904000	-2.422806978	0.602693794
7.843905000	-2.334335089	0.604065322
7.843906000	-2.380910873	0.600084229
7.843907000	-2.336603642	0.605696775
7.843908000	-2.286635637	0.597267337
7.843909000	-2.328814507	0.602773490
7.843910000	-2.283951044	0.602415294
7.843911000	-2.305720091	0.595340207
7.843912000	-2.178696632	0.592010524
7.843913000	-2.206602573	0.593689181
7.843914000	-2.229772091	0.589709419
7.843915000	-2.174410820	0.589441239
7.843916000	-2.148201704	0.587081013
7.843917000	-2.111987591	0.585395564
7.843918000	-2.064538240	0.578623812
7.843919000	-2.096192837	0.586659368
7.843920000	-2.091804028	0.582317083
7.843921000	-2.039869070	0.580891626
7.843922000	-1.974503517	0.583530619
7.843923000	-1.971143961	0.575143792
7.843924000	-1.976263642	0.579934620
7.843925000	-1.929620266	0.577847567
7.843926000	-1.909787536	0.574912097
7.843927000	-1.872374177	0.572670648
7.843928000	-1.905201316	0.570386255
7.843929000	-1.834516764	0.569516533
7.843930000	-1.797292352	0.569684911
7.843931000	-1.853295326	0.569251082
7.843932000	-1.781787038	0.564814522
7.843933000	-1.754490852	0.562420074
7.843934000	-1.706448436	0.565590967
7.843935000	-1.676995158	0.561313997
7.843936000	-1.696439862	0.565460872
7.843937000	-1.682587266	0.563948928
7.843938000	-1.666862249	0.557976424
7.843939000	-1.651432872	0.557360767
7.843940000	-1.624382377	0.559496323
7.843941000	-1.637738824	0.553934877
7.843942000	-1.549775243	0.553687469
7.843943000	-1.590118766	0.558106852
7.843944000	-1.656387210	0.554490745
7.843945000	-1.588382006	0.551496154
7.843946000	-1.590810418	0.550517043
7.843947000	-1.555228353	0.556050059
7.843948000	-1.558515191	0.545558170
7.843949000	-1.505608201	0.537817859
7.843950000	-1.478884816	0.542378123
7.843951000	-1.415336370	0.543191252
7.843952000	-1.438571095	0.539051468
7.843953000	-1.405811310	0.539131396
7.843954000	-1.456308007	0.538198791
7.843955000	-1.474783778	0.539086356
7.843956000	-1.412508249	0.539307431
7.843957000	-1.391344070	0.537878446
7.843958000	-1.376128674	0.539951151
7.843959000	-1.373392344	0.537121941
7.843960000	-1.350340366	0.531846519
7.843961000	-1.357275009	0.536166033
7.843962000	-1.369055867	0.533497113
7.843963000	-1.301718116	0.524495262
7.843964000	-1.258531094	0.525631899
7.843965000	-1.236921310	0.522604950
7.843966000	-1.242544055	0.526328283
7.843967000	-1.228792787	0.525672612
7.843968000	-1.227395654	0.523450038
7.843969000	-1.260416269	0.523288184
7.843970000	-1.182991385	0.518797695
7.843971000	-1.186333895	0.528154845
7.843972000	-1.213147521	0.521674176
7.843973000	-1.188580871	0.523050664
7.843974000	-1.144362569	0.515816353
7.843975000	-1.135327578	0.522507845
7.843976000	-1.120313644	0.520282974
7.843977000	-1.168145061	0.519056089
7.843978000	-1.099190831	0.515270405
7.843979000	-1.112750053	0.504499616
7.843980000	-1.082885146	0.509656961
7.843981000	-1.103918791	0.511791185
7.843982000	-1.042427540	0.506958080
7.843983000	-1.046776414	0.509884295
7.843984000	-1.045706630	0.504965503
7.843985000	-1.034857035	0.507222965
7.843986000	-1.017993331	0.508613468
7.843987000	-1.021057606	0.501714715
7.843988000	-1.022242546	0.505424998
7.843989000	-1.000893831	0.504829715
7.843990000	-0.960527599	0.503530792
7.843991000	-0.986569226	0.500652613
7.843992000	-0.949248254	0.501151390
7.843993000	-0.991180301	0.502698787
7.843994000	-0.933442056	0.499107780
7.843995000	-0.964021146	0.499525930
7.843996000	-0.961969852	0.498521419
7.843997000	-0.914119244	0.497950604
7.843998000	-0.917741537	0.493827930
7.843999000	-0.893772781	0.494143315
7.844000000	-0.910717249	0.493270464
7.844001000	-0.857551157	0.497876767
7.844002000	-0.881813884	0.490437393
7.844003000	-0.870839834	0.485491670
7.844004000	-0.866405487	0.487281747
7.844005000	-0.825323164	0.493183212
7.844006000	-0.837929428	0.484947520
7.844007000	-0.772163928	0.488708469
7.844008000	-0.763320327	0.487487942
7.844009000	-0.734609425	0.482516154
7.844010000	-0.780928969	0.481552455
7.844011000	-0.772543490	0.474751807
7.844012000	-0.758165061	0.482893690
7.844013000	-0.766271293	0.482097138
7.844014000	-0.742661119	0.482381298
7.844015000	-0.757440209	0.479042526
7.844016000	-0.715819120	0.473644964
7.844017000	-0.716117501	0.479789876
7.844018000	-0.672561467	0.473363568
7.844019000	-0.698600590	0.470241577
7.844020000	-0.685309649	0.473326450
7.844021000	-0.623124421	0.471225449
7.844022000	-0.638983011	0.472292911
7.844023000	-0.667945862	0.467986180
7.844024000	-0.658614576	0.466201662
7.844025000	-0.672715306	0.468941123
7.844026000	-0.630276442	0.473474788
7.844027000	-0.613479376	0.471867670
7.844028000	-0.599073827	0.465593396
7.844029000	-0.585959017	0.462568411
7.844030000	-0.624916553	0.464086047
7.844031000	-0.591935515	0.465122849
7.844032000	-0.558627665	0.464716717
7.844033000	-0.589165330	0.464877805
7.844034000	-0.558539808	0.465132270
7.844035000	-0.577368319	0.463594527
7.844036000	-0.557608366	0.463987610
7.844037000	-0.556378901	0.461967802
7.844038000	-0.487845391	0.462060713
7.844039000	-0.531490028	0.459869031
7.844040000	-0.545412481	0.455712103
7.844041000	-0.525408983	0.459135064
7.844042000	-0.547625840	0.461360801
7.844043000	-0.556032777	0.452539679
7.844044000	-0.537320793	0.456449000
7.844045000	-0.517271876	0.455430374
7.844046000	-0.509875000	0.449542790
7.844047000	-0.457550198	0.448976136
7.844048000	-0.469318628	0.451556340
7.844049000	-0.468479156	0.451886971
7.844050000	-0.449871272	0.448235245
7.844051000	-0.418024868	0.449375411
7.844052000	-0.470461965	0.449535899
7.844053000	-0.453754544	0.447169681
7.844054000	-0.437383443	0.451094748
7.844055000	-0.448080838	0.446766112
7.844056000	-0.455999076	0.443304302
7.844057000	-0.430690676	0.447096777
7.844058000	-0.426257044	0.445533235
7.844059000	-0.414000660	0.443370349
7.844060000	-0.387795538	0.442166866
7.844061000	-0.376109511	0.444235077
7.844062000	-0.390747279	0.438447928
7.844063000	-0.388485372	0.444107145
7.844064000	-0.406352162	0.438671700
7.844065000	-0.352487892	0.439776679
7.844066000	-0.330647498	0.440176852
7.844067000	-0.374193668	0.440547664
7.844068000	-0.338459641	0.436080644
7.844069000	-0.345440924	0.440803428
7.844070000	-0.347918868	0.436203649
7.844071000	-0.348363876	0.433324506
7.844072000	-0.347755790	0.439106428
7.844073000	-0.346966714	0.436217664
7.844074000	-0.306543350	0.434089299
7.844075000	-0.308982968	0.435040314
7.844076000	-0.308220685	0.433998385
7.844077000	-0.321419984	0.429746782
7.844078000	-0.318704247	0.434895937
7.844079000	-0.303343803	0.428242861
7.844080000	-0.297377974	0.430233774
7.844081000	-0.281421214	0.429178696
7.844082000	-0.279713809	0.423134818
7.844083000	-0.313371092	0.425198802
7.844084000	-0.266310692	0.430838744
7.844085000	-0.279998064	0.428620364
7.844086000	-0.224609792	0.423291845
7.844087000	-0.263225377	0.427698678
7.844088000	-0.266624719	0.422770598
7.844089000	-0.233930990	0.420954522
7.844090000	-0.223819211	0.424666835
7.844091000	-0.205399439	0.425374071
7.844092000	-0.205686882	0.425160019
7.844093000	-0.255090147	0.417416213
7.844094000	-0.207793668	0.418687007
7.844095000	-0.176854059	0.416690535
7.844096000	-0.230091304	0.417314280
7.844097000	-0.196733609	0.416731714
7.844098000	-0.177934811	0.413107351
7.844099000	-0.174948797	0.419450535
7.844100000	-0.194070220	0.414655547
7.844101000	-0.179026380	0.415760625
7.844102000	-0.142560393	0.411772242
7.844103000	-0.139432192	0.415996615
7.844104000	-0.193357542	0.416976991
7.844105000	-0.144613311	0.415128657
7.844106000	-0.189893097	0.410970198
7.844107000	-0.157909319	0.416580746
7.844108000	-0.172655314	0.408216023
7.844109000	-0.149581313	0.411255522
7.844110000	-0.113399647	0.409881730
7.844111000	-0.143654972	0.410714767
7.844112000	-0.097014800	0.411252826
7.844113000	-0.124331728	0.411614583
7.844114000	-0.125961542	0.410664467
7.844115000	-0.097557954	0.408253341
7.844116000	-0.081692539	0.405889985
7.844117000	-0.148307860	0.405425396
7.844118000	-0.076939471	0.404728647
7.844119000	-0.097795516	0.405060843
7.844120000	-0.096627891	0.408094749
7.844121000	-0.082129262	0.407173595
7.844122000	-0.094275288	0.404603046
7.844123000	-0.055285487	0.404943897
7.844124000	-0.096359730	0.400722387
7.844125000	-0.081590734	0.405955832
7.844126000	-0.067875944	0.401561549
7.844127000	-0.105162330	0.398449579
7.844128000	-0.074998334	0.401231317
7.844129000	-0.076245502	0.400605241
7.844130000	-0.018450867	0.399688615
7.844131000	-0.069107503	0.401058545
7.844132000	-0.041177999	0.399380254
7.844133000	-0.015547147	0.394559999
7.844134000	-0.045277033	0.393418368
7.844135000	-0.016850451	0.395237341
7.844136000	-0.021027360	0.392481402
7.844137000	0.001668654	0.394960638
7.844138000	-0.049231224	0.403110444
7.844139000	-0.046805240	0.395448296
7.844140000	0.017333679	0.394970059
7.844141000	0.000864614	0.395950668
7.844142000	-0.072935946	0.398105432
7.844143000	-0.016744291	0.392004496
7.844144000	-0.029321728	0.393980262
7.844145000	0.006578945	0.391194496
7.844146000	0.027904760	0.391232612
7.844147000	0.048324566	0.384197772
7.844148000	0.005935817	0.392669787
7.844149000	0.034191273	0.389925566
7.844150000	-0.000865167	0.391194995
7.844151000	0.020157015	0.386621116
7.844152000	0.001735919	0.387155346
7.844153000	0.022164306	0.388954278
7.844154000	0.063523769	0.390284527
7.844155000	0.077075444	0.386243113
7.844156000	0.060798258	0.386012716
7.844157000	0.083335929	0.385035969
7.844158000	0.060881343	0.386846419
7.844159000	0.015027483	0.380649509
7.844160000	0.065449700	0.383740607
7.844161000	0.052209936	0.383677557
7.844162000	0.039219890	0.383663675
7.844163000	0.082405105	0.381769236
7.844164000	0.086005948	0.382249004
7.844165000	0.061119195	0.381445129
7.844166000	0.071117811	0.381767837
7.844167000	0.061018698	0.380816390
7.844168000	0.081882037	0.381138865
7.844169000	0.086460896	0.377300252
7.844170000	0.089132302	0.377944903
7.844171000	0.083477177	0.385835084
7.844172000	0.087159261	0.385223156
7.844173000	0.088804089	0.377803822
7.844174000	0.110690996	0.378589721
7.844175000	0.105650522	0.374062880
7.844176000	0.093854077	0.381466135
7.844177000	0.096663274	0.376361487
7.844178000	0.090020180	0.375303447
7.844179000	0.093726493	0.369945899
7.844180000	0.164079770	0.379003376
7.844181000	0.146924257	0.372451601
7.844182000	0.110132135	0.375528683
7.844183000	0.146855906	0.374916223
7.844184000	0.129179209	0.367347819
7.844185000	0.138697669	0.373514868
7.844186000	0.115718111	0.374205192
7.844187000	0.140277699	0.376511323
7.844188000	0.181787610	0.366353561
7.844189000	0.126858920	0.372441347
7.844190000	0.112137608	0.369883781
7.844191000	0.151896745	0.365990406
7.844192000	0.146102533	0.368484855
7.844193000	0.159432292	0.370258953
7.844194000	0.139881149	0.369073148
7.844195000	0.140557885	0.371259437
7.844196000	0.140142575	0.368570376
7.844197000	0.152841866	0.370640052
7.844198000	0.155841395	0.368867618
7.844199000	0.192826390	0.367931317
7.844200000	0.163857490	0.368397404
7.844201000	0.184416443	0.365678150
7.844202000	0.163256317	0.361600384
7.844203000	0.173215643	0.366227527
7.844204000	0.193416968	0.365334136
7.844205000	0.162221089	0.365598388
7.844206000	0.220779747	0.365206704
7.844207000	0.171418071	0.363387998
7.844208000	0.183107898	0.363810408
7.844209000	0.232632816	0.361673322
7.844210000	0.187249258	0.362467376
7.844211000	0.171368614	0.361707743
7.844212000	0.218521029	0.359860108
7.844213000	0.153828502	0.360542277
7.844214000	0.212918386	0.365174180
7.844215000	0.212462604	0.358175726
7.844216000	0.209803462	0.359966768
7.844217000	0.198834017	0.360748073
7.844218000	0.238160044	0.358478594
7.844219000	0.212005973	0.359568825
7.844220000	0.221828207	0.356496702
7.844221000	0.237149402	0.361431040
7.844222000	0.218751281	0.359903817
7.844223000	0.254640639	0.357037757
7.844224000	0.244133458	0.358037741
7.844225000	0.225093514	0.360550566
7.844226000	0.255659699	0.357435500
7.844227000	0.288859278	0.357153371
7.844228000	0.244057536	0.356485251
7.844229000	0.214449897	0.357224278
7.844230000	0.250807524	0.354624367
7.844231000	0.220429018	0.359226476
7.844232000	0.278740495	0.354588081
7.844233000	0.275312006	0.357669958
7.844234000	0.257102579	0.356583921
7.844235000	0.276834041	0.353828947
7.844236000	0.265220404	0.352472866
7.844237000	0.257533282	0.355759173
7.844238000	0.304668009	0.355197845
7.844239000	0.258249134	0.352286111
7.844240000	0.268560439	0.351544088
7.844241000	0.259822339	0.352463844
7.844242000	0.271428168	0.350896041
7.844243000	0.306326360	0.347420483
7.844244000	0.280004650	0.348047291
7.844245000	0.320429802	0.349659602
7.844246000	0.279448688	0.349216386
7.844247000	0.282724172	0.345680140
7.844248000	0.264954209	0.348000087
7.844249000	0.312438667	0.351941432
7.844250000	0.292870462	0.348818343
7.844251000	0.271577448	0.350389708
7.844252000	0.290013105	0.347350908
7.844253000	0.295223653	0.347723850
7.844254000	0.265544444	0.343158426
7.844255000	0.316566378	0.350062738
7.844256000	0.281773984	0.346542905
7.844257000	0.289604187	0.345766360
7.844258000	0.278454393	0.342285376
7.844259000	0.322267264	0.346639944
7.844260000	0.305394202	0.345900284
7.844261000	0.296146005	0.345576244
7.844262000	0.343409985	0.345398877
7.844263000	0.336024135	0.342642206
7.844264000	0.297872514	0.346869841
7.844265000	0.312297136	0.339303501
7.844266000	0.338959336	0.341919690
7.844267000	0.313613832	0.340482715
7.844268000	0.288924009	0.346655656
7.844269000	0.315713525	0.344555487
7.844270000	0.329563975	0.341822984
7.844271000	0.292109251	0.341448078
7.844272000	0.331306577	0.340556918
7.844273000	0.345829219	0.338499492
7.844274000	0.331743479	0.341083058
7.844275000	0.312792093	0.340784085
7.844276000	0.349515736	0.340285641
7.844277000	0.346062005	0.339273673
7.844278000	0.368442148	0.340868707
7.844279000	0.364379287	0.337829741
7.844280000	0.339105010	0.339262055
7.844281000	0.335853875	0.337485793
7.844282000	0.338994652	0.341326105
7.844283000	0.346230596	0.339738828
7.844284000	0.338821888	0.340406149
7.844285000	0.334856331	0.339771285
7.844286000	0.329621196	0.335244311
7.844287000	0.340542138	0.336742106
7.844288000	0.340406030	0.337875714
7.844289000	0.381693155	0.332393929
7.844290000	0.364151895	0.334147921
7.844291000	0.364753306	0.334433977
7.844292000	0.340465069	0.340281846
7.844293000	0.388005644	0.334679354
7.844294000	0.381613612	0.335056391
7.844295000	0.399544895	0.333751542
7.844296000	0.374347329	0.333401836
7.844297000	0.348751068	0.335932938
7.844298000	0.389967680	0.330508877
7.844299000	0.404859215	0.336653988
7.844300000	0.428521723	0.332207974
7.844301000	0.377151996	0.332679853
7.844302000	0.385967791	0.334414503
7.844303000	0.383625627	0.331284989
7.844304000	0.403548360	0.331417581
7.844305000	0.423791200	0.331124667
7.844306000	0.392328262	0.331905672
7.844307000	0.387456089	0.332170657
7.844308000	0.439109296	0.332345959
7.844309000	0.390770048	0.332376319
7.844310000	0.408936113	0.331294976
7.844311000	0.429531425	0.329970586
7.844312000	0.414748132	0.328242328
7.844313000	0.407764912	0.329391748
7.844314000	0.393546253	0.331741155
7.844315000	0.400641441	0.326814440
7.844316000	0.400236338	0.327919752
7.844317000	0.439709187	0.326481778
7.844318000	0.440304637	0.328244025
7.844319000	0.423419386	0.326852857
7.844320000	0.459653020	0.325818418
7.844321000	0.394826502	0.327140245
7.844322000	0.429215610	0.326374619
7.844323000	0.433276445	0.325280859
7.844324000	0.411272317	0.322927623
7.844325000	0.452772647	0.321452665
7.844326000	0.401207924	0.328153378
7.844327000	0.463710159	0.325325467
7.844328000	0.433057606	0.326661342
7.844329000	0.456819594	0.323442479
7.844330000	0.440671086	0.325837327
7.844331000	0.445934623	0.327418911
7.844332000	0.444880784	0.328144356
7.844333000	0.462463111	0.326190162
7.844334000	0.439263910	0.322858215
7.844335000	0.418793559	0.322377880
7.844336000	0.450470120	0.320368159
7.844337000	0.430311620	0.317594543
7.844338000	0.437095642	0.323400434
7.844339000	0.447112590	0.322540167
7.844340000	0.444569498	0.323846980
7.844341000	0.428540736	0.322956818
7.844342000	0.447462529	0.325668515
7.844343000	0.428483307	0.315701802
7.844344000	0.471043736	0.318940305
7.844345000	0.484298617	0.323962894
7.844346000	0.454896599	0.320056569
7.844347000	0.449356496	0.315558424
7.844348000	0.478821218	0.319733528
7.844349000	0.477622330	0.317134948
7.844350000	0.486832798	0.320614868
7.844351000	0.462080657	0.321470441
7.844352000	0.493589103	0.321234386
7.844353000	0.464898437	0.322277879
7.844354000	0.485180765	0.321668015
7.844355000	0.472664922	0.314925424
7.844356000	0.494284928	0.316362199
7.844357000	0.483768016	0.317490281
7.844358000	0.497292399	0.313551798
7.844359000	0.453811139	0.316937175
7.844360000	0.477597415	0.314924358
7.844361000	0.481610686	0.317187213
7.844362000	0.447733730	0.316607443
7.844363000	0.486648202	0.317250230
7.844364000	0.492844850	0.316453046
7.844365000	0.481236070	0.313492010
7.844366000	0.483326972	0.316297684
7.844367000	0.494361192	0.313008746
7.844368000	0.484361470	0.312514530
7.844369000	0.504076064	0.314937907
7.844370000	0.509937465	0.312688435
7.844371000	0.479289621	0.318309835
7.844372000	0.473866850	0.313638817
7.844373000	0.519666314	0.317584324
7.844374000	0.503938377	0.312614133
7.844375000	0.487207532	0.313239909
7.844376000	0.483582288	0.313711155
7.844377000	0.533183277	0.311326761
7.844378000	0.484478027	0.310688068
7.844379000	0.509428561	0.312462932
7.844380000	0.521942437	0.311082815
7.844381000	0.460546166	0.310414495
7.844382000	0.503863513	0.310167819
7.844383000	0.480584621	0.311258817
7.844384000	0.503133893	0.313170966
7.844385000	0.469230801	0.310755812
7.844386000	0.491466135	0.313420971
7.844387000	0.504986703	0.311223596
7.844388000	0.469717413	0.308450014
7.844389000	0.505637467	0.310878950
7.844390000	0.502862573	0.310172047
7.844391000	0.508815944	0.312387930
7.844392000	0.525154054	0.310344820
7.844393000	0.502526283	0.308011824
7.844394000	0.545582116	0.309348631
7.844395000	0.492407352	0.307630526
7.844396000	0.492257118	0.307017167
7.844397000	0.518667400	0.309149759
7.844398000	0.525246978	0.310030800
7.844399000	0.531517267	0.303991549
7.844400000	0.513050020	0.308449781
7.844401000	0.544705153	0.305523366
7.844402000	0.518680990	0.310626549
7.844403000	0.526789665	0.305192402
7.844404000	0.531703234	0.303926069
7.844405000	0.537501454	0.304336662
7.844406000	0.509416044	0.304302473
7.844407000	0.559220493	0.305801034
7.844408000	0.516689003	0.305082780
7.844409000	0.557868123	0.305286578
7.844410000	0.546965837	0.307173294
7.844411000	0.542561412	0.302106697
7.844412000	0.553833783	0.306552345
7.844413000	0.534047723	0.309274928
7.844414000	0.566119432	0.305771340
7.844415000	0.542020202	0.303219632
7.844416000	0.533156633	0.298223043
7.844417000	0.550630987	0.303121794
7.844418000	0.546125174	0.304548150
7.844419000	0.563748360	0.298736034
7.844420000	0.538853884	0.305518439
7.844421000	0.528237402	0.300680208
7.844422000	0.549547195	0.305672403
7.844423000	0.586352170	0.300441223
7.844424000	0.527772665	0.301999838
7.844425000	0.553411722	0.304856111
7.844426000	0.531894684	0.301849336
7.844427000	0.581013978	0.300782407
7.844428000	0.543825686	0.302640261
7.844429000	0.549237609	0.300713831
7.844430000	0.569062471	0.305366207
7.844431000	0.601098478	0.298286326
7.844432000	0.588082254	0.303423231
7.844433000	0.560580730	0.298689995
7.844434000	0.586936831	0.298137189
7.844435000	0.560332239	0.301705392
7.844436000	0.580589652	0.299825933
7.844437000	0.559314966	0.300999455
7.844438000	0.569584131	0.301635517
7.844439000	0.570410430	0.298693557
7.844440000	0.580534160	0.301731158
7.844441000	0.554168165	0.302697519
7.844442000	0.555442929	0.296156363
7.844443000	0.568468034	0.300167416
7.844444000	0.569355667	0.296392785
7.844445000	0.578501105	0.298652344
7.844446000	0.588701606	0.297181613
7.844447000	0.561219990	0.296383630
7.844448000	0.580264449	0.295647966
7.844449000	0.592279077	0.295469434
7.844450000	0.568837762	0.298557269
7.844451000	0.567949653	0.293387674
7.844452000	0.569678426	0.297318833
7.844453000	0.602523506	0.298881376
7.844454000	0.603301167	0.296870190
7.844455000	0.590633512	0.298572915
7.844456000	0.595991254	0.294782771
7.844457000	0.580765247	0.297009407
7.844458000	0.593201935	0.295608917
7.844459000	0.582272708	0.292370280
7.844460000	0.595541477	0.301212474
7.844461000	0.626425922	0.295929162
7.844462000	0.577643692	0.300407867
7.844463000	0.617870152	0.294684534
7.844464000	0.615700722	0.295795371
7.844465000	0.617240250	0.293718073
7.844466000	0.605288267	0.298702145
7.844467000	0.595041931	0.295890912
7.844468000	0.601427674	0.293782754
7.844469000	0.596302271	0.293619735
7.844470000	0.598227561	0.291094093
7.844471000	0.614155948	0.289738910
7.844472000	0.551161230	0.290477671
7.844473000	0.607569754	0.288760465
7.844474000	0.575123250	0.299681323
7.844475000	0.614168704	0.293261973
7.844476000	0.625042617	0.291360176
7.844477000	0.609851897	0.288817490
7.844478000	0.593900263	0.292020274
7.844479000	0.614448309	0.286035752
7.844480000	0.594907403	0.289462175
7.844481000	0.572011232	0.291528555
7.844482000	0.626249373	0.290496979
7.844483000	0.617132425	0.283675225
7.844484000	0.627312839	0.289846835
7.844485000	0.596694410	0.293199588
7.844486000	0.644663870	0.289429118
7.844487000	0.623985112	0.289370595
7.844488000	0.604769647	0.290042844
7.844489000	0.642675877	0.285857453
7.844490000	0.632505119	0.288788894
7.844491000	0.640480220	0.285805821
7.844492000	0.595393717	0.288130195
7.844493000	0.602284133	0.288279531
7.844494000	0.659548938	0.285328449
7.844495000	0.604195178	0.292731105
7.844496000	0.663940191	0.288883104
7.844497000	0.591325581	0.287526722
7.844498000	0.653064013	0.290410926
7.844499000	0.590383708	0.290973951
7.844500000	0.613383830	0.287253083
7.844501000	0.650094092	0.285836447
7.844502000	0.594311297	0.287767073
7.844503000	0.626438200	0.287782852
7.844504000	0.675835490	0.288838596
7.844505000	0.650582850	0.288467917
7.844506000	0.616797864	0.283325086
7.844507000	0.624733567	0.290450740
7.844508000	0.609985292	0.284579202
7.844509000	0.662454963	0.284382028
7.844510000	0.653640568	0.286662427
7.844511000	0.626776338	0.288197007
7.844512000	0.616367161	0.284312187
7.844513000	0.616094470	0.285885416
7.844514000	0.666691840	0.286765491
7.844515000	0.641228139	0.283346425
7.844516000	0.601739526	0.285568999
7.844517000	0.652312279	0.283996170
7.844518000	0.646611035	0.286414986
7.844519000	0.656857789	0.285295759
7.844520000	0.659342587	0.284933170
7.844521000	0.662739277	0.280886696
7.844522000	0.640020907	0.284818953
7.844523000	0.628609359	0.282477569
7.844524000	0.623148322	0.284152364
7.844525000	0.652329385	0.282846250
7.844526000	0.619873881	0.278652970
7.844527000	0.676338077	0.281470827
7.844528000	0.627373159	0.286276468
7.844529000	0.656962574	0.287207809
7.844530000	0.658542633	0.282512556
7.844531000	0.635290027	0.284998750
7.844532000	0.666828871	0.283064363
7.844533000	0.682734191	0.281457345
7.844534000	0.655471683	0.283640105
7.844535000	0.639968872	0.281767170
7.844536000	0.666930020	0.281655118
7.844537000	0.670052946	0.279599790
7.844538000	0.696594656	0.282946451
7.844539000	0.669410408	0.280170605
7.844540000	0.622670650	0.280770915
7.844541000	0.653530478	0.278378581
7.844542000	0.658769906	0.280604168
7.844543000	0.647357345	0.280368778
7.844544000	0.656158566	0.282074466
7.844545000	0.671656728	0.280787693
7.844546000	0.663062632	0.277574989
7.844547000	0.658538759	0.284182225
7.844548000	0.694077134	0.281159870
7.844549000	0.648532748	0.274665036
7.844550000	0.684406638	0.277202962
7.844551000	0.672090113	0.278403082
7.844552000	0.685909450	0.277787875
7.844553000	0.661397457	0.281195856
7.844554000	0.655075371	0.273705865
7.844555000	0.701032102	0.280794185
7.844556000	0.673525155	0.275461238
7.844557000	0.673299313	0.277198401
7.844558000	0.671696067	0.277019653
7.844559000	0.707925975	0.275668448
7.844560000	0.730580628	0.276605765
7.844561000	0.677856147	0.272586106
7.844562000	0.701812506	0.275637506
7.844563000	0.682307422	0.275399036
7.844564000	0.697536528	0.275602735
7.844565000	0.665716708	0.278737941
7.844566000	0.676484048	0.279828655
7.844567000	0.684181094	0.275615252
7.844568000	0.710040689	0.277873696
7.844569000	0.661692798	0.275447373
7.844570000	0.724319458	0.274909081
7.844571000	0.679343939	0.276850759
7.844572000	0.689005733	0.273270904
7.844573000	0.700823009	0.272859762
7.844574000	0.685658634	0.274729701
7.844575000	0.713165104	0.274422622
7.844576000	0.688538909	0.273986962
7.844577000	0.703122616	0.277340331
7.844578000	0.691353381	0.270852454
7.844579000	0.681333065	0.273442895
7.844580000	0.696183980	0.276455379
7.844581000	0.703940213	0.272355260
7.844582000	0.678462207	0.272375733
7.844583000	0.712359071	0.273779818
7.844584000	0.672960460	0.272792667
7.844585000	0.713244557	0.269820246
7.844586000	0.692964613	0.275665852
7.844587000	0.717895746	0.270231788
7.844588000	0.706953228	0.275737191
7.844589000	0.713317692	0.271648207
7.844590000	0.710270107	0.272206272
7.844591000	0.714275718	0.274131921
7.844592000	0.726178288	0.272062129
7.844593000	0.714968562	0.275087596
7.844594000	0.678793371	0.269572090
7.844595000	0.690128684	0.273169970
7.844596000	0.683296382	0.270255057
7.844597000	0.719759524	0.269740285
7.844598000	0.729413271	0.272339114
7.844599000	0.735368609	0.270963791
7.844600000	0.683033645	0.273656081
7.844601000	0.724277139	0.271880634
7.844602000	0.697453558	0.271151661
7.844603000	0.702061594	0.275023164
7.844604000	0.743096411	0.275473605
7.844605000	0.739115655	0.271931001
7.844606000	0.714927912	0.270920332
7.844607000	0.711426556	0.265410435
7.844608000	0.731055379	0.271867518
7.844609000	0.710401118	0.269663702
7.844610000	0.716753960	0.265794013
7.844611000	0.676749349	0.270804834
7.844612000	0.734829307	0.270128008
7.844613000	0.716916025	0.270391112
7.844614000	0.688625455	0.267937724
7.844615000	0.695305645	0.271094802
7.844616000	0.731441379	0.273099064
7.844617000	0.725274444	0.266147015
7.844618000	0.706477582	0.264345619
7.844619000	0.712636530	0.270599720
7.844620000	0.684928715	0.268615183
7.844621000	0.724855900	0.267560188
7.844622000	0.687447369	0.266723373
7.844623000	0.707408905	0.270219870
7.844624000	0.730100393	0.274849210
7.844625000	0.723720014	0.268593345
7.844626000	0.704638183	0.272790553
7.844627000	0.735536575	0.269353011
7.844628000	0.725008607	0.266095216
7.844629000	0.738824546	0.269320937
7.844630000	0.710744500	0.268897328
7.844631000	0.740564585	0.266947961
7.844632000	0.721880734	0.263180819
7.844633000	0.732118428	0.264667462
7.844634000	0.727091134	0.267229656
7.844635000	0.730697930	0.268103073
7.844636000	0.692294657	0.267397053
7.844637000	0.711216569	0.269304692
7.844638000	0.715154290	0.265053754
7.844639000	0.746310174	0.263908179
7.844640000	0.720828295	0.266952421
7.844641000	0.759975851	0.267886375
7.844642000	0.742748022	0.265329874
7.844643000	0.732198179	0.265776436
7.844644000	0.742974758	0.267216840
7.844645000	0.716903210	0.262423483
7.844646000	0.743411720	0.264209066
7.844647000	0.726333141	0.264021163
7.844648000	0.735653460	0.262662685
7.844649000	0.727940023	0.265575168
7.844650000	0.705213308	0.260521021
7.844651000	0.730427742	0.267457839
7.844652000	0.738823831	0.265377944
7.844653000	0.747199595	0.259899738
7.844654000	0.743273973	0.260258000
7.844655000	0.724398196	0.261386332
7.844656000	0.721506953	0.264870462
7.844657000	0.760841072	0.265710623
7.844658000	0.719103396	0.265439130
7.844659000	0.759597659	0.262032148
7.844660000	0.755653262	0.263286447
7.844661000	0.735599339	0.265616147
7.844662000	0.762489140	0.260584653
7.844663000	0.751204312	0.265192605
7.844664000	0.726547122	0.262488281
7.844665000	0.736918271	0.262625134
7.844666000	0.742120564	0.264948992
7.844667000	0.770727456	0.264302460
7.844668000	0.757798016	0.261373465
7.844669000	0.743927300	0.264098711
7.844670000	0.734245121	0.261230986
7.844671000	0.765917540	0.262924490
7.844672000	0.740811706	0.262378659
7.844673000	0.729071259	0.260722672
7.844674000	0.726682544	0.259582140
7.844675000	0.722847760	0.261455873
7.844676000	0.744455934	0.261530841
7.844677000	0.724675179	0.256520270
7.844678000	0.737112343	0.261850005
7.844679000	0.748796880	0.257259131
7.844680000	0.705540299	0.261017201
7.844681000	0.769147098	0.261814418
7.844682000	0.752961934	0.255835571
7.844683000	0.762054026	0.262696956
7.844684000	0.780279458	0.262180303
7.844685000	0.777732074	0.259389344
7.844686000	0.761085808	0.261383036
7.844687000	0.725693882	0.264394072
7.844688000	0.730618775	0.259753581
7.844689000	0.764586091	0.262418273
7.844690000	0.753494322	0.260211411
7.844691000	0.767194748	0.260371184
7.844692000	0.797231972	0.261186544
7.844693000	0.750451028	0.260921876
7.844694000	0.761440277	0.259870943
7.844695000	0.755286336	0.257090836
7.844696000	0.744123936	0.252924870
7.844697000	0.763659894	0.258712684
7.844698000	0.786696851	0.257224743
7.844699000	0.725117922	0.255255402
7.844700000	0.750222802	0.256293352
7.844701000	0.751095355	0.258493123
7.844702000	0.762623250	0.258289491
7.844703000	0.784126282	0.259764583
7.844704000	0.760140300	0.257471568
7.844705000	0.761426151	0.258361613
7.844706000	0.779591501	0.258571237
7.844707000	0.743923783	0.256579259
7.844708000	0.769154966	0.255828348
7.844709000	0.772906363	0.261629528
7.844710000	0.790340781	0.258859075
7.844711000	0.772937179	0.258689082
7.844712000	0.770070314	0.257369169
7.844713000	0.779879451	0.256594988
7.844714000	0.743607759	0.261271266
7.844715000	0.784091353	0.254913785
7.844716000	0.774021506	0.254480089
7.844717000	0.766222477	0.260313926
7.844718000	0.752412975	0.254967364
7.844719000	0.761331022	0.259946044
7.844720000	0.721433938	0.256049939
7.844721000	0.766105950	0.255174908
7.844722000	0.791537464	0.255028817
7.844723000	0.704186618	0.249331466
7.844724000	0.763156593	0.254384398
7.844725000	0.757671833	0.253582787
7.844726000	0.779670477	0.254947191
7.844727000	0.777422249	0.253905096
7.844728000	0.811207831	0.258702464
7.844729000	0.764470160	0.251985972
7.844730000	0.729623199	0.255673468
7.844731000	0.738672614	0.254254469
7.844732000	0.759846091	0.254995294
7.844733000	0.743997753	0.254359731
7.844734000	0.781291127	0.251024638
7.844735000	0.773828208	0.252306667
7.844736000	0.799513161	0.254719374
7.844737000	0.781064391	0.254844393
7.844738000	0.763432860	0.252158295
7.844739000	0.771805644	0.254788932
7.844740000	0.797137737	0.254037472
7.844741000	0.771724999	0.250943361
7.844742000	0.761821866	0.251513660
7.844743000	0.808143556	0.254156299
7.844744000	0.800839782	0.256560068
7.844745000	0.785324454	0.254415940
7.844746000	0.774256170	0.254200041
7.844747000	0.788034976	0.255343736
7.844748000	0.808951199	0.254503641
7.844749000	0.802867532	0.252330036
7.844750000	0.757328033	0.252108011
7.844751000	0.801035941	0.249454821
7.844752000	0.769868135	0.253585467
7.844753000	0.808834612	0.252170263
7.844754000	0.804741919	0.254557903
7.844755000	0.775471866	0.252363692
7.844756000	0.783382058	0.250889299
7.844757000	0.801219523	0.255008577
7.844758000	0.760769069	0.252153585
7.844759000	0.770000815	0.251045377
7.844760000	0.802649498	0.250704293
7.844761000	0.775166452	0.250854412
7.844762000	0.789599240	0.251384530
7.844763000	0.811811328	0.251025087
7.844764000	0.769610107	0.252842661
7.844765000	0.780647397	0.251678344
7.844766000	0.784402192	0.250475910
7.844767000	0.801392198	0.253577860
7.844768000	0.769382715	0.250076086
7.844769000	0.805490315	0.255157564
7.844770000	0.782250881	0.251067814
7.844771000	0.795737326	0.250696370
7.844772000	0.774227440	0.249603608
7.844773000	0.803662181	0.246717790
7.844774000	0.783285856	0.249906126
7.844775000	0.798063099	0.247704708
7.844776000	0.791429162	0.252902965
7.844777000	0.759530783	0.248849284
7.844778000	0.791831434	0.249934589
7.844779000	0.789725840	0.250898237
7.844780000	0.812966347	0.249480104
7.844781000	0.817192078	0.248405885
7.844782000	0.774759829	0.251993096
7.844783000	0.794152856	0.248794556
7.844784000	0.818057656	0.250878397
7.844785000	0.828793049	0.251159410
7.844786000	0.761042535	0.249998006
7.844787000	0.794378936	0.249235043
7.844788000	0.807121336	0.248565092
7.844789000	0.787911832	0.249550461
7.844790000	0.797610164	0.247615592
7.844791000	0.798092425	0.249884588
7.844792000	0.819515467	0.249221228
7.844793000	0.800793231	0.251144047
7.844794000	0.816512227	0.247034307
7.844795000	0.819749057	0.251348911
7.844796000	0.804070532	0.242533997
7.844797000	0.803470075	0.246929794
7.844798000	0.779435515	0.247790977
7.844799000	0.815454423	0.250687032
7.844800000	0.828455865	0.246766742
7.844801000	0.783230186	0.245009256
7.844802000	0.834611773	0.247626344
7.844803000	0.810385346	0.250949620
7.844804000	0.797452748	0.247396031
7.844805000	0.816559196	0.246387075
7.844806000	0.797096670	0.247552108
7.844807000	0.816371500	0.244285791
7.844808000	0.818094969	0.248071891
7.844809000	0.789279163	0.246276687
7.844810000	0.819033504	0.246763613
7.844811000	0.813925266	0.242288321
7.844812000	0.802410781	0.248007093
7.844813000	0.794825613	0.243127200
7.844814000	0.840857267	0.246067429
7.844815000	0.825285971	0.247109941
7.844816000	0.784703195	0.247500693
7.844817000	0.812474906	0.246814679
7.844818000	0.814025283	0.243689992
7.844819000	0.801904857	0.249415073
7.844820000	0.799225569	0.245780374
7.844821000	0.792830229	0.245099770
7.844822000	0.790395021	0.243538325
7.844823000	0.824877739	0.244566688
7.844824000	0.857217491	0.247670020
7.844825000	0.815681636	0.247840545
7.844826000	0.803983331	0.244090299
7.844827000	0.814371109	0.247170344
7.844828000	0.816164613	0.245758936
7.844829000	0.808082461	0.241054694
7.844830000	0.806828737	0.242588758
7.844831000	0.806576610	0.243767507
7.844832000	0.818920910	0.246161605
7.844833000	0.819918215	0.244381715
7.844834000	0.817793906	0.246333879
7.844835000	0.815046191	0.239701442
7.844836000	0.844414055	0.246432166
7.844837000	0.815171003	0.243512909
7.844838000	0.819092155	0.240624128
7.844839000	0.847958446	0.243575044
7.844840000	0.840384841	0.241744753
7.844841000	0.833368897	0.245579272
7.844842000	0.802850544	0.243189484
7.844843000	0.817416251	0.238926280
7.844844000	0.802716196	0.243574128
7.844845000	0.823746681	0.241875647
7.844846000	0.781634629	0.239996321
7.844847000	0.837858319	0.243761132
7.844848000	0.788650572	0.242396395
7.844849000	0.817285657	0.244077599
7.844850000	0.798836052	0.244461227
7.844851000	0.847026348	0.238587076
7.844852000	0.841622531	0.241010353
7.844853000	0.808219373	0.242409944
7.844854000	0.866798818	0.242195393
7.844855000	0.820726633	0.242291450
7.844856000	0.839411378	0.239959087
7.844857000	0.836655736	0.243052232
7.844858000	0.862881720	0.240388987
7.844859000	0.841058850	0.245645951
7.844860000	0.782801926	0.241337822
7.844861000	0.844511628	0.239440902
7.844862000	0.804172039	0.241052398
7.844863000	0.816508591	0.236976779
7.844864000	0.830251575	0.237310906
7.844865000	0.808652699	0.242593119
7.844866000	0.803988338	0.240626858
7.844867000	0.853588998	0.243781222
7.844868000	0.816879272	0.240546946
7.844869000	0.823466778	0.243599062
7.844870000	0.816130519	0.243361558
7.844871000	0.848946273	0.243004112
7.844872000	0.865562081	0.244011219
7.844873000	0.818997324	0.240010303
7.844874000	0.867291212	0.240661745
7.844875000	0.828779221	0.240602340
7.844876000	0.788557887	0.240099369
7.844877000	0.823524654	0.238348590
7.844878000	0.812159657	0.242498760
7.844879000	0.843620241	0.240457930
7.844880000	0.799663603	0.240267714
7.844881000	0.800751388	0.237705536
7.844882000	0.854818821	0.238226218
7.844883000	0.824753165	0.242890411
7.844884000	0.842021585	0.241902345
7.844885000	0.854575872	0.237097537
7.844886000	0.835869253	0.239846884
7.844887000	0.849363506	0.241134956
7.844888000	0.829728365	0.238946852
7.844889000	0.817588866	0.236837712
7.844890000	0.847802281	0.242207760
7.844891000	0.879559577	0.239330331
7.844892000	0.861933887	0.239478270
7.844893000	0.830715299	0.242631669
7.844894000	0.868428826	0.238583897
7.844895000	0.888992131	0.238199386
7.844896000	0.829993904	0.238321259
7.844897000	0.838977039	0.242781039
7.844898000	0.833866835	0.237263402
