D:\KID metingen\Entropy ADR\LT343chip5_BF_20240530_mapping\S21\Power\KID334_114dBm_.dat
Power at KID:114dBm
resonance Frequency in GHz :7.607979
Q=53577.316899, Qc=60127.381043, Qi=491821.710099  S21min=-19.256535


Temperature in K:0.100019
GHz	dB	Rad
7.607102000	0.647096992	0.259378558
7.607103000	0.716723025	0.248092231
7.607104000	0.616121829	0.251128584
7.607105000	0.686154187	0.261954966
7.607106000	0.678948224	0.259023525
7.607107000	0.712311149	0.252472914
7.607108000	0.688672304	0.240304549
7.607109000	0.611384153	0.258070746
7.607110000	0.711329758	0.267302427
7.607111000	0.605683863	0.258790199
7.607112000	0.649547040	0.261452028
7.607113000	0.648866475	0.249386777
7.607114000	0.642746627	0.266975491
7.607115000	0.655590773	0.263332869
7.607116000	0.752527654	0.276511855
7.607117000	0.681551158	0.259589114
7.607118000	0.654689431	0.253031679
7.607119000	0.637513220	0.262789884
7.607120000	0.605235577	0.243189634
7.607121000	0.733764946	0.263915902
7.607122000	0.600480974	0.240036818
7.607123000	0.709682763	0.252835188
7.607124000	0.569280088	0.264866118
7.607125000	0.707408905	0.252027001
7.607126000	0.575322330	0.268117455
7.607127000	0.727493703	0.261768645
7.607128000	0.681807280	0.256586616
7.607129000	0.664008677	0.257488945
7.607130000	0.664988577	0.258486066
7.607131000	0.701304495	0.252181082
7.607132000	0.724837065	0.260774587
7.607133000	0.669421017	0.249680224
7.607134000	0.655689716	0.249506303
7.607135000	0.617341220	0.258301376
7.607136000	0.677539647	0.253966598
7.607137000	0.628244877	0.249756740
7.607138000	0.560444415	0.262161261
7.607139000	0.641816437	0.257997925
7.607140000	0.694613397	0.245382964
7.607141000	0.623819351	0.243874133
7.607142000	0.605996728	0.264680828
7.607143000	0.696742475	0.247658352
7.607144000	0.662333786	0.253745772
7.607145000	0.628459692	0.245024169
7.607146000	0.660413086	0.254674200
7.607147000	0.707707286	0.257442306
7.607148000	0.591315329	0.247982841
7.607149000	0.687562227	0.258455639
7.607150000	0.626498520	0.241027564
7.607151000	0.590651572	0.261509752
7.607152000	0.624671102	0.248850067
7.607153000	0.760272086	0.253933825
7.607154000	0.653743923	0.251000320
7.607155000	0.612852514	0.252863683
7.607156000	0.642058253	0.261825270
7.607157000	0.696826637	0.249011204
7.607158000	0.576864898	0.243478970
7.607159000	0.582374275	0.253020943
7.607160000	0.569281757	0.242772034
7.607161000	0.777205527	0.251149323
7.607162000	0.546077132	0.244237938
7.607163000	0.637998223	0.254104533
7.607164000	0.629885018	0.253877233
7.607165000	0.704029560	0.252701846
7.607166000	0.628604531	0.245847852
7.607167000	0.682151437	0.248872737
7.607168000	0.593483508	0.248506302
7.607169000	0.745180905	0.250386028
7.607170000	0.652953565	0.250580522
7.607171000	0.742148101	0.252676080
7.607172000	0.681161582	0.253401908
7.607173000	0.647567272	0.249489358
7.607174000	0.704863012	0.256519654
7.607175000	0.657026768	0.239608748
7.607176000	0.719683647	0.250931210
7.607177000	0.663224638	0.255399978
7.607178000	0.662058175	0.252941847
7.607179000	0.711200595	0.250583502
7.607180000	0.588419497	0.249798768
7.607181000	0.645144701	0.245747084
7.607182000	0.722483814	0.252978332
7.607183000	0.598001003	0.250413875
7.607184000	0.515981019	0.256931246
7.607185000	0.620172441	0.257617742
7.607186000	0.759885669	0.258617143
7.607187000	0.535824895	0.242201052
7.607188000	0.637555122	0.241515355
7.607189000	0.679667532	0.245894457
7.607190000	0.675302804	0.234661277
7.607191000	0.510750890	0.248886901
7.607192000	0.643150508	0.253161158
7.607193000	0.663946390	0.243886817
7.607194000	0.686814964	0.248837899
7.607195000	0.645228446	0.254457236
7.607196000	0.650456905	0.252602610
7.607197000	0.670545518	0.249103333
7.607198000	0.686888576	0.238705903
7.607199000	0.613739908	0.235501737
7.607200000	0.681119859	0.245003763
7.607201000	0.638840616	0.252322146
7.607202000	0.742158175	0.237188650
7.607203000	0.685139179	0.243550659
7.607204000	0.635659933	0.254288674
7.607205000	0.618746459	0.255174991
7.607206000	0.587811351	0.247748567
7.607207000	0.656393647	0.250209627
7.607208000	0.689278126	0.243339936
7.607209000	0.607714593	0.250218549
7.607210000	0.672323227	0.262991519
7.607211000	0.668421388	0.248615542
7.607212000	0.632918775	0.245191100
7.607213000	0.644468844	0.245485396
7.607214000	0.573529959	0.245936851
7.607215000	0.636195481	0.230950961
7.607216000	0.658628881	0.254951652
7.607217000	0.651303113	0.251008575
7.607218000	0.659811199	0.256615978
7.607219000	0.644159496	0.253318884
7.607220000	0.634070337	0.240362639
7.607221000	0.612303197	0.236346359
7.607222000	0.608263493	0.237450755
7.607223000	0.594850063	0.251550229
7.607224000	0.585745156	0.245836034
7.607225000	0.579359293	0.259170781
7.607226000	0.583998382	0.255453058
7.607227000	0.601299524	0.245860169
7.607228000	0.641107321	0.232781585
7.607229000	0.645500124	0.244801180
7.607230000	0.539857745	0.233908651
7.607231000	0.638498485	0.250761334
7.607232000	0.647047698	0.252115485
7.607233000	0.594160497	0.252486147
7.607234000	0.631398559	0.251370765
7.607235000	0.646360576	0.249425426
7.607236000	0.715584636	0.258811687
7.607237000	0.697121859	0.239256711
7.607238000	0.646952510	0.251426608
7.607239000	0.644543767	0.248769256
7.607240000	0.543256879	0.244508748
7.607241000	0.727506995	0.243360709
7.607242000	0.646527290	0.254922690
7.607243000	0.631321609	0.250158128
7.607244000	0.721288919	0.257172445
7.607245000	0.632257462	0.236876494
7.607246000	0.654144228	0.245931592
7.607247000	0.639025271	0.236794386
7.607248000	0.576335788	0.238196207
7.607249000	0.592798769	0.246952281
7.607250000	0.609466314	0.241067261
7.607251000	0.544286966	0.254839566
7.607252000	0.563806653	0.238693652
7.607253000	0.667313874	0.244577224
7.607254000	0.701120377	0.234497226
7.607255000	0.572646976	0.236750843
7.607256000	0.660811543	0.240502621
7.607257000	0.590343535	0.232708431
7.607258000	0.692008317	0.250859854
7.607259000	0.692541718	0.257309198
7.607260000	0.635526299	0.240067977
7.607261000	0.610047281	0.243287056
7.607262000	0.571868956	0.238603821
7.607263000	0.602926314	0.246919075
7.607264000	0.645867169	0.237190048
7.607265000	0.649501860	0.234824679
7.607266000	0.543734670	0.228102261
7.607267000	0.658703625	0.244986219
7.607268000	0.648094952	0.238059138
7.607269000	0.718235910	0.241535312
7.607270000	0.547107279	0.234101014
7.607271000	0.647356808	0.244703525
7.607272000	0.543544471	0.237372791
7.607273000	0.582327247	0.240940794
7.607274000	0.645517468	0.245473145
7.607275000	0.672027647	0.255218717
7.607276000	0.672440171	0.243717190
7.607277000	0.596828163	0.231710178
7.607278000	0.585210621	0.241888580
7.607279000	0.694736302	0.242632984
7.607280000	0.577128351	0.244710799
7.607281000	0.591251314	0.238831388
7.607282000	0.661871135	0.231444761
7.607283000	0.709183037	0.239122122
7.607284000	0.568289459	0.246131545
7.607285000	0.667676985	0.246201453
7.607286000	0.575313985	0.249271612
7.607287000	0.585366428	0.232822564
7.607288000	0.620453835	0.230246122
7.607289000	0.543934226	0.241840227
7.607290000	0.576120853	0.246889031
7.607291000	0.642019570	0.237665106
7.607292000	0.517179132	0.242148355
7.607293000	0.714308023	0.238056558
7.607294000	0.512442410	0.240448609
7.607295000	0.637904644	0.247332015
7.607296000	0.558301151	0.230538038
7.607297000	0.586333275	0.243308927
7.607298000	0.545646787	0.248519901
7.607299000	0.539666235	0.234409109
7.607300000	0.696779311	0.235043757
7.607301000	0.566472769	0.228649707
7.607302000	0.609286189	0.238206311
7.607303000	0.613990545	0.245580487
7.607304000	0.560579538	0.245001815
7.607305000	0.619884849	0.237978144
7.607306000	0.529245079	0.242874832
7.607307000	0.600357533	0.229222636
7.607308000	0.545276940	0.242493134
7.607309000	0.700812459	0.232143574
7.607310000	0.541619837	0.247905294
7.607311000	0.589168608	0.237172172
7.607312000	0.619803190	0.237161569
7.607313000	0.600681961	0.242046306
7.607314000	0.599579573	0.241156444
7.607315000	0.527169406	0.234997867
7.607316000	0.606388927	0.236378367
7.607317000	0.595346987	0.242632285
7.607318000	0.661090016	0.237015012
7.607319000	0.626676679	0.245813131
7.607320000	0.538797677	0.230408026
7.607321000	0.575880110	0.232735196
7.607322000	0.672473431	0.235917773
7.607323000	0.599622369	0.245553489
7.607324000	0.664120734	0.245540223
7.607325000	0.592823088	0.235937414
7.607326000	0.685616255	0.227414250
7.607327000	0.633866727	0.219782129
7.607328000	0.538960457	0.231813193
7.607329000	0.687980592	0.233605284
7.607330000	0.604561806	0.231222986
7.607331000	0.567791879	0.224140376
7.607332000	0.549739778	0.234769285
7.607333000	0.557846606	0.243297659
7.607334000	0.616160393	0.240067494
7.607335000	0.615088880	0.235654320
7.607336000	0.651801109	0.232258290
7.607337000	0.562548876	0.238798881
7.607338000	0.470667213	0.242028596
7.607339000	0.554443955	0.238810931
7.607340000	0.542615831	0.240647247
7.607341000	0.529649675	0.229781983
7.607342000	0.579821289	0.236324221
7.607343000	0.663677514	0.231080324
7.607344000	0.563243032	0.225628184
7.607345000	0.638292909	0.246689777
7.607346000	0.523784339	0.224713455
7.607347000	0.594935477	0.234985467
7.607348000	0.610218525	0.238180228
7.607349000	0.695802510	0.239049417
7.607350000	0.582174182	0.232742186
7.607351000	0.566772521	0.234852092
7.607352000	0.612713039	0.233118008
7.607353000	0.534408212	0.224622658
7.607354000	0.572720051	0.234170107
7.607355000	0.518580377	0.226567414
7.607356000	0.610544980	0.228056854
7.607357000	0.476233542	0.227421324
7.607358000	0.685632348	0.220642896
7.607359000	0.580546439	0.234486524
7.607360000	0.608484864	0.243836899
7.607361000	0.508441329	0.235831570
7.607362000	0.570151925	0.234159704
7.607363000	0.563877583	0.236957171
7.607364000	0.641377389	0.225929321
7.607365000	0.564968169	0.228763740
7.607366000	0.651543915	0.226295056
7.607367000	0.669955492	0.235730553
7.607368000	0.508918285	0.225250914
7.607369000	0.556212008	0.230113680
7.607370000	0.687680840	0.232146437
7.607371000	0.585753322	0.235164048
7.607372000	0.575552762	0.229389500
7.607373000	0.696667433	0.225622908
7.607374000	0.590352833	0.206009742
7.607375000	0.619895220	0.230033901
7.607376000	0.517297029	0.233441017
7.607377000	0.596195519	0.227350051
7.607378000	0.613116145	0.226051593
7.607379000	0.623296142	0.226098249
7.607380000	0.589645863	0.237773247
7.607381000	0.640270710	0.231580183
7.607382000	0.589464962	0.225393543
7.607383000	0.579837978	0.226478548
7.607384000	0.609135211	0.210566410
7.607385000	0.557142675	0.230156840
7.607386000	0.577978373	0.237446993
7.607387000	0.615569651	0.237222938
7.607388000	0.551639378	0.231157123
7.607389000	0.556886137	0.227615019
7.607390000	0.595486760	0.235017275
7.607391000	0.569151044	0.237360774
7.607392000	0.679358304	0.223776405
7.607393000	0.516434789	0.223133401
7.607394000	0.585451722	0.233302066
7.607395000	0.571809471	0.213503095
7.607396000	0.600186706	0.230107072
7.607397000	0.510854006	0.226216310
7.607398000	0.566629946	0.222228076
7.607399000	0.562713981	0.221826855
7.607400000	0.605775595	0.230034501
7.607401000	0.564210534	0.228431727
7.607402000	0.623714983	0.225360403
7.607403000	0.506980658	0.219858745
7.607404000	0.625876904	0.226150746
7.607405000	0.576145768	0.211963038
7.607406000	0.463957161	0.235502703
7.607407000	0.555115342	0.220015406
7.607408000	0.631656349	0.217740683
7.607409000	0.505945861	0.229110933
7.607410000	0.649723291	0.227608760
7.607411000	0.647252202	0.229733464
7.607412000	0.498644412	0.214154504
7.607413000	0.485577822	0.217364895
7.607414000	0.544816494	0.223408323
7.607415000	0.516645551	0.216989772
7.607416000	0.494848937	0.220255856
7.607417000	0.511580110	0.210103120
7.607418000	0.560631990	0.219879301
7.607419000	0.547941983	0.209611567
7.607420000	0.592621028	0.222347203
7.607421000	0.533299148	0.228266195
7.607422000	0.599962294	0.224085548
7.607423000	0.539975882	0.223565266
7.607424000	0.645401418	0.228476218
7.607425000	0.542772174	0.235971552
7.607426000	0.585019469	0.217184499
7.607427000	0.529294193	0.218020765
7.607428000	0.569372714	0.220462600
7.607429000	0.572739661	0.226252013
7.607430000	0.524502635	0.217130420
7.607431000	0.532154560	0.219893033
7.607432000	0.509601772	0.224821812
7.607433000	0.560241103	0.226639336
7.607434000	0.531585038	0.222047597
7.607435000	0.570065916	0.221957233
7.607436000	0.523733020	0.217385068
7.607437000	0.620137811	0.218870646
7.607438000	0.567568839	0.221995965
7.607439000	0.601393521	0.213446719
7.607440000	0.476765573	0.220708926
7.607441000	0.485382766	0.216211080
7.607442000	0.530415714	0.213620756
7.607443000	0.600529671	0.211266439
7.607444000	0.536493301	0.212601015
7.607445000	0.507655263	0.212640713
7.607446000	0.645575225	0.211312844
7.607447000	0.651400805	0.219428145
7.607448000	0.512507021	0.210950971
7.607449000	0.589878857	0.222797760
7.607450000	0.572890460	0.210287311
7.607451000	0.548313737	0.218135330
7.607452000	0.514755845	0.207084527
7.607453000	0.511520743	0.230860014
7.607454000	0.577265263	0.207020711
7.607455000	0.534205377	0.215685705
7.607456000	0.556002140	0.206178736
7.607457000	0.568049431	0.206982162
7.607458000	0.521431446	0.211145381
7.607459000	0.566774845	0.216223747
7.607460000	0.509499490	0.202783056
7.607461000	0.521680176	0.199197958
7.607462000	0.530864358	0.207836038
7.607463000	0.528947473	0.204744074
7.607464000	0.594602048	0.208403407
7.607465000	0.551215768	0.213417324
7.607466000	0.548923314	0.199916562
7.607467000	0.550980210	0.208265456
7.607468000	0.499506861	0.214510119
7.607469000	0.419210106	0.211339959
7.607470000	0.517924368	0.210722688
7.607471000	0.670440078	0.217080968
7.607472000	0.485688686	0.208819127
7.607473000	0.491891146	0.202784903
7.607474000	0.345526576	0.221161797
7.607475000	0.549540758	0.199211856
7.607476000	0.593488336	0.203739280
7.607477000	0.466134936	0.212952553
7.607478000	0.527543426	0.221852504
7.607479000	0.531303227	0.206731508
7.607480000	0.581220329	0.203572916
7.607481000	0.582226932	0.202580206
7.607482000	0.517644703	0.215474916
7.607483000	0.521491706	0.212038822
7.607484000	0.591243029	0.214409069
7.607485000	0.540304422	0.202153767
7.607486000	0.539394021	0.199106495
7.607487000	0.582193732	0.205560317
7.607488000	0.538705945	0.213084279
7.607489000	0.541850984	0.216585437
7.607490000	0.544166267	0.217728050
7.607491000	0.495886564	0.203919327
7.607492000	0.463339418	0.199548297
7.607493000	0.535985768	0.209853033
7.607494000	0.586113989	0.202219364
7.607495000	0.574369431	0.204541741
7.607496000	0.514336586	0.219357954
7.607497000	0.564574301	0.201299508
7.607498000	0.469118357	0.200776980
7.607499000	0.506791949	0.200311043
7.607500000	0.629834235	0.204459699
7.607501000	0.580666065	0.213464462
7.607502000	0.593966305	0.194679656
7.607503000	0.499193758	0.202235793
7.607504000	0.481953770	0.210105683
7.607505000	0.543775916	0.201757905
7.607506000	0.629433274	0.191017060
7.607507000	0.487073541	0.205260045
7.607508000	0.470635891	0.203752247
7.607509000	0.417205989	0.206082429
7.607510000	0.618276000	0.209903533
7.607511000	0.493304312	0.205023523
7.607512000	0.510576367	0.212924423
7.607513000	0.556681633	0.197782222
7.607514000	0.527522326	0.189538157
7.607515000	0.577735543	0.201423096
7.607516000	0.455351621	0.200655806
7.607517000	0.565560043	0.186387471
7.607518000	0.538107395	0.203836785
7.607519000	0.522886157	0.195485012
7.607520000	0.627088487	0.190041894
7.607521000	0.633255839	0.204432784
7.607522000	0.514216125	0.191050150
7.607523000	0.472602367	0.202863017
7.607524000	0.426028967	0.201211308
7.607525000	0.495276690	0.209257533
7.607526000	0.572035432	0.200200572
7.607527000	0.449196786	0.205208580
7.607528000	0.519742072	0.190712245
7.607529000	0.560053110	0.205949071
7.607530000	0.469862193	0.195662712
7.607531000	0.539197445	0.201951966
7.607532000	0.406562686	0.199949985
7.607533000	0.462572157	0.196008906
7.607534000	0.501626253	0.203685401
7.607535000	0.535851181	0.208966583
7.607536000	0.542796254	0.191374173
7.607537000	0.494155288	0.185786512
7.607538000	0.483965099	0.196518252
7.607539000	0.465843588	0.191041778
7.607540000	0.524889827	0.187262020
7.607541000	0.433001965	0.191926580
7.607542000	0.545545340	0.208338510
7.607543000	0.471360326	0.192551041
7.607544000	0.513921320	0.188430914
7.607545000	0.553560436	0.203009141
7.607546000	0.535563886	0.194526108
7.607547000	0.476236343	0.187591103
7.607548000	0.559861124	0.187896784
7.607549000	0.491350353	0.188565404
7.607550000	0.456955582	0.196955726
7.607551000	0.514542401	0.189702524
7.607552000	0.451146066	0.190523360
7.607553000	0.414912343	0.190178664
7.607554000	0.511949658	0.188473941
7.607555000	0.367244154	0.190498376
7.607556000	0.530975521	0.193998635
7.607557000	0.593065023	0.190590888
7.607558000	0.457323998	0.194991911
7.607559000	0.517316401	0.191687028
7.607560000	0.522998452	0.193542586
7.607561000	0.454331726	0.175812358
7.607562000	0.468082100	0.192223056
7.607563000	0.502198219	0.199633152
7.607564000	0.446978450	0.189252866
7.607565000	0.318068326	0.174783379
7.607566000	0.507481635	0.185693068
7.607567000	0.470500857	0.178691551
7.607568000	0.524848223	0.180799676
7.607569000	0.459296018	0.186793453
7.607570000	0.455551565	0.188988414
7.607571000	0.461798429	0.202384464
7.607572000	0.513330460	0.188702657
7.607573000	0.487341702	0.188607365
7.607574000	0.511128068	0.182121569
7.607575000	0.423725933	0.192829990
7.607576000	0.401790142	0.189238485
7.607577000	0.481561929	0.176279276
7.607578000	0.481908888	0.198958024
7.607579000	0.479607642	0.181704302
7.607580000	0.389087886	0.183778705
7.607581000	0.495450199	0.186004092
7.607582000	0.467274010	0.182339133
7.607583000	0.460929394	0.186119207
7.607584000	0.463862836	0.179326648
7.607585000	0.491294116	0.178066707
7.607586000	0.487044543	0.176800291
7.607587000	0.371096045	0.187614622
7.607588000	0.401765019	0.178455528
7.607589000	0.389924586	0.182243642
7.607590000	0.379527330	0.178568763
7.607591000	0.390608281	0.177851890
7.607592000	0.480152279	0.175686141
7.607593000	0.387961060	0.171070217
7.607594000	0.494689703	0.180034417
7.607595000	0.476335049	0.171753018
7.607596000	0.352323800	0.177101677
7.607597000	0.517845094	0.182735178
7.607598000	0.423966646	0.176992954
7.607599000	0.565550089	0.176639685
7.607600000	0.324729383	0.165467958
7.607601000	0.514822483	0.173424917
7.607602000	0.455673814	0.174259785
7.607603000	0.445295930	0.170017486
7.607604000	0.419292003	0.170139708
7.607605000	0.344561785	0.165401928
7.607606000	0.340493560	0.167787937
7.607607000	0.248260170	0.169715417
7.607608000	0.363628566	0.180115277
7.607609000	0.351010919	0.168929251
7.607610000	0.377859920	0.165037241
7.607611000	0.569344461	0.169358004
7.607612000	0.501644969	0.163567210
7.607613000	0.489214242	0.167453061
7.607614000	0.363585979	0.165842481
7.607615000	0.366760492	0.168202125
7.607616000	0.375794739	0.176030038
7.607617000	0.395030975	0.173816868
7.607618000	0.472198784	0.176519910
7.607619000	0.391637713	0.168327127
7.607620000	0.486469895	0.166184132
7.607621000	0.373910993	0.169068768
7.607622000	0.430000931	0.170198514
7.607623000	0.419517308	0.171886475
7.607624000	0.345924526	0.167384701
7.607625000	0.416272849	0.166344770
7.607626000	0.390002489	0.163012656
7.607627000	0.362660289	0.173345888
7.607628000	0.341509074	0.160432802
7.607629000	0.429180056	0.165438114
7.607630000	0.406347662	0.157927849
7.607631000	0.361670345	0.156072908
7.607632000	0.499107182	0.152554855
7.607633000	0.469109744	0.166525133
7.607634000	0.357651949	0.159408500
7.607635000	0.343179882	0.149875482
7.607636000	0.421716839	0.157754528
7.607637000	0.417931139	0.162900104
7.607638000	0.354771256	0.162456721
7.607639000	0.335472763	0.162103153
7.607640000	0.260634124	0.151876448
7.607641000	0.411946952	0.164158548
7.607642000	0.485466659	0.158693325
7.607643000	0.336983085	0.150353237
7.607644000	0.388074011	0.163959660
7.607645000	0.272384405	0.152276056
7.607646000	0.458212316	0.156094113
7.607647000	0.344195396	0.164049791
7.607648000	0.403317004	0.159188124
7.607649000	0.358922988	0.146360409
7.607650000	0.338269919	0.148430834
7.607651000	0.393831849	0.147224755
7.607652000	0.330920994	0.153600862
7.607653000	0.223919049	0.145405550
7.607654000	0.294969648	0.142943773
7.607655000	0.442535579	0.156994378
7.607656000	0.210218802	0.148685449
7.607657000	0.336168438	0.160600598
7.607658000	0.314468712	0.153780792
7.607659000	0.371426493	0.134682689
7.607660000	0.308963299	0.136156907
7.607661000	0.312363207	0.144250820
7.607662000	0.349342942	0.137191479
7.607663000	0.341675431	0.153901183
7.607664000	0.324001938	0.142230446
7.607665000	0.253369391	0.153131263
7.607666000	0.305269986	0.152427723
7.607667000	0.341757059	0.144130361
7.607668000	0.350831568	0.147129064
7.607669000	0.365961105	0.147013433
7.607670000	0.339631110	0.136562024
7.607671000	0.311427057	0.146193662
7.607672000	0.369823754	0.130273868
7.607673000	0.387011379	0.145931774
7.607674000	0.261120558	0.146910469
7.607675000	0.342371017	0.137219966
7.607676000	0.308004200	0.148620401
7.607677000	0.348705977	0.136962372
7.607678000	0.326191872	0.143488057
7.607679000	0.482020438	0.142989713
7.607680000	0.232824191	0.132264514
7.607681000	0.232569039	0.140303066
7.607682000	0.257633984	0.141946253
7.607683000	0.296939284	0.140111452
7.607684000	0.304543912	0.141626923
7.607685000	0.296666980	0.146820071
7.607686000	0.239450872	0.135477377
7.607687000	0.311798006	0.143586111
7.607688000	0.269697487	0.138323131
7.607689000	0.266019136	0.125044351
7.607690000	0.253608048	0.134745390
7.607691000	0.286690712	0.121291525
7.607692000	0.247477427	0.129420474
7.607693000	0.356804460	0.133694265
7.607694000	0.270555705	0.132534001
7.607695000	0.228912160	0.133106148
7.607696000	0.224437341	0.137027403
7.607697000	0.247459322	0.144034488
7.607698000	0.263130069	0.128251763
7.607699000	0.240042001	0.126728077
7.607700000	0.271141708	0.128662664
7.607701000	0.249894410	0.115138199
7.607702000	0.256902456	0.121006034
7.607703000	0.304096311	0.129287649
7.607704000	0.336864203	0.122183193
7.607705000	0.146399513	0.123244571
7.607706000	0.292406857	0.126327637
7.607707000	0.167079091	0.130497781
7.607708000	0.305729747	0.121217797
7.607709000	0.332104087	0.126234909
7.607710000	0.220374092	0.119447144
7.607711000	0.252665877	0.131274451
7.607712000	0.158936471	0.131441755
7.607713000	0.112764649	0.129681248
7.607714000	0.173646390	0.113173286
7.607715000	0.258037835	0.133181615
7.607716000	0.187140003	0.104129374
7.607717000	0.212947011	0.122019433
7.607718000	0.270087332	0.108232098
7.607719000	0.109269328	0.098596948
7.607720000	0.153787091	0.115933095
7.607721000	0.291875303	0.108939326
7.607722000	0.302095056	0.109785096
7.607723000	0.253479928	0.104626611
7.607724000	0.151800469	0.100294796
7.607725000	0.221568078	0.118897251
7.607726000	0.187834844	0.101750963
7.607727000	0.090607762	0.118582973
7.607728000	0.146926761	0.113848389
7.607729000	0.248131707	0.108330278
7.607730000	0.199505284	0.104995234
7.607731000	0.148995370	0.100248499
7.607732000	0.166267172	0.112614788
7.607733000	0.202504948	0.114342630
7.607734000	0.114724226	0.103808646
7.607735000	0.108441189	0.101389697
7.607736000	0.122568436	0.116332735
7.607737000	0.056295484	0.098268014
7.607738000	0.078463934	0.086088621
7.607739000	0.137836859	0.113786279
7.607740000	0.122351490	0.101728193
7.607741000	0.124381602	0.097166980
7.607742000	0.145568162	0.096317257
7.607743000	0.065182738	0.086387744
7.607744000	0.075251542	0.100366277
7.607745000	0.113028243	0.089725268
7.607746000	0.032581750	0.083679393
7.607747000	0.127310872	0.081708579
7.607748000	0.170072764	0.096053296
7.607749000	0.178493172	0.086358058
7.607750000	0.029872147	0.089449139
7.607751000	0.157086983	0.087558778
7.607752000	0.146094367	0.099241541
7.607753000	-0.011695327	0.087528110
7.607754000	0.057836685	0.080684760
7.607755000	0.071576662	0.077139867
7.607756000	-0.006569196	0.077790136
7.607757000	0.082155891	0.083840472
7.607758000	0.032784253	0.065976932
7.607759000	0.127541587	0.086631756
7.607760000	0.047759220	0.076615083
7.607761000	0.102919139	0.067508937
7.607762000	0.027318282	0.079547523
7.607763000	-0.096107118	0.066572415
7.607764000	0.029887747	0.076288022
7.607765000	-0.036383916	0.067520688
7.607766000	0.001136138	0.068508225
7.607767000	0.013105699	0.074323716
7.607768000	0.011701484	0.075626418
7.607769000	-0.011658208	0.066787332
7.607770000	-0.007713072	0.075569892
7.607771000	-0.071833499	0.071725053
7.607772000	0.102616161	0.061571619
7.607773000	0.003215817	0.067274736
7.607774000	0.009788061	0.066050598
7.607775000	-0.078441814	0.058234228
7.607776000	0.049112145	0.058767734
7.607777000	0.023241596	0.058700723
7.607778000	-0.069948398	0.063939231
7.607779000	-0.048215475	0.067403871
7.607780000	-0.045284994	0.059379816
7.607781000	-0.071898632	0.062865744
7.607782000	-0.087219030	0.051737701
7.607783000	-0.081980467	0.049059971
7.607784000	-0.127718031	0.053628915
7.607785000	-0.119867466	0.051222837
7.607786000	-0.106584504	0.052230223
7.607787000	-0.147866607	0.037759243
7.607788000	-0.138523176	0.043981053
7.607789000	-0.155412331	0.043554077
7.607790000	-0.164862201	0.055171626
7.607791000	-0.239642203	0.037874745
7.607792000	-0.179178461	0.044833493
7.607793000	-0.179759383	0.041297065
7.607794000	-0.023918252	0.040767179
7.607795000	-0.229239732	0.031767492
7.607796000	-0.268616229	0.030080284
7.607797000	-0.217481762	0.026939177
7.607798000	-0.250231594	0.042284253
7.607799000	-0.084452830	0.034461230
7.607800000	-0.237533361	0.032854070
7.607801000	-0.203724548	0.028895156
7.607802000	-0.171340019	0.028327131
7.607803000	-0.235089675	0.025694251
7.607804000	-0.282847494	0.012111184
7.607805000	-0.247931883	0.029447080
7.607806000	-0.147792771	0.026876905
7.607807000	-0.170110643	0.019596118
7.607808000	-0.223112553	0.020085087
7.607809000	-0.336858511	0.022519180
7.607810000	-0.267942756	0.008686913
7.607811000	-0.404101044	0.018732852
7.607812000	-0.215582624	0.014773071
7.607813000	-0.332289547	0.014517942
7.607814000	-0.294146150	0.007358552
7.607815000	-0.385441720	0.021112954
7.607816000	-0.327228516	0.011879771
7.607817000	-0.174604714	0.014509055
7.607818000	-0.347742796	0.010153395
7.607819000	-0.355089337	0.016679645
7.607820000	-0.277585238	0.004689362
7.607821000	-0.378183842	0.005172735
7.607822000	-0.335017651	-0.000587193
7.607823000	-0.324125946	0.003113550
7.607824000	-0.309704602	0.022367954
7.607825000	-0.358657956	-0.006887058
7.607826000	-0.529554188	-0.017025828
7.607827000	-0.409683466	-0.015584847
7.607828000	-0.329977036	0.001015136
7.607829000	-0.406019121	-0.007326880
7.607830000	-0.389770180	-0.007816923
7.607831000	-0.605243027	-0.010692929
7.607832000	-0.371879011	0.002267443
7.607833000	-0.539941370	-0.014888595
7.607834000	-0.535531819	-0.013343891
7.607835000	-0.446963102	-0.019419995
7.607836000	-0.506599367	-0.014806455
7.607837000	-0.442407548	-0.032004468
7.607838000	-0.537218034	-0.025914809
7.607839000	-0.624603987	-0.029885653
7.607840000	-0.447817057	-0.016073074
7.607841000	-0.524516761	-0.027148200
7.607842000	-0.533970296	-0.030702384
7.607843000	-0.550444067	-0.048374515
7.607844000	-0.767130435	-0.039483344
7.607845000	-0.624287963	-0.058140339
7.607846000	-0.758575797	-0.042255940
7.607847000	-0.632751405	-0.041306885
7.607848000	-0.671719193	-0.046741810
7.607849000	-0.671488583	-0.060707506
7.607850000	-0.759951591	-0.058621489
7.607851000	-0.810422182	-0.051054417
7.607852000	-0.680267453	-0.062152833
7.607853000	-0.832600176	-0.064695644
7.607854000	-0.790453851	-0.042356350
7.607855000	-0.837813556	-0.067242088
7.607856000	-0.774809957	-0.072633757
7.607857000	-0.855472028	-0.061759792
7.607858000	-0.893136680	-0.070510902
7.607859000	-0.834641099	-0.080920474
7.607860000	-0.994682550	-0.083652636
7.607861000	-0.890482545	-0.083606822
7.607862000	-0.810086250	-0.095536893
7.607863000	-0.984013975	-0.106670745
7.607864000	-0.887798667	-0.083272803
7.607865000	-0.999876380	-0.094381048
7.607866000	-0.921018481	-0.099099894
7.607867000	-1.011449099	-0.081447372
7.607868000	-1.126227975	-0.089319219
7.607869000	-1.101849318	-0.084308265
7.607870000	-1.099707842	-0.094866916
7.607871000	-1.122464180	-0.103185325
7.607872000	-1.250828981	-0.107813574
7.607873000	-1.174386263	-0.116441517
7.607874000	-1.263675451	-0.108809630
7.607875000	-1.258343339	-0.111880812
7.607876000	-1.125809669	-0.125699314
7.607877000	-1.149766088	-0.126830417
7.607878000	-1.265793204	-0.129015324
7.607879000	-1.129414797	-0.114340832
7.607880000	-1.406912565	-0.133356943
7.607881000	-1.297852397	-0.130232547
7.607882000	-1.466535330	-0.139088723
7.607883000	-1.378496051	-0.143413438
7.607884000	-1.475533485	-0.136815657
7.607885000	-1.424607992	-0.152361743
7.607886000	-1.464173913	-0.151588261
7.607887000	-1.532507181	-0.161604427
7.607888000	-1.492358446	-0.164114090
7.607889000	-1.666394711	-0.169654230
7.607890000	-1.592179775	-0.167406523
7.607891000	-1.735372663	-0.155744474
7.607892000	-1.743673086	-0.180520344
7.607893000	-1.765775323	-0.181911895
7.607894000	-1.718889713	-0.193482498
7.607895000	-1.730815411	-0.193418249
7.607896000	-1.906935811	-0.190440486
7.607897000	-1.932355762	-0.189996970
7.607898000	-2.044652224	-0.190348756
7.607899000	-1.986562490	-0.196277186
7.607900000	-2.121031523	-0.200235110
7.607901000	-2.096839666	-0.219904019
7.607902000	-2.176749945	-0.231313700
7.607903000	-2.126002073	-0.205464593
7.607904000	-2.238429785	-0.210446019
7.607905000	-2.315371752	-0.230402483
7.607906000	-2.389023304	-0.241064931
7.607907000	-2.416066408	-0.230034817
7.607908000	-2.470922947	-0.231951960
7.607909000	-2.492119789	-0.237429899
7.607910000	-2.423347950	-0.245176669
7.607911000	-2.552925110	-0.266906032
7.607912000	-2.724309921	-0.270195369
7.607913000	-2.799596548	-0.266173214
7.607914000	-2.734772205	-0.267127374
7.607915000	-2.843136311	-0.280839891
7.607916000	-2.921552420	-0.275818418
7.607917000	-3.179962397	-0.283830255
7.607918000	-3.073661566	-0.306736203
7.607919000	-3.113691092	-0.287045289
7.607920000	-3.215407848	-0.294025202
7.607921000	-3.428205967	-0.306800951
7.607922000	-3.393553257	-0.310678314
7.607923000	-3.407589436	-0.319862059
7.607924000	-3.495307922	-0.325008151
7.607925000	-3.748063564	-0.317503031
7.607926000	-3.735791206	-0.339920655
7.607927000	-3.990611076	-0.338441868
7.607928000	-4.390259266	-0.352151722
7.607929000	-4.214825630	-0.354252956
7.607930000	-4.423045158	-0.360174794
7.607931000	-4.650939465	-0.368582693
7.607932000	-4.350921154	-0.355898789
7.607933000	-4.700919151	-0.377811479
7.607934000	-4.849448204	-0.382685463
7.607935000	-4.798939228	-0.394006727
7.607936000	-4.974549770	-0.396027434
7.607937000	-5.070496082	-0.402192585
7.607938000	-5.114079475	-0.409952937
7.607939000	-5.538652897	-0.420228477
7.607940000	-5.709814548	-0.405073160
7.607941000	-5.498857021	-0.415344972
7.607942000	-5.920105934	-0.429516185
7.607943000	-5.920745373	-0.424698327
7.607944000	-6.193921089	-0.438381449
7.607945000	-6.670673847	-0.446151987
7.607946000	-6.294953346	-0.447360663
7.607947000	-6.495762348	-0.457212095
7.607948000	-7.018287659	-0.449366023
7.607949000	-6.825504303	-0.437836666
7.607950000	-7.363710403	-0.445613529
7.607951000	-7.211618423	-0.465845897
7.607952000	-7.602891922	-0.454922709
7.607953000	-8.186733246	-0.453308434
7.607954000	-8.418721199	-0.473609045
7.607955000	-8.669981003	-0.472240047
7.607956000	-9.257642746	-0.473412703
7.607957000	-9.562962532	-0.457343456
7.607958000	-10.277929306	-0.460577332
7.607959000	-10.529860497	-0.455711504
7.607960000	-10.796563148	-0.404757509
7.607961000	-11.252489090	-0.437525442
7.607962000	-12.421699524	-0.414814171
7.607963000	-12.182951927	-0.384108024
7.607964000	-11.773729324	-0.433163717
7.607965000	-12.150720596	-0.364296302
7.607966000	-13.874878883	-0.358054885
7.607967000	-13.008850098	-0.368588918
7.607968000	-14.252921104	-0.230254994
7.607969000	-14.904555321	-0.286531000
7.607970000	-15.476188660	-0.208197528
7.607971000	-16.624069214	-0.067364006
7.607972000	-16.673252106	0.000674948
7.607973000	-17.262685776	0.037787385
7.607974000	-17.926797867	0.113402909
7.607975000	-17.794256210	0.227849210
7.607976000	-17.411918640	0.256271731
7.607977000	-17.897989273	0.449953816
7.607978000	-18.147727966	0.524682116
7.607979000	-18.181087494	0.745843297
7.607980000	-17.501621246	0.889842681
7.607981000	-16.637790680	0.862333758
7.607982000	-16.496212006	0.979012172
7.607983000	-15.800434113	1.053362170
7.607984000	-15.588788033	1.129213991
7.607985000	-14.679125786	1.141425916
7.607986000	-14.788269997	1.214582685
7.607987000	-13.087806702	1.290478515
7.607988000	-13.627552986	1.236073330
7.607989000	-13.011575699	1.234874508
7.607990000	-12.108939171	1.353343631
7.607991000	-12.339813232	1.284097182
7.607992000	-11.848591805	1.351241465
7.607993000	-10.887432098	1.358906708
7.607994000	-10.556449890	1.402519167
7.607995000	-9.894707680	1.361015000
7.607996000	-9.638350487	1.365534517
7.607997000	-8.614053726	1.406246794
7.607998000	-9.289235115	1.396658082
7.607999000	-8.815303802	1.394964045
7.608000000	-8.108352661	1.406489141
7.608001000	-8.270074844	1.378485603
7.608002000	-7.695443630	1.400678390
7.608003000	-7.296366692	1.371772839
7.608004000	-6.759465694	1.369416075
7.608005000	-6.401681900	1.363773768
7.608006000	-6.536663055	1.364819725
7.608007000	-6.123392105	1.343241063
7.608008000	-6.209117413	1.364499879
7.608009000	-5.925575733	1.342358225
7.608010000	-5.412923336	1.323080667
7.608011000	-5.715312004	1.364445018
7.608012000	-5.380984783	1.335469825
7.608013000	-5.055131435	1.322200759
7.608014000	-4.809936047	1.317138888
7.608015000	-4.441089153	1.297400071
7.608016000	-4.659018040	1.303023868
7.608017000	-4.253217220	1.284556977
7.608018000	-3.791951180	1.270621720
7.608019000	-3.714610815	1.249258241
7.608020000	-3.630294561	1.231865935
7.608021000	-3.532235861	1.241390864
7.608022000	-3.306356192	1.233562901
7.608023000	-3.379574060	1.229843397
7.608024000	-3.168511391	1.219827115
7.608025000	-3.123309374	1.213248308
7.608026000	-3.031339169	1.204275985
7.608027000	-2.631848097	1.190523288
7.608028000	-2.655779123	1.172056530
7.608029000	-2.558824778	1.196688240
7.608030000	-2.395698786	1.177416008
7.608031000	-2.366878271	1.168322112
7.608032000	-2.251468658	1.144749142
7.608033000	-2.193501472	1.142384921
7.608034000	-2.068966150	1.154828275
7.608035000	-2.020282269	1.134785457
7.608036000	-1.980305910	1.115884803
7.608037000	-1.747329831	1.106881388
7.608038000	-1.779274464	1.088464897
7.608039000	-1.733108878	1.103986532
7.608040000	-1.601393342	1.098151013
7.608041000	-1.519339323	1.080278539
7.608042000	-1.472253203	1.073846606
7.608043000	-1.347325802	1.072589860
7.608044000	-1.358737826	1.062768588
7.608045000	-1.314105511	1.061438006
7.608046000	-1.063013792	1.045271020
7.608047000	-1.257698536	1.027412794
7.608048000	-1.098841310	1.033963705
7.608049000	-1.103578329	1.007396009
7.608050000	-1.092259049	1.020709618
7.608051000	-1.056024551	1.002492198
7.608052000	-0.910421908	1.011751543
7.608053000	-0.882592857	0.987057515
7.608054000	-0.861043870	0.996744164
7.608055000	-0.751130342	0.972306998
7.608056000	-0.731311262	0.990086195
7.608057000	-0.747036397	0.974314622
7.608058000	-0.764591455	0.979757124
7.608059000	-0.656982481	0.967478221
7.608060000	-0.670626044	0.970203766
7.608061000	-0.530252576	0.961346958
7.608062000	-0.450842112	0.941005201
7.608063000	-0.440470964	0.935630543
7.608064000	-0.537819624	0.940636819
7.608065000	-0.444778025	0.945142089
7.608066000	-0.358406663	0.912449989
7.608067000	-0.394148827	0.920078614
7.608068000	-0.326008439	0.912452386
7.608069000	-0.388824552	0.912639939
7.608070000	-0.276839584	0.895574003
7.608071000	-0.174599603	0.896738271
7.608072000	-0.274171114	0.915300437
7.608073000	-0.158179656	0.880169481
7.608074000	-0.302388728	0.875794639
7.608075000	-0.075075887	0.885224027
7.608076000	-0.130809426	0.854358989
7.608077000	-0.106422007	0.877325757
7.608078000	-0.116113588	0.859075181
7.608079000	-0.103798777	0.865737345
7.608080000	-0.007966068	0.851729850
7.608081000	-0.029260134	0.854136082
7.608082000	-0.054676015	0.848873942
7.608083000	0.000886241	0.831814731
7.608084000	0.054852251	0.847710008
7.608085000	0.128291130	0.828397096
7.608086000	0.074751906	0.833022741
7.608087000	0.131539881	0.815592884
7.608088000	0.099121280	0.809098966
7.608089000	0.155363977	0.821691124
7.608090000	0.167638421	0.808591633
7.608091000	0.234255999	0.803031086
7.608092000	0.310840189	0.798579879
7.608093000	0.201857075	0.813697845
7.608094000	0.200165033	0.801208419
7.608095000	0.264900625	0.792500747
7.608096000	0.277559698	0.787964985
7.608097000	0.243280247	0.800288829
7.608098000	0.374143720	0.772055926
7.608099000	0.377881914	0.783006512
7.608100000	0.399745166	0.774048437
7.608101000	0.317043781	0.763396458
7.608102000	0.380629212	0.749414330
7.608103000	0.402389765	0.760853272
7.608104000	0.473774344	0.756059849
7.608105000	0.403963119	0.757678984
7.608106000	0.469476610	0.745870994
7.608107000	0.444974363	0.744824372
7.608108000	0.408051223	0.745465128
7.608109000	0.369575858	0.744448267
7.608110000	0.400735497	0.741431105
7.608111000	0.544198155	0.735134393
7.608112000	0.413982153	0.739170880
7.608113000	0.527863622	0.742372199
7.608114000	0.528694093	0.723338654
7.608115000	0.492306858	0.732466106
7.608116000	0.419783294	0.729452339
7.608117000	0.461632878	0.708026543
7.608118000	0.484011084	0.717704071
7.608119000	0.534244835	0.715005023
7.608120000	0.453122288	0.720743070
7.608121000	0.573886454	0.710725723
7.608122000	0.611224055	0.706742566
7.608123000	0.650578558	0.705035946
7.608124000	0.548731923	0.707196901
7.608125000	0.467526853	0.701945281
7.608126000	0.592421114	0.710330110
7.608127000	0.601906538	0.690384232
7.608128000	0.627170086	0.697075092
7.608129000	0.550312936	0.690472583
7.608130000	0.551242888	0.688459699
7.608131000	0.609366179	0.687784454
7.608132000	0.669751644	0.678588426
7.608133000	0.612876236	0.688552310
7.608134000	0.597444952	0.671810881
7.608135000	0.704604149	0.666388086
7.608136000	0.653958321	0.660899177
7.608137000	0.628252387	0.674424174
7.608138000	0.730944097	0.665702987
7.608139000	0.624851108	0.661153509
7.608140000	0.710420728	0.672388920
7.608141000	0.576748133	0.664563154
7.608142000	0.595855296	0.654229557
7.608143000	0.648107827	0.650577897
7.608144000	0.719025552	0.662251131
7.608145000	0.681459546	0.662771912
7.608146000	0.647333980	0.654897344
7.608147000	0.692563117	0.656570542
7.608148000	0.712090015	0.652321136
7.608149000	0.659244478	0.661009965
7.608150000	0.678436100	0.644295100
7.608151000	0.763298929	0.649454709
7.608152000	0.685970962	0.641650981
7.608153000	0.693228900	0.646550465
7.608154000	0.670831740	0.637321080
7.608155000	0.733070016	0.631865861
7.608156000	0.653083920	0.634686149
7.608157000	0.682761490	0.625879541
7.608158000	0.747045934	0.620516601
7.608159000	0.717945457	0.637343584
7.608160000	0.699882567	0.631794355
7.608161000	0.825487435	0.630682819
7.608162000	0.772927999	0.624763544
7.608163000	0.734299839	0.620197288
7.608164000	0.827303529	0.618151114
7.608165000	0.752831936	0.624418797
7.608166000	0.778436601	0.612263131
7.608167000	0.768902898	0.615441548
7.608168000	0.736511171	0.606173747
7.608169000	0.777819812	0.609571741
7.608170000	0.814809382	0.612823793
7.608171000	0.833955169	0.604907214
7.608172000	0.696351826	0.604021047
7.608173000	0.742851734	0.611747477
7.608174000	0.796374798	0.606977489
7.608175000	0.783100963	0.608944034
7.608176000	0.812804580	0.600338695
7.608177000	0.786314249	0.599410383
7.608178000	0.819541872	0.593084776
7.608179000	0.835064232	0.601809625
7.608180000	0.819048405	0.596541293
7.608181000	0.773414016	0.582892326
7.608182000	0.751563609	0.591698468
7.608183000	0.866196930	0.580821718
7.608184000	0.835859418	0.575763244
7.608185000	0.787716568	0.584842959
7.608186000	0.772425354	0.583977764
7.608187000	0.753927112	0.597906496
7.608188000	0.832037330	0.586422679
7.608189000	0.783235431	0.574816623
7.608190000	0.795393169	0.581499959
7.608191000	0.800713718	0.578822417
7.608192000	0.838538766	0.571889476
7.608193000	0.815019190	0.579751394
7.608194000	0.875405431	0.577914479
7.608195000	0.817683101	0.581458414
7.608196000	0.823507428	0.571403250
7.608197000	0.799208939	0.568772379
7.608198000	0.902418733	0.571432211
7.608199000	0.739217997	0.573681850
7.608200000	0.817968726	0.564547407
7.608201000	0.822082758	0.567633012
7.608202000	0.840370536	0.558382323
7.608203000	0.773547649	0.554065039
7.608204000	0.720693231	0.570587923
7.608205000	0.817648590	0.565672127
7.608206000	0.847296655	0.566119205
7.608207000	0.871521890	0.555698988
7.608208000	0.862394989	0.564098199
7.608209000	0.822353661	0.555364661
7.608210000	0.953723967	0.553032931
7.608211000	0.929030478	0.553119184
7.608212000	0.923107922	0.565091824
7.608213000	0.830242574	0.553129071
7.608214000	0.813773930	0.559623822
7.608215000	0.892370701	0.550902801
7.608216000	0.837095320	0.551913138
7.608217000	0.806153476	0.548912887
7.608218000	0.834745228	0.549241255
7.608219000	0.750023603	0.561970866
7.608220000	0.894616663	0.544003683
7.608221000	0.865401030	0.542916547
7.608222000	0.832005560	0.541753844
7.608223000	0.777349412	0.536918043
7.608224000	0.859494805	0.547566060
7.608225000	0.882069468	0.536863149
7.608226000	0.881867647	0.542120062
7.608227000	0.845215917	0.543591459
7.608228000	0.868066728	0.547848755
7.608229000	0.856250644	0.539151869
7.608230000	0.873534322	0.531148438
7.608231000	0.903447866	0.534517603
7.608232000	0.891737580	0.540215902
7.608233000	0.791681826	0.534110838
7.608234000	0.992988706	0.544262342
7.608235000	0.775786936	0.528741972
7.608236000	0.749867678	0.524330612
7.608237000	0.806441128	0.532338738
7.608238000	0.812111855	0.527603804
7.608239000	0.735057175	0.523063547
7.608240000	0.869174778	0.526162201
7.608241000	0.913716614	0.528374256
7.608242000	0.796310782	0.528415802
7.608243000	0.853347301	0.526302716
7.608244000	0.897746444	0.533279799
7.608245000	0.886659145	0.530990978
7.608246000	0.826397777	0.519968221
7.608247000	0.959621847	0.522606482
7.608248000	0.799674749	0.508979519
7.608249000	0.869780600	0.529568917
7.608250000	0.857118070	0.533438157
7.608251000	0.871794105	0.513086746
7.608252000	0.889504433	0.513297669
7.608253000	0.896697223	0.524257009
7.608254000	0.912048399	0.510910944
7.608255000	0.949836433	0.507525633
7.608256000	0.916041076	0.514633710
7.608257000	0.923330128	0.511175096
7.608258000	0.911569595	0.524896101
7.608259000	0.840439796	0.518780585
7.608260000	0.755401194	0.513345073
7.608261000	0.920266390	0.509442643
7.608262000	0.888054788	0.520809248
7.608263000	0.894503415	0.507552564
7.608264000	0.852609217	0.516152211
7.608265000	0.831915677	0.510745994
7.608266000	0.901273906	0.501404357
7.608267000	0.840770185	0.504449549
7.608268000	0.943322837	0.505520239
7.608269000	0.826586068	0.505816183
7.608270000	0.862029731	0.500568857
7.608271000	0.975062728	0.501017533
7.608272000	0.960969031	0.494680941
7.608273000	0.860123396	0.518717701
7.608274000	0.917564034	0.501667511
7.608275000	0.876875281	0.510283969
7.608276000	0.740117550	0.511491313
7.608277000	0.999774516	0.504222115
7.608278000	0.904723406	0.506156102
7.608279000	0.887102723	0.508527647
7.608280000	0.839791834	0.494836469
7.608281000	0.877808213	0.501596871
7.608282000	0.984150410	0.503494739
7.608283000	0.854618967	0.497944079
7.608284000	0.961309135	0.502404574
7.608285000	0.977836967	0.489731755
7.608286000	0.908939302	0.500225442
7.608287000	0.957047641	0.494644788
7.608288000	0.924396455	0.497646837
7.608289000	0.888701439	0.501470504
7.608290000	0.863970935	0.500242254
7.608291000	0.817545116	0.494063320
7.608292000	0.852287292	0.486519684
7.608293000	0.929775476	0.492193349
7.608294000	0.874179661	0.491317568
7.608295000	0.934862316	0.490329502
7.608296000	0.836838603	0.485283511
7.608297000	0.936622739	0.483713078
7.608298000	0.955345571	0.494146111
7.608299000	0.841398716	0.482348741
7.608300000	0.895591915	0.501319602
7.608301000	0.908442855	0.482081060
7.608302000	0.918943048	0.493918677
7.608303000	0.879477680	0.479359242
7.608304000	0.821107090	0.484692056
7.608305000	0.843182981	0.487296461
7.608306000	0.946363032	0.480884235
7.608307000	0.841405213	0.480576340
7.608308000	0.837314188	0.495639579
7.608309000	0.913238466	0.485011369
7.608310000	0.848189116	0.480726243
7.608311000	0.890024483	0.482253399
7.608312000	0.850161731	0.476818087
7.608313000	0.909843981	0.471609843
7.608314000	0.785088897	0.483955792
7.608315000	0.902603567	0.480179429
7.608316000	0.906958401	0.474803439
7.608317000	0.964984417	0.463012959
7.608318000	0.930536687	0.483056742
7.608319000	0.920869589	0.480145541
7.608320000	0.851277888	0.495820441
7.608321000	0.998274028	0.478321741
7.608322000	1.029804230	0.478155793
7.608323000	0.849155307	0.470988894
7.608324000	0.876992285	0.473592034
7.608325000	0.991335332	0.469708513
7.608326000	0.926751912	0.476782834
7.608327000	0.987035990	0.473157539
7.608328000	0.924046338	0.474824478
7.608329000	0.909350812	0.479926695
7.608330000	0.959089518	0.465078674
7.608331000	0.965634584	0.467847695
7.608332000	0.858485818	0.471971234
7.608333000	0.948610663	0.473557313
7.608334000	0.942257464	0.459917834
7.608335000	0.928622603	0.474321307
7.608336000	0.823957980	0.464352529
7.608337000	1.039148331	0.468263515
7.608338000	0.882501602	0.466006153
7.608339000	0.981081486	0.465313431
7.608340000	0.915760756	0.479027646
7.608341000	0.903933346	0.466336584
7.608342000	0.847420812	0.458813987
7.608343000	0.880050898	0.459824723
7.608344000	0.925709665	0.473377350
7.608345000	0.926370382	0.465494260
7.608346000	0.923721552	0.464679133
7.608347000	0.895552933	0.469056537
7.608348000	0.901353896	0.466832032
7.608349000	0.929162741	0.465415830
7.608350000	0.949963927	0.459468592
7.608351000	0.936601639	0.450853232
7.608352000	0.888748109	0.463038426
7.608353000	0.870939434	0.457926921
7.608354000	0.881242752	0.470597010
7.608355000	0.961470008	0.464703434
7.608356000	0.850007534	0.454491610
7.608357000	0.839932442	0.459071348
7.608358000	0.909209728	0.462440746
7.608359000	0.849297166	0.460116106
7.608360000	0.848151147	0.471253712
7.608361000	0.956444204	0.457052838
7.608362000	0.929097056	0.460862390
7.608363000	0.864754558	0.454129320
7.608364000	0.924481988	0.458436250
7.608365000	0.905718327	0.457120582
7.608366000	1.012163162	0.452186743
7.608367000	0.851205587	0.458538016
7.608368000	0.873393238	0.451591594
7.608369000	0.930722952	0.450774569
7.608370000	0.859906793	0.462921813
7.608371000	0.872689426	0.451371849
7.608372000	0.813278079	0.456431523
7.608373000	0.875200450	0.457692563
7.608374000	0.926450610	0.442711183
7.608375000	0.957534075	0.452382552
7.608376000	0.791282475	0.454791248
7.608377000	0.863758326	0.454561850
7.608378000	1.042576909	0.453729779
7.608379000	0.944827199	0.455373282
7.608380000	0.828106046	0.444051286
7.608381000	0.928878844	0.454944580
7.608382000	0.875823379	0.439710966
7.608383000	0.845489860	0.455691996
7.608384000	0.762246132	0.444368668
7.608385000	0.814564109	0.436700395
7.608386000	0.799276531	0.437878677
7.608387000	0.898468733	0.440576593
7.608388000	0.827027142	0.449775418
7.608389000	0.848927081	0.447425677
7.608390000	0.914673209	0.443963102
7.608391000	0.909433246	0.446475495
7.608392000	0.841764569	0.434724097
7.608393000	0.938228905	0.444936054
7.608394000	0.861318409	0.444280484
7.608395000	0.945507348	0.438534514
7.608396000	0.933808565	0.441576943
7.608397000	0.890379190	0.447297979
7.608398000	1.013898492	0.452524066
7.608399000	0.843948126	0.446127453
7.608400000	1.009542823	0.449396283
7.608401000	0.893603742	0.443572183
7.608402000	0.891296268	0.445908108
7.608403000	0.916119158	0.448186576
7.608404000	0.939554453	0.430860882
7.608405000	0.980855048	0.449294717
7.608406000	0.960226059	0.435038816
7.608407000	0.827835560	0.439636996
7.608408000	0.896087170	0.453091919
7.608409000	0.857311249	0.445582570
7.608410000	0.988843322	0.443128867
7.608411000	0.934290469	0.437568219
7.608412000	0.806231499	0.437593986
7.608413000	0.875771284	0.445394784
7.608414000	1.002323508	0.431734365
7.608415000	0.848026395	0.447421749
7.608416000	0.857543588	0.438115433
7.608417000	0.888280749	0.447736368
7.608418000	0.934569538	0.431477503
7.608419000	0.888717473	0.438722933
7.608420000	0.820400596	0.446512246
7.608421000	0.976446807	0.441274840
7.608422000	0.852761745	0.439579638
7.608423000	0.867400527	0.437651710
7.608424000	0.846259892	0.449460299
7.608425000	0.912990153	0.428123285
7.608426000	0.945169926	0.445128201
7.608427000	0.879061162	0.441560032
7.608428000	0.787598014	0.439750047
7.608429000	0.838932097	0.428855055
7.608430000	0.815734625	0.437053098
7.608431000	0.947901487	0.447425378
7.608432000	0.940601051	0.433129828
7.608433000	0.978916764	0.436254482
7.608434000	0.934951365	0.436025384
7.608435000	0.942954659	0.430752624
7.608436000	0.871693850	0.424886546
7.608437000	1.024798751	0.438828194
7.608438000	0.856053591	0.434386008
7.608439000	0.790020943	0.423677870
7.608440000	0.875983655	0.429867722
7.608441000	0.836608589	0.438051650
7.608442000	0.956134558	0.431788494
7.608443000	0.852429926	0.437216416
7.608444000	0.873393774	0.428981489
7.608445000	0.822586954	0.426992441
7.608446000	0.956044018	0.432040096
7.608447000	0.886959314	0.424428848
7.608448000	0.982072830	0.427539687
7.608449000	0.910517275	0.419743782
7.608450000	0.839174926	0.425619015
7.608451000	0.962242723	0.425632697
7.608452000	0.905595362	0.419967421
7.608453000	0.904977441	0.438815112
7.608454000	0.892244041	0.425240447
7.608455000	0.876125455	0.420562271
7.608456000	0.895194471	0.429422575
7.608457000	0.834452510	0.431969256
7.608458000	0.891494989	0.429157258
7.608459000	0.823988736	0.417195437
7.608460000	0.827600121	0.426934350
7.608461000	0.775827467	0.429405198
7.608462000	1.075447202	0.413609623
7.608463000	0.858212292	0.426192593
7.608464000	0.952730954	0.416198516
7.608465000	0.842817366	0.429984469
7.608466000	0.955925941	0.419492979
7.608467000	0.824630976	0.425732965
7.608468000	0.839448512	0.419814822
7.608469000	0.912830174	0.425368678
7.608470000	0.989424706	0.429529201
7.608471000	0.836646020	0.428186436
7.608472000	0.917375803	0.429999549
7.608473000	0.834921718	0.418328811
7.608474000	0.882198632	0.422876658
7.608475000	0.987445354	0.421619047
7.608476000	0.925274611	0.432701359
7.608477000	0.888894737	0.433826911
7.608478000	0.963557780	0.414858513
7.608479000	0.884650946	0.422358740
7.608480000	0.794965684	0.420911711
7.608481000	0.835838914	0.424224551
7.608482000	0.966952324	0.419916189
7.608483000	0.891070724	0.418739471
7.608484000	0.915277958	0.415230690
7.608485000	0.870338023	0.426307043
7.608486000	0.834832132	0.410236464
7.608487000	0.863537788	0.396177403
7.608488000	0.781255007	0.417451100
7.608489000	0.829690456	0.412678815
7.608490000	0.816341877	0.424839741
7.608491000	0.929620385	0.412221284
7.608492000	0.911686182	0.420679051
7.608493000	0.889055252	0.412335234
7.608494000	0.863268793	0.421017972
7.608495000	0.790789545	0.422028774
7.608496000	0.906779468	0.416322785
7.608497000	0.937744498	0.412436967
7.608498000	0.879532099	0.416816768
7.608499000	0.906277239	0.401364009
7.608500000	0.922775030	0.413959130
7.608501000	0.933959067	0.414326646
7.608502000	0.921108425	0.421105357
7.608503000	0.892426491	0.420237665
7.608504000	0.842984855	0.416894633
7.608505000	0.850339174	0.416993669
7.608506000	0.962064564	0.410833511
7.608507000	0.900944710	0.410761539
7.608508000	0.872001708	0.415517745
7.608509000	0.847276986	0.413275230
7.608510000	0.847097695	0.412043085
7.608511000	0.934822202	0.420180341
7.608512000	0.982441306	0.410107766
7.608513000	0.895714521	0.416113428
7.608514000	0.979166150	0.418930486
7.608515000	0.872022927	0.414541364
7.608516000	0.990317822	0.405130118
7.608517000	0.891021848	0.413260982
7.608518000	0.828170896	0.403136576
7.608519000	0.912624598	0.410972961
7.608520000	0.864300847	0.405191904
7.608521000	0.914752364	0.409447202
7.608522000	0.746591032	0.416683044
7.608523000	0.909634233	0.415569144
7.608524000	0.857807875	0.413543444
7.608525000	0.926462829	0.397757490
7.608526000	0.976325095	0.411859028
7.608527000	0.889440536	0.403185345
7.608528000	0.911176324	0.406510402
7.608529000	0.856925011	0.403198461
7.608530000	0.860138237	0.392773650
7.608531000	0.948477685	0.409894647
7.608532000	0.943789959	0.404615762
7.608533000	0.972152770	0.413497737
7.608534000	0.857528448	0.404885674
7.608535000	0.939157069	0.409870612
7.608536000	0.901048183	0.416414564
7.608537000	0.978808463	0.400549515
7.608538000	0.891824484	0.411750138
7.608539000	0.885463417	0.403289009
7.608540000	0.897331059	0.405987989
7.608541000	0.873069882	0.408565263
7.608542000	0.944741130	0.415865121
7.608543000	0.876433194	0.407801469
7.608544000	0.856340587	0.400666727
7.608545000	0.914272010	0.404775152
7.608546000	0.929402292	0.407542010
7.608547000	0.950239897	0.411430825
7.608548000	0.922663271	0.405456755
7.608549000	0.895088553	0.419860995
7.608550000	0.961313903	0.406018216
7.608551000	0.974836707	0.409011576
7.608552000	0.947685063	0.398462861
7.608553000	0.902134776	0.408132932
7.608554000	0.947150528	0.393704958
7.608555000	0.943744123	0.389228617
7.608556000	0.861085713	0.400307899
7.608557000	0.819499731	0.408554278
7.608558000	0.910284042	0.404216454
7.608559000	0.942426622	0.395039568
7.608560000	0.883432508	0.409621140
7.608561000	0.888453305	0.403315474
7.608562000	0.940561354	0.409526598
7.608563000	0.841244936	0.406588232
7.608564000	0.876577079	0.410450349
7.608565000	0.934840560	0.411077190
7.608566000	0.997193694	0.399867346
7.608567000	0.917499185	0.399674067
7.608568000	0.864343166	0.402185961
7.608569000	0.832442343	0.392533034
7.608570000	0.738020301	0.409037009
7.608571000	0.924560308	0.392541656
7.608572000	0.837301850	0.410203440
7.608573000	0.871763468	0.392603408
7.608574000	0.855587184	0.397260311
7.608575000	0.901881337	0.398582803
7.608576000	0.823563099	0.392069743
7.608577000	0.881554604	0.401828964
7.608578000	0.892540574	0.405014837
7.608579000	0.945550859	0.400189389
7.608580000	0.866536260	0.385105111
7.608581000	0.882508159	0.404191887
7.608582000	0.931086242	0.405191671
7.608583000	0.861040115	0.393039101
7.608584000	0.942556620	0.388562427
7.608585000	0.892716289	0.404236628
7.608586000	0.893250048	0.397936354
7.608587000	0.905318320	0.397761584
7.608588000	0.895547032	0.391443135
7.608589000	0.774630129	0.397394135
7.608590000	0.938839853	0.395401957
7.608591000	0.858206689	0.397641642
7.608592000	0.869331479	0.383730288
7.608593000	0.909480095	0.397910821
7.608594000	0.883316159	0.405161244
7.608595000	0.896001995	0.391923203
7.608596000	0.880540133	0.408640631
7.608597000	0.866275191	0.408576082
7.608598000	0.936635375	0.400190354
7.608599000	0.900960207	0.401180717
7.608600000	0.826151192	0.395213971
7.608601000	0.801316202	0.406163125
7.608602000	0.942401528	0.392003764
7.608603000	0.867244184	0.393794706
7.608604000	0.890280604	0.393471931
7.608605000	0.934903800	0.396668257
7.608606000	0.931839824	0.397826066
7.608607000	0.941516519	0.395736550
7.608608000	0.846605480	0.393382649
7.608609000	0.860187769	0.393127185
7.608610000	0.872148693	0.388940529
7.608611000	0.876859665	0.397474795
7.608612000	0.809403360	0.395835919
7.608613000	0.932474375	0.399593107
7.608614000	0.900303662	0.388481167
7.608615000	0.873063982	0.389470232
7.608616000	0.810536981	0.400959875
7.608617000	0.959574282	0.388185290
7.608618000	0.936618328	0.397283048
7.608619000	0.910426855	0.386658633
7.608620000	0.820627034	0.381058405
7.608621000	0.885542512	0.396919460
7.608622000	0.930047870	0.395078183
7.608623000	0.820075452	0.395144430
7.608624000	0.892528772	0.399878398
7.608625000	0.870232940	0.398681274
7.608626000	0.913421094	0.392988567
7.608627000	0.873794675	0.393023887
7.608628000	0.962881804	0.403659221
7.608629000	0.919262350	0.398481437
7.608630000	0.953680754	0.387758751
7.608631000	0.880207062	0.385366600
7.608632000	0.950078487	0.386268480
7.608633000	0.893674791	0.390227835
7.608634000	0.892346621	0.396171810
7.608635000	0.880979180	0.390022239
7.608636000	0.876564085	0.381718902
7.608637000	0.935765624	0.396452674
7.608638000	0.956973970	0.383299788
7.608639000	0.809481144	0.388813696
7.608640000	0.966842771	0.396970259
7.608641000	0.896377385	0.375820599
7.608642000	0.837632298	0.385464039
7.608643000	0.921611607	0.391699964
7.608644000	0.807552278	0.391563077
7.608645000	0.881883144	0.384650576
7.608646000	0.979693592	0.404776184
7.608647000	0.837041259	0.389288871
7.608648000	0.960058451	0.378212351
7.608649000	0.917353809	0.402349945
7.608650000	0.918865860	0.395054315
7.608651000	0.859609187	0.383528986
7.608652000	0.840089321	0.390300606
7.608653000	0.913804948	0.391860153
7.608654000	0.772926092	0.373625855
7.608655000	0.849444151	0.383184173
7.608656000	0.841721535	0.381438005
7.608657000	0.857705951	0.386848683
7.608658000	0.956701875	0.397324194
7.608659000	0.819384813	0.385109272
7.608660000	0.961113214	0.383567735
7.608661000	0.903731048	0.395701596
7.608662000	0.859182775	0.379883551
7.608663000	0.822071970	0.383557681
7.608664000	0.894046903	0.385906356
7.608665000	0.966167629	0.379708715
7.608666000	0.866032660	0.394842860
7.608667000	0.894469857	0.382428102
7.608668000	0.924270749	0.385054578
7.608669000	0.921363235	0.386411824
7.608670000	0.842085540	0.386232760
7.608671000	0.808811247	0.381900762
7.608672000	0.858501196	0.397325126
7.608673000	0.793616056	0.386413922
7.608674000	0.918166578	0.392638195
7.608675000	0.831416488	0.395300857
7.608676000	0.838553369	0.387348392
7.608677000	0.891405404	0.374068372
7.608678000	0.845056593	0.374686991
7.608679000	0.897535324	0.396437427
7.608680000	0.931024671	0.389225354
7.608681000	0.869161248	0.394399044
7.608682000	0.847329021	0.380108222
7.608683000	0.868884683	0.384467950
7.608684000	0.905057311	0.384243379
7.608685000	0.921790838	0.378894187
7.608686000	0.823398948	0.383986717
7.608687000	0.865801156	0.381594898
7.608688000	0.919338167	0.381438538
7.608689000	0.922722459	0.383617869
7.608690000	0.843498468	0.380666287
7.608691000	0.885087490	0.383904092
7.608692000	0.919903457	0.388229332
7.608693000	0.845690250	0.386046938
7.608694000	0.888159275	0.384759266
7.608695000	0.797592103	0.382899614
7.608696000	0.937245250	0.392247376
7.608697000	0.929339051	0.378032188
7.608698000	0.888362169	0.386898151
7.608699000	0.875138938	0.389061570
7.608700000	0.942974150	0.372917055
7.608701000	0.802797079	0.392027499
7.608702000	0.841089845	0.379554351
7.608703000	0.827977180	0.385181211
7.608704000	0.860368252	0.380719151
7.608705000	0.997527182	0.382207891
7.608706000	0.895213246	0.371978989
7.608707000	0.898809493	0.370861127
7.608708000	0.898283064	0.386572713
7.608709000	0.831484854	0.380070405
7.608710000	0.796527028	0.378043107
7.608711000	0.866916716	0.384153431
7.608712000	0.869853377	0.397926201
7.608713000	0.890683115	0.377454449
7.608714000	0.764271319	0.375337169
7.608715000	0.812882006	0.380735996
7.608716000	0.908628106	0.385334309
7.608717000	0.827206731	0.382650076
7.608718000	0.940279782	0.389837315
7.608719000	0.959452093	0.381352651
7.608720000	0.963557661	0.372136482
7.608721000	0.850814402	0.385710348
7.608722000	0.860606492	0.381666338
7.608723000	0.836137831	0.385835749
7.608724000	0.861547172	0.380131059
7.608725000	0.920456111	0.384281728
7.608726000	0.982869148	0.380779638
7.608727000	0.961939096	0.378353765
7.608728000	0.936356843	0.392030329
7.608729000	0.886281788	0.381561942
7.608730000	0.874443054	0.390008856
7.608731000	0.940832615	0.383990345
7.608732000	0.830770314	0.377266429
7.608733000	0.908150911	0.383698662
7.608734000	0.888629377	0.382127863
7.608735000	0.903916419	0.381538273
7.608736000	0.840776265	0.376923015
7.608737000	0.902153015	0.369358738
7.608738000	0.938341737	0.379831852
7.608739000	0.860616267	0.382637260
7.608740000	0.875097692	0.377603719
7.608741000	0.917260408	0.379228979
7.608742000	0.869811714	0.372775308
7.608743000	0.855221152	0.377490102
7.608744000	0.874175608	0.372799742
7.608745000	0.866332352	0.381550290
7.608746000	0.859660983	0.373394792
7.608747000	0.874794722	0.367884313
7.608748000	0.877831697	0.381290566
7.608749000	0.865851283	0.366580695
7.608750000	0.832414925	0.385347625
7.608751000	0.943699241	0.387399391
7.608752000	0.870153606	0.381443431
7.608753000	0.866826415	0.368774274
7.608754000	0.932081699	0.366804767
7.608755000	0.836688519	0.373374785
7.608756000	0.827571869	0.371941505
7.608757000	0.818192124	0.383835349
7.608758000	0.781046450	0.378439951
7.608759000	0.913331568	0.378402434
7.608760000	0.876746535	0.378476770
7.608761000	0.921777785	0.361264393
7.608762000	0.906193495	0.382068442
7.608763000	0.820103288	0.371369125
7.608764000	0.866311848	0.381060502
7.608765000	0.917490125	0.371708712
7.608766000	0.815663218	0.378041243
7.608767000	0.922248483	0.383962315
7.608768000	0.891270399	0.382668452
7.608769000	0.846189380	0.377331943
7.608770000	0.848574698	0.379883118
7.608771000	0.867578685	0.381177648
7.608772000	0.920767665	0.376999248
7.608773000	0.936131239	0.362678032
7.608774000	0.833983362	0.384177632
7.608775000	0.814264894	0.376344776
7.608776000	0.915101826	0.368990157
7.608777000	0.763395965	0.375935681
7.608778000	0.858142018	0.375006238
7.608779000	0.791790962	0.372895616
7.608780000	0.947538137	0.383196057
7.608781000	0.814771295	0.381466501
7.608782000	0.779586494	0.373740937
7.608783000	0.768718123	0.374894085
7.608784000	0.861244261	0.376769217
7.608785000	0.885006249	0.374457360
7.608786000	0.752958119	0.372817153
7.608787000	0.835731924	0.377545096
7.608788000	0.827164650	0.366578365
7.608789000	0.869668722	0.378962297
7.608790000	0.840797961	0.373538237
7.608791000	0.896941841	0.384392649
7.608792000	0.822892010	0.376392713
7.608793000	0.813970506	0.373204210
7.608794000	0.919673502	0.371175980
7.608795000	0.907776535	0.371893801
7.608796000	0.920792878	0.378750775
7.608797000	0.939485013	0.377467132
7.608798000	0.837727726	0.371523655
7.608799000	0.918348491	0.359368855
7.608800000	0.864965439	0.361392758
7.608801000	0.843267202	0.371630748
7.608802000	0.877537191	0.367942636
7.608803000	0.852701545	0.375563105
7.608804000	0.907959700	0.371263864
7.608805000	0.976587415	0.383498260
7.608806000	0.907025039	0.364374932
7.608807000	0.880587697	0.363544092
7.608808000	0.847634494	0.368380759
7.608809000	0.766768992	0.374059417
7.608810000	0.962162554	0.371392029
7.608811000	0.794821084	0.363317224
7.608812000	0.904918492	0.372804836
7.608813000	0.876677036	0.389266999
7.608814000	0.893159807	0.363046248
7.608815000	0.958055794	0.362103555
7.608816000	0.892557204	0.369788140
7.608817000	0.851714134	0.367661406
7.608818000	0.870906711	0.373311336
7.608819000	0.916686952	0.369560639
7.608820000	0.956144691	0.377857318
7.608821000	0.886624217	0.372678302
7.608822000	0.857627392	0.373605082
7.608823000	0.883793175	0.388614924
7.608824000	0.881942153	0.367935046
7.608825000	0.911876321	0.358970846
7.608826000	0.917973340	0.366135381
7.608827000	0.778546751	0.373053542
7.608828000	0.882623613	0.362950940
7.608829000	0.889935434	0.384643519
7.608830000	0.873070538	0.371090459
7.608831000	0.880855441	0.362541479
7.608832000	0.927198708	0.371332607
7.608833000	0.868681312	0.376895851
7.608834000	0.882789433	0.362922644
7.608835000	0.891866565	0.376490717
7.608836000	0.873950779	0.370758862
7.608837000	0.871528149	0.368311950
7.608838000	0.838626325	0.367401615
7.608839000	0.722245634	0.386509929
7.608840000	0.833583415	0.370151928
7.608841000	0.859375298	0.375993572
7.608842000	0.748361170	0.361848524
7.608843000	0.901160955	0.365571424
7.608844000	0.849497139	0.364090040
7.608845000	0.729958415	0.366503763
7.608846000	0.802755177	0.374090743
7.608847000	0.853227437	0.364259351
7.608848000	0.789214194	0.367597191
7.608849000	0.849430919	0.381879424
7.608850000	0.918630898	0.377207207
7.608851000	0.803409994	0.359032464
7.608852000	0.875400662	0.375815539
7.608853000	0.950785100	0.373738906
7.608854000	0.895308673	0.363359935
7.608855000	0.859119236	0.363641930
7.608856000	0.801020443	0.381857886
7.608857000	0.881097496	0.367826189
7.608858000	0.860749543	0.374081089
7.608859000	0.768909752	0.364565015
7.608860000	0.895078838	0.373821697
7.608861000	0.786261857	0.360943416
7.608862000	0.881801307	0.358887988
7.608863000	0.832346439	0.362917650
7.608864000	0.954342067	0.366047996
7.608865000	0.829544961	0.366521473
7.608866000	0.873817265	0.371382907
7.608867000	0.832736611	0.355486399
7.608868000	0.897779644	0.366019068
7.608869000	0.886379957	0.370897380
7.608870000	0.725132525	0.368088910
7.608871000	0.914250314	0.364495507
7.608872000	0.831917107	0.360894880
7.608873000	0.872756243	0.353223544
7.608874000	0.853816211	0.361986476
7.608875000	0.894314349	0.368812291
7.608876000	0.718301952	0.363744129
7.608877000	0.941486061	0.358938555
7.608878000	0.933236599	0.357837438
7.608879000	0.861046791	0.370369042
7.608880000	0.934046388	0.355544323
7.608881000	0.852352858	0.355039487
7.608882000	0.820138872	0.360272000
7.608883000	0.932431698	0.359420554
7.608884000	0.982014239	0.366075660
7.608885000	0.859679103	0.365160365
7.608886000	0.804012299	0.360414945
7.608887000	0.943206787	0.362304291
7.608888000	0.979469657	0.358655794
7.608889000	0.930180192	0.365080071
7.608890000	0.867248714	0.370142973
7.608891000	0.836074889	0.369732879
7.608892000	0.886475027	0.368171834
7.608893000	0.870116591	0.360071663
7.608894000	0.753338158	0.361192854
7.608895000	0.826733053	0.370487553
7.608896000	0.863771975	0.365111196
7.608897000	0.788276434	0.366454828
7.608898000	0.772894025	0.362698772
7.608899000	0.822991192	0.356154786
7.608900000	0.818724334	0.366084681
7.608901000	0.829536498	0.355458602
7.608902000	0.914139032	0.360720176
7.608903000	0.908804774	0.366374733
7.608904000	0.909986079	0.370129158
7.608905000	0.757648706	0.368037777
7.608906000	0.788208485	0.349527543
7.608907000	0.674582720	0.360854000
7.608908000	0.879637003	0.363381473
7.608909000	0.888896286	0.373713306
7.608910000	0.806726694	0.371236800
7.608911000	0.897139370	0.357854981
7.608912000	0.963693678	0.361447452
7.608913000	0.929697394	0.362955900
7.608914000	0.822656810	0.369390097
7.608915000	0.717620313	0.355585868
7.608916000	0.830734253	0.359120116
7.608917000	0.800542951	0.353430006
7.608918000	0.916514993	0.357434501
7.608919000	0.788288832	0.355806977
7.608920000	0.862754226	0.358647704
7.608921000	0.787681401	0.356275161
7.608922000	0.858161807	0.369855118
7.608923000	0.782951951	0.359404641
7.608924000	0.931639135	0.361527314
7.608925000	0.879433870	0.362344405
7.608926000	0.799976170	0.364136280
7.608927000	0.994186461	0.363562501
7.608928000	0.776915908	0.362981133
7.608929000	0.745351911	0.371673325
7.608930000	0.748856008	0.365703583
7.608931000	0.834848940	0.356815982
7.608932000	0.816333890	0.362525400
7.608933000	0.771381557	0.351769858
7.608934000	0.840843618	0.361741532
7.608935000	0.878471375	0.360592078
7.608936000	0.798530281	0.364209050
7.608937000	0.866515458	0.372685093
7.608938000	0.834663868	0.364259284
7.608939000	0.851707578	0.360980201
7.608940000	0.849050701	0.359336731
7.608941000	0.870741308	0.353530007
7.608942000	0.824190378	0.368987694
7.608943000	0.839083612	0.370314281
7.608944000	0.950202405	0.356748471
7.608945000	0.978346646	0.358165506
7.608946000	0.831962466	0.360153988
7.608947000	0.788922608	0.360436084
7.608948000	0.802730620	0.362088841
7.608949000	0.973653615	0.375984683
7.608950000	0.854597151	0.359971329
7.608951000	0.871509790	0.367916903
7.608952000	0.893137276	0.360543575
7.608953000	0.820419908	0.361572521
7.608954000	0.909094691	0.352677796
7.608955000	0.933696866	0.364363547
7.608956000	0.947574794	0.360028453
7.608957000	0.698706686	0.354734622
7.608958000	0.878639400	0.364883962
7.608959000	0.895738244	0.366695611
7.608960000	0.835408688	0.340226253
7.608961000	0.969193101	0.350762917
7.608962000	0.817588329	0.352488745
7.608963000	0.902847230	0.356278689
7.608964000	0.819004953	0.363646757
7.608965000	0.759771585	0.352009476
7.608966000	0.879245579	0.356460483
7.608967000	0.860884249	0.367218955
7.608968000	0.951480091	0.357017916
7.608969000	0.869256973	0.359447352
7.608970000	0.883723676	0.358363146
7.608971000	0.878950298	0.364306356
7.608972000	0.906804562	0.351098308
7.608973000	0.829457343	0.364695210
7.608974000	0.788400948	0.362653531
7.608975000	0.892488480	0.361754947
7.608976000	0.987799942	0.367820896
7.608977000	0.765881360	0.361234832
7.608978000	0.867690265	0.359578779
7.608979000	0.787272930	0.348271596
7.608980000	0.675501406	0.363477280
7.608981000	0.857973397	0.365928787
7.608982000	0.768238187	0.351358266
7.608983000	0.934709489	0.362666914
7.608984000	0.887592793	0.363975358
7.608985000	0.869103849	0.368146701
7.608986000	0.724307477	0.346152086
7.608987000	0.844513834	0.350622535
7.608988000	0.807853997	0.350899104
7.608989000	0.858575463	0.361079636
7.608990000	0.860089600	0.359494856
7.608991000	0.873889327	0.362091971
7.608992000	0.915621281	0.355995928
7.608993000	0.763764501	0.363998494
7.608994000	0.906904459	0.352860322
7.608995000	0.826880395	0.351376209
7.608996000	0.856802583	0.357887405
7.608997000	0.754153371	0.358348032
7.608998000	0.814492702	0.357712369
7.608999000	0.860383570	0.357159896
7.609000000	0.905080616	0.348725099
7.609001000	0.880853713	0.352906695
7.609002000	0.870074749	0.349553841
7.609003000	0.816126406	0.359954318
7.609004000	0.879347503	0.339680804
7.609005000	0.812838972	0.353597652
7.609006000	0.843981028	0.355941833
7.609007000	0.790188134	0.362529961
7.609008000	0.910730243	0.349630540
7.609009000	0.842250645	0.349174174
7.609010000	0.811950266	0.364991587
7.609011000	0.761475563	0.354712684
7.609012000	0.846484601	0.372454131
7.609013000	0.808300972	0.350010407
7.609014000	0.829103112	0.355156566
7.609015000	0.771654844	0.347426775
7.609016000	0.779641926	0.351261127
7.609017000	0.894492745	0.363305040
7.609018000	0.849164307	0.356350928
7.609019000	0.896388769	0.360162144
7.609020000	0.884215653	0.359854449
7.609021000	0.942751527	0.341932107
7.609022000	0.883290887	0.359752483
7.609023000	0.828830540	0.355116519
7.609024000	0.838556647	0.359410434
7.609025000	0.860533178	0.350560050
7.609026000	0.906251788	0.360597371
7.609027000	0.764362633	0.353503642
7.609028000	0.720745087	0.359268853
7.609029000	0.860042572	0.360648604
7.609030000	0.846765816	0.356303357
7.609031000	0.859049261	0.355781044
7.609032000	0.743972242	0.346436045
7.609033000	0.924634457	0.361053038
7.609034000	0.856802404	0.352730194
7.609035000	0.942449510	0.358528495
7.609036000	0.800146163	0.350314640
7.609037000	0.770622849	0.350322763
7.609038000	0.851647079	0.358146631
7.609039000	0.857586622	0.334329115
7.609040000	0.931843042	0.345871855
7.609041000	0.792234004	0.359157433
7.609042000	0.902553737	0.352696172
7.609043000	0.820013225	0.351119214
7.609044000	0.885920882	0.350147926
7.609045000	0.858532131	0.352498299
7.609046000	0.771903813	0.363697723
7.609047000	0.826411366	0.354684321
7.609048000	0.829204500	0.349150705
7.609049000	0.818544626	0.346228918
7.609050000	0.846016347	0.357787403
7.609051000	0.842219830	0.343569652
7.609052000	0.885104120	0.360324430
7.609053000	0.838824630	0.352161043
7.609054000	0.817740202	0.353208797
7.609055000	0.791220129	0.352791879
7.609056000	0.747521520	0.341076966
7.609057000	0.902439356	0.351364325
7.609058000	0.839777589	0.369853254
7.609059000	0.821268141	0.348840847
7.609060000	0.836587369	0.346166633
7.609061000	0.791452408	0.345522914
7.609062000	0.770334244	0.348639545
7.609063000	0.922803044	0.358501164
7.609064000	0.896131396	0.356101123
7.609065000	0.790429711	0.354431088
7.609066000	0.890400767	0.352807026
7.609067000	0.871807635	0.361444623
7.609068000	0.736890018	0.357841898
7.609069000	0.898376286	0.347751447
7.609070000	0.943127930	0.350879829
7.609071000	0.699867725	0.348324793
7.609072000	0.891191185	0.348095161
7.609073000	0.873643517	0.359794162
7.609074000	0.802958488	0.345613262
7.609075000	0.997512102	0.352605391
7.609076000	0.843574166	0.360440711
7.609077000	0.867435753	0.357359567
7.609078000	0.912701249	0.360029219
7.609079000	0.823717833	0.359791765
7.609080000	0.830097854	0.344571200
7.609081000	0.741915166	0.347454305
7.609082000	0.838829994	0.346639644
7.609083000	0.817674875	0.349390223
7.609084000	0.831454873	0.348940116
7.609085000	0.847661555	0.360066071
7.609086000	0.887264788	0.352543606
7.609087000	0.792087018	0.350541841
7.609088000	0.898546994	0.348336377
7.609089000	0.792321980	0.348643107
7.609090000	0.820753217	0.355629377
7.609091000	0.863759398	0.347801615
7.609092000	0.846098423	0.364679731
7.609093000	0.887299418	0.349697086
7.609094000	0.909431815	0.344848735
7.609095000	0.884539008	0.346739446
7.609096000	0.798405349	0.343534432
7.609097000	0.896213114	0.351060958
7.609098000	0.901445150	0.345143014
7.609099000	0.735954404	0.340039365
7.609100000	0.786149621	0.354914285
7.609101000	0.921250522	0.350350692
7.609102000	0.860713065	0.348497365
