D:\KID metingen\Entropy ADR\LT343chip5_BF_20240530_mapping\S21\Power\KID40_116dBm_.dat
Power at KID:116dBm
resonance Frequency in GHz :5.850292
Q=26959.870967, Qc=28481.381370, Qi=504665.867037  S21min=-25.445722


Temperature in K:0.099971
GHz	dB	Rad
5.849375000	0.535751164	0.057532015
5.849376000	0.580421925	0.053820563
5.849377000	0.579468608	0.055871472
5.849378000	0.524932325	0.060857234
5.849379000	0.496201277	0.059894052
5.849380000	0.540145040	0.059305202
5.849381000	0.533527911	0.064523063
5.849382000	0.586881995	0.048674183
5.849383000	0.567633510	0.056909318
5.849384000	0.577505529	0.048798174
5.849385000	0.505680323	0.061369114
5.849386000	0.585179329	0.053365704
5.849387000	0.470745534	0.056821247
5.849388000	0.575060070	0.047354545
5.849389000	0.548731267	0.055216825
5.849390000	0.505365491	0.056274987
5.849391000	0.561298132	0.057630107
5.849392000	0.608480573	0.045495201
5.849393000	0.506019950	0.058092981
5.849394000	0.536476314	0.059068251
5.849395000	0.532977879	0.052616219
5.849396000	0.611595809	0.049326188
5.849397000	0.560481608	0.054285389
5.849398000	0.558101773	0.053874696
5.849399000	0.488976926	0.056722968
5.849400000	0.577732027	0.051927663
5.849401000	0.480126321	0.050657785
5.849402000	0.510517359	0.050632156
5.849403000	0.568294525	0.053171463
5.849404000	0.520227134	0.060631602
5.849405000	0.528379440	0.050557587
5.849406000	0.510105431	0.047557366
5.849407000	0.516427338	0.056866125
5.849408000	0.491243869	0.050143329
5.849409000	0.517440259	0.053786133
5.849410000	0.519096792	0.051276861
5.849411000	0.571909964	0.054736745
5.849412000	0.513114691	0.057267776
5.849413000	0.527191937	0.058898596
5.849414000	0.606752276	0.040539133
5.849415000	0.565664232	0.047067544
5.849416000	0.507814229	0.048021738
5.849417000	0.456849307	0.062439102
5.849418000	0.490763515	0.051650798
5.849419000	0.491039068	0.048500304
5.849420000	0.521226108	0.049512892
5.849421000	0.508083403	0.045276194
5.849422000	0.551925123	0.053929362
5.849423000	0.477326393	0.054183756
5.849424000	0.532684684	0.056006215
5.849425000	0.541825950	0.050709912
5.849426000	0.568504751	0.060034850
5.849427000	0.522075415	0.048022895
5.849428000	0.531204402	0.048542960
5.849429000	0.540652573	0.055379998
5.849430000	0.526165545	0.045888180
5.849431000	0.524832666	0.046985548
5.849432000	0.527061224	0.047694585
5.849433000	0.548622191	0.053051151
5.849434000	0.547976255	0.054800494
5.849435000	0.421223760	0.056539580
5.849436000	0.487173080	0.053748803
5.849437000	0.417659968	0.054389044
5.849438000	0.516473234	0.044674444
5.849439000	0.564377904	0.054455511
5.849440000	0.544812739	0.056181838
5.849441000	0.525665820	0.053283782
5.849442000	0.484762311	0.052950288
5.849443000	0.460940599	0.055310298
5.849444000	0.474668771	0.042329343
5.849445000	0.514610410	0.037418395
5.849446000	0.533927739	0.041848959
5.849447000	0.581006169	0.054164348
5.849448000	0.478463799	0.045032826
5.849449000	0.503821075	0.042832032
5.849450000	0.391534984	0.044313145
5.849451000	0.478264183	0.048142250
5.849452000	0.498776913	0.047751306
5.849453000	0.437360913	0.046226601
5.849454000	0.456145525	0.052558445
5.849455000	0.509235740	0.045041602
5.849456000	0.420806140	0.046759608
5.849457000	0.490199775	0.041105305
5.849458000	0.490274489	0.046726351
5.849459000	0.527952492	0.045381214
5.849460000	0.483852744	0.049680509
5.849461000	0.469907492	0.045997648
5.849462000	0.533869565	0.044680103
5.849463000	0.529655874	0.047793297
5.849464000	0.389954805	0.042350977
5.849465000	0.388373435	0.041384654
5.849466000	0.514793277	0.048105091
5.849467000	0.479851931	0.035516391
5.849468000	0.461805791	0.045282103
5.849469000	0.514796197	0.046624323
5.849470000	0.500127852	0.034475294
5.849471000	0.495834589	0.043361223
5.849472000	0.515236855	0.038447799
5.849473000	0.462019235	0.039278996
5.849474000	0.562825501	0.036827598
5.849475000	0.447323114	0.045635030
5.849476000	0.453056574	0.061666602
5.849477000	0.524414957	0.044390514
5.849478000	0.476768136	0.042732055
5.849479000	0.468773961	0.033309856
5.849480000	0.527038574	0.037209737
5.849481000	0.582002759	0.036849240
5.849482000	0.431662768	0.050604197
5.849483000	0.445594072	0.043686619
5.849484000	0.536704659	0.033322085
5.849485000	0.526640296	0.036455771
5.849486000	0.495291531	0.046291803
5.849487000	0.541925311	0.039292379
5.849488000	0.425611883	0.042382112
5.849489000	0.520067394	0.037924300
5.849490000	0.464982748	0.042199402
5.849491000	0.465105385	0.038756089
5.849492000	0.453749269	0.041905967
5.849493000	0.461141258	0.047604787
5.849494000	0.475324541	0.047307744
5.849495000	0.508047044	0.036067461
5.849496000	0.546209097	0.040236174
5.849497000	0.460231423	0.043967516
5.849498000	0.461297214	0.044811572
5.849499000	0.504823506	0.034742434
5.849500000	0.383851171	0.040218364
5.849501000	0.372905016	0.043318978
5.849502000	0.459802359	0.036326441
5.849503000	0.537652969	0.045081100
5.849504000	0.467885226	0.038424379
5.849505000	0.499799997	0.026761848
5.849506000	0.458445787	0.044893219
5.849507000	0.465805620	0.028901286
5.849508000	0.484697998	0.042416529
5.849509000	0.452949613	0.031267871
5.849510000	0.475977778	0.038309231
5.849511000	0.428270847	0.034577042
5.849512000	0.389372736	0.037482677
5.849513000	0.499497414	0.034450650
5.849514000	0.505088866	0.043225451
5.849515000	0.463359743	0.035296647
5.849516000	0.502787888	0.038180251
5.849517000	0.453917474	0.040162937
5.849518000	0.446881443	0.034557357
5.849519000	0.474742979	0.032931886
5.849520000	0.550225556	0.043294868
5.849521000	0.483374238	0.037881007
5.849522000	0.519501567	0.035590672
5.849523000	0.491356820	0.038314175
5.849524000	0.405957937	0.031495047
5.849525000	0.490983218	0.029788191
5.849526000	0.492936343	0.041963675
5.849527000	0.469526172	0.038053393
5.849528000	0.454925090	0.036105449
5.849529000	0.438887775	0.040958211
5.849530000	0.433036655	0.038326213
5.849531000	0.409249544	0.030381142
5.849532000	0.483063221	0.034117293
5.849533000	0.492020637	0.037445451
5.849534000	0.445941985	0.028355005
5.849535000	0.512708485	0.031425351
5.849536000	0.416522086	0.035128243
5.849537000	0.412673682	0.029305152
5.849538000	0.436954945	0.052763904
5.849539000	0.484158784	0.043508229
5.849540000	0.418846637	0.035202982
5.849541000	0.473791033	0.031607946
5.849542000	0.467424750	0.044643643
5.849543000	0.385376543	0.032527991
5.849544000	0.461528569	0.033056799
5.849545000	0.455774337	0.031046934
5.849546000	0.481629997	0.034428795
5.849547000	0.352386534	0.023585321
5.849548000	0.553471804	0.030125541
5.849549000	0.391192496	0.031699598
5.849550000	0.494437695	0.030034413
5.849551000	0.402948052	0.033887304
5.849552000	0.463402539	0.027632335
5.849553000	0.513444722	0.037302269
5.849554000	0.453537375	0.030015007
5.849555000	0.534673750	0.029518324
5.849556000	0.410490662	0.030723579
5.849557000	0.432166040	0.023130534
5.849558000	0.428733140	0.029357489
5.849559000	0.378027946	0.028277921
5.849560000	0.486010432	0.030803382
5.849561000	0.457567215	0.030077746
5.849562000	0.465533286	0.032433707
5.849563000	0.460760891	0.025792850
5.849564000	0.480217606	0.023108170
5.849565000	0.531129003	0.026224977
5.849566000	0.435856014	0.044971370
5.849567000	0.432135820	0.041070459
5.849568000	0.462542146	0.035327614
5.849569000	0.448873848	0.035090031
5.849570000	0.433300585	0.031889257
5.849571000	0.483033687	0.037103531
5.849572000	0.463626117	0.022674682
5.849573000	0.505009592	0.024579487
5.849574000	0.429583341	0.034668561
5.849575000	0.424533099	0.023696470
5.849576000	0.330119461	0.027701047
5.849577000	0.432149678	0.032995309
5.849578000	0.384530306	0.033036545
5.849579000	0.368477702	0.022384050
5.849580000	0.423856199	0.029921339
5.849581000	0.335160911	0.030117714
5.849582000	0.420620978	0.032094963
5.849583000	0.392074525	0.034774259
5.849584000	0.381807387	0.037180920
5.849585000	0.361063957	0.032990884
5.849586000	0.359415352	0.023259081
5.849587000	0.365128815	0.034785913
5.849588000	0.408390641	0.035073266
5.849589000	0.436504304	0.026418442
5.849590000	0.507107913	0.026146562
5.849591000	0.458340019	0.030371061
5.849592000	0.368381411	0.026233936
5.849593000	0.367196143	0.028662334
5.849594000	0.389092922	0.031371332
5.849595000	0.417515159	0.031824095
5.849596000	0.417042315	0.030343862
5.849597000	0.465565324	0.022958155
5.849598000	0.425917834	0.029140812
5.849599000	0.398053676	0.024524489
5.849600000	0.334461093	0.029602552
5.849601000	0.403114885	0.026268589
5.849602000	0.404492289	0.024071689
5.849603000	0.396019906	0.026171847
5.849604000	0.456240475	0.025475893
5.849605000	0.420756727	0.035854783
5.849606000	0.440820396	0.019682025
5.849607000	0.416946262	0.020422016
5.849608000	0.425876200	0.022222223
5.849609000	0.429242373	0.025778353
5.849610000	0.488552392	0.028674957
5.849611000	0.388520300	0.029935404
5.849612000	0.391570985	0.019654200
5.849613000	0.430483937	0.025912279
5.849614000	0.362639755	0.024062944
5.849615000	0.389377445	0.035884469
5.849616000	0.422953546	0.026189897
5.849617000	0.405560017	0.035431190
5.849618000	0.436244041	0.015625052
5.849619000	0.450582504	0.024245344
5.849620000	0.425145000	0.019164068
5.849621000	0.452707261	0.016988768
5.849622000	0.483815283	0.022002500
5.849623000	0.392679542	0.032423570
5.849624000	0.364888817	0.021119585
5.849625000	0.363504261	0.024007261
5.849626000	0.479900688	0.017558019
5.849627000	0.428967267	0.022712582
5.849628000	0.391820580	0.020400407
5.849629000	0.361285508	0.016843748
5.849630000	0.415771276	0.017332163
5.849631000	0.420462936	0.022659333
5.849632000	0.358944803	0.020191988
5.849633000	0.363187760	0.016625701
5.849634000	0.386880159	0.012341931
5.849635000	0.353570580	0.022873793
5.849636000	0.402983248	0.016618580
5.849637000	0.382797480	0.015406571
5.849638000	0.379733324	0.019647121
5.849639000	0.322101921	0.019313483
5.849640000	0.419019312	0.020301265
5.849641000	0.497660995	0.026448281
5.849642000	0.386795789	0.017466119
5.849643000	0.362958550	0.021577301
5.849644000	0.363879025	0.013558252
5.849645000	0.363739401	0.015897835
5.849646000	0.439175397	0.020177165
5.849647000	0.422569573	0.008940382
5.849648000	0.390008867	0.017805687
5.849649000	0.485366434	0.020239071
5.849650000	0.276191294	0.021826259
5.849651000	0.380506575	0.024746844
5.849652000	0.358405977	0.015498181
5.849653000	0.466742784	0.017595418
5.849654000	0.419971287	0.014226262
5.849655000	0.365450561	0.024788185
5.849656000	0.361158460	0.009992282
5.849657000	0.373743773	0.003773617
5.849658000	0.400238365	0.015990254
5.849659000	0.385610104	0.013040401
5.849660000	0.311515808	0.009061782
5.849661000	0.404215336	0.009763402
5.849662000	0.428572744	0.017925323
5.849663000	0.422579229	0.014507633
5.849664000	0.387272179	0.005292497
5.849665000	0.363725960	0.011273303
5.849666000	0.258844823	0.018962806
5.849667000	0.362316340	0.021194915
5.849668000	0.321458071	0.002887924
5.849669000	0.397109300	0.015611665
5.849670000	0.388110012	0.011508645
5.849671000	0.280069888	0.016081942
5.849672000	0.396936715	0.013579443
5.849673000	0.388799459	0.014326185
5.849674000	0.318853915	0.011464035
5.849675000	0.278631151	0.010813087
5.849676000	0.357755005	0.014227648
5.849677000	0.368308812	0.007961027
5.849678000	0.380546600	0.015270838
5.849679000	0.305918843	0.007116514
5.849680000	0.295774907	0.010462149
5.849681000	0.247418210	0.008677064
5.849682000	0.302558720	0.007740691
5.849683000	0.341245592	0.012519147
5.849684000	0.307541162	0.006903952
5.849685000	0.303695440	0.004822627
5.849686000	0.349182963	0.005439638
5.849687000	0.272307217	0.003502485
5.849688000	0.343733132	0.010095436
5.849689000	0.399999976	0.006978387
5.849690000	0.326423049	0.007779552
5.849691000	0.345190108	0.004945599
5.849692000	0.317586392	0.011812345
5.849693000	0.263851315	0.005803304
5.849694000	0.390226752	0.005335523
5.849695000	0.405041188	0.006652596
5.849696000	0.362906069	-0.003616618
5.849697000	0.267417580	-0.005664765
5.849698000	0.398619592	0.014599936
5.849699000	0.284791887	0.007369734
5.849700000	0.295455486	0.011007927
5.849701000	0.310268730	0.010923885
5.849702000	0.296660542	0.004800468
5.849703000	0.382626742	0.002662153
5.849704000	0.278184652	0.001281987
5.849705000	0.334099501	0.002858018
5.849706000	0.304490387	0.002498360
5.849707000	0.342407912	0.000546325
5.849708000	0.292595267	0.008431534
5.849709000	0.284658015	0.002873955
5.849710000	0.221164003	0.000489705
5.849711000	0.306860656	-0.000536392
5.849712000	0.244271323	0.011057834
5.849713000	0.226173922	0.008999872
5.849714000	0.373882294	-0.000076954
5.849715000	0.356509089	0.003764266
5.849716000	0.297971487	0.003660506
5.849717000	0.324966431	0.013028315
5.849718000	0.326914132	0.000078403
5.849719000	0.345025867	0.001239843
5.849720000	0.415649980	-0.000933370
5.849721000	0.270679981	-0.001902325
5.849722000	0.332437456	0.006202592
5.849723000	0.238702565	0.010548455
5.849724000	0.278601706	0.010406512
5.849725000	0.283850938	0.002560555
5.849726000	0.268276006	0.005884620
5.849727000	0.300594956	-0.001837356
5.849728000	0.338481039	0.000228005
5.849729000	0.210651740	0.000086802
5.849730000	0.355845362	0.004464521
5.849731000	0.312528998	-0.002768079
5.849732000	0.279027194	-0.002219663
5.849733000	0.245746225	0.000391830
5.849734000	0.275449157	0.002079254
5.849735000	0.289809644	-0.001213684
5.849736000	0.343052298	-0.007934095
5.849737000	0.248821720	-0.004608740
5.849738000	0.301717371	-0.015182064
5.849739000	0.259250075	-0.015721142
5.849740000	0.292974353	0.003396718
5.849741000	0.278236777	0.009539294
5.849742000	0.284163892	-0.002482959
5.849743000	0.357344866	-0.000951318
5.849744000	0.295134217	-0.008979014
5.849745000	0.269538462	0.003378083
5.849746000	0.361029744	-0.006626447
5.849747000	0.213753313	-0.009043024
5.849748000	0.261638820	-0.011435115
5.849749000	0.197616056	-0.020207817
5.849750000	0.325913846	-0.001790133
5.849751000	0.283626229	-0.009693702
5.849752000	0.292335033	-0.001478406
5.849753000	0.304931730	-0.008590325
5.849754000	0.276121050	-0.014477724
5.849755000	0.198388591	-0.009968483
5.849756000	0.242682949	-0.004883773
5.849757000	0.308718354	0.000692400
5.849758000	0.273440391	-0.005593347
5.849759000	0.312525779	-0.002304859
5.849760000	0.194402725	-0.009424072
5.849761000	0.261040062	-0.016546140
5.849762000	0.251770973	-0.004721979
5.849763000	0.246265247	-0.007929676
5.849764000	0.253809124	-0.010725426
5.849765000	0.244457364	-0.016449500
5.849766000	0.236448228	-0.011691566
5.849767000	0.178824872	-0.009803953
5.849768000	0.219528183	-0.009394060
5.849769000	0.241206303	-0.007697048
5.849770000	0.171845466	-0.007244876
5.849771000	0.233167887	-0.003581646
5.849772000	0.300288945	-0.017094427
5.849773000	0.208268642	-0.010043118
5.849774000	0.201888874	-0.004254367
5.849775000	0.219147563	-0.009344689
5.849776000	0.127031758	-0.025063808
5.849777000	0.292917490	-0.015552239
5.849778000	0.171335161	-0.015234849
5.849779000	0.208029136	-0.019192605
5.849780000	0.159736678	-0.019894533
5.849781000	0.146708950	-0.015250313
5.849782000	0.180518165	-0.015740888
5.849783000	0.271791428	-0.005290303
5.849784000	0.247871310	-0.018044425
5.849785000	0.200888291	-0.026387674
5.849786000	0.150359571	-0.014340141
5.849787000	0.273982555	-0.011462945
5.849788000	0.156023800	-0.018700083
5.849789000	0.247153848	-0.011394015
5.849790000	0.268888116	-0.013771881
5.849791000	0.211256057	-0.024493003
5.849792000	0.194181472	-0.023295042
5.849793000	0.304765224	-0.011139461
5.849794000	0.235725567	-0.021167807
5.849795000	0.190037489	-0.021506220
5.849796000	0.244822949	-0.020298106
5.849797000	0.230259001	-0.012481797
5.849798000	0.236327305	-0.027048733
5.849799000	0.223258227	-0.019432161
5.849800000	0.174686030	-0.019300804
5.849801000	0.174658239	-0.026827243
5.849802000	0.268917114	-0.016391898
5.849803000	0.148766920	-0.021398714
5.849804000	0.213071242	-0.036303176
5.849805000	0.207384482	-0.033515302
5.849806000	0.183311850	-0.028589829
5.849807000	0.201909885	-0.019242252
5.849808000	0.178554237	-0.027423856
5.849809000	0.220577136	-0.031148082
5.849810000	0.200376049	-0.034334661
5.849811000	0.157408148	-0.021305114
5.849812000	0.248533919	-0.029742031
5.849813000	0.090483293	-0.021972931
5.849814000	0.198947236	-0.021660717
5.849815000	0.309217483	-0.015241187
5.849816000	0.111205667	-0.031708397
5.849817000	0.209010035	-0.031150508
5.849818000	0.203365535	-0.016880660
5.849819000	0.069168881	-0.029752324
5.849820000	0.134296671	-0.026299694
5.849821000	0.202183127	-0.019029462
5.849822000	0.139936253	-0.026505506
5.849823000	0.049125530	-0.025550734
5.849824000	0.159339145	-0.034263675
5.849825000	0.203736156	-0.020751137
5.849826000	0.090086855	-0.025442926
5.849827000	0.137303770	-0.028488417
5.849828000	0.195185781	-0.021317874
5.849829000	0.256470859	-0.026541455
5.849830000	0.162809208	-0.030352103
5.849831000	0.125866473	-0.031583474
5.849832000	0.166977927	-0.032040406
5.849833000	0.189611256	-0.024765062
5.849834000	0.132976890	-0.029617622
5.849835000	0.096987784	-0.038631973
5.849836000	0.133707255	-0.023324033
5.849837000	0.190515190	-0.035666589
5.849838000	0.194901809	-0.036655703
5.849839000	0.160363764	-0.032841545
5.849840000	0.146618485	-0.035772832
5.849841000	0.121884100	-0.033384561
5.849842000	0.078165740	-0.041804318
5.849843000	0.077803358	-0.025978710
5.849844000	0.163100600	-0.030870500
5.849845000	0.050532956	-0.028819275
5.849846000	0.146624282	-0.044616133
5.849847000	0.103755094	-0.034954959
5.849848000	0.181655437	-0.038066634
5.849849000	0.176537201	-0.036533672
5.849850000	0.135296345	-0.035984104
5.849851000	0.048600156	-0.036654763
5.849852000	0.135403365	-0.044539006
5.849853000	0.089239277	-0.042771832
5.849854000	0.133385062	-0.035363941
5.849855000	0.114708371	-0.037955934
5.849856000	0.121648706	-0.031416271
5.849857000	0.153205663	-0.036775084
5.849858000	0.149874881	-0.044263264
5.849859000	0.119107760	-0.039308541
5.849860000	0.099961132	-0.047538183
5.849861000	0.156314522	-0.040803785
5.849862000	0.030939458	-0.040369232
5.849863000	0.131994024	-0.044952674
5.849864000	0.160402983	-0.052135173
5.849865000	0.154756844	-0.055386315
5.849866000	0.121762507	-0.038549448
5.849867000	0.190847039	-0.048441527
5.849868000	0.171441704	-0.045620607
5.849869000	0.056465283	-0.034386567
5.849870000	0.069713518	-0.042129785
5.849871000	0.131134868	-0.040142035
5.849872000	0.111050837	-0.042625250
5.849873000	0.111342773	-0.044712756
5.849874000	0.181167051	-0.046733725
5.849875000	0.088459246	-0.047724866
5.849876000	0.030519634	-0.046237320
5.849877000	0.100791097	-0.037528338
5.849878000	0.087468520	-0.045333589
5.849879000	0.077129707	-0.043539084
5.849880000	0.006278949	-0.042807135
5.849881000	-0.053024914	-0.046138879
5.849882000	0.079231143	-0.053632789
5.849883000	0.005923623	-0.048142350
5.849884000	0.000217707	-0.056395869
5.849885000	0.069360852	-0.053434900
5.849886000	0.070763297	-0.053645835
5.849887000	0.029259324	-0.047236547
5.849888000	0.042331535	-0.059580664
5.849889000	0.081915878	-0.058988032
5.849890000	0.066326044	-0.044842053
5.849891000	0.052854866	-0.047124515
5.849892000	-0.079356998	-0.053884404
5.849893000	0.037038520	-0.046135887
5.849894000	0.023179462	-0.070768246
5.849895000	0.098103605	-0.053582373
5.849896000	0.044102821	-0.060705696
5.849897000	-0.022590727	-0.057466131
5.849898000	0.014186317	-0.055206730
5.849899000	0.007828446	-0.061083336
5.849900000	-0.051012188	-0.062911176
5.849901000	0.005660252	-0.051857868
5.849902000	-0.009166777	-0.062349341
5.849903000	0.044544891	-0.058934844
5.849904000	0.023834744	-0.058284674
5.849905000	-0.073437057	-0.070646956
5.849906000	-0.035718851	-0.069517597
5.849907000	0.014720422	-0.061677596
5.849908000	0.038290463	-0.053235812
5.849909000	-0.032336771	-0.071203748
5.849910000	-0.026858030	-0.056887018
5.849911000	0.017993394	-0.054414086
5.849912000	0.001379589	-0.060862656
5.849913000	-0.029589351	-0.054392951
5.849914000	0.007199658	-0.057937802
5.849915000	-0.018239465	-0.064807051
5.849916000	0.040351208	-0.065210895
5.849917000	-0.014636846	-0.080164137
5.849918000	-0.005309422	-0.066779026
5.849919000	-0.090507552	-0.070539963
5.849920000	-0.035927899	-0.059155170
5.849921000	0.023501344	-0.065617605
5.849922000	-0.057584077	-0.071063017
5.849923000	-0.066942833	-0.064215996
5.849924000	-0.056743260	-0.063542017
5.849925000	-0.009767033	-0.080580280
5.849926000	0.013055877	-0.062022134
5.849927000	-0.073674954	-0.082278287
5.849928000	-0.151304811	-0.075069451
5.849929000	-0.092679128	-0.071509279
5.849930000	-0.104398906	-0.071226926
5.849931000	-0.031875622	-0.078771595
5.849932000	-0.088613994	-0.065261969
5.849933000	-0.101332024	-0.076021440
5.849934000	-0.105523326	-0.070122771
5.849935000	-0.070422247	-0.075064125
5.849936000	-0.119293161	-0.076539990
5.849937000	-0.096564300	-0.086621520
5.849938000	-0.111401714	-0.071263062
5.849939000	-0.073634624	-0.075248823
5.849940000	-0.168332145	-0.075830067
5.849941000	-0.034991048	-0.080321604
5.849942000	-0.134467244	-0.078764071
5.849943000	-0.165196091	-0.072259675
5.849944000	-0.180529431	-0.080281058
5.849945000	-0.046664625	-0.078988609
5.849946000	-0.143589497	-0.067452507
5.849947000	-0.037339743	-0.085589470
5.849948000	-0.177684054	-0.080422397
5.849949000	-0.130880490	-0.076269763
5.849950000	-0.107205771	-0.080207596
5.849951000	-0.111483872	-0.088301742
5.849952000	-0.144224763	-0.073597264
5.849953000	-0.132574528	-0.080305034
5.849954000	-0.153221443	-0.095226759
5.849955000	-0.189340189	-0.092379382
5.849956000	-0.133277714	-0.088466866
5.849957000	-0.145962968	-0.083254535
5.849958000	-0.217137009	-0.084723527
5.849959000	-0.191938668	-0.080490840
5.849960000	-0.112629168	-0.086761910
5.849961000	-0.189032555	-0.101598847
5.849962000	-0.334786594	-0.095851870
5.849963000	-0.214363679	-0.087944270
5.849964000	-0.158319339	-0.098140674
5.849965000	-0.192023247	-0.099852820
5.849966000	-0.118020497	-0.095201151
5.849967000	-0.200579479	-0.096334501
5.849968000	-0.214108959	-0.093271483
5.849969000	-0.214646950	-0.095736064
5.849970000	-0.235943392	-0.091670965
5.849971000	-0.259443402	-0.093452237
5.849972000	-0.306176782	-0.100029371
5.849973000	-0.223693445	-0.101381974
5.849974000	-0.273853153	-0.098269229
5.849975000	-0.178424880	-0.095196857
5.849976000	-0.188419074	-0.110637116
5.849977000	-0.211591989	-0.099873068
5.849978000	-0.248970255	-0.104715278
5.849979000	-0.198452726	-0.112489719
5.849980000	-0.197562590	-0.095587901
5.849981000	-0.337847441	-0.102921364
5.849982000	-0.282205701	-0.108746430
5.849983000	-0.267915040	-0.104013385
5.849984000	-0.309669167	-0.105488393
5.849985000	-0.230316132	-0.107082345
5.849986000	-0.307183385	-0.109277855
5.849987000	-0.275654793	-0.108999613
5.849988000	-0.309629202	-0.103202319
5.849989000	-0.248762131	-0.110239098
5.849990000	-0.258658051	-0.102582210
5.849991000	-0.211971685	-0.107964834
5.849992000	-0.263919890	-0.109075214
5.849993000	-0.377373934	-0.114404474
5.849994000	-0.262087643	-0.118623786
5.849995000	-0.257573962	-0.109877857
5.849996000	-0.335593522	-0.120016112
5.849997000	-0.339587063	-0.115009044
5.849998000	-0.348015636	-0.120334335
5.849999000	-0.200413719	-0.115726267
5.850000000	-0.266646504	-0.111764857
5.850001000	-0.360918313	-0.125146109
5.850002000	-0.294532627	-0.115497085
5.850003000	-0.338065326	-0.118275436
5.850004000	-0.382954627	-0.113309357
5.850005000	-0.357640147	-0.112578602
5.850006000	-0.370951146	-0.118238935
5.850007000	-0.321170688	-0.119792698
5.850008000	-0.321962446	-0.113658597
5.850009000	-0.401172280	-0.120101283
5.850010000	-0.427162826	-0.127923162
5.850011000	-0.418703973	-0.126943277
5.850012000	-0.474282622	-0.115332535
5.850013000	-0.356318146	-0.127951891
5.850014000	-0.396753013	-0.125968502
5.850015000	-0.306871116	-0.130121085
5.850016000	-0.285424918	-0.138205652
5.850017000	-0.376157045	-0.139720966
5.850018000	-0.390986651	-0.139651274
5.850019000	-0.377988994	-0.126932150
5.850020000	-0.563629210	-0.131853239
5.850021000	-0.390951335	-0.122742149
5.850022000	-0.419890016	-0.122899908
5.850023000	-0.359323800	-0.130784903
5.850024000	-0.476942718	-0.126036970
5.850025000	-0.457676023	-0.133098949
5.850026000	-0.414473236	-0.135818494
5.850027000	-0.522519588	-0.139812196
5.850028000	-0.381116480	-0.148869690
5.850029000	-0.488246918	-0.133799718
5.850030000	-0.479798347	-0.141674644
5.850031000	-0.567379355	-0.142819304
5.850032000	-0.448240042	-0.139050065
5.850033000	-0.460170507	-0.152704791
5.850034000	-0.484877318	-0.146065614
5.850035000	-0.448940814	-0.146733784
5.850036000	-0.515096188	-0.144893590
5.850037000	-0.442125469	-0.147126817
5.850038000	-0.524203598	-0.152547964
5.850039000	-0.466795921	-0.141155943
5.850040000	-0.541474223	-0.150781956
5.850041000	-0.607335269	-0.143443915
5.850042000	-0.734959126	-0.146675428
5.850043000	-0.567575455	-0.139920869
5.850044000	-0.686315656	-0.150807772
5.850045000	-0.603964269	-0.157120795
5.850046000	-0.637648761	-0.162520671
5.850047000	-0.598475158	-0.146653990
5.850048000	-0.527403176	-0.153135957
5.850049000	-0.639782190	-0.162438895
5.850050000	-0.616062045	-0.161344535
5.850051000	-0.607800543	-0.159406553
5.850052000	-0.561596572	-0.152649497
5.850053000	-0.625316024	-0.158039952
5.850054000	-0.617990136	-0.144724546
5.850055000	-0.674876153	-0.166144584
5.850056000	-0.707543194	-0.162130251
5.850057000	-0.617518306	-0.174333388
5.850058000	-0.613875389	-0.169237496
5.850059000	-0.622446001	-0.159163007
5.850060000	-0.708742678	-0.165937956
5.850061000	-0.740342021	-0.176001392
5.850062000	-0.724221826	-0.161326842
5.850063000	-0.641781867	-0.167295219
5.850064000	-0.753679872	-0.177052525
5.850065000	-0.672327936	-0.182082737
5.850066000	-0.812958479	-0.180823345
5.850067000	-0.706481516	-0.174616099
5.850068000	-0.723064959	-0.186963479
5.850069000	-0.808736682	-0.200350508
5.850070000	-0.782945573	-0.179060066
5.850071000	-0.765185714	-0.174806498
5.850072000	-0.753646135	-0.181219307
5.850073000	-0.714272320	-0.182398838
5.850074000	-0.762897849	-0.188097337
5.850075000	-0.767902195	-0.182312601
5.850076000	-0.864227057	-0.183542649
5.850077000	-0.802766502	-0.187382361
5.850078000	-0.912622631	-0.192723997
5.850079000	-0.763952076	-0.186893039
5.850080000	-0.848878801	-0.190102997
5.850081000	-0.819433033	-0.194410710
5.850082000	-0.923459709	-0.203615377
5.850083000	-0.869494259	-0.191107042
5.850084000	-0.934389830	-0.188590787
5.850085000	-0.886535585	-0.210586434
5.850086000	-0.950697005	-0.195476740
5.850087000	-0.874309421	-0.191093060
5.850088000	-0.906496286	-0.193336723
5.850089000	-0.932397723	-0.198852396
5.850090000	-0.865997136	-0.210471052
5.850091000	-0.838661611	-0.201250606
5.850092000	-0.946720600	-0.213981382
5.850093000	-0.937642276	-0.203080181
5.850094000	-1.090924740	-0.205083611
5.850095000	-1.078296661	-0.219423318
5.850096000	-1.028782725	-0.211136926
5.850097000	-1.158471704	-0.206817994
5.850098000	-1.054705739	-0.214266922
5.850099000	-1.085214496	-0.218353560
5.850100000	-1.039478540	-0.225793716
5.850101000	-1.041628838	-0.218874724
5.850102000	-1.060617208	-0.237343946
5.850103000	-1.094222307	-0.227607512
5.850104000	-1.179731846	-0.219234966
5.850105000	-1.143451214	-0.223447588
5.850106000	-1.076804757	-0.222940056
5.850107000	-1.138561964	-0.230045370
5.850108000	-1.135123134	-0.222030953
5.850109000	-1.123265266	-0.236476804
5.850110000	-1.241660476	-0.232426019
5.850111000	-1.288223147	-0.236133506
5.850112000	-1.167531729	-0.246696601
5.850113000	-1.209860921	-0.226302447
5.850114000	-1.113435626	-0.220751037
5.850115000	-1.262894630	-0.238278782
5.850116000	-1.268188596	-0.243060721
5.850117000	-1.246952415	-0.237488589
5.850118000	-1.155539393	-0.252676846
5.850119000	-1.346174717	-0.253264939
5.850120000	-1.380470991	-0.256540860
5.850121000	-1.400164127	-0.237970138
5.850122000	-1.305239797	-0.245916228
5.850123000	-1.367084026	-0.245098571
5.850124000	-1.259922266	-0.256210694
5.850125000	-1.340809464	-0.271172999
5.850126000	-1.372991323	-0.259411930
5.850127000	-1.436372757	-0.249256315
5.850128000	-1.348889947	-0.255722321
5.850129000	-1.505294800	-0.257479707
5.850130000	-1.476934314	-0.247043045
5.850131000	-1.471605182	-0.265381606
5.850132000	-1.521116853	-0.276665569
5.850133000	-1.486861944	-0.277848129
5.850134000	-1.462884068	-0.260616894
5.850135000	-1.533329368	-0.268826038
5.850136000	-1.482651234	-0.263246633
5.850137000	-1.509970665	-0.279001478
5.850138000	-1.668550968	-0.274172667
5.850139000	-1.533228397	-0.284239449
5.850140000	-1.687254786	-0.288705238
5.850141000	-1.637277246	-0.280483194
5.850142000	-1.706457615	-0.287471661
5.850143000	-1.685120106	-0.293016330
5.850144000	-1.569630384	-0.289199088
5.850145000	-1.825968981	-0.308156567
5.850146000	-1.807406545	-0.289280880
5.850147000	-1.873824358	-0.293931691
5.850148000	-1.706403136	-0.311744011
5.850149000	-1.742414951	-0.300825417
5.850150000	-1.837835312	-0.286905207
5.850151000	-1.891087413	-0.316584007
5.850152000	-1.909961939	-0.305375894
5.850153000	-1.854280114	-0.303102753
5.850154000	-1.824054241	-0.320595060
5.850155000	-2.061189175	-0.331011249
5.850156000	-2.084945917	-0.320692366
5.850157000	-1.914484501	-0.320235600
5.850158000	-2.100998878	-0.334875496
5.850159000	-1.872671604	-0.324235469
5.850160000	-2.032149076	-0.314213993
5.850161000	-2.070644617	-0.337768721
5.850162000	-2.065873623	-0.328734813
5.850163000	-2.075070143	-0.322907949
5.850164000	-2.206916809	-0.349801649
5.850165000	-2.270763159	-0.354566943
5.850166000	-2.163016081	-0.339453803
5.850167000	-2.230448484	-0.349083094
5.850168000	-2.167318583	-0.332738343
5.850169000	-2.243430853	-0.345040649
5.850170000	-2.298672438	-0.350340672
5.850171000	-2.301245928	-0.352009176
5.850172000	-2.335102558	-0.375071086
5.850173000	-2.326840878	-0.348981628
5.850174000	-2.512900114	-0.351264024
5.850175000	-2.471262932	-0.370923812
5.850176000	-2.616882324	-0.366932499
5.850177000	-2.627085209	-0.380338752
5.850178000	-2.614269733	-0.364756097
5.850179000	-2.601246834	-0.363844264
5.850180000	-2.701434612	-0.379999964
5.850181000	-2.795715570	-0.380633164
5.850182000	-2.747278214	-0.374020369
5.850183000	-2.800381184	-0.381408544
5.850184000	-2.650229216	-0.383097221
5.850185000	-2.799620628	-0.382405864
5.850186000	-2.801719904	-0.404106632
5.850187000	-2.907514572	-0.388023336
5.850188000	-2.963009834	-0.412794563
5.850189000	-2.970703602	-0.412626384
5.850190000	-2.961555243	-0.390785268
5.850191000	-3.109369993	-0.386662661
5.850192000	-3.311907053	-0.409458854
5.850193000	-3.036377430	-0.420281940
5.850194000	-2.989486217	-0.408160696
5.850195000	-3.119514465	-0.411917085
5.850196000	-3.271035671	-0.419743083
5.850197000	-3.155940771	-0.430467000
5.850198000	-3.269368172	-0.416577583
5.850199000	-3.198154688	-0.432346859
5.850200000	-3.386349678	-0.428224885
5.850201000	-3.548641443	-0.445871190
5.850202000	-3.434036016	-0.438309111
5.850203000	-3.420978308	-0.446799368
5.850204000	-3.587868214	-0.436122656
5.850205000	-3.538311005	-0.446353056
5.850206000	-3.607065916	-0.448415374
5.850207000	-3.819616079	-0.445696121
5.850208000	-3.702276945	-0.463509839
5.850209000	-3.707060099	-0.444145661
5.850210000	-3.862784386	-0.477601489
5.850211000	-3.975819349	-0.463263629
5.850212000	-3.987353563	-0.462354260
5.850213000	-4.201112270	-0.481238968
5.850214000	-3.909169912	-0.483281147
5.850215000	-4.173691750	-0.484278334
5.850216000	-4.268544197	-0.472556164
5.850217000	-4.271276951	-0.503712186
5.850218000	-4.402848721	-0.497026420
5.850219000	-4.507735252	-0.493578059
5.850220000	-4.456534386	-0.508330707
5.850221000	-4.229239464	-0.485973869
5.850222000	-4.623512745	-0.530695634
5.850223000	-4.780502796	-0.509898243
5.850224000	-4.934118748	-0.509050126
5.850225000	-4.875908852	-0.533726744
5.850226000	-5.032678127	-0.516500719
5.850227000	-5.165017128	-0.527479667
5.850228000	-5.075281620	-0.527919255
5.850229000	-5.357210636	-0.550570838
5.850230000	-5.270240307	-0.537797153
5.850231000	-5.528160095	-0.556344405
5.850232000	-5.586029053	-0.554695076
5.850233000	-5.994645596	-0.570145505
5.850234000	-5.685855389	-0.550945878
5.850235000	-5.768337250	-0.567657780
5.850236000	-5.846926212	-0.548624700
5.850237000	-5.958147526	-0.554597671
5.850238000	-6.602733135	-0.587623432
5.850239000	-6.373212814	-0.558230689
5.850240000	-6.567275524	-0.587422163
5.850241000	-6.389073849	-0.593728063
5.850242000	-6.780384064	-0.597088306
5.850243000	-6.753960133	-0.605907498
5.850244000	-7.165613174	-0.603219103
5.850245000	-7.101592541	-0.605059480
5.850246000	-7.301368713	-0.612027974
5.850247000	-7.715342045	-0.618853523
5.850248000	-7.491054058	-0.634512111
5.850249000	-7.576450825	-0.641338193
5.850250000	-7.794053078	-0.641048374
5.850251000	-7.687870979	-0.643569655
5.850252000	-7.914155006	-0.620007737
5.850253000	-8.218160629	-0.620136434
5.850254000	-8.238826752	-0.610193988
5.850255000	-8.780135155	-0.643575914
5.850256000	-8.729683876	-0.644404423
5.850257000	-9.009613037	-0.641459300
5.850258000	-9.436853409	-0.657851256
5.850259000	-9.858897209	-0.653238129
5.850260000	-9.167266846	-0.654206920
5.850261000	-10.077363014	-0.677927496
5.850262000	-10.264176369	-0.691509085
5.850263000	-10.281481743	-0.630177018
5.850264000	-10.805588722	-0.675687245
5.850265000	-10.785898209	-0.667642434
5.850266000	-11.252498627	-0.648671673
5.850267000	-10.696689606	-0.649890468
5.850268000	-11.677310944	-0.712916972
5.850269000	-11.828076363	-0.646356986
5.850270000	-12.188319206	-0.648036975
5.850271000	-12.471905708	-0.664590119
5.850272000	-12.856052399	-0.688076004
5.850273000	-13.636699677	-0.668144773
5.850274000	-12.995547295	-0.615435955
5.850275000	-14.634864807	-0.652111345
5.850276000	-14.350380898	-0.591974438
5.850277000	-15.045066833	-0.559701586
5.850278000	-15.370615959	-0.594548982
5.850279000	-15.975574493	-0.575811780
5.850280000	-16.705593109	-0.607277028
5.850281000	-18.347162247	-0.479025948
5.850282000	-18.111862183	-0.444952866
5.850283000	-17.936544418	-0.481197389
5.850284000	-19.940963745	-0.297627526
5.850285000	-20.373086929	-0.248410062
5.850286000	-21.867925644	-0.277241178
5.850287000	-21.751028061	-0.059464459
5.850288000	-21.225769043	-0.171287081
5.850289000	-22.130046844	0.032035165
5.850290000	-23.673601151	0.062884557
5.850291000	-23.619625092	0.445348079
5.850292000	-24.111856461	0.673163767
5.850293000	-22.086326599	0.898537702
5.850294000	-23.958639145	0.631162321
5.850295000	-22.221643448	0.816613008
5.850296000	-21.947566986	1.084163426
5.850297000	-20.023550034	1.178125741
5.850298000	-19.337598801	1.174016217
5.850299000	-17.032840729	1.334250630
5.850300000	-18.094181061	1.341824128
5.850301000	-17.811738968	1.438425503
5.850302000	-16.425266266	1.412813883
5.850303000	-17.290075302	1.402454186
5.850304000	-15.784543991	1.452347710
5.850305000	-14.642302513	1.434487753
5.850306000	-14.064856529	1.488940076
5.850307000	-14.326266289	1.476394856
5.850308000	-13.730895996	1.525586904
5.850309000	-12.768696785	1.489162184
5.850310000	-11.893008232	1.546075534
5.850311000	-12.772059441	1.535062963
5.850312000	-10.804992676	1.506730392
5.850313000	-10.813009262	1.514221997
5.850314000	-10.379915237	1.543332212
5.850315000	-10.041303635	1.494343630
5.850316000	-9.402544022	1.538346641
5.850317000	-9.263598442	1.523946263
5.850318000	-8.939928055	1.503002365
5.850319000	-8.936232567	1.531187665
5.850320000	-8.306037903	1.511162025
5.850321000	-8.434330940	1.490999765
5.850322000	-8.254777908	1.502144162
5.850323000	-7.970022678	1.463266937
5.850324000	-7.857867241	1.475086179
5.850325000	-7.293221951	1.471663351
5.850326000	-7.244894505	1.487384390
5.850327000	-7.006649494	1.461401526
5.850328000	-6.522397995	1.452155297
5.850329000	-6.481852531	1.458007060
5.850330000	-6.040824890	1.426502531
5.850331000	-6.154131413	1.461856127
5.850332000	-5.344579220	1.390300451
5.850333000	-5.141312599	1.393879872
5.850334000	-5.122652054	1.408135374
5.850335000	-4.970348358	1.379164975
5.850336000	-4.625176907	1.370742329
5.850337000	-4.582206249	1.376260931
5.850338000	-4.437926292	1.379915188
5.850339000	-4.304760933	1.364905079
5.850340000	-4.057436943	1.334271936
5.850341000	-3.848390818	1.336034282
5.850342000	-3.711943865	1.311339589
5.850343000	-3.992541313	1.328255722
5.850344000	-3.520732403	1.296084736
5.850345000	-3.596916914	1.304483813
5.850346000	-3.393072128	1.283155887
5.850347000	-3.035801649	1.276481074
5.850348000	-2.796394348	1.264344250
5.850349000	-2.817773819	1.258764128
5.850350000	-2.724462986	1.246799478
5.850351000	-2.512803555	1.240237449
5.850352000	-2.545084476	1.239295755
5.850353000	-2.487150908	1.219655075
5.850354000	-2.278228998	1.198771365
5.850355000	-2.322180033	1.201260089
5.850356000	-2.241096258	1.202036267
5.850357000	-2.012032986	1.180416592
5.850358000	-2.118829727	1.189302096
5.850359000	-1.733095288	1.159123953
5.850360000	-1.736623526	1.146505364
5.850361000	-1.647561550	1.144564052
5.850362000	-1.495603919	1.128199726
5.850363000	-1.506721973	1.127982412
5.850364000	-1.235445023	1.112449925
5.850365000	-1.283769131	1.091400499
5.850366000	-1.190465569	1.092196119
5.850367000	-1.145837665	1.081580892
5.850368000	-1.126590252	1.080689465
5.850369000	-1.216446877	1.098349552
5.850370000	-1.006118417	1.082014920
5.850371000	-0.891956449	1.063976664
5.850372000	-0.991861999	1.063990846
5.850373000	-0.936514735	1.063152083
5.850374000	-0.771496594	1.048363084
5.850375000	-0.826991200	1.035462066
5.850376000	-0.801456094	1.041076342
5.850377000	-0.738645434	1.028165337
5.850378000	-0.593539715	1.017203433
5.850379000	-0.587260246	1.005876676
5.850380000	-0.624812067	1.003973981
5.850381000	-0.491975158	0.992037826
5.850382000	-0.494911462	0.987590080
5.850383000	-0.403367668	0.979364375
5.850384000	-0.416404307	0.983331486
5.850385000	-0.247511968	0.978317420
5.850386000	-0.321366280	0.970012152
5.850387000	-0.304802775	0.970534265
5.850388000	-0.212631181	0.953354945
5.850389000	-0.199097723	0.948639552
5.850390000	-0.051871825	0.935940535
5.850391000	-0.089981668	0.938036309
5.850392000	0.018774772	0.929471117
5.850393000	-0.049395833	0.923452906
5.850394000	0.060325466	0.923274940
5.850395000	-0.025843367	0.909049399
5.850396000	0.166896790	0.905947016
5.850397000	0.125362769	0.904072017
5.850398000	0.231067285	0.887744643
5.850399000	0.134834513	0.901361585
5.850400000	0.230325997	0.893406723
5.850401000	0.162600741	0.882769858
5.850402000	0.329493225	0.859155941
5.850403000	0.303081781	0.870294346
5.850404000	0.330995947	0.863280379
5.850405000	0.257257581	0.853233004
5.850406000	0.412090033	0.838356453
5.850407000	0.373496354	0.827148873
5.850408000	0.477270037	0.823792091
5.850409000	0.327570230	0.845060429
5.850410000	0.517712116	0.827950751
5.850411000	0.423322469	0.817171140
5.850412000	0.498469323	0.809656765
5.850413000	0.490066648	0.820417334
5.850414000	0.586176693	0.800191624
5.850415000	0.440173835	0.809003691
5.850416000	0.641047299	0.786983277
5.850417000	0.602779150	0.791785223
5.850418000	0.608229220	0.782751780
5.850419000	0.673693776	0.787454856
5.850420000	0.578222990	0.783717908
5.850421000	0.578466058	0.774201835
5.850422000	0.536130846	0.773660281
5.850423000	0.752885222	0.762043439
5.850424000	0.584192157	0.762897648
5.850425000	0.620492876	0.763424488
5.850426000	0.642324209	0.756788889
5.850427000	0.732573450	0.753017786
5.850428000	0.743202329	0.749274913
5.850429000	0.751980901	0.741220782
5.850430000	0.746465743	0.740327358
5.850431000	0.767479658	0.722585445
5.850432000	0.761211097	0.734383449
5.850433000	0.787032545	0.724615107
5.850434000	0.765438676	0.710684977
5.850435000	0.905334771	0.722083639
5.850436000	0.861500621	0.727472079
5.850437000	0.749402702	0.705103257
5.850438000	0.872381270	0.697088008
5.850439000	0.849863291	0.697162443
5.850440000	0.879538000	0.701545807
5.850441000	0.906262398	0.708004438
5.850442000	0.794914663	0.692633338
5.850443000	0.931458414	0.685602460
5.850444000	0.896232307	0.681111172
5.850445000	0.880784571	0.678131228
5.850446000	0.921827018	0.672623078
5.850447000	0.960426450	0.677044658
5.850448000	0.960722685	0.678909736
5.850449000	0.932175219	0.670407195
5.850450000	0.974415958	0.665325285
5.850451000	1.012747049	0.655958215
5.850452000	0.942531526	0.660762757
5.850453000	0.909023345	0.651381239
5.850454000	1.029571772	0.650031549
5.850455000	1.066442132	0.642734222
5.850456000	1.058933854	0.643189356
5.850457000	1.038538337	0.643354871
5.850458000	0.983481586	0.634273559
5.850459000	0.991492927	0.645605176
5.850460000	0.987784982	0.635218182
5.850461000	1.073690534	0.630369364
5.850462000	1.058615327	0.630875698
5.850463000	0.995121896	0.616264198
5.850464000	1.024566412	0.625787862
5.850465000	0.995525718	0.609970749
5.850466000	1.130961895	0.613071467
5.850467000	1.076877832	0.622355180
5.850468000	1.022127032	0.617485857
5.850469000	1.124013543	0.608612071
5.850470000	1.043411732	0.597319069
5.850471000	1.069452882	0.598102638
5.850472000	1.123413444	0.595299461
5.850473000	1.040290833	0.598056832
5.850474000	1.095239639	0.600143019
5.850475000	1.143291950	0.588869725
5.850476000	1.090390444	0.591763715
5.850477000	1.051060915	0.578186787
5.850478000	1.123387575	0.586849184
5.850479000	1.116860390	0.572641353
5.850480000	1.130676866	0.572728172
5.850481000	1.151512861	0.558418275
5.850482000	1.156392217	0.564492879
5.850483000	1.144955635	0.570855238
5.850484000	1.029486060	0.561292092
5.850485000	1.112572670	0.560338747
5.850486000	1.085145354	0.567852191
5.850487000	1.209179997	0.556497470
5.850488000	1.093850255	0.548195066
5.850489000	1.201777577	0.547548117
5.850490000	1.063011169	0.556446870
5.850491000	1.133616209	0.553136361
5.850492000	1.273676991	0.558304791
5.850493000	1.100056648	0.544536415
5.850494000	1.191002250	0.538496366
5.850495000	1.173308849	0.539463226
5.850496000	1.148028135	0.545195714
5.850497000	1.205574870	0.539193282
5.850498000	1.188197374	0.536141166
5.850499000	1.134825230	0.530356547
5.850500000	1.249672174	0.529313220
5.850501000	1.196116447	0.524436173
5.850502000	1.267721772	0.531550475
5.850503000	1.154286981	0.529961400
5.850504000	1.222385049	0.527147404
5.850505000	1.114477873	0.519514518
5.850506000	1.197138548	0.522927526
5.850507000	1.255501747	0.520288233
5.850508000	1.166857481	0.530473227
5.850509000	1.260251522	0.508469690
5.850510000	1.206458688	0.514918635
5.850511000	1.175623298	0.509557259
5.850512000	1.179023147	0.514044119
5.850513000	1.211273909	0.521079359
5.850514000	1.231326699	0.508222116
5.850515000	1.218982458	0.493687781
5.850516000	1.276074767	0.505415377
5.850517000	1.263745666	0.505337547
5.850518000	1.260164857	0.507248598
5.850519000	1.161275625	0.491908157
5.850520000	1.262971282	0.492172409
5.850521000	1.203955770	0.495660185
5.850522000	1.204763889	0.496526678
5.850523000	1.285241008	0.492171211
5.850524000	1.235347033	0.496016383
5.850525000	1.192470908	0.491807357
5.850526000	1.233065844	0.488867560
5.850527000	1.200067878	0.484928145
5.850528000	1.290327549	0.472483560
5.850529000	1.174688339	0.483733085
5.850530000	1.235970378	0.476426736
5.850531000	1.333866000	0.477063930
5.850532000	1.165049314	0.472959733
5.850533000	1.209059596	0.473660843
5.850534000	1.193943262	0.473172486
5.850535000	1.278754115	0.468670446
5.850536000	1.229248047	0.468991656
5.850537000	1.204848051	0.468145603
5.850538000	1.312572956	0.465261633
5.850539000	1.228689313	0.465636106
5.850540000	1.302202582	0.458768180
5.850541000	1.241032720	0.456605960
5.850542000	1.214647055	0.466055621
5.850543000	1.225699902	0.463336001
5.850544000	1.250662565	0.460355557
5.850545000	1.209683061	0.455106667
5.850546000	1.262122154	0.450847972
5.850547000	1.210547209	0.454763884
5.850548000	1.272323608	0.452950039
5.850549000	1.208173275	0.447186459
5.850550000	1.256446719	0.445153235
5.850551000	1.191824675	0.444857391
5.850552000	1.326919675	0.446692576
5.850553000	1.223287821	0.443508933
5.850554000	1.253518581	0.440798201
5.850555000	1.191595674	0.443215985
5.850556000	1.257544279	0.451061558
5.850557000	1.190590143	0.438012002
5.850558000	1.177242398	0.432300320
5.850559000	1.242686391	0.438767341
5.850560000	1.252862453	0.434593768
5.850561000	1.306308031	0.426264299
5.850562000	1.326491833	0.420291428
5.850563000	1.201664448	0.426948898
5.850564000	1.329913616	0.434338704
5.850565000	1.215741038	0.428904890
5.850566000	1.292261600	0.424118557
5.850567000	1.247251391	0.429161852
5.850568000	1.222935081	0.430770268
5.850569000	1.226565480	0.427146837
5.850570000	1.233592510	0.427862429
5.850571000	1.279718995	0.411684458
5.850572000	1.284438848	0.419934564
5.850573000	1.274999976	0.425396275
5.850574000	1.250567555	0.425128694
5.850575000	1.265393496	0.417360719
5.850576000	1.225094080	0.417081553
5.850577000	1.255844474	0.411658991
5.850578000	1.265047073	0.414887108
5.850579000	1.222072363	0.406658307
5.850580000	1.281785846	0.412685473
5.850581000	1.274606109	0.407300462
5.850582000	1.186282158	0.407753665
5.850583000	1.270688415	0.402634836
5.850584000	1.301226139	0.408822092
5.850585000	1.249939203	0.401065069
5.850586000	1.205658674	0.398069945
5.850587000	1.253289819	0.399965617
5.850588000	1.263178587	0.399241203
5.850589000	1.184473991	0.406953352
5.850590000	1.226349235	0.391264270
5.850591000	1.226316094	0.396918827
5.850592000	1.264724970	0.400538163
5.850593000	1.186533213	0.386916926
5.850594000	1.237669230	0.393307048
5.850595000	1.261732340	0.391701961
5.850596000	1.213968158	0.390921655
5.850597000	1.224011302	0.388990830
5.850598000	1.227519393	0.385851096
5.850599000	1.153700590	0.393658885
5.850600000	1.251243830	0.388174404
5.850601000	1.293518305	0.380766855
5.850602000	1.202268839	0.387283544
5.850603000	1.251173258	0.384175102
5.850604000	1.236912489	0.384604637
5.850605000	1.257153630	0.382290616
5.850606000	1.253082156	0.380867523
5.850607000	1.238256574	0.380823580
5.850608000	1.208092451	0.384966494
5.850609000	1.205993414	0.374575205
5.850610000	1.244968295	0.375298720
5.850611000	1.196392775	0.384867491
5.850612000	1.223703027	0.367521990
5.850613000	1.280914783	0.371125246
5.850614000	1.305707574	0.373060000
5.850615000	1.181924939	0.364130287
5.850616000	1.224889994	0.376089978
5.850617000	1.290130496	0.369733978
5.850618000	1.186263084	0.372484258
5.850619000	1.270716071	0.364970282
5.850620000	1.286757588	0.363169585
5.850621000	1.293273568	0.378137216
5.850622000	1.082326055	0.375558977
5.850623000	1.212433457	0.360600800
5.850624000	1.224111080	0.367832947
5.850625000	1.255705118	0.363400981
5.850626000	1.302061915	0.353070679
5.850627000	1.207545280	0.362159482
5.850628000	1.206409097	0.357792996
5.850629000	1.256414413	0.358130285
5.850630000	1.245611191	0.362251527
5.850631000	1.237405539	0.345242816
5.850632000	1.255082607	0.358163209
5.850633000	1.140048742	0.363017652
5.850634000	1.155277491	0.355073309
5.850635000	1.222199440	0.357211595
5.850636000	1.211323619	0.355020113
5.850637000	1.240960598	0.352686718
5.850638000	1.303321838	0.354054018
5.850639000	1.164224863	0.353002402
5.850640000	1.214142203	0.352741346
5.850641000	1.186317444	0.336907854
5.850642000	1.223481417	0.349281300
5.850643000	1.308152080	0.341710765
5.850644000	1.222014546	0.339629339
5.850645000	1.225917578	0.348157213
5.850646000	1.237206221	0.342114534
5.850647000	1.183297157	0.349076237
5.850648000	1.162317991	0.345112055
5.850649000	1.275761485	0.345909239
5.850650000	1.240779757	0.345343484
5.850651000	1.230882049	0.339803043
5.850652000	1.196791649	0.350383915
5.850653000	1.239924669	0.338778991
5.850654000	1.222758293	0.355443822
5.850655000	1.206798553	0.335925814
5.850656000	1.241856098	0.346743740
5.850657000	1.161815047	0.346167965
5.850658000	1.192827582	0.343160857
5.850659000	1.195832133	0.332700426
5.850660000	1.184259772	0.326920767
5.850661000	1.277393341	0.339641023
5.850662000	1.267534494	0.340217331
5.850663000	1.222915411	0.341912067
5.850664000	1.213541746	0.341297476
5.850665000	1.170173526	0.339266250
5.850666000	1.154482961	0.338481083
5.850667000	1.167469621	0.337892858
5.850668000	1.213017702	0.330003043
5.850669000	1.179762244	0.335845353
5.850670000	1.170950532	0.330315732
5.850671000	1.227597356	0.330499090
5.850672000	1.134282231	0.333423075
5.850673000	1.157282472	0.329880371
5.850674000	1.221947908	0.333393447
5.850675000	1.217271805	0.338693138
5.850676000	1.167848706	0.329665421
5.850677000	1.194038033	0.330733215
5.850678000	1.181503892	0.333440285
5.850679000	1.169220209	0.314502813
5.850680000	1.134531975	0.323808797
5.850681000	1.228638172	0.327142342
5.850682000	1.134250402	0.324103010
5.850683000	1.179344177	0.324638937
5.850684000	1.161800504	0.323779935
5.850685000	1.139416814	0.322776389
5.850686000	1.170714974	0.329756335
5.850687000	1.154302478	0.325840023
5.850688000	1.083579063	0.326668765
5.850689000	1.226643682	0.331310389
5.850690000	1.099792600	0.318014824
5.850691000	1.167199135	0.321902639
5.850692000	1.195206404	0.320052808
5.850693000	1.150800228	0.317000492
5.850694000	1.169520140	0.320902456
5.850695000	1.183962464	0.326948797
5.850696000	1.259093285	0.309106317
5.850697000	1.151458740	0.307093366
5.850698000	1.206411839	0.325943387
5.850699000	1.189176559	0.322603750
5.850700000	1.266409039	0.309166204
5.850701000	1.112479210	0.313620574
5.850702000	1.179406881	0.325866355
5.850703000	1.210737467	0.316754782
5.850704000	1.198769569	0.305151190
5.850705000	1.245625734	0.303861620
5.850706000	1.235909343	0.310637801
5.850707000	1.127741456	0.314165091
5.850708000	1.222664475	0.307011574
5.850709000	1.204181552	0.311877569
5.850710000	1.193727374	0.310236362
5.850711000	1.137472510	0.304637998
5.850712000	1.206265569	0.308870094
5.850713000	1.183385015	0.300368385
5.850714000	1.117785692	0.303963553
5.850715000	1.195689201	0.298829944
5.850716000	1.144037724	0.301804495
5.850717000	1.108977079	0.306597286
5.850718000	1.200952291	0.302661201
5.850719000	1.232216597	0.302096777
5.850720000	1.173087478	0.295254051
5.850721000	1.217150092	0.297498097
5.850722000	1.146211386	0.291497995
5.850723000	1.184887052	0.306728713
5.850724000	1.183630943	0.301934890
5.850725000	1.175349593	0.296020542
5.850726000	1.185523868	0.300300708
5.850727000	1.165051937	0.294484497
5.850728000	1.177088499	0.300310928
5.850729000	1.128294349	0.289936916
5.850730000	1.204867363	0.299652761
5.850731000	1.165851712	0.299691842
5.850732000	1.174480319	0.300530538
5.850733000	1.170615792	0.294752511
5.850734000	1.174134135	0.299316070
5.850735000	1.147904038	0.296269214
5.850736000	1.188809276	0.292010320
5.850737000	1.199640989	0.298425742
5.850738000	1.232800603	0.293422062
5.850739000	1.247244716	0.294374076
5.850740000	1.194018722	0.296641458
5.850741000	1.144853354	0.297373661
5.850742000	1.133943081	0.286725211
5.850743000	1.167554975	0.297766743
5.850744000	1.136336207	0.289720168
5.850745000	1.146368980	0.296497747
5.850746000	1.144020200	0.290181894
5.850747000	1.180697083	0.298331267
5.850748000	1.134202361	0.288418182
5.850749000	1.178554893	0.290532366
5.850750000	1.189200997	0.288711296
5.850751000	1.167002559	0.295653858
5.850752000	1.158106685	0.283401153
5.850753000	1.156125188	0.290814628
5.850754000	1.147095561	0.286490719
5.850755000	1.171004295	0.283785780
5.850756000	1.132199883	0.278204593
5.850757000	1.172752857	0.274174898
5.850758000	1.127984643	0.306778015
5.850759000	1.029616952	0.286045039
5.850760000	1.084998131	0.286385525
5.850761000	1.130842090	0.292049868
5.850762000	1.172789097	0.281219292
5.850763000	1.125102401	0.281401485
5.850764000	1.128625870	0.281474988
5.850765000	1.170148969	0.282508428
5.850766000	1.110998750	0.278929389
5.850767000	1.163385987	0.278312035
5.850768000	1.171512604	0.281011865
5.850769000	1.191543937	0.272171801
5.850770000	1.128910065	0.272446639
5.850771000	1.170191050	0.282730236
5.850772000	1.211937547	0.276445242
5.850773000	1.161140919	0.269887358
5.850774000	1.168819547	0.272924610
5.850775000	1.071819186	0.274603999
5.850776000	1.104557633	0.282240747
5.850777000	1.159165263	0.274017222
5.850778000	1.169751763	0.272365879
5.850779000	1.053062797	0.275770880
5.850780000	1.121524572	0.274567198
5.850781000	1.238275051	0.270694579
5.850782000	1.121874928	0.274501351
5.850783000	1.162328124	0.268452264
5.850784000	1.155452728	0.270193672
5.850785000	1.200535655	0.269881582
5.850786000	1.168440223	0.265339461
5.850787000	1.125084877	0.266256870
5.850788000	1.086088777	0.267981167
5.850789000	1.203292131	0.278129875
5.850790000	1.149959922	0.274945983
5.850791000	1.122209787	0.270441212
5.850792000	1.042986274	0.264424449
5.850793000	1.024007320	0.275138230
5.850794000	1.178084850	0.278295374
5.850795000	1.116670847	0.272525935
5.850796000	1.088028193	0.282024765
5.850797000	1.193877935	0.275043305
5.850798000	1.154691100	0.272372187
5.850799000	1.155212641	0.264006116
5.850800000	1.098139405	0.263119467
5.850801000	1.149294496	0.273780284
5.850802000	1.155350089	0.267568227
5.850803000	1.081861854	0.270231755
5.850804000	1.023912430	0.264453511
5.850805000	1.115570545	0.274035614
5.850806000	1.072181821	0.266859111
5.850807000	1.116141200	0.264919764
5.850808000	1.090398550	0.262922177
5.850809000	1.164238811	0.262832711
5.850810000	1.048313022	0.269391361
5.850811000	1.046253800	0.267264045
5.850812000	1.099629998	0.267229207
5.850813000	1.167024612	0.273492196
5.850814000	1.202746630	0.264799805
5.850815000	1.131878972	0.268163028
5.850816000	1.096274734	0.259897391
5.850817000	1.076661944	0.253726847
5.850818000	1.072134614	0.266774156
5.850819000	1.072914243	0.257576979
5.850820000	1.167899489	0.255767411
5.850821000	1.127428412	0.256368070
5.850822000	1.152948499	0.268040922
5.850823000	1.062639117	0.258589829
5.850824000	1.158110857	0.255156998
5.850825000	1.157218456	0.253589328
5.850826000	1.075322509	0.257858492
5.850827000	1.164134383	0.261093434
5.850828000	1.098011971	0.254514078
5.850829000	1.097634673	0.248632453
5.850830000	1.131845713	0.256882943
5.850831000	1.089167595	0.254789765
5.850832000	1.104241967	0.261122296
5.850833000	1.020353317	0.264957814
5.850834000	1.159329891	0.261445504
5.850835000	1.099089503	0.264533456
5.850836000	1.067103386	0.251683687
5.850837000	1.119356513	0.263379042
5.850838000	1.163358212	0.253419019
5.850839000	1.104547143	0.258744060
5.850840000	1.069676995	0.250776497
5.850841000	1.071347594	0.260073077
5.850842000	1.126781464	0.250503191
5.850843000	1.100002766	0.257192502
5.850844000	1.142987370	0.260346034
5.850845000	1.090590596	0.246751928
5.850846000	1.093673229	0.256226074
5.850847000	1.065315127	0.253332683
5.850848000	1.053545952	0.251614811
5.850849000	1.104493022	0.245614093
5.850850000	1.130271435	0.253478291
5.850851000	1.062046528	0.248006544
5.850852000	1.120868444	0.247004662
5.850853000	1.095345259	0.247346180
5.850854000	1.066322327	0.251551061
5.850855000	1.120884180	0.256002735
5.850856000	1.129173279	0.250447514
5.850857000	1.060802221	0.248032193
5.850858000	1.023946285	0.250899053
5.850859000	1.107712865	0.245438824
5.850860000	1.087100983	0.255133729
5.850861000	1.092416048	0.250923604
5.850862000	1.128576398	0.239530434
5.850863000	1.108770967	0.245393533
5.850864000	1.066745162	0.242497645
5.850865000	1.151781559	0.243960503
5.850866000	1.113446593	0.247305034
5.850867000	1.073635340	0.246230898
5.850868000	1.135022879	0.245670136
5.850869000	1.086864591	0.240582433
5.850870000	1.119326115	0.247021274
5.850871000	1.157669663	0.246302170
5.850872000	1.059293270	0.245565390
5.850873000	1.141725779	0.244982641
5.850874000	1.031623840	0.244521930
5.850875000	1.037720561	0.245890928
5.850876000	1.098981738	0.242537476
5.850877000	1.115801215	0.242221891
5.850878000	1.129556298	0.241509995
5.850879000	1.074374199	0.246829626
5.850880000	1.002118587	0.236409193
5.850881000	1.134175539	0.241297541
5.850882000	1.110741735	0.241338937
5.850883000	1.124516726	0.238722431
5.850884000	1.012996316	0.243789078
5.850885000	1.024346828	0.237992009
5.850886000	1.105962992	0.245305249
5.850887000	1.091050506	0.231606082
5.850888000	1.063958764	0.241326503
5.850889000	1.020273447	0.228507694
5.850890000	1.088592768	0.237200718
5.850891000	1.068078399	0.241582999
5.850892000	1.102460265	0.246590191
5.850893000	1.037251472	0.233178562
5.850894000	1.113051653	0.222918584
5.850895000	1.119800806	0.233017857
5.850896000	1.064838052	0.230318444
5.850897000	1.074698567	0.244086920
5.850898000	1.102276921	0.235895286
5.850899000	1.005378723	0.238676558
5.850900000	1.007814765	0.243715026
5.850901000	1.079629183	0.230287085
5.850902000	1.059124112	0.240366351
5.850903000	1.056962729	0.226246720
5.850904000	1.082020044	0.235635128
5.850905000	1.062447667	0.228340114
5.850906000	1.092838526	0.234630967
5.850907000	1.080316544	0.238457946
5.850908000	1.035238266	0.233394877
5.850909000	1.108618379	0.225422921
5.850910000	0.991521478	0.228163863
5.850911000	1.028026700	0.222688154
5.850912000	0.987067699	0.230673010
5.850913000	1.026111364	0.237975681
5.850914000	1.076327324	0.233109120
5.850915000	1.185310960	0.227799043
5.850916000	1.067846417	0.235701158
5.850917000	1.080978274	0.226226330
5.850918000	1.019834518	0.229137997
5.850919000	1.054220200	0.234952377
5.850920000	1.072280288	0.235131841
5.850921000	1.106103778	0.230312451
5.850922000	1.037346840	0.227288848
5.850923000	1.008345008	0.238972535
5.850924000	1.059662104	0.217693995
5.850925000	1.105046391	0.227770531
5.850926000	1.083716393	0.229903556
5.850927000	1.014383078	0.230060217
5.850928000	1.038582921	0.229248635
5.850929000	1.103587031	0.238745151
5.850930000	1.115996242	0.220306373
5.850931000	1.071830750	0.216560104
5.850932000	1.028444409	0.225449503
5.850933000	1.018599629	0.233556881
5.850934000	1.040746808	0.223757546
5.850935000	1.067652106	0.222454528
5.850936000	1.071587324	0.231892954
5.850937000	1.036730766	0.224738921
5.850938000	1.090252042	0.221709509
5.850939000	1.040817738	0.233787743
5.850940000	1.049219370	0.230718284
5.850941000	1.051091552	0.228682930
5.850942000	1.091009736	0.228820582
5.850943000	1.094784498	0.223773525
5.850944000	1.011951208	0.227339448
5.850945000	1.089265943	0.225874477
5.850946000	1.061419487	0.222648839
5.850947000	0.958386362	0.225304727
5.850948000	1.053627491	0.228180058
5.850949000	1.033951163	0.227562155
5.850950000	1.078650713	0.224452432
5.850951000	1.032236338	0.226221004
5.850952000	1.018389821	0.231661709
5.850953000	1.039925218	0.232018456
5.850954000	1.062263727	0.216845462
5.850955000	1.066686749	0.224483957
5.850956000	1.051359653	0.218497637
5.850957000	1.033516407	0.220336133
5.850958000	1.079012632	0.216570357
5.850959000	1.146481872	0.227084534
5.850960000	1.078017950	0.220938457
5.850961000	0.982918262	0.219514332
5.850962000	1.029648066	0.213575383
5.850963000	1.071287870	0.210723470
5.850964000	1.026311040	0.220621225
5.850965000	1.059041142	0.216322916
5.850966000	1.056749821	0.218426813
5.850967000	1.041521311	0.217861924
5.850968000	1.081935287	0.218580478
5.850969000	1.081793904	0.211867298
5.850970000	1.049551487	0.215252009
5.850971000	1.022233367	0.219923959
5.850972000	1.017980456	0.219178707
5.850973000	1.005890131	0.222869382
5.850974000	1.052186251	0.217220235
5.850975000	1.137310863	0.216512633
5.850976000	1.017803192	0.215587534
5.850977000	1.017246127	0.212163508
5.850978000	1.067805290	0.215207468
5.850979000	1.015673041	0.220071831
5.850980000	1.093259096	0.220569193
5.850981000	1.080180645	0.214815101
5.850982000	1.038327694	0.218029553
5.850983000	1.033659101	0.225798826
5.850984000	1.027759433	0.223263181
5.850985000	1.026686072	0.219261265
5.850986000	1.032873988	0.218753766
5.850987000	1.016927838	0.214959877
5.850988000	0.965853035	0.216963723
5.850989000	0.973288119	0.214184864
5.850990000	1.035135508	0.220038608
5.850991000	1.016476274	0.206775600
5.850992000	1.018450856	0.215538931
5.850993000	0.997548163	0.207595438
5.850994000	1.064372778	0.218012542
5.850995000	1.019943237	0.206824902
5.850996000	1.000194311	0.217157817
5.850997000	1.038753390	0.203685235
5.850998000	1.034024239	0.212558138
5.850999000	1.017127633	0.217631793
5.851000000	1.075358987	0.220219204
5.851001000	1.084301591	0.206483085
5.851002000	0.974591315	0.209540527
5.851003000	1.043513656	0.210727015
5.851004000	1.015304208	0.219555411
5.851005000	1.054729939	0.211853533
5.851006000	1.043141484	0.201492521
5.851007000	1.041239977	0.212682025
5.851008000	1.082141995	0.210689565
5.851009000	0.997926176	0.209952868
5.851010000	1.027070880	0.203974271
5.851011000	1.077896237	0.213393489
5.851012000	1.057643175	0.210923573
5.851013000	1.049915195	0.215908445
5.851014000	1.020416617	0.213633739
5.851015000	1.080615759	0.210297847
5.851016000	0.976358950	0.206088355
5.851017000	0.951590002	0.207368603
5.851018000	1.000031710	0.210786371
5.851019000	1.053404927	0.208136708
5.851020000	1.028581619	0.205898688
5.851021000	1.049380183	0.214436716
5.851022000	1.036116600	0.211541260
5.851023000	1.084343076	0.198181180
5.851024000	1.015615940	0.202163504
5.851025000	1.008050680	0.203213472
5.851026000	1.013976693	0.212990270
5.851027000	1.036257625	0.203363308
5.851028000	0.929855704	0.203933957
5.851029000	1.009905815	0.205867096
5.851030000	1.005985856	0.211531224
5.851031000	1.023312330	0.206028717
5.851032000	0.966650128	0.202199291
5.851033000	1.045860171	0.204569804
5.851034000	1.041330218	0.209283466
5.851035000	1.031986594	0.202847155
5.851036000	1.044118643	0.201481219
5.851037000	0.987686217	0.195141132
5.851038000	1.029406786	0.210325677
5.851039000	1.036229968	0.204681157
5.851040000	0.966605842	0.200499262
5.851041000	1.036263824	0.204823769
5.851042000	1.049870133	0.211643659
5.851043000	0.980496526	0.204587797
5.851044000	1.030465603	0.200092680
5.851045000	0.983732879	0.200860470
5.851046000	1.024326563	0.209534868
5.851047000	0.963180125	0.203607354
5.851048000	1.043201327	0.205882542
5.851049000	1.025056601	0.209198444
5.851050000	1.059299350	0.197329617
5.851051000	0.973949909	0.205310445
5.851052000	1.055627108	0.203822554
5.851053000	1.096172452	0.204827098
5.851054000	1.013794780	0.198849334
5.851055000	1.033811450	0.199754525
5.851056000	0.982968271	0.205516890
5.851057000	1.042061687	0.200907891
5.851058000	1.048985839	0.207256001
5.851059000	1.062793016	0.203019261
5.851060000	1.047435999	0.203787633
5.851061000	1.012393951	0.205423713
5.851062000	1.022820950	0.200006011
5.851063000	1.004048347	0.200738763
5.851064000	1.101004362	0.203345682
5.851065000	0.973958373	0.207659304
5.851066000	1.057240725	0.202236309
5.851067000	1.018371224	0.202865381
5.851068000	1.000742674	0.203783772
5.851069000	1.016459227	0.204687133
5.851070000	1.010882735	0.202522948
5.851071000	1.068628550	0.208097061
5.851072000	1.025441170	0.200762016
5.851073000	1.078373075	0.197793457
5.851074000	0.989337981	0.197069693
5.851075000	0.970344841	0.208059011
5.851076000	1.092287183	0.203570452
5.851077000	1.077672958	0.203685218
5.851078000	1.002646804	0.195284593
5.851079000	0.996381938	0.196751895
5.851080000	1.021992087	0.201330651
5.851081000	0.937985182	0.197674913
5.851082000	1.077700853	0.184293144
5.851083000	1.034195900	0.201468253
5.851084000	0.954503655	0.200220096
5.851085000	1.049159646	0.193419731
5.851086000	1.060635090	0.203126637
5.851087000	1.030154347	0.196684284
5.851088000	0.997047246	0.202621402
5.851089000	1.023219466	0.198926998
5.851090000	1.045264006	0.196569168
5.851091000	1.076917768	0.197147674
5.851092000	0.976004183	0.197941778
5.851093000	1.059884429	0.200103067
5.851094000	0.975312173	0.201462327
5.851095000	1.061649561	0.201977333
5.851096000	0.956251502	0.198193181
5.851097000	0.941155732	0.190507514
5.851098000	1.053423047	0.193395846
5.851099000	1.063766241	0.196434163
5.851100000	1.054801583	0.195528322
5.851101000	0.968773663	0.191050649
5.851102000	0.951562881	0.204639179
5.851103000	0.978886485	0.198091947
5.851104000	1.031615734	0.197694520
5.851105000	1.059389591	0.188277366
5.851106000	1.071461201	0.195330183
5.851107000	1.084812045	0.190132907
5.851108000	0.962115467	0.191236255
5.851109000	0.959951282	0.196096124
5.851110000	0.981322408	0.189158107
5.851111000	0.953645885	0.191688726
5.851112000	0.995157719	0.184368345
5.851113000	0.965763390	0.187090645
5.851114000	1.006916523	0.187087932
5.851115000	0.942363560	0.188887879
5.851116000	0.961798012	0.191182209
5.851117000	0.974442303	0.191717921
5.851118000	1.005306840	0.195573845
5.851119000	0.955997646	0.190697331
5.851120000	0.976203084	0.195390537
5.851121000	0.962122619	0.191667254
5.851122000	0.969227552	0.183065311
5.851123000	1.025098443	0.183881503
5.851124000	0.955381989	0.191629953
5.851125000	1.068704605	0.190505717
5.851126000	0.961383104	0.185082638
5.851127000	1.009214640	0.199165684
5.851128000	0.963354766	0.186837495
5.851129000	0.950320601	0.190351586
5.851130000	0.948171198	0.188306694
5.851131000	0.920486271	0.194435144
5.851132000	1.014932275	0.195357763
5.851133000	1.016719460	0.190291948
5.851134000	1.011736870	0.186779471
5.851135000	1.011757612	0.188958220
5.851136000	0.979663134	0.191835283
5.851137000	1.053074241	0.185262086
5.851138000	0.998978615	0.194878544
5.851139000	1.003609061	0.196888382
5.851140000	0.993769169	0.193772500
5.851141000	0.945875347	0.183229844
5.851142000	1.019961596	0.186440368
5.851143000	0.983373404	0.188747464
5.851144000	0.979866028	0.186627055
5.851145000	0.934581935	0.186027994
5.851146000	0.981543720	0.184375369
5.851147000	1.056630969	0.189389536
5.851148000	1.000629902	0.186911731
5.851149000	0.959084868	0.191360575
5.851150000	0.987050593	0.190198954
5.851151000	0.928679347	0.190734266
5.851152000	1.058400393	0.188977428
5.851153000	1.004301310	0.188309058
5.851154000	0.909751236	0.186272289
5.851155000	0.868505895	0.191143793
5.851156000	1.018143296	0.179523240
5.851157000	0.966465950	0.186351851
5.851158000	1.012860537	0.177908582
5.851159000	0.996134996	0.183004008
5.851160000	0.984931707	0.179111182
5.851161000	1.016294599	0.191980592
5.851162000	1.079664350	0.179895666
5.851163000	0.959287465	0.186299720
5.851164000	0.922423661	0.186835082
5.851165000	0.945000947	0.180244257
5.851166000	0.909023523	0.177734844
5.851167000	1.045294642	0.185021003
5.851168000	1.000069499	0.189003194
5.851169000	0.930692792	0.184023899
5.851170000	1.013156414	0.179964925
5.851171000	1.006708384	0.187995671
5.851172000	1.018120170	0.176981502
5.851173000	0.953775823	0.177480246
5.851174000	1.008055449	0.182761510
5.851175000	0.981811285	0.184934001
5.851176000	1.081139207	0.183966791
5.851177000	1.001657009	0.173811708
5.851178000	1.033505917	0.175407141
5.851179000	1.019892931	0.178608211
5.851180000	0.932642102	0.177108601
5.851181000	0.920896709	0.182283673
5.851182000	0.961274087	0.181343943
5.851183000	0.929049850	0.181385522
5.851184000	0.901402116	0.178292327
5.851185000	0.988635004	0.175547390
5.851186000	1.088945508	0.182905521
5.851187000	0.939398408	0.182360155
5.851188000	0.984625399	0.184607064
5.851189000	0.945754647	0.183946184
5.851190000	0.970702410	0.175248267
5.851191000	0.982945681	0.176379661
5.851192000	0.928961158	0.180268276
5.851193000	0.930739939	0.185302898
5.851194000	0.915798426	0.177224565
5.851195000	0.948023200	0.169348699
5.851196000	0.962621689	0.182752589
5.851197000	1.004976511	0.181630283
5.851198000	1.005845785	0.181630349
5.851199000	0.999174654	0.182783715
5.851200000	0.915950596	0.178011912
5.851201000	0.891249239	0.178552384
5.851202000	1.032687664	0.167308269
5.851203000	0.975063622	0.169414896
5.851204000	0.886297882	0.177574605
5.851205000	0.971745312	0.164701134
5.851206000	1.014179468	0.178749841
5.851207000	0.998872578	0.179174998
5.851208000	0.997347832	0.176268108
5.851209000	0.941990018	0.167754481
5.851210000	0.981218696	0.173383189
5.851211000	1.003578424	0.180213897
5.851212000	0.940666556	0.179268142
5.851213000	0.982336283	0.174980636
5.851214000	0.922554255	0.170611753
5.851215000	0.989555418	0.178061397
5.851216000	0.939769089	0.184901360
5.851217000	1.017494082	0.172138111
5.851218000	0.983819783	0.181206640
5.851219000	0.916243315	0.180631298
5.851220000	1.021737576	0.175409821
5.851221000	0.918945372	0.174622141
5.851222000	0.955756366	0.183165096
5.851223000	0.964965641	0.178462636
5.851224000	0.989011526	0.176077259
5.851225000	0.960336745	0.173717632
5.851226000	1.018964767	0.175852405
5.851227000	0.895905852	0.173458023
5.851228000	0.904754937	0.174990723
5.851229000	0.891504049	0.178263415
5.851230000	1.031692743	0.170757229
5.851231000	0.950390697	0.170360135
5.851232000	0.881730616	0.178191975
5.851233000	0.949975193	0.172749889
5.851234000	0.946362078	0.167098328
5.851235000	0.952091873	0.173950742
5.851236000	0.960464895	0.169878785
5.851237000	0.893764079	0.168660272
5.851238000	0.965570807	0.176926125
5.851239000	0.918686450	0.174048529
5.851240000	0.941190600	0.170556909
5.851241000	0.933718383	0.179627369
5.851242000	0.947155833	0.171406557
5.851243000	0.953237653	0.168639383
5.851244000	0.901643455	0.173106003
5.851245000	0.991071165	0.169538133
5.851246000	0.996140182	0.167870112
5.851247000	0.899254322	0.169497337
5.851248000	0.929361045	0.172820895
5.851249000	1.025267124	0.174991788
5.851250000	0.932853997	0.168598270
5.851251000	1.038596153	0.171689451
5.851252000	0.883392990	0.164880631
5.851253000	0.936550081	0.173144919
5.851254000	0.911876976	0.172437250
5.851255000	0.924123168	0.167438713
5.851256000	0.942719162	0.172726853
5.851257000	0.871295094	0.169534971
5.851258000	0.913711905	0.174505212
5.851259000	0.966916621	0.166876753
5.851260000	0.967490792	0.167032199
5.851261000	0.988694429	0.167310183
5.851262000	0.994539618	0.167429792
5.851263000	0.923171639	0.172255773
5.851264000	1.038416386	0.172314445
5.851265000	0.941004515	0.171113543
5.851266000	0.995362580	0.167086760
5.851267000	0.903752983	0.165853134
5.851268000	0.927531481	0.170765301
5.851269000	0.984018862	0.161293236
5.851270000	0.944600761	0.164795110
5.851271000	0.963060915	0.158795607
5.851272000	0.865692139	0.164900654
5.851273000	1.023284197	0.165268836
5.851274000	0.933512986	0.165150875
5.851275000	0.902263403	0.165991502
5.851276000	0.947091103	0.170113409
5.851277000	0.931190372	0.170747342
5.851278000	0.895622194	0.167873757
5.851279000	0.944722772	0.163934226
5.851280000	0.941708088	0.164697339
5.851281000	0.894616187	0.175872762
5.851282000	0.950587928	0.157657872
5.851283000	0.862098277	0.162985409
5.851284000	0.933022976	0.170883845
5.851285000	0.935973346	0.163156600
5.851286000	0.879315078	0.162332252
5.851287000	0.911152720	0.167682875
5.851288000	0.887162864	0.162268403
5.851289000	0.884392202	0.163993948
5.851290000	0.940025926	0.170855882
5.851291000	0.890354335	0.165280554
5.851292000	0.868040383	0.157529141
5.851293000	0.903846443	0.161222230
5.851294000	0.940770328	0.162632756
5.851295000	1.026546359	0.165108914
5.851296000	1.024546742	0.172781830
5.851297000	0.949167192	0.167461866
5.851298000	1.017402411	0.165658590
5.851299000	0.904320121	0.161628628
5.851300000	1.003017187	0.168534970
5.851301000	0.943654597	0.149723266
5.851302000	0.880548954	0.157507403
5.851303000	0.896636844	0.161301192
5.851304000	0.934970737	0.156618590
5.851305000	0.863761365	0.162881246
5.851306000	0.894407570	0.160563081
5.851307000	0.900968134	0.164008662
5.851308000	0.976143360	0.165216389
5.851309000	1.000104427	0.164073610
5.851310000	0.960986137	0.163889003
5.851311000	0.908105791	0.154361427
5.851312000	1.015254140	0.163187093
5.851313000	0.961737812	0.161922991
5.851314000	0.915998220	0.164547769
5.851315000	0.907186747	0.162658239
5.851316000	0.888955355	0.164790982
5.851317000	0.908314049	0.155330285
5.851318000	0.922199726	0.164077738
5.851319000	0.882017314	0.163094948
5.851320000	0.982032895	0.158403690
5.851321000	0.921188772	0.163792596
5.851322000	0.939601183	0.161254853
5.851323000	0.982508898	0.157803463
5.851324000	0.931870639	0.163729496
5.851325000	0.938084066	0.159240139
5.851326000	0.922635376	0.161635219
5.851327000	0.918222964	0.160498998
5.851328000	1.019194603	0.153573681
5.851329000	0.916122735	0.152886119
5.851330000	0.942281127	0.160896692
5.851331000	0.893935919	0.151884837
5.851332000	0.942297161	0.167666031
5.851333000	0.946848273	0.162638915
5.851334000	0.889583766	0.152783238
5.851335000	0.921567738	0.169707643
5.851336000	0.899127781	0.157723469
5.851337000	0.999856174	0.159823238
5.851338000	0.939600348	0.152628059
5.851339000	0.914975226	0.164501313
5.851340000	0.903933883	0.161024357
5.851341000	0.904717803	0.149685083
5.851342000	0.866104782	0.162065520
5.851343000	1.037843943	0.154105664
5.851344000	0.999087870	0.158419752
5.851345000	0.888433993	0.157510898
5.851346000	0.919059098	0.152930494
5.851347000	0.886177242	0.156142749
5.851348000	0.885746837	0.159684154
5.851349000	0.980448902	0.157208213
5.851350000	0.964502335	0.159780145
5.851351000	0.950226545	0.157915932
5.851352000	0.908977628	0.161571869
5.851353000	0.932952881	0.158044413
5.851354000	0.930860877	0.151496449
5.851355000	0.872162402	0.155537213
5.851356000	0.917825460	0.158166635
5.851357000	0.871543705	0.165011608
5.851358000	0.944317877	0.161558371
5.851359000	0.984072685	0.154894376
5.851360000	0.915262043	0.150743040
5.851361000	0.910679638	0.158299077
5.851362000	0.962509394	0.144535695
5.851363000	0.930527151	0.155795573
5.851364000	0.948385894	0.160051754
5.851365000	0.828267932	0.154227604
5.851366000	0.859941185	0.157185294
5.851367000	0.884104252	0.151908706
5.851368000	0.960357785	0.151662547
5.851369000	0.931660533	0.151189519
5.851370000	0.947547317	0.158341322
5.851371000	0.912267506	0.153772736
5.851372000	0.913246274	0.159581756
5.851373000	0.905824959	0.154125005
5.851374000	0.871847034	0.150237256
5.851375000	0.827567756	0.158679044
