D:\KID metingen\Entropy ADR\LT343chip5_BF_20240530_mapping\S21\Power\KID50_114dBm_.dat
Power at KID:114dBm
resonance Frequency in GHz :5.871491
Q=32260.939562, Qc=36504.309166, Qi=277530.222876  S21min=-18.692665


Temperature in K:0.100011
GHz	dB	Rad
5.870570000	0.851303875	0.276965774
5.870571000	0.896420002	0.273902806
5.870572000	0.871033251	0.278533078
5.870573000	0.821503878	0.281647595
5.870574000	0.833851278	0.278319658
5.870575000	0.857091606	0.279845433
5.870576000	0.943402231	0.272039708
5.870577000	0.896109641	0.280989461
5.870578000	0.835547864	0.276447589
5.870579000	0.870721579	0.278347139
5.870580000	0.830359578	0.276853921
5.870581000	0.817892075	0.267930950
5.870582000	0.828455329	0.272104556
5.870583000	0.903398097	0.277349203
5.870584000	0.844525635	0.281289932
5.870585000	0.845449567	0.268011660
5.870586000	0.845104992	0.271633127
5.870587000	0.860380650	0.278276083
5.870588000	0.874121666	0.278650623
5.870589000	0.899135232	0.273754368
5.870590000	0.830325127	0.270789154
5.870591000	0.836058438	0.270949993
5.870592000	0.856940210	0.268796511
5.870593000	0.868939042	0.278477201
5.870594000	0.866390049	0.276518429
5.870595000	0.876320124	0.275817452
5.870596000	0.932737291	0.270702552
5.870597000	0.837258279	0.271581628
5.870598000	0.836989403	0.266397801
5.870599000	0.805959821	0.271825191
5.870600000	0.833372056	0.270690917
5.870601000	0.852668345	0.271524403
5.870602000	0.878126681	0.278612789
5.870603000	0.848623991	0.270545925
5.870604000	0.903226078	0.268914672
5.870605000	0.852461815	0.267480643
5.870606000	0.775263071	0.272378146
5.870607000	0.869329929	0.265278575
5.870608000	0.915104210	0.268308553
5.870609000	0.830947042	0.263246366
5.870610000	0.813201845	0.270447354
5.870611000	0.807090938	0.268848309
5.870612000	0.824813247	0.270248799
5.870613000	0.826059937	0.266416277
5.870614000	0.833953202	0.272664070
5.870615000	0.797159314	0.277084884
5.870616000	0.911420405	0.271051376
5.870617000	0.812324464	0.267725254
5.870618000	0.910751939	0.269429444
5.870619000	0.863889337	0.268091772
5.870620000	0.851287067	0.266368989
5.870621000	0.827505529	0.267444440
5.870622000	0.859629750	0.270026242
5.870623000	0.896801770	0.263034146
5.870624000	0.864936411	0.263380024
5.870625000	0.804565787	0.265405308
5.870626000	0.886651456	0.266045132
5.870627000	0.869666278	0.264359485
5.870628000	0.847791374	0.273496008
5.870629000	0.824986637	0.268936726
5.870630000	0.836639225	0.265368456
5.870631000	0.848300815	0.264410434
5.870632000	0.835742772	0.266335317
5.870633000	0.837356687	0.255688881
5.870634000	0.800490797	0.263952737
5.870635000	0.828329682	0.266983714
5.870636000	0.758797348	0.258321399
5.870637000	0.773906469	0.262509586
5.870638000	0.832073748	0.263253091
5.870639000	0.821125805	0.269999627
5.870640000	0.882972836	0.260869928
5.870641000	0.846859753	0.263034046
5.870642000	0.858513772	0.266186247
5.870643000	0.807740271	0.264735739
5.870644000	0.833094537	0.260598602
5.870645000	0.810803711	0.269085447
5.870646000	0.793599486	0.262669243
5.870647000	0.825072467	0.257679261
5.870648000	0.768968642	0.255863618
5.870649000	0.842883825	0.264257619
5.870650000	0.832919359	0.263317107
5.870651000	0.773552537	0.259639265
5.870652000	0.847189546	0.255983360
5.870653000	0.852930903	0.260213026
5.870654000	0.846019566	0.254844726
5.870655000	0.805757523	0.259644042
5.870656000	0.860421896	0.254367803
5.870657000	0.790878415	0.259189557
5.870658000	0.859777212	0.248975518
5.870659000	0.812743723	0.255596403
5.870660000	0.854375482	0.251445916
5.870661000	0.800789237	0.257360914
5.870662000	0.773541510	0.259283849
5.870663000	0.833350956	0.258426012
5.870664000	0.797298253	0.252972690
5.870665000	0.822367787	0.255195181
5.870666000	0.799959004	0.256114870
5.870667000	0.786433637	0.256736253
5.870668000	0.766109109	0.256282633
5.870669000	0.782701135	0.252867129
5.870670000	0.894506633	0.254218433
5.870671000	0.753919363	0.257842130
5.870672000	0.806853890	0.249137755
5.870673000	0.801209092	0.248681622
5.870674000	0.783144772	0.253273461
5.870675000	0.838887930	0.253998440
5.870676000	0.850256860	0.253208197
5.870677000	0.818075657	0.255207981
5.870678000	0.797533572	0.253384348
5.870679000	0.835913420	0.258325544
5.870680000	0.834286511	0.247932658
5.870681000	0.811779916	0.250183079
5.870682000	0.812440515	0.247874767
5.870683000	0.820428848	0.253504640
5.870684000	0.776375175	0.248439174
5.870685000	0.799884558	0.245325889
5.870686000	0.825272202	0.254021110
5.870687000	0.807496488	0.251996275
5.870688000	0.828525782	0.250250407
5.870689000	0.858884156	0.251015733
5.870690000	0.841594875	0.250288706
5.870691000	0.844617844	0.253145279
5.870692000	0.855809748	0.245774865
5.870693000	0.831926167	0.248765861
5.870694000	0.816955566	0.256294434
5.870695000	0.804378927	0.251101203
5.870696000	0.805070460	0.248591807
5.870697000	0.788251579	0.247185158
5.870698000	0.861527324	0.252313707
5.870699000	0.834525347	0.247011437
5.870700000	0.833904028	0.247266651
5.870701000	0.852016866	0.249383997
5.870702000	0.772171855	0.241480068
5.870703000	0.866851330	0.245573247
5.870704000	0.799333930	0.245272326
5.870705000	0.800812900	0.248685267
5.870706000	0.751137078	0.250240054
5.870707000	0.807549298	0.244940013
5.870708000	0.797534764	0.245426856
5.870709000	0.764938891	0.245311907
5.870710000	0.809913158	0.244166765
5.870711000	0.796194136	0.235749578
5.870712000	0.871901512	0.245378503
5.870713000	0.841597199	0.238921120
5.870714000	0.843817413	0.239701276
5.870715000	0.784039736	0.244546831
5.870716000	0.905761063	0.240264751
5.870717000	0.770346701	0.235823447
5.870718000	0.822274089	0.244012784
5.870719000	0.800369978	0.243846869
5.870720000	0.793507755	0.242108874
5.870721000	0.771826863	0.236603138
5.870722000	0.784947634	0.249479904
5.870723000	0.838271439	0.235300253
5.870724000	0.809085190	0.236348389
5.870725000	0.838159382	0.241582600
5.870726000	0.814719915	0.242052664
5.870727000	0.839509904	0.237131159
5.870728000	0.851713240	0.242945506
5.870729000	0.770195127	0.240987450
5.870730000	0.773113966	0.233100282
5.870731000	0.757500648	0.241899882
5.870732000	0.812372208	0.235113865
5.870733000	0.795985281	0.240829125
5.870734000	0.740251422	0.241661562
5.870735000	0.822436929	0.243000283
5.870736000	0.813486874	0.236232692
5.870737000	0.853670120	0.231288383
5.870738000	0.807629585	0.237927894
5.870739000	0.800720692	0.236743053
5.870740000	0.789721251	0.237243894
5.870741000	0.808601439	0.235349221
5.870742000	0.789207637	0.236335290
5.870743000	0.851954341	0.240152682
5.870744000	0.801357329	0.233966808
5.870745000	0.846486986	0.238939629
5.870746000	0.801611245	0.231039827
5.870747000	0.781542540	0.231059318
5.870748000	0.759783149	0.231595213
5.870749000	0.818455398	0.234093974
5.870750000	0.771394134	0.233488920
5.870751000	0.758050680	0.231207373
5.870752000	0.819633007	0.236866225
5.870753000	0.732215583	0.240504685
5.870754000	0.762047052	0.235873215
5.870755000	0.833518147	0.240130677
5.870756000	0.814876318	0.235781403
5.870757000	0.774450779	0.233484759
5.870758000	0.786810040	0.224390963
5.870759000	0.776365101	0.232014195
5.870760000	0.799060762	0.236648112
5.870761000	0.812562227	0.234151881
5.870762000	0.806280732	0.231047201
5.870763000	0.835995018	0.231278047
5.870764000	0.768127680	0.228286435
5.870765000	0.821869671	0.229446425
5.870766000	0.800550044	0.234367081
5.870767000	0.782258987	0.229647427
5.870768000	0.767553508	0.228722877
5.870769000	0.765042186	0.233955573
5.870770000	0.843336403	0.233562856
5.870771000	0.740683675	0.226710659
5.870772000	0.777090311	0.228859231
5.870773000	0.827485561	0.229539619
5.870774000	0.823758304	0.234746365
5.870775000	0.822028279	0.227355793
5.870776000	0.797727406	0.228502800
5.870777000	0.760057926	0.228282357
5.870778000	0.720725834	0.226049846
5.870779000	0.803375542	0.224853787
5.870780000	0.787669659	0.227422655
5.870781000	0.840230584	0.228452516
5.870782000	0.762261093	0.228934465
5.870783000	0.763270080	0.231948847
5.870784000	0.860750854	0.225421207
5.870785000	0.741683245	0.229211950
5.870786000	0.785577416	0.226374951
5.870787000	0.797659278	0.227598374
5.870788000	0.801295102	0.215180986
5.870789000	0.828864574	0.232930938
5.870790000	0.848186791	0.224681547
5.870791000	0.802150428	0.226953023
5.870792000	0.805183053	0.227144338
5.870793000	0.781759560	0.218923510
5.870794000	0.770947576	0.222504230
5.870795000	0.814765513	0.223733445
5.870796000	0.746295691	0.223498654
5.870797000	0.768970788	0.229065443
5.870798000	0.816738963	0.221508707
5.870799000	0.822616041	0.222154007
5.870800000	0.781536996	0.232081057
5.870801000	0.782392979	0.219023012
5.870802000	0.762003481	0.219446604
5.870803000	0.788105130	0.215354225
5.870804000	0.755160689	0.218269953
5.870805000	0.795452416	0.223494226
5.870806000	0.790475249	0.217173014
5.870807000	0.757217646	0.216948010
5.870808000	0.764751494	0.223358422
5.870809000	0.774310112	0.220443725
5.870810000	0.816011071	0.224071333
5.870811000	0.750939608	0.215191089
5.870812000	0.797605217	0.216620624
5.870813000	0.767314851	0.223152260
5.870814000	0.830564797	0.211538547
5.870815000	0.761568785	0.218910077
5.870816000	0.750851989	0.216692779
5.870817000	0.780373991	0.216337514
5.870818000	0.748514712	0.219636088
5.870819000	0.770844221	0.217170084
5.870820000	0.791696012	0.214130852
5.870821000	0.729591906	0.221948161
5.870822000	0.761241138	0.216097729
5.870823000	0.760459542	0.212203405
5.870824000	0.823704481	0.212922642
5.870825000	0.738688171	0.218076724
5.870826000	0.748228788	0.206552644
5.870827000	0.773026288	0.215635721
5.870828000	0.700118661	0.214154537
5.870829000	0.746361554	0.212793063
5.870830000	0.781912744	0.216920962
5.870831000	0.753279209	0.213454009
5.870832000	0.715104401	0.209250742
5.870833000	0.771785259	0.217830132
5.870834000	0.766780913	0.210649201
5.870835000	0.672340333	0.216095332
5.870836000	0.768885851	0.213165605
5.870837000	0.785858274	0.212404224
5.870838000	0.756154180	0.209911223
5.870839000	0.772067368	0.213142203
5.870840000	0.780407429	0.206992431
5.870841000	0.768269777	0.212154170
5.870842000	0.785288632	0.213607291
5.870843000	0.721564889	0.213000889
5.870844000	0.770474255	0.205696903
5.870845000	0.775909185	0.208035375
5.870846000	0.717494607	0.204154767
5.870847000	0.752247095	0.207686551
5.870848000	0.744541228	0.214223263
5.870849000	0.758199453	0.201829711
5.870850000	0.745534480	0.210156883
5.870851000	0.799950778	0.206193550
5.870852000	0.736677647	0.203016598
5.870853000	0.705615640	0.198198956
5.870854000	0.764411867	0.209703413
5.870855000	0.789604127	0.209290440
5.870856000	0.692522407	0.206612981
5.870857000	0.774017036	0.201152502
5.870858000	0.757873237	0.209188907
5.870859000	0.798404336	0.207052868
5.870860000	0.760432839	0.207077320
5.870861000	0.763553917	0.207171479
5.870862000	0.725261152	0.197681321
5.870863000	0.656059444	0.203487528
5.870864000	0.759414613	0.196858088
5.870865000	0.777483523	0.203846040
5.870866000	0.748475790	0.197745820
5.870867000	0.703140199	0.201272594
5.870868000	0.806653202	0.203121976
5.870869000	0.742617309	0.193400406
5.870870000	0.741845429	0.203634335
5.870871000	0.713536859	0.206151705
5.870872000	0.736813486	0.200647766
5.870873000	0.700160027	0.204870907
5.870874000	0.746886313	0.203351973
5.870875000	0.650335193	0.205304320
5.870876000	0.773214400	0.197934954
5.870877000	0.652113676	0.195678507
5.870878000	0.785080791	0.198521166
5.870879000	0.716057360	0.210185928
5.870880000	0.733470201	0.195874533
5.870881000	0.746364295	0.196543269
5.870882000	0.748807549	0.195333378
5.870883000	0.720529437	0.205207847
5.870884000	0.754213810	0.202010589
5.870885000	0.697581708	0.201051502
5.870886000	0.687630534	0.200451325
5.870887000	0.733569026	0.195892459
5.870888000	0.751508117	0.197482633
5.870889000	0.716870844	0.198042030
5.870890000	0.738653064	0.194607467
5.870891000	0.730372667	0.205268900
5.870892000	0.718560874	0.200093146
5.870893000	0.770940781	0.197053747
5.870894000	0.674795032	0.195894307
5.870895000	0.715176105	0.194830291
5.870896000	0.756456017	0.203224791
5.870897000	0.723199129	0.195051733
5.870898000	0.730857790	0.195577873
5.870899000	0.730485618	0.191029560
5.870900000	0.703135431	0.194823999
5.870901000	0.680569589	0.194591006
5.870902000	0.794324756	0.188381613
5.870903000	0.751487613	0.187002844
5.870904000	0.681504667	0.188575607
5.870905000	0.723228812	0.195189518
5.870906000	0.750565231	0.187918489
5.870907000	0.725361645	0.197900316
5.870908000	0.721325517	0.190675759
5.870909000	0.698307574	0.190333094
5.870910000	0.786784768	0.192838196
5.870911000	0.730083168	0.193247807
5.870912000	0.731715798	0.192223955
5.870913000	0.720384955	0.191164333
5.870914000	0.744451225	0.192661446
5.870915000	0.699492216	0.191948051
5.870916000	0.680657446	0.193554853
5.870917000	0.693273365	0.188382828
5.870918000	0.689331710	0.192156760
5.870919000	0.679344952	0.186559744
5.870920000	0.736617923	0.183485557
5.870921000	0.699590325	0.192131227
5.870922000	0.678682923	0.181395425
5.870923000	0.735000491	0.189989413
5.870924000	0.654329240	0.187678987
5.870925000	0.732738793	0.186169258
5.870926000	0.713409543	0.181341912
5.870927000	0.674393773	0.184336421
5.870928000	0.709045649	0.176901358
5.870929000	0.731060028	0.185941541
5.870930000	0.706590235	0.179701738
5.870931000	0.735046983	0.186504966
5.870932000	0.744530380	0.182831418
5.870933000	0.720206738	0.184179061
5.870934000	0.728593469	0.173932000
5.870935000	0.688898206	0.184330362
5.870936000	0.726016045	0.183326567
5.870937000	0.757848859	0.187439736
5.870938000	0.754891396	0.188676391
5.870939000	0.733436882	0.171345587
5.870940000	0.688593507	0.180085183
5.870941000	0.695665300	0.181410755
5.870942000	0.682420969	0.172598139
5.870943000	0.738555551	0.183264582
5.870944000	0.675704241	0.186201799
5.870945000	0.705730915	0.185196106
5.870946000	0.700285196	0.184058969
5.870947000	0.672437549	0.177071101
5.870948000	0.698989987	0.177568230
5.870949000	0.664044201	0.184301483
5.870950000	0.747547150	0.171720278
5.870951000	0.726690948	0.171439114
5.870952000	0.656512797	0.180243275
5.870953000	0.720785558	0.176646626
5.870954000	0.687031627	0.183690937
5.870955000	0.719937325	0.176496590
5.870956000	0.687427223	0.177741119
5.870957000	0.665299296	0.176063144
5.870958000	0.685775697	0.170550451
5.870959000	0.639040351	0.176664702
5.870960000	0.703121960	0.170541829
5.870961000	0.666591644	0.172951640
5.870962000	0.700318754	0.180354595
5.870963000	0.703311384	0.173927772
5.870964000	0.665135622	0.178360087
5.870965000	0.638846040	0.165657175
5.870966000	0.669247150	0.170100893
5.870967000	0.643897653	0.171628681
5.870968000	0.646799028	0.170674820
5.870969000	0.680492342	0.168858145
5.870970000	0.696503282	0.174327030
5.870971000	0.667493463	0.170256854
5.870972000	0.653872073	0.170702883
5.870973000	0.722423375	0.166688801
5.870974000	0.623897254	0.169072413
5.870975000	0.684239566	0.167901621
5.870976000	0.644126177	0.170128406
5.870977000	0.768641233	0.170309851
5.870978000	0.659279406	0.170011643
5.870979000	0.653909206	0.176311900
5.870980000	0.634305418	0.164041236
5.870981000	0.669782341	0.167663068
5.870982000	0.607672274	0.171517494
5.870983000	0.672755063	0.165071629
5.870984000	0.675799727	0.169862340
5.870985000	0.703504741	0.178549871
5.870986000	0.703546584	0.169852669
5.870987000	0.641859770	0.169858145
5.870988000	0.646306038	0.165780396
5.870989000	0.693080902	0.163556440
5.870990000	0.678049207	0.166420371
5.870991000	0.678955138	0.170035812
5.870992000	0.704340279	0.162369852
5.870993000	0.702835023	0.167228757
5.870994000	0.684489787	0.162909708
5.870995000	0.681341350	0.167581875
5.870996000	0.664549649	0.161384849
5.870997000	0.660459936	0.162717794
5.870998000	0.660239398	0.164335864
5.870999000	0.646686494	0.157331484
5.871000000	0.619353592	0.156723635
5.871001000	0.683334172	0.163639448
5.871002000	0.630057991	0.163707192
5.871003000	0.719192445	0.167249812
5.871004000	0.675272226	0.159280868
5.871005000	0.676283360	0.158723785
5.871006000	0.675914466	0.159042149
5.871007000	0.713785768	0.155364341
5.871008000	0.698863626	0.154330901
5.871009000	0.658636928	0.163257551
5.871010000	0.558614075	0.164136943
5.871011000	0.641774654	0.163808642
5.871012000	0.661307395	0.153096626
5.871013000	0.631403744	0.160915950
5.871014000	0.678285301	0.159959259
5.871015000	0.688317895	0.151241617
5.871016000	0.683487952	0.153241651
5.871017000	0.653093636	0.152810635
5.871018000	0.621626973	0.157896874
5.871019000	0.666897416	0.150071674
5.871020000	0.588035762	0.156933642
5.871021000	0.705001831	0.153726030
5.871022000	0.691815257	0.146298408
5.871023000	0.605410278	0.150700929
5.871024000	0.575577259	0.149450858
5.871025000	0.604493201	0.140925164
5.871026000	0.572613418	0.161901402
5.871027000	0.650648475	0.141390135
5.871028000	0.598821402	0.153363624
5.871029000	0.675581455	0.158455255
5.871030000	0.633071780	0.142983538
5.871031000	0.568841815	0.146059655
5.871032000	0.646341681	0.150825881
5.871033000	0.569018185	0.146879692
5.871034000	0.597843885	0.147942443
5.871035000	0.576482773	0.142464937
5.871036000	0.687774241	0.148593769
5.871037000	0.609502614	0.146226602
5.871038000	0.601044714	0.144134806
5.871039000	0.611158431	0.144891593
5.871040000	0.680177808	0.142976364
5.871041000	0.652674854	0.138448848
5.871042000	0.626380801	0.143442117
5.871043000	0.604418039	0.145351154
5.871044000	0.624346375	0.141023168
5.871045000	0.639738381	0.139872466
5.871046000	0.627157986	0.147361525
5.871047000	0.621412992	0.142336906
5.871048000	0.549777925	0.138772789
5.871049000	0.574092388	0.141072903
5.871050000	0.567116201	0.137723503
5.871051000	0.580433071	0.142905257
5.871052000	0.594135761	0.137568208
5.871053000	0.580829442	0.130880835
5.871054000	0.573247969	0.135235611
5.871055000	0.633442342	0.142831837
5.871056000	0.671725094	0.137708756
5.871057000	0.593387604	0.134012480
5.871058000	0.570176542	0.132445393
5.871059000	0.593304694	0.123813638
5.871060000	0.532976806	0.140799246
5.871061000	0.548044264	0.135788176
5.871062000	0.626385748	0.130663929
5.871063000	0.537186444	0.133380895
5.871064000	0.586003959	0.125119311
5.871065000	0.619059563	0.129096676
5.871066000	0.582662582	0.133009983
5.871067000	0.569167078	0.136336937
5.871068000	0.605806053	0.129801498
5.871069000	0.598441720	0.129129482
5.871070000	0.601094186	0.129079340
5.871071000	0.538058758	0.127869641
5.871072000	0.558141828	0.132107928
5.871073000	0.587051988	0.128563477
5.871074000	0.534524143	0.124741458
5.871075000	0.538233578	0.125727344
5.871076000	0.575920939	0.127631221
5.871077000	0.596802056	0.127246186
5.871078000	0.594002545	0.127208395
5.871079000	0.586331487	0.121911067
5.871080000	0.530884504	0.127585906
5.871081000	0.594854176	0.122637320
5.871082000	0.534811020	0.127325108
5.871083000	0.505999744	0.128565134
5.871084000	0.545342743	0.126078682
5.871085000	0.578529716	0.123487933
5.871086000	0.509861708	0.120590972
5.871087000	0.630622923	0.124525992
5.871088000	0.589358091	0.120027530
5.871089000	0.505747139	0.119839428
5.871090000	0.578637600	0.116595881
5.871091000	0.596732676	0.118319703
5.871092000	0.518549085	0.121790268
5.871093000	0.521782756	0.124277611
5.871094000	0.504484355	0.113612333
5.871095000	0.518820703	0.120412124
5.871096000	0.568375945	0.120599070
5.871097000	0.521151900	0.116201300
5.871098000	0.530917287	0.116357311
5.871099000	0.501112938	0.110186309
5.871100000	0.562883377	0.109423580
5.871101000	0.527359486	0.119246542
5.871102000	0.518046498	0.116736188
5.871103000	0.542009354	0.114973325
5.871104000	0.546058834	0.113916707
5.871105000	0.579012275	0.112086958
5.871106000	0.518926620	0.113878483
5.871107000	0.416362554	0.112564496
5.871108000	0.465833455	0.111503018
5.871109000	0.474376261	0.107665935
5.871110000	0.611448288	0.101217782
5.871111000	0.435447127	0.111016808
5.871112000	0.455942005	0.105916005
5.871113000	0.451587856	0.115395702
5.871114000	0.521890402	0.102977315
5.871115000	0.536273956	0.116906189
5.871116000	0.478377610	0.102010788
5.871117000	0.497073174	0.108195363
5.871118000	0.482357889	0.105209369
5.871119000	0.527319670	0.107456727
5.871120000	0.470370293	0.108429913
5.871121000	0.469834834	0.110640004
5.871122000	0.567929864	0.102586372
5.871123000	0.551537812	0.100217948
5.871124000	0.574073195	0.099182627
5.871125000	0.465053767	0.105096301
5.871126000	0.473015338	0.095513557
5.871127000	0.449157715	0.101968793
5.871128000	0.465656340	0.096129388
5.871129000	0.553782940	0.098462200
5.871130000	0.470657587	0.101789304
5.871131000	0.467815459	0.100158617
5.871132000	0.459367096	0.096213419
5.871133000	0.478347719	0.095084322
5.871134000	0.470666021	0.092933503
5.871135000	0.452492982	0.094105152
5.871136000	0.390150547	0.095882679
5.871137000	0.488488227	0.098722008
5.871138000	0.429198742	0.089809557
5.871139000	0.475034922	0.096423409
5.871140000	0.444356829	0.084453890
5.871141000	0.439693451	0.091648702
5.871142000	0.470047593	0.093067552
5.871143000	0.508310676	0.082529098
5.871144000	0.429035842	0.086856960
5.871145000	0.465688765	0.086333000
5.871146000	0.451264054	0.081345490
5.871147000	0.460369319	0.082631772
5.871148000	0.440196335	0.083920317
5.871149000	0.460506260	0.086206325
5.871150000	0.477510512	0.085584244
5.871151000	0.447553247	0.087462163
5.871152000	0.428993732	0.089495021
5.871153000	0.429404199	0.084561864
5.871154000	0.399100095	0.078587271
5.871155000	0.371530712	0.085644939
5.871156000	0.438844264	0.087140595
5.871157000	0.426249713	0.085571935
5.871158000	0.403233737	0.082163338
5.871159000	0.403460354	0.083446333
5.871160000	0.476242125	0.080090101
5.871161000	0.519658148	0.071949208
5.871162000	0.441759437	0.072908737
5.871163000	0.411468893	0.075723374
5.871164000	0.358184189	0.077720087
5.871165000	0.415308982	0.082034982
5.871166000	0.417989105	0.082676396
5.871167000	0.415202975	0.072971246
5.871168000	0.456160605	0.072848450
5.871169000	0.395709544	0.076426024
5.871170000	0.420433044	0.077388082
5.871171000	0.433342963	0.071660896
5.871172000	0.424821585	0.078024694
5.871173000	0.357948601	0.080421989
5.871174000	0.463779390	0.066777320
5.871175000	0.418603033	0.070306471
5.871176000	0.387265444	0.069322936
5.871177000	0.343470603	0.065354884
5.871178000	0.365288317	0.059419764
5.871179000	0.328287810	0.056921977
5.871180000	0.323119938	0.063791397
5.871181000	0.399112374	0.068145149
5.871182000	0.373646349	0.062648863
5.871183000	0.368153721	0.057857250
5.871184000	0.340135634	0.064563855
5.871185000	0.396217227	0.058625838
5.871186000	0.288370758	0.056147987
5.871187000	0.321742117	0.058873287
5.871188000	0.317823350	0.060084002
5.871189000	0.294080466	0.052634058
5.871190000	0.289946139	0.060048711
5.871191000	0.361799479	0.061968026
5.871192000	0.304354191	0.054397837
5.871193000	0.401956081	0.065779613
5.871194000	0.338635057	0.057216223
5.871195000	0.295524031	0.048218325
5.871196000	0.347901225	0.056086601
5.871197000	0.374081850	0.054483299
5.871198000	0.324957520	0.044809046
5.871199000	0.267999142	0.048169414
5.871200000	0.329797417	0.048641947
5.871201000	0.274901152	0.046274242
5.871202000	0.272774100	0.051618046
5.871203000	0.285338908	0.041996182
5.871204000	0.224442065	0.046413214
5.871205000	0.361212552	0.044873732
5.871206000	0.270382762	0.045975810
5.871207000	0.300526172	0.047652973
5.871208000	0.282909036	0.040130887
5.871209000	0.335869640	0.042540241
5.871210000	0.307173043	0.047319362
5.871211000	0.272215009	0.040070983
5.871212000	0.295364082	0.038757291
5.871213000	0.291023761	0.032064430
5.871214000	0.287751287	0.041096100
5.871215000	0.236414164	0.032134802
5.871216000	0.286986798	0.040191990
5.871217000	0.273630351	0.036257598
5.871218000	0.230194405	0.038372348
5.871219000	0.299625278	0.032039311
5.871220000	0.220222980	0.034024563
5.871221000	0.207254022	0.034233712
5.871222000	0.239333004	0.028665542
5.871223000	0.197251439	0.026775449
5.871224000	0.209594369	0.040150957
5.871225000	0.249621347	0.023220717
5.871226000	0.300771922	0.027538059
5.871227000	0.253845900	0.020485824
5.871228000	0.217488289	0.030511339
5.871229000	0.281033874	0.015000972
5.871230000	0.168133676	0.015579653
5.871231000	0.284498811	0.025553846
5.871232000	0.209384784	0.015718027
5.871233000	0.232182890	0.017426180
5.871234000	0.189302117	0.020244999
5.871235000	0.186569557	0.021528715
5.871236000	0.160650149	0.011534636
5.871237000	0.155704737	0.023281916
5.871238000	0.114570655	0.016980179
5.871239000	0.169312298	0.011314950
5.871240000	0.196857855	0.012412841
5.871241000	0.056614678	0.010932493
5.871242000	0.144955859	0.011077180
5.871243000	0.107707717	0.009861176
5.871244000	0.100185230	0.008717848
5.871245000	0.125790805	0.005704103
5.871246000	0.152266085	0.000198641
5.871247000	0.204481795	0.011472103
5.871248000	0.111410119	0.000083167
5.871249000	0.090341888	-0.001954170
5.871250000	0.080329105	0.005018581
5.871251000	0.150083408	0.006126969
5.871252000	0.093241364	-0.001623556
5.871253000	0.068943180	-0.002357258
5.871254000	0.163794756	0.001789976
5.871255000	0.147239819	-0.010513408
5.871256000	0.046854932	-0.019175588
5.871257000	0.062149528	-0.004118689
5.871258000	0.103969447	-0.004431776
5.871259000	0.042330991	-0.010847699
5.871260000	0.038007230	-0.010356402
5.871261000	0.104913183	-0.016839728
5.871262000	0.095025569	-0.013511150
5.871263000	0.009770527	-0.015443333
5.871264000	-0.035797156	-0.017310755
5.871265000	-0.038897697	-0.016444222
5.871266000	0.022941047	-0.019025354
5.871267000	0.027959036	-0.030981683
5.871268000	0.083512917	-0.018786752
5.871269000	-0.024359580	-0.015459575
5.871270000	-0.030972863	-0.033179190
5.871271000	-0.019148251	-0.027884986
5.871272000	0.004061899	-0.025101159
5.871273000	-0.025974702	-0.029657045
5.871274000	0.023290964	-0.033452909
5.871275000	-0.010797300	-0.031865261
5.871276000	-0.084207870	-0.031575788
5.871277000	-0.062582143	-0.041925404
5.871278000	-0.104602896	-0.041174306
5.871279000	-0.055877611	-0.036477459
5.871280000	-0.114771903	-0.035126828
5.871281000	-0.057950635	-0.041792525
5.871282000	-0.055032756	-0.042989408
5.871283000	-0.068233907	-0.052807426
5.871284000	-0.019926907	-0.043142523
5.871285000	-0.113870203	-0.036061606
5.871286000	-0.144880876	-0.049587519
5.871287000	-0.059765160	-0.049785275
5.871288000	-0.092842735	-0.046812072
5.871289000	-0.121532008	-0.047429118
5.871290000	-0.131311640	-0.050671396
5.871291000	-0.194040731	-0.060526694
5.871292000	-0.143358305	-0.048333199
5.871293000	-0.173738077	-0.057968295
5.871294000	-0.184097126	-0.052167593
5.871295000	-0.184656560	-0.058988943
5.871296000	-0.196160108	-0.063297093
5.871297000	-0.203723282	-0.057393726
5.871298000	-0.194505945	-0.064312132
5.871299000	-0.212278679	-0.074072505
5.871300000	-0.201403990	-0.070087484
5.871301000	-0.240992337	-0.070939770
5.871302000	-0.304131866	-0.071027280
5.871303000	-0.209954903	-0.071362581
5.871304000	-0.197075665	-0.066703230
5.871305000	-0.269982815	-0.075046024
5.871306000	-0.293472916	-0.080551577
5.871307000	-0.290760636	-0.069834201
5.871308000	-0.353079200	-0.081002708
5.871309000	-0.276474059	-0.088243268
5.871310000	-0.300673693	-0.083575837
5.871311000	-0.363110930	-0.080331525
5.871312000	-0.316766560	-0.091770459
5.871313000	-0.351297081	-0.092319386
5.871314000	-0.374028653	-0.093834309
5.871315000	-0.452477157	-0.098973236
5.871316000	-0.361318946	-0.088089246
5.871317000	-0.416263998	-0.101085273
5.871318000	-0.440322161	-0.097294346
5.871319000	-0.490878582	-0.100585922
5.871320000	-0.395772278	-0.103464774
5.871321000	-0.385019332	-0.100780998
5.871322000	-0.457242250	-0.102085955
5.871323000	-0.538227379	-0.110027452
5.871324000	-0.414948672	-0.117881006
5.871325000	-0.565298140	-0.099885019
5.871326000	-0.469987512	-0.110850518
5.871327000	-0.502709448	-0.115777766
5.871328000	-0.495173186	-0.115909884
5.871329000	-0.512140036	-0.120758368
5.871330000	-0.594644189	-0.119977546
5.871331000	-0.521209478	-0.121692006
5.871332000	-0.570121944	-0.126771944
5.871333000	-0.562545002	-0.120468350
5.871334000	-0.631747782	-0.134223968
5.871335000	-0.578896642	-0.132666318
5.871336000	-0.629153132	-0.128805517
5.871337000	-0.626170754	-0.135668933
5.871338000	-0.691292942	-0.136831386
5.871339000	-0.720102131	-0.143697531
5.871340000	-0.687456727	-0.131908524
5.871341000	-0.752740264	-0.150426124
5.871342000	-0.675614834	-0.131650314
5.871343000	-0.749819338	-0.151979962
5.871344000	-0.804523110	-0.145013815
5.871345000	-0.786121666	-0.151401174
5.871346000	-0.818131864	-0.148803510
5.871347000	-0.827413738	-0.162056249
5.871348000	-0.775320947	-0.151245812
5.871349000	-0.871195138	-0.166232335
5.871350000	-0.964190841	-0.171719878
5.871351000	-0.873971522	-0.174894716
5.871352000	-0.865408719	-0.159658188
5.871353000	-0.911623657	-0.166904067
5.871354000	-0.898380995	-0.177216975
5.871355000	-0.845903814	-0.172236049
5.871356000	-0.909494638	-0.173219504
5.871357000	-0.985117078	-0.171734625
5.871358000	-0.930024445	-0.182287867
5.871359000	-1.023937583	-0.171749539
5.871360000	-1.017262101	-0.181173900
5.871361000	-1.066978216	-0.185199901
5.871362000	-1.017745972	-0.189787628
5.871363000	-1.028398514	-0.200190269
5.871364000	-1.021883249	-0.186570130
5.871365000	-1.090290666	-0.188278748
5.871366000	-1.200949192	-0.190360974
5.871367000	-1.082200170	-0.194037551
5.871368000	-1.191358805	-0.202779643
5.871369000	-1.226026416	-0.214272349
5.871370000	-1.237987161	-0.211689365
5.871371000	-1.268927336	-0.217209566
5.871372000	-1.324550152	-0.217998344
5.871373000	-1.404740334	-0.238389103
5.871374000	-1.364659071	-0.229180924
5.871375000	-1.371347427	-0.227822412
5.871376000	-1.335295677	-0.233349221
5.871377000	-1.342373252	-0.227284054
5.871378000	-1.438658953	-0.237514271
5.871379000	-1.483964086	-0.238783051
5.871380000	-1.523431778	-0.246694587
5.871381000	-1.476009369	-0.243347227
5.871382000	-1.644495726	-0.262269319
5.871383000	-1.463650823	-0.249112671
5.871384000	-1.591414928	-0.254814183
5.871385000	-1.676384091	-0.258255486
5.871386000	-1.788454413	-0.272240194
5.871387000	-1.759153247	-0.266084847
5.871388000	-1.822237968	-0.275535856
5.871389000	-1.770937204	-0.267693845
5.871390000	-1.778386950	-0.273788423
5.871391000	-1.832766533	-0.284203497
5.871392000	-1.865080476	-0.278030789
5.871393000	-1.919168353	-0.283969105
5.871394000	-1.953255653	-0.287630619
5.871395000	-2.152396202	-0.295159042
5.871396000	-2.060805798	-0.297389407
5.871397000	-1.945428848	-0.283855688
5.871398000	-2.298119307	-0.315111878
5.871399000	-2.172672749	-0.307904965
5.871400000	-2.424602509	-0.333222472
5.871401000	-2.283099413	-0.328886613
5.871402000	-2.553653002	-0.335461159
5.871403000	-2.458165169	-0.336832687
5.871404000	-2.506512165	-0.320480012
5.871405000	-2.314494133	-0.325556430
5.871406000	-2.496275187	-0.341578673
5.871407000	-2.637944221	-0.342908356
5.871408000	-2.676695108	-0.350151388
5.871409000	-2.778452396	-0.348083943
5.871410000	-2.840560198	-0.364156986
5.871411000	-2.806491375	-0.355315224
5.871412000	-2.965330124	-0.373959849
5.871413000	-3.151662827	-0.358752533
5.871414000	-3.019843340	-0.371747827
5.871415000	-2.984696150	-0.373118323
5.871416000	-3.022082806	-0.372802872
5.871417000	-3.204448223	-0.381421926
5.871418000	-3.104302883	-0.373236467
5.871419000	-3.422277451	-0.407747839
5.871420000	-3.695748806	-0.408223147
5.871421000	-3.478068829	-0.402384066
5.871422000	-3.691479683	-0.403323297
5.871423000	-3.687630892	-0.412954353
5.871424000	-3.691661596	-0.410030501
5.871425000	-3.599997282	-0.407034944
5.871426000	-3.728048086	-0.420230608
5.871427000	-3.940330982	-0.424118490
5.871428000	-4.030430317	-0.414403578
5.871429000	-4.165333271	-0.433764826
5.871430000	-4.314464092	-0.437279167
5.871431000	-4.247220993	-0.429957171
5.871432000	-4.292341232	-0.449860572
5.871433000	-4.495122433	-0.451598285
5.871434000	-4.449918270	-0.450574932
5.871435000	-4.730809689	-0.448021759
5.871436000	-4.546473503	-0.453773754
5.871437000	-4.906231880	-0.461020282
5.871438000	-5.024533272	-0.463715102
5.871439000	-5.221111298	-0.469147917
5.871440000	-5.141107559	-0.484076633
5.871441000	-5.574523926	-0.481643669
5.871442000	-5.684323788	-0.493760419
5.871443000	-5.506580353	-0.491589510
5.871444000	-5.675315380	-0.481711812
5.871445000	-5.670180321	-0.490240519
5.871446000	-5.768558025	-0.487396862
5.871447000	-6.134184361	-0.506823657
5.871448000	-6.377152443	-0.512944034
5.871449000	-6.517068386	-0.492392253
5.871450000	-6.561177254	-0.523943089
5.871451000	-6.593776703	-0.510167123
5.871452000	-6.746674061	-0.515256756
5.871453000	-6.875822067	-0.503183083
5.871454000	-7.140329361	-0.514231206
5.871455000	-7.434507370	-0.541985939
5.871456000	-7.872317314	-0.531070174
5.871457000	-7.834936619	-0.528366933
5.871458000	-8.358622551	-0.535406533
5.871459000	-8.393765450	-0.554152923
5.871460000	-8.326968193	-0.530685081
5.871461000	-8.825704575	-0.521367846
5.871462000	-9.017907143	-0.523845484
5.871463000	-9.390175819	-0.515698275
5.871464000	-9.554040909	-0.498982678
5.871465000	-9.729685783	-0.499850802
5.871466000	-10.199922562	-0.520409407
5.871467000	-10.538630486	-0.518498589
5.871468000	-10.447250366	-0.484436193
5.871469000	-10.696973801	-0.495761951
5.871470000	-11.157750130	-0.487863481
5.871471000	-11.450284004	-0.463039558
5.871472000	-11.716076851	-0.477209206
5.871473000	-12.403324127	-0.450304022
5.871474000	-12.826314926	-0.411103356
5.871475000	-13.288204193	-0.403226091
5.871476000	-14.219748497	-0.342625495
5.871477000	-13.968681335	-0.380229296
5.871478000	-13.933630943	-0.308706177
5.871479000	-14.491957664	-0.320995467
5.871480000	-14.969955444	-0.183214997
5.871481000	-14.902899742	-0.262882146
5.871482000	-15.485163689	-0.164048110
5.871483000	-15.301954269	-0.223742649
5.871484000	-16.030891418	-0.105864790
5.871485000	-16.297574997	-0.053956825
5.871486000	-16.820491791	0.131032719
5.871487000	-16.872282028	0.126974344
5.871488000	-17.042909622	0.204809638
5.871489000	-17.019058228	0.146288104
5.871490000	-17.563217163	0.446493371
5.871491000	-17.636913300	0.409914321
5.871492000	-17.495334625	0.477526988
5.871493000	-16.840662003	0.532145925
5.871494000	-16.593547821	0.718824063
5.871495000	-17.012393951	0.682611863
5.871496000	-16.126939774	0.677782620
5.871497000	-15.398941994	0.922436976
5.871498000	-15.393878937	0.931853781
5.871499000	-14.561742783	0.983923440
5.871500000	-14.388180733	1.037842532
5.871501000	-14.387753487	1.014783019
5.871502000	-12.480084419	1.159317832
5.871503000	-13.420453072	1.112522163
5.871504000	-12.556050301	1.143843001
5.871505000	-12.582935333	1.186390595
5.871506000	-13.130675316	1.155825495
5.871507000	-12.178604126	1.178046246
5.871508000	-12.167358398	1.200944504
5.871509000	-11.632823944	1.208214135
5.871510000	-11.248164177	1.177258616
5.871511000	-10.636229515	1.218673301
5.871512000	-10.513510704	1.224181384
5.871513000	-10.012429237	1.223610002
5.871514000	-9.944712639	1.263663412
5.871515000	-9.551966667	1.233664634
5.871516000	-10.130143166	1.263341037
5.871517000	-8.893680573	1.253858319
5.871518000	-8.859856606	1.255118793
5.871519000	-7.884549618	1.268791462
5.871520000	-8.154096603	1.261920640
5.871521000	-8.037306786	1.289772378
5.871522000	-8.099630356	1.266418053
5.871523000	-8.215358734	1.274369320
5.871524000	-7.560613155	1.273187676
5.871525000	-7.613160133	1.269317836
5.871526000	-6.903499603	1.256287255
5.871527000	-7.009946346	1.273628029
5.871528000	-6.985841751	1.266262525
5.871529000	-6.641652584	1.256326936
5.871530000	-6.693588257	1.250895819
5.871531000	-6.408930779	1.246346740
5.871532000	-5.998703957	1.261437010
5.871533000	-6.121735096	1.241287134
5.871534000	-5.967194080	1.247193226
5.871535000	-5.667055130	1.234191407
5.871536000	-5.612443447	1.223272846
5.871537000	-5.285981655	1.207074169
5.871538000	-5.444585323	1.213948986
5.871539000	-5.097836971	1.208061003
5.871540000	-5.123273849	1.204703822
5.871541000	-5.029057980	1.207919190
5.871542000	-4.916084766	1.199443280
5.871543000	-4.630406857	1.188024444
5.871544000	-4.696981430	1.187395406
5.871545000	-4.512121201	1.199176831
5.871546000	-4.514821529	1.188334836
5.871547000	-4.261025906	1.183245535
5.871548000	-4.351259232	1.194220821
5.871549000	-4.210734844	1.185899508
5.871550000	-3.984672546	1.169127319
5.871551000	-3.824440718	1.153612808
5.871552000	-3.517081499	1.142549504
5.871553000	-3.521425486	1.141483973
5.871554000	-3.298838139	1.137142754
5.871555000	-3.408043146	1.134328326
5.871556000	-3.251019478	1.126183447
5.871557000	-3.207171202	1.123464892
5.871558000	-3.255585194	1.110636379
5.871559000	-3.149977446	1.121282432
5.871560000	-3.215193748	1.134547903
5.871561000	-3.093919516	1.107927345
5.871562000	-2.735331297	1.102550023
5.871563000	-2.785552740	1.088415895
5.871564000	-2.735175610	1.088851588
5.871565000	-2.460171461	1.060892857
5.871566000	-2.421536207	1.057273754
5.871567000	-2.342656612	1.072321214
5.871568000	-2.302473068	1.054682632
5.871569000	-2.296068430	1.062672714
5.871570000	-2.334027052	1.039542428
5.871571000	-2.097875834	1.032485983
5.871572000	-2.089058161	1.036380190
5.871573000	-1.921280384	1.023408665
5.871574000	-1.878678083	1.011844287
5.871575000	-1.988810182	1.022099388
5.871576000	-1.773434639	1.014896403
5.871577000	-1.830975294	1.013160222
5.871578000	-1.751778722	1.016714943
5.871579000	-1.760103703	1.008522061
5.871580000	-1.766655684	1.007227099
5.871581000	-1.663185835	0.996092023
5.871582000	-1.443025708	0.977480788
5.871583000	-1.599411845	0.992574320
5.871584000	-1.652646542	0.996349683
5.871585000	-1.435702205	0.975075287
5.871586000	-1.334593892	0.961414270
5.871587000	-1.397700667	0.960993557
5.871588000	-1.263939142	0.959111434
5.871589000	-1.134949327	0.949109267
5.871590000	-1.222604513	0.953889375
5.871591000	-1.223571062	0.950918951
5.871592000	-1.257899284	0.952761792
5.871593000	-1.184955835	0.949243623
5.871594000	-1.070389628	0.930082712
5.871595000	-1.103765607	0.926665543
5.871596000	-0.998967648	0.929646886
5.871597000	-1.002527952	0.913713859
5.871598000	-1.093799472	0.914126515
5.871599000	-0.989271522	0.923229932
5.871600000	-0.891600728	0.919331864
5.871601000	-0.826366901	0.904471824
5.871602000	-0.833565056	0.903200032
5.871603000	-0.767737925	0.888080134
5.871604000	-0.824586153	0.895264211
5.871605000	-0.807122469	0.899147433
5.871606000	-0.665787399	0.886318453
5.871607000	-0.680693030	0.881365706
5.871608000	-0.661345840	0.879281782
5.871609000	-0.720697761	0.873653058
5.871610000	-0.588947594	0.873463241
5.871611000	-0.666633308	0.880890598
5.871612000	-0.606409073	0.869720102
5.871613000	-0.599822223	0.868292048
5.871614000	-0.533852041	0.862636093
5.871615000	-0.402476221	0.854041873
5.871616000	-0.569400072	0.860127729
5.871617000	-0.459614068	0.847220985
5.871618000	-0.439913660	0.855665935
5.871619000	-0.401454568	0.852371671
5.871620000	-0.364994645	0.831715861
5.871621000	-0.315771252	0.839817197
5.871622000	-0.346802443	0.831522316
5.871623000	-0.382991672	0.835077969
5.871624000	-0.391048551	0.827238155
5.871625000	-0.327311069	0.827266385
5.871626000	-0.251817405	0.813281061
5.871627000	-0.255075276	0.817042443
5.871628000	-0.197419375	0.807425768
5.871629000	-0.254047990	0.811686693
5.871630000	-0.199616954	0.795803933
5.871631000	-0.219120055	0.801606894
5.871632000	-0.184340224	0.802549453
5.871633000	-0.168022215	0.797637386
5.871634000	-0.158515722	0.798928819
5.871635000	-0.178740248	0.791641745
5.871636000	-0.181290790	0.794218087
5.871637000	-0.113784172	0.789752831
5.871638000	-0.134576619	0.792518258
5.871639000	-0.064836256	0.788435765
5.871640000	-0.106214762	0.790677214
5.871641000	0.000134385	0.776773250
5.871642000	0.037430890	0.763314965
5.871643000	-0.047069490	0.780346480
5.871644000	-0.019351173	0.762328997
5.871645000	0.114155717	0.759857317
5.871646000	0.027363654	0.752504329
5.871647000	0.040913999	0.755385536
5.871648000	0.035713516	0.745770260
5.871649000	0.089191586	0.749892500
5.871650000	0.090940572	0.750889521
5.871651000	0.017533580	0.743519756
5.871652000	0.144008517	0.744176624
5.871653000	0.069392227	0.737710336
5.871654000	0.124356948	0.746695509
5.871655000	0.076054342	0.740405655
5.871656000	0.180921331	0.739352907
5.871657000	0.145642236	0.735648716
5.871658000	0.102200255	0.738478525
5.871659000	0.157985389	0.730871139
5.871660000	0.167353258	0.722049750
5.871661000	0.127982408	0.734036439
5.871662000	0.109995037	0.730668206
5.871663000	0.203547806	0.729255865
5.871664000	0.296234399	0.713795882
5.871665000	0.179833561	0.718975197
5.871666000	0.209837094	0.716836612
5.871667000	0.268507808	0.713448739
5.871668000	0.243370473	0.720004309
5.871669000	0.276392370	0.708861910
5.871670000	0.228589222	0.708780484
5.871671000	0.267768443	0.706541364
5.871672000	0.275026798	0.706027907
5.871673000	0.329999954	0.706570260
5.871674000	0.290867656	0.705436685
5.871675000	0.266092986	0.690547684
5.871676000	0.311206192	0.698467592
5.871677000	0.333135605	0.690373580
5.871678000	0.330147773	0.691012539
5.871679000	0.340682685	0.694980183
5.871680000	0.347276747	0.694775186
5.871681000	0.383357108	0.685806125
5.871682000	0.413811892	0.683816411
5.871683000	0.366342187	0.679197491
5.871684000	0.439902008	0.676340918
5.871685000	0.420505375	0.679242232
5.871686000	0.405673772	0.681584615
5.871687000	0.378009796	0.669392331
5.871688000	0.340156913	0.669168759
5.871689000	0.445401758	0.684637597
5.871690000	0.425982922	0.671121189
5.871691000	0.427214414	0.668028926
5.871692000	0.445784926	0.662073964
5.871693000	0.385130763	0.660545243
5.871694000	0.408539534	0.657446123
5.871695000	0.470433831	0.663114395
5.871696000	0.433961064	0.661266427
5.871697000	0.493286997	0.654586354
5.871698000	0.436617613	0.652705896
5.871699000	0.387500405	0.654301728
5.871700000	0.418126255	0.651211663
5.871701000	0.466379941	0.644272064
5.871702000	0.418947041	0.644252623
5.871703000	0.430416584	0.651446221
5.871704000	0.493470252	0.642073957
5.871705000	0.483167291	0.645732275
5.871706000	0.555489779	0.638071293
5.871707000	0.415668488	0.639696354
5.871708000	0.536842227	0.646205319
5.871709000	0.498561233	0.634943077
5.871710000	0.570188701	0.629680405
5.871711000	0.533752680	0.635678443
5.871712000	0.574179947	0.625524875
5.871713000	0.523968875	0.633612695
5.871714000	0.527991235	0.631049136
5.871715000	0.542389691	0.622175550
5.871716000	0.610602558	0.621648977
5.871717000	0.528407097	0.620699094
5.871718000	0.497047573	0.624158340
5.871719000	0.549152851	0.625449241
5.871720000	0.530773878	0.614771629
5.871721000	0.537054479	0.615518247
5.871722000	0.613163769	0.618530215
5.871723000	0.628122270	0.613710360
5.871724000	0.590436161	0.619279562
5.871725000	0.605357051	0.607039874
5.871726000	0.547389507	0.612678851
5.871727000	0.585696518	0.616137964
5.871728000	0.567287326	0.608958015
5.871729000	0.566045046	0.605502164
5.871730000	0.611716926	0.608989241
5.871731000	0.583281577	0.606810509
5.871732000	0.691708028	0.593587781
5.871733000	0.620573759	0.600309466
5.871734000	0.657281935	0.599637484
5.871735000	0.723846614	0.594228737
5.871736000	0.610041916	0.590342653
5.871737000	0.577989995	0.597536982
5.871738000	0.618317246	0.593343236
5.871739000	0.599148035	0.593946176
5.871740000	0.611918032	0.594990801
5.871741000	0.635410070	0.592200474
5.871742000	0.648296416	0.586156629
5.871743000	0.680179298	0.583954328
5.871744000	0.677231014	0.581148888
5.871745000	0.696516812	0.591804062
5.871746000	0.662301421	0.578513557
5.871747000	0.648927212	0.585396497
5.871748000	0.609992504	0.585617472
5.871749000	0.650099158	0.586738863
5.871750000	0.689914346	0.582373010
5.871751000	0.678014398	0.580019508
5.871752000	0.693029523	0.582850581
5.871753000	0.661056697	0.573431446
5.871754000	0.661631644	0.580009987
5.871755000	0.726257980	0.575007705
5.871756000	0.716916800	0.577786114
5.871757000	0.727679968	0.568387619
5.871758000	0.735192537	0.569778788
5.871759000	0.634520531	0.561688637
5.871760000	0.698190212	0.567546193
5.871761000	0.769615650	0.563976426
5.871762000	0.683226347	0.564522174
5.871763000	0.756831467	0.556824340
5.871764000	0.767361104	0.563812375
5.871765000	0.743873000	0.560724972
5.871766000	0.764332831	0.557075976
5.871767000	0.676426411	0.567796730
5.871768000	0.735025108	0.551572320
5.871769000	0.736243367	0.564507527
5.871770000	0.769077122	0.553009162
5.871771000	0.774604261	0.558644511
5.871772000	0.716622829	0.560754267
5.871773000	0.753193378	0.554536884
5.871774000	0.682694912	0.550221498
5.871775000	0.706620932	0.551838270
5.871776000	0.788281024	0.558919549
5.871777000	0.685754418	0.554250728
5.871778000	0.751809418	0.548964320
5.871779000	0.751923263	0.546801034
5.871780000	0.716940641	0.554132117
5.871781000	0.727716863	0.553283468
5.871782000	0.723057926	0.543395949
5.871783000	0.741374195	0.549824254
5.871784000	0.722510099	0.549533371
5.871785000	0.783738077	0.539938933
5.871786000	0.852743924	0.541691127
5.871787000	0.771719217	0.548292171
5.871788000	0.735078752	0.548630526
5.871789000	0.779626429	0.544721205
5.871790000	0.724859476	0.537757705
5.871791000	0.844431341	0.539584633
5.871792000	0.709534407	0.541930845
5.871793000	0.815710604	0.530956024
5.871794000	0.725789607	0.541765229
5.871795000	0.730621874	0.538776763
5.871796000	0.824121237	0.535486161
5.871797000	0.797038555	0.529994956
5.871798000	0.754440665	0.536888848
5.871799000	0.781242371	0.540732089
5.871800000	0.811911404	0.527738227
5.871801000	0.820219994	0.527559395
5.871802000	0.768380702	0.531926580
5.871803000	0.795301378	0.524877259
5.871804000	0.808127046	0.514684044
5.871805000	0.844475627	0.526135736
5.871806000	0.766673803	0.523701507
5.871807000	0.831230342	0.523583829
5.871808000	0.722964883	0.521430263
5.871809000	0.788057148	0.513977307
5.871810000	0.782861173	0.518645229
5.871811000	0.777648389	0.516570927
5.871812000	0.769303083	0.519959333
5.871813000	0.831901133	0.512710408
5.871814000	0.777137280	0.518589869
5.871815000	0.755736589	0.524227848
5.871816000	0.801748931	0.515069503
5.871817000	0.783869207	0.512306473
5.871818000	0.848458588	0.518695763
5.871819000	0.852236271	0.512189627
5.871820000	0.814971209	0.522333508
5.871821000	0.807000637	0.508583441
5.871822000	0.824317217	0.522182640
5.871823000	0.807951927	0.509117904
5.871824000	0.869963527	0.511803569
5.871825000	0.846933603	0.513550769
5.871826000	0.801970303	0.514252145
5.871827000	0.817642450	0.510180072
5.871828000	0.766274214	0.505415610
5.871829000	0.819340825	0.514915006
5.871830000	0.798950016	0.500479941
5.871831000	0.832186937	0.501813286
5.871832000	0.823109746	0.502937872
5.871833000	0.880708277	0.504828450
5.871834000	0.822802365	0.502494389
5.871835000	0.845869243	0.498664664
5.871836000	0.831134677	0.503354856
5.871837000	0.848734558	0.507871444
5.871838000	0.813585162	0.495577161
5.871839000	0.824801624	0.498679511
5.871840000	0.840217531	0.501381654
5.871841000	0.828197420	0.497532121
5.871842000	0.834311545	0.498602312
5.871843000	0.879225612	0.496595154
5.871844000	0.817841947	0.491810885
5.871845000	0.824099481	0.496971326
5.871846000	0.871329010	0.495503025
5.871847000	0.890980124	0.492199540
5.871848000	0.882702649	0.490629507
5.871849000	0.848321021	0.488836534
5.871850000	0.873077869	0.483162236
5.871851000	0.869373083	0.496098941
5.871852000	0.843671441	0.493690245
5.871853000	0.840117216	0.496439892
5.871854000	0.835981429	0.496347747
5.871855000	0.875145018	0.488327737
5.871856000	0.859371126	0.485193130
5.871857000	0.822658598	0.485328185
5.871858000	0.863469720	0.488054730
5.871859000	0.847627640	0.484467085
5.871860000	0.831142128	0.493499030
5.871861000	0.857331753	0.492743424
5.871862000	0.877931654	0.489069893
5.871863000	0.839061856	0.486056527
5.871864000	0.867158830	0.484910002
5.871865000	0.850856602	0.486724847
5.871866000	0.843643844	0.479959619
5.871867000	0.902144134	0.480968258
5.871868000	0.834945083	0.483170858
5.871869000	0.840960860	0.472628735
5.871870000	0.895875514	0.484190949
5.871871000	0.847066760	0.478351702
5.871872000	0.857348263	0.477850695
5.871873000	0.831183136	0.473642800
5.871874000	0.850956380	0.480573045
5.871875000	0.851221383	0.477671464
5.871876000	0.854599535	0.465881583
5.871877000	0.894992471	0.469063095
5.871878000	0.927964330	0.478823847
5.871879000	0.826476395	0.472231225
5.871880000	0.924463809	0.473462638
5.871881000	0.828400314	0.472445110
5.871882000	0.869927108	0.475118092
5.871883000	0.820355594	0.464021465
5.871884000	0.841881216	0.471946600
5.871885000	0.874828815	0.474620047
5.871886000	0.852723777	0.470625905
5.871887000	0.892344832	0.475327083
5.871888000	0.886816800	0.474777706
5.871889000	0.884581089	0.470222669
5.871890000	0.841915965	0.465187896
5.871891000	0.934913039	0.467157071
5.871892000	0.837480426	0.474412454
5.871893000	0.905782998	0.467024745
5.871894000	0.876261830	0.465300914
5.871895000	0.913342237	0.472349370
5.871896000	0.873285174	0.463633010
5.871897000	0.867375791	0.461700321
5.871898000	0.895357132	0.459709474
5.871899000	0.882643938	0.453874655
5.871900000	0.887201309	0.462847810
5.871901000	0.935787141	0.462301396
5.871902000	0.928546250	0.449988337
5.871903000	0.909770072	0.465608410
5.871904000	0.882682979	0.458594043
5.871905000	0.865638196	0.459853119
5.871906000	0.865581334	0.457651250
5.871907000	0.904830039	0.455657974
5.871908000	0.844760180	0.460279424
5.871909000	0.810463607	0.449483568
5.871910000	0.927693486	0.456459752
5.871911000	0.851817429	0.452085277
5.871912000	0.889911175	0.464121334
5.871913000	0.844456911	0.459431274
5.871914000	0.874142230	0.452019264
5.871915000	0.924511909	0.451856811
5.871916000	0.951323569	0.459070549
5.871917000	0.881976664	0.459962708
5.871918000	0.887764037	0.454428393
5.871919000	0.834857166	0.453752982
5.871920000	0.882855415	0.448240871
5.871921000	0.884787142	0.449861637
5.871922000	0.911657095	0.453515295
5.871923000	0.876105249	0.450268901
5.871924000	0.908362448	0.446108378
5.871925000	0.849304199	0.448798171
5.871926000	0.945873857	0.448571602
5.871927000	0.868460417	0.445154533
5.871928000	0.914570689	0.444055181
5.871929000	0.880164742	0.451775618
5.871930000	0.877151370	0.444169230
5.871931000	0.845669150	0.454272232
5.871932000	0.918989241	0.444397896
5.871933000	0.877582610	0.450699268
5.871934000	0.919267416	0.442473729
5.871935000	0.921090364	0.443456003
5.871936000	0.990724444	0.447116584
5.871937000	0.921136439	0.449455172
5.871938000	0.901816308	0.439334395
5.871939000	0.911708295	0.442696636
5.871940000	0.913790822	0.446593506
5.871941000	0.904548943	0.442485347
5.871942000	0.915137768	0.445481936
5.871943000	0.945924222	0.443076369
5.871944000	0.919694424	0.447723785
5.871945000	0.863518059	0.440670636
5.871946000	0.916666687	0.437846986
5.871947000	0.847769022	0.438639842
5.871948000	0.985246360	0.444253919
5.871949000	0.925330579	0.437490455
5.871950000	0.911127806	0.440823534
5.871951000	0.840382993	0.434980026
5.871952000	0.913619936	0.446589911
5.871953000	0.905234516	0.439652809
5.871954000	0.902453959	0.437925616
5.871955000	0.942140102	0.438692606
5.871956000	0.946950376	0.432718470
5.871957000	0.900321484	0.434691240
5.871958000	0.883896291	0.436972404
5.871959000	0.952316105	0.437738495
5.871960000	0.941971123	0.438402255
5.871961000	0.879339278	0.435787563
5.871962000	0.897547841	0.438723832
5.871963000	0.917816460	0.435431932
5.871964000	0.932824790	0.430983820
5.871965000	0.952353060	0.431188451
5.871966000	0.880229712	0.436912017
5.871967000	0.886642992	0.429647646
5.871968000	0.947525382	0.431735597
5.871969000	0.894360542	0.434012001
5.871970000	0.883345425	0.429484061
5.871971000	0.924721360	0.428159970
5.871972000	0.913387656	0.428963280
5.871973000	0.904646873	0.430983654
5.871974000	0.972985446	0.429489354
5.871975000	0.936886966	0.428028677
5.871976000	0.930941164	0.421194872
5.871977000	0.960760534	0.424395892
5.871978000	0.948426604	0.429324205
5.871979000	0.933094382	0.425018073
5.871980000	0.856684327	0.428513305
5.871981000	0.939105809	0.427961898
5.871982000	0.985018551	0.430575158
5.871983000	0.941268742	0.427774944
5.871984000	0.882529914	0.424833949
5.871985000	0.940567791	0.420450319
5.871986000	0.931364477	0.421468279
5.871987000	0.963780582	0.421460423
5.871988000	0.911215007	0.425318943
5.871989000	0.957920372	0.424269458
5.871990000	0.916432142	0.414246319
5.871991000	0.932507336	0.421815022
5.871992000	0.919526935	0.423520810
5.871993000	0.931923509	0.422530114
5.871994000	0.935456097	0.420195121
5.871995000	1.001525044	0.422227879
5.871996000	0.962171316	0.420294124
5.871997000	0.938572109	0.423534393
5.871998000	0.956712186	0.414656445
5.871999000	0.960921347	0.422039760
5.872000000	0.963567257	0.416912176
5.872001000	0.937695384	0.416064525
5.872002000	0.935862899	0.411171233
5.872003000	0.935887337	0.416178642
5.872004000	0.944142222	0.424759114
5.872005000	0.879366398	0.422599723
5.872006000	0.913639426	0.415831765
5.872007000	0.943832755	0.416415696
5.872008000	0.975707889	0.412796960
5.872009000	0.920963407	0.410427978
5.872010000	0.974679232	0.418191193
5.872011000	0.902746201	0.418985214
5.872012000	0.923031330	0.413865287
5.872013000	0.999613166	0.414710974
5.872014000	0.908444226	0.407018666
5.872015000	0.935871422	0.419817385
5.872016000	0.948641062	0.419417112
5.872017000	0.909627080	0.414394290
5.872018000	0.929728389	0.411753567
5.872019000	0.960397959	0.416348984
5.872020000	0.971390367	0.413270070
5.872021000	0.957684994	0.416720262
5.872022000	0.893916309	0.404858010
5.872023000	0.900030613	0.403496768
5.872024000	0.948145092	0.414269655
5.872025000	0.922180057	0.416074412
5.872026000	0.949397683	0.405490544
5.872027000	0.934212804	0.412465962
5.872028000	0.981001437	0.413151759
5.872029000	0.915952504	0.420634443
5.872030000	0.945245385	0.412637104
5.872031000	0.948224008	0.413444607
5.872032000	0.929919481	0.406413529
5.872033000	0.852968574	0.410985877
5.872034000	0.907309055	0.408460002
5.872035000	1.005039096	0.407133082
5.872036000	0.914463341	0.411314578
5.872037000	0.894962013	0.408123112
5.872038000	0.930069447	0.401201723
5.872039000	0.933610737	0.410490229
5.872040000	0.970893085	0.404932645
5.872041000	0.959023297	0.407801635
5.872042000	0.914854050	0.408869796
5.872043000	0.969952822	0.411331888
5.872044000	0.888273895	0.408416792
5.872045000	0.946787715	0.409968816
5.872046000	0.945247233	0.403135045
5.872047000	0.912190378	0.401959192
5.872048000	0.927871406	0.399716178
5.872049000	0.962490261	0.405641412
5.872050000	0.881549954	0.405542442
5.872051000	0.932479501	0.405543474
5.872052000	0.901895106	0.401676564
5.872053000	0.906443954	0.406119916
5.872054000	0.890075803	0.405400729
5.872055000	0.904993117	0.397011239
5.872056000	0.912301958	0.397944410
5.872057000	0.963946640	0.392619520
5.872058000	0.958505929	0.399516108
5.872059000	0.948446691	0.402344918
5.872060000	0.930549800	0.408465228
5.872061000	1.027644753	0.398979415
5.872062000	0.946061373	0.402275609
5.872063000	0.924156249	0.397287509
5.872064000	0.970933318	0.402389393
5.872065000	0.896731675	0.404364626
5.872066000	0.954050124	0.395827397
5.872067000	0.950840890	0.400086824
5.872068000	1.000283122	0.402467324
5.872069000	0.925770819	0.396998689
5.872070000	0.968492210	0.395298360
5.872071000	0.953986645	0.395113137
5.872072000	0.931165576	0.396048706
5.872073000	0.963610888	0.395128084
5.872074000	0.910012662	0.394424610
5.872075000	0.884684086	0.397537946
5.872076000	0.897271574	0.397009841
5.872077000	0.881676793	0.395703593
5.872078000	0.998933971	0.388949650
5.872079000	0.986435294	0.400353273
5.872080000	0.943648458	0.393448229
5.872081000	0.931963623	0.393451857
5.872082000	0.901079059	0.394415489
5.872083000	0.962834001	0.395900568
5.872084000	0.929899931	0.389892443
5.872085000	0.954444766	0.401071528
5.872086000	0.954628587	0.393474694
5.872087000	0.954949439	0.399563979
5.872088000	0.919570446	0.398651047
5.872089000	0.950547755	0.405109679
5.872090000	0.970993936	0.395147792
5.872091000	0.968212664	0.391349292
5.872092000	0.941744506	0.391689610
5.872093000	0.936400950	0.387406149
5.872094000	0.930523932	0.393505087
5.872095000	1.012127757	0.393005312
5.872096000	0.914057612	0.394877215
5.872097000	0.953086972	0.393215302
5.872098000	0.979902983	0.394930844
5.872099000	0.892084658	0.384501839
5.872100000	0.964413822	0.393192898
5.872101000	0.917738199	0.390305033
5.872102000	0.963433087	0.386398842
5.872103000	0.966391563	0.393629923
5.872104000	0.971934855	0.387821236
5.872105000	0.937495410	0.387717373
5.872106000	0.966827095	0.392569985
5.872107000	0.935633957	0.393302321
5.872108000	1.008156896	0.387519200
5.872109000	0.956274927	0.386290983
5.872110000	1.006359458	0.388586562
5.872111000	0.960786283	0.384351803
5.872112000	0.904701173	0.390399941
5.872113000	0.913338006	0.384744719
5.872114000	0.911294580	0.387694503
5.872115000	0.956676900	0.385554719
5.872116000	0.950503111	0.384154130
5.872117000	0.896222115	0.381120623
5.872118000	0.987185061	0.388077232
5.872119000	0.893200994	0.389314936
5.872120000	0.938600361	0.383799996
5.872121000	0.986805499	0.380802841
5.872122000	0.970839262	0.387815776
5.872123000	0.991563380	0.384999583
5.872124000	0.970460534	0.385182576
5.872125000	1.012752891	0.388862698
5.872126000	0.988616586	0.384438555
5.872127000	0.968244016	0.388306031
5.872128000	0.951003611	0.379911315
5.872129000	0.910408378	0.383518500
5.872130000	0.919032216	0.380113182
5.872131000	0.960105240	0.379147220
5.872132000	0.957415164	0.376303730
5.872133000	0.964933872	0.382582532
5.872134000	0.955672204	0.380779738
5.872135000	0.911473215	0.381196423
5.872136000	0.889294147	0.384008421
5.872137000	0.917662621	0.372915390
5.872138000	0.923981845	0.382063781
5.872139000	0.961082995	0.380951812
5.872140000	0.966493309	0.383225519
5.872141000	0.922061384	0.386202833
5.872142000	0.944216073	0.387861683
5.872143000	0.876415551	0.382677573
5.872144000	0.930465162	0.382283026
5.872145000	0.928303421	0.384741223
5.872146000	0.960943580	0.384895154
5.872147000	0.971055448	0.380156658
5.872148000	0.945587635	0.381940976
5.872149000	0.916970432	0.381313702
5.872150000	0.981544852	0.391668838
5.872151000	0.900741816	0.384019074
5.872152000	0.933396161	0.383051980
5.872153000	0.933771491	0.376133521
5.872154000	0.955250978	0.382240715
5.872155000	0.984893978	0.381146389
5.872156000	0.926786542	0.377553052
5.872157000	1.008138537	0.385411708
5.872158000	1.010169029	0.383945737
5.872159000	0.894827485	0.377501021
5.872160000	0.927542210	0.374275200
5.872161000	0.961312294	0.376819484
5.872162000	0.949422896	0.370767750
5.872163000	0.939625919	0.369179807
5.872164000	0.994858682	0.381125083
5.872165000	0.938192427	0.374947548
5.872166000	0.971900463	0.373976160
5.872167000	0.916882932	0.374894352
5.872168000	0.959321916	0.377149683
5.872169000	1.003728032	0.380183656
5.872170000	0.962508023	0.372917188
5.872171000	0.909394085	0.370367144
5.872172000	0.953832746	0.369443693
5.872173000	0.919472337	0.372307191
5.872174000	0.965590119	0.372891255
5.872175000	0.945422351	0.377625623
5.872176000	0.980674207	0.369972730
5.872177000	0.993486345	0.377699859
5.872178000	1.009275079	0.369893335
5.872179000	0.940746129	0.374100763
5.872180000	0.949335277	0.373142458
5.872181000	0.941079855	0.375790006
5.872182000	0.938810289	0.373012362
5.872183000	1.002378225	0.369922863
5.872184000	0.915465593	0.377872032
5.872185000	0.965207577	0.367946830
5.872186000	0.961035311	0.372580597
5.872187000	0.939626694	0.377731717
5.872188000	0.956702054	0.364931766
5.872189000	0.926573098	0.366874708
5.872190000	0.941628993	0.373622060
5.872191000	0.929136872	0.368883897
5.872192000	0.928481817	0.367030437
5.872193000	0.919696748	0.368867052
5.872194000	0.963220835	0.369974128
5.872195000	0.948770821	0.371506278
5.872196000	0.934358597	0.365055969
5.872197000	0.962741613	0.369028706
5.872198000	0.948821962	0.365531909
5.872199000	0.980341852	0.366088610
5.872200000	0.880732417	0.367662272
5.872201000	0.957311213	0.372798144
5.872202000	1.002594829	0.365802120
5.872203000	0.922069609	0.370506727
5.872204000	0.926916361	0.368343342
5.872205000	0.991438568	0.365489365
5.872206000	0.874782681	0.369611306
5.872207000	0.965671003	0.365695660
5.872208000	0.972542405	0.373333340
5.872209000	0.932523251	0.373335903
5.872210000	0.882091463	0.367068753
5.872211000	0.944733441	0.367011395
5.872212000	0.965356648	0.362523036
5.872213000	0.970969081	0.370981802
5.872214000	0.997189462	0.359951721
5.872215000	0.951536834	0.366547938
5.872216000	0.970352590	0.361469423
5.872217000	0.970752418	0.365227477
5.872218000	0.889515698	0.366327096
5.872219000	0.933526337	0.362657060
5.872220000	0.931870878	0.372179159
5.872221000	0.958385646	0.367410703
5.872222000	0.991228521	0.367449085
5.872223000	1.015281916	0.364179023
5.872224000	0.919978917	0.356758857
5.872225000	0.928413570	0.363770028
5.872226000	0.929271817	0.359787337
5.872227000	0.951167524	0.362748806
5.872228000	0.936882436	0.364541413
5.872229000	0.880723298	0.364589649
5.872230000	0.930717528	0.357644791
5.872231000	0.976233661	0.362851637
5.872232000	0.894941866	0.363756080
5.872233000	0.988377213	0.368731031
5.872234000	0.900959611	0.365077341
5.872235000	0.946660280	0.368289046
5.872236000	0.917099893	0.364770212
5.872237000	0.904502928	0.363616098
5.872238000	0.921041608	0.361132533
5.872239000	0.960284114	0.359408636
5.872240000	0.929262221	0.356213642
5.872241000	0.936698318	0.359195150
5.872242000	0.916682959	0.363681578
5.872243000	0.953649759	0.352097327
5.872244000	0.942970157	0.357158132
5.872245000	0.976448715	0.363511202
5.872246000	0.957727492	0.357944164
5.872247000	0.976398587	0.365093320
5.872248000	0.913001478	0.358387880
5.872249000	0.911128223	0.358230021
5.872250000	0.909411669	0.364881033
5.872251000	0.959799767	0.365146050
5.872252000	0.954396367	0.362985727
5.872253000	0.945816636	0.352390041
5.872254000	0.917405963	0.353707574
5.872255000	0.964976788	0.354359050
5.872256000	0.991923928	0.360459553
5.872257000	0.966616452	0.350857425
5.872258000	0.916621983	0.355742096
5.872259000	0.920294762	0.357523717
5.872260000	0.940828145	0.356093000
5.872261000	0.972279787	0.351009292
5.872262000	0.970772862	0.349286626
5.872263000	0.912533104	0.357683041
5.872264000	0.944776297	0.344909089
5.872265000	0.968399286	0.355179270
5.872266000	0.890766799	0.357239058
5.872267000	0.968107760	0.351733106
5.872268000	0.935009599	0.355263792
5.872269000	0.995603204	0.350724068
5.872270000	0.989830732	0.359889969
5.872271000	0.920159638	0.359506108
5.872272000	1.021144152	0.351385464
5.872273000	1.012329817	0.354493439
5.872274000	0.984162092	0.357681509
5.872275000	0.983472049	0.355621388
5.872276000	0.981513441	0.354827733
5.872277000	0.947271824	0.350628527
5.872278000	0.968399227	0.358975806
5.872279000	0.912779987	0.358477994
5.872280000	0.940879941	0.349969528
5.872281000	0.966841638	0.354362978
5.872282000	0.942965031	0.351524015
5.872283000	0.966768384	0.345888932
5.872284000	0.961119235	0.348770872
5.872285000	0.972671747	0.353891332
5.872286000	0.944959283	0.351875619
5.872287000	0.927137375	0.358372999
5.872288000	0.932962656	0.355735138
5.872289000	1.031231403	0.351666394
5.872290000	0.994539618	0.353030765
5.872291000	0.888870478	0.353793760
5.872292000	0.969778717	0.348988752
5.872293000	0.958090842	0.353028068
5.872294000	0.953252316	0.355361097
5.872295000	0.973047912	0.356784124
5.872296000	0.926746726	0.351246846
5.872297000	0.976486444	0.356958628
5.872298000	0.975790799	0.354454757
5.872299000	0.956514895	0.346918344
5.872300000	0.978044689	0.350690479
5.872301000	0.882958412	0.344988418
5.872302000	0.970404088	0.350186009
5.872303000	0.917942226	0.350978832
5.872304000	0.854205668	0.354700567
5.872305000	0.951283395	0.343696219
5.872306000	0.933912575	0.352589679
5.872307000	0.921531558	0.350402990
5.872308000	0.944896638	0.348119030
5.872309000	0.939250112	0.350298994
5.872310000	0.965316772	0.353172678
5.872311000	0.916322768	0.346732322
5.872312000	0.906027675	0.351747587
5.872313000	0.945543826	0.349803779
5.872314000	0.905770838	0.349130465
5.872315000	0.957667410	0.351383267
5.872316000	0.989377141	0.344839447
5.872317000	0.951958120	0.349510099
5.872318000	0.924532831	0.349693790
5.872319000	0.959963500	0.345095976
5.872320000	0.972489595	0.340720369
5.872321000	0.929114759	0.351156066
5.872322000	0.998483002	0.343385161
5.872323000	0.951355278	0.347974820
5.872324000	1.006132960	0.341480036
5.872325000	0.875797629	0.349974554
5.872326000	0.931486726	0.346451825
5.872327000	0.977082193	0.351160893
5.872328000	0.962536335	0.347223509
5.872329000	0.968423605	0.347298077
5.872330000	0.991063297	0.349708737
5.872331000	0.876386464	0.346567872
5.872332000	0.900730491	0.342569369
5.872333000	0.941708863	0.338458746
5.872334000	0.903714597	0.342498262
5.872335000	0.952732205	0.354326326
5.872336000	0.994693875	0.345507201
5.872337000	0.916946828	0.347532835
5.872338000	0.939222395	0.336506050
5.872339000	0.927597046	0.344492737
5.872340000	0.965843737	0.345781640
5.872341000	0.996398926	0.338368165
5.872342000	0.925015688	0.344884554
5.872343000	0.964078665	0.344562611
5.872344000	0.989176810	0.345912501
5.872345000	0.948320270	0.349977817
5.872346000	0.960152924	0.346887817
5.872347000	1.007590175	0.342695835
5.872348000	0.965513408	0.343496648
5.872349000	0.983506024	0.346316070
5.872350000	0.935539484	0.343086987
5.872351000	0.976794779	0.345143813
5.872352000	0.959809184	0.340831656
5.872353000	0.973998010	0.340999568
5.872354000	0.968460798	0.338479053
5.872355000	0.925188124	0.338502122
5.872356000	0.919689000	0.343119311
5.872357000	0.911358058	0.344098056
5.872358000	0.953945160	0.346362442
5.872359000	0.886248589	0.339653473
5.872360000	0.923474252	0.339439322
5.872361000	0.993212104	0.340344297
5.872362000	0.965799928	0.343193147
5.872363000	0.938378155	0.342273292
5.872364000	1.003826737	0.336955358
5.872365000	0.907166243	0.341766825
5.872366000	0.959904015	0.344981294
5.872367000	0.971244812	0.341146874
5.872368000	0.926929951	0.343454537
5.872369000	0.905277133	0.343683901
5.872370000	0.950839818	0.341577175
5.872371000	0.899485230	0.338203981
5.872372000	0.962051809	0.344221461
5.872373000	0.964898229	0.344798268
5.872374000	0.996645510	0.338118361
5.872375000	0.977799892	0.338122888
5.872376000	0.997582138	0.338045657
5.872377000	0.897340715	0.342117896
5.872378000	0.945374072	0.339088684
5.872379000	0.912808359	0.336966843
5.872380000	0.963446379	0.337418915
5.872381000	0.981662869	0.333946952
5.872382000	0.963487506	0.338590672
5.872383000	0.973518491	0.335333360
5.872384000	0.927656949	0.338823666
5.872385000	0.921449959	0.338234242
5.872386000	0.922379911	0.340701594
5.872387000	0.960179210	0.337980409
5.872388000	0.921473503	0.338654655
5.872389000	0.920828819	0.340583849
5.872390000	0.936093509	0.330382943
5.872391000	0.938773453	0.335293313
5.872392000	0.924382329	0.334041461
5.872393000	0.934447408	0.335063049
5.872394000	0.950647771	0.340296094
5.872395000	0.938577235	0.340959255
5.872396000	0.997214735	0.334367831
5.872397000	0.972309649	0.334947069
5.872398000	0.900836766	0.328584411
5.872399000	0.969007015	0.337034721
5.872400000	1.000327706	0.335543950
5.872401000	0.894807339	0.342632219
5.872402000	0.954936087	0.334376120
5.872403000	0.950099945	0.338004877
5.872404000	0.943225980	0.339300438
5.872405000	1.001308441	0.334883752
5.872406000	0.982665241	0.333654537
5.872407000	1.001430511	0.340755889
5.872408000	0.964497805	0.333714990
5.872409000	0.982667089	0.339332063
5.872410000	0.922293425	0.340955426
5.872411000	0.965432227	0.336563774
5.872412000	0.972716928	0.335076498
5.872413000	0.933749080	0.333871251
5.872414000	0.960815787	0.332898965
5.872415000	0.946081817	0.337138417
5.872416000	0.930342972	0.329181691
5.872417000	0.949737012	0.337057158
5.872418000	0.946172774	0.335837896
5.872419000	0.944254875	0.332420195
5.872420000	0.931726515	0.331790457
5.872421000	0.929863989	0.330426785
5.872422000	0.906409621	0.334594033
5.872423000	1.020897388	0.326588471
5.872424000	0.912680745	0.338020123
5.872425000	0.911306262	0.332533446
5.872426000	0.986809492	0.332167694
5.872427000	0.908257663	0.333555467
5.872428000	0.890209317	0.334456281
5.872429000	0.961731374	0.329343212
5.872430000	0.972694457	0.334366033
5.872431000	0.914426684	0.334421327
5.872432000	0.925010145	0.328399387
5.872433000	0.995348334	0.334614406
5.872434000	0.943878770	0.337824148
5.872435000	0.960074067	0.330865574
5.872436000	0.946620584	0.329933102
5.872437000	0.960429549	0.337258892
5.872438000	0.961815000	0.336075383
5.872439000	0.907180846	0.330259239
5.872440000	0.952804089	0.334877460
5.872441000	0.974282801	0.330694233
5.872442000	0.938386559	0.335414853
5.872443000	0.959567547	0.329486823
5.872444000	0.975478172	0.328359673
5.872445000	0.886998355	0.337556966
5.872446000	0.984470844	0.329772547
5.872447000	0.951940238	0.328812976
5.872448000	0.947148085	0.329226465
5.872449000	0.985054553	0.331246506
5.872450000	0.970622957	0.327168974
5.872451000	0.962018371	0.324067223
5.872452000	0.943289816	0.334529418
5.872453000	0.949878633	0.332447825
5.872454000	0.966411293	0.326027343
5.872455000	0.924062967	0.339290318
5.872456000	0.956342518	0.327701140
5.872457000	0.965216458	0.326054041
5.872458000	0.973185122	0.327917855
5.872459000	0.989247620	0.324023747
5.872460000	0.958315194	0.332147387
5.872461000	0.987501383	0.330593932
5.872462000	0.911548913	0.332157108
5.872463000	0.997916520	0.329906703
5.872464000	0.907315254	0.330436772
5.872465000	0.979667306	0.332329914
5.872466000	0.911467314	0.331842722
5.872467000	0.934342563	0.330135569
5.872468000	0.947326541	0.329156990
5.872469000	1.028702497	0.325556596
5.872470000	0.964427233	0.325252796
5.872471000	0.983374953	0.326029141
5.872472000	0.989020646	0.322701388
5.872473000	0.952427685	0.327987962
5.872474000	0.929695547	0.325080856
5.872475000	0.982489884	0.328741970
5.872476000	1.009112954	0.328177113
5.872477000	0.951663315	0.328636475
5.872478000	0.956339836	0.322683545
5.872479000	0.982252061	0.324523556
5.872480000	0.917356551	0.327245639
5.872481000	0.961461961	0.327551404
5.872482000	0.962098300	0.321142240
5.872483000	0.960131168	0.334677723
5.872484000	0.955488980	0.327158488
5.872485000	1.018306494	0.324989409
5.872486000	0.978008091	0.317484255
5.872487000	0.964745283	0.322687273
5.872488000	0.951075494	0.318611039
5.872489000	0.992722332	0.324409173
5.872490000	0.894001782	0.322750124
5.872491000	0.980795562	0.329675375
5.872492000	0.869009972	0.320008433
5.872493000	0.990452409	0.324953889
5.872494000	0.959016383	0.334260639
5.872495000	0.969930708	0.325014044
5.872496000	1.002650619	0.330333775
5.872497000	0.965108335	0.323785627
5.872498000	0.983455598	0.321955070
5.872499000	0.958864272	0.328003642
5.872500000	0.933354259	0.325852473
5.872501000	0.922505200	0.320490997
5.872502000	0.931007445	0.320289196
5.872503000	0.943294287	0.318839738
5.872504000	0.966011226	0.322491697
5.872505000	0.965741098	0.333101531
5.872506000	0.921669185	0.318297551
5.872507000	0.943373501	0.324815572
5.872508000	0.931759894	0.330644499
5.872509000	0.875220776	0.318532542
5.872510000	0.928672075	0.321523106
5.872511000	1.000010133	0.322364398
5.872512000	0.973123908	0.323041607
5.872513000	0.946221173	0.321020534
5.872514000	0.978207886	0.322786975
5.872515000	0.920842409	0.317534988
5.872516000	0.952128470	0.313078022
5.872517000	0.953144789	0.323152294
5.872518000	0.987014353	0.321630031
5.872519000	0.903095722	0.322273518
5.872520000	0.902398646	0.323231690
5.872521000	0.962637722	0.325466515
5.872522000	0.912523687	0.325967888
5.872523000	0.948033750	0.314901688
5.872524000	0.944507420	0.325629434
5.872525000	1.002369881	0.319466413
5.872526000	0.928674519	0.321226862
5.872527000	0.929964185	0.320205007
5.872528000	0.898289382	0.324270389
5.872529000	0.969367027	0.325430895
5.872530000	0.935312390	0.328136600
5.872531000	0.947991848	0.323324002
5.872532000	0.934584558	0.323997249
5.872533000	0.930906057	0.320176744
5.872534000	0.926511705	0.315813954
5.872535000	0.990389943	0.325826574
5.872536000	0.976649284	0.321711058
5.872537000	0.976706266	0.322818167
5.872538000	0.947068751	0.318964007
5.872539000	0.972723365	0.319629132
5.872540000	0.970980227	0.314879883
5.872541000	0.968043089	0.326480746
5.872542000	0.964267671	0.319477631
5.872543000	1.055752158	0.328552186
5.872544000	0.920000136	0.321046999
5.872545000	0.972667515	0.319530295
5.872546000	1.035390496	0.322304643
5.872547000	0.949456692	0.316106935
5.872548000	0.931912363	0.313769179
5.872549000	0.997174084	0.321998380
5.872550000	0.976611316	0.315557958
5.872551000	0.917687416	0.323992721
5.872552000	0.971672475	0.310901254
5.872553000	0.904824317	0.314679447
5.872554000	0.936591983	0.322750390
5.872555000	0.936264634	0.321171868
5.872556000	0.934303880	0.321591715
5.872557000	0.997664928	0.316269288
5.872558000	0.923533380	0.315217639
5.872559000	0.946454942	0.317617846
5.872560000	0.964830697	0.313810058
5.872561000	0.990550816	0.321249965
5.872562000	0.937000275	0.323205458
5.872563000	0.965133190	0.313796776
5.872564000	0.950659692	0.314996830
5.872565000	0.926881313	0.314723256
5.872566000	0.903617859	0.316769030
5.872567000	0.927220702	0.313827236
5.872568000	0.932162762	0.322200847
5.872569000	0.955218434	0.321374767
5.872570000	0.946058929	0.322137830
