D:\KID metingen\Entropy ADR\LT343chip5_BF_20240530_mapping\S21\Power\KID62_110dBm_.dat
Power at KID:110dBm
resonance Frequency in GHz :5.913394
Q=52798.160712, Qc=58803.048162, Qi=517027.640111  S21min=-19.817899


Temperature in K:0.100024
GHz	dB	Rad
5.912484000	0.792079747	0.503160912
5.912485000	0.807154953	0.502397716
5.912486000	0.768229604	0.500314126
5.912487000	0.832946777	0.494077835
5.912488000	0.801434755	0.497799269
5.912489000	0.806188166	0.493664279
5.912490000	0.796958447	0.495797338
5.912491000	0.823387146	0.491517205
5.912492000	0.828352928	0.495919943
5.912493000	0.855970144	0.487697234
5.912494000	0.815737665	0.493082778
5.912495000	0.794162989	0.490901849
5.912496000	0.847214758	0.483253283
5.912497000	0.815113306	0.484434462
5.912498000	0.826229274	0.480929509
5.912499000	0.829879701	0.484240517
5.912500000	0.823168814	0.479544299
5.912501000	0.826863289	0.479482380
5.912502000	0.822298288	0.479397259
5.912503000	0.851029992	0.480259790
5.912504000	0.850008488	0.475324354
5.912505000	0.829128861	0.471947499
5.912506000	0.833196402	0.471651821
5.912507000	0.847143412	0.475075881
5.912508000	0.842404187	0.469527085
5.912509000	0.844238281	0.473659745
5.912510000	0.830571473	0.472564686
5.912511000	0.879432738	0.469413767
5.912512000	0.840870619	0.465420091
5.912513000	0.846171439	0.470037047
5.912514000	0.911031008	0.464785060
5.912515000	0.864862561	0.463803019
5.912516000	0.893824339	0.460808628
5.912517000	0.862034798	0.462614617
5.912518000	0.868928492	0.459807346
5.912519000	0.875258386	0.457967268
5.912520000	0.859976888	0.455726950
5.912521000	0.866142988	0.450618142
5.912522000	0.918414056	0.457339228
5.912523000	0.886189699	0.455350213
5.912524000	0.879268825	0.452894179
5.912525000	0.912365735	0.455789268
5.912526000	0.843311429	0.451475813
5.912527000	0.877692878	0.447919294
5.912528000	0.880970657	0.453112225
5.912529000	0.894648314	0.447418587
5.912530000	0.854783475	0.449208697
5.912531000	0.861537039	0.442807123
5.912532000	0.875777364	0.447355170
5.912533000	0.884795904	0.450016201
5.912534000	0.890613616	0.441545118
5.912535000	0.880472600	0.441509565
5.912536000	0.887243867	0.439507001
5.912537000	0.909123123	0.442239437
5.912538000	0.880421281	0.437559298
5.912539000	0.899427056	0.436126184
5.912540000	0.880242050	0.437623247
5.912541000	0.876873016	0.435675478
5.912542000	0.880710721	0.437740060
5.912543000	0.879419684	0.433994790
5.912544000	0.896777034	0.432858819
5.912545000	0.903461218	0.433840493
5.912546000	0.878225982	0.428368529
5.912547000	0.852553546	0.433864195
5.912548000	0.924604237	0.435743788
5.912549000	0.878322065	0.430629253
5.912550000	0.894136548	0.431545447
5.912551000	0.922502339	0.429762228
5.912552000	0.891511858	0.429895419
5.912553000	0.880056858	0.428598693
5.912554000	0.873422444	0.428650358
5.912555000	0.911836267	0.425798645
5.912556000	0.932822347	0.423011714
5.912557000	0.904982746	0.422393827
5.912558000	0.917657435	0.425291346
5.912559000	0.889671266	0.417494976
5.912560000	0.929468393	0.421514152
5.912561000	0.931054294	0.419606796
5.912562000	0.898728549	0.420972232
5.912563000	0.961871982	0.418199082
5.912564000	0.884453475	0.416376282
5.912565000	0.925602973	0.417734760
5.912566000	0.942265034	0.416005803
5.912567000	0.923891425	0.415544876
5.912568000	0.928077519	0.411037209
5.912569000	0.913266778	0.412587436
5.912570000	0.907894194	0.409287180
5.912571000	0.931037307	0.416923095
5.912572000	0.909129679	0.414696260
5.912573000	0.898366988	0.412479045
5.912574000	0.937826931	0.408082066
5.912575000	0.924291968	0.410244220
5.912576000	0.917894781	0.408650784
5.912577000	0.934949398	0.403442473
5.912578000	0.923483014	0.403458352
5.912579000	0.914515018	0.401416440
5.912580000	0.932441950	0.405537183
5.912581000	0.933130264	0.401299993
5.912582000	0.906848192	0.405466775
5.912583000	0.930892408	0.404400512
5.912584000	0.954816878	0.398232631
5.912585000	0.937359214	0.402657540
5.912586000	0.907378137	0.397770107
5.912587000	0.930521488	0.398956944
5.912588000	0.933972120	0.393834188
5.912589000	0.916261137	0.398761069
5.912590000	0.927880883	0.397945742
5.912591000	0.919933975	0.397912186
5.912592000	0.935033321	0.394214720
5.912593000	0.926109195	0.392618255
5.912594000	0.925900042	0.390112020
5.912595000	0.945759594	0.392890829
5.912596000	0.931026101	0.390322676
5.912597000	0.946383893	0.391757887
5.912598000	0.907130957	0.391055379
5.912599000	0.927399397	0.388258627
5.912600000	0.959247530	0.388096407
5.912601000	0.942384243	0.388186322
5.912602000	0.941483617	0.385673896
5.912603000	0.926310301	0.385609580
5.912604000	0.946382046	0.385139965
5.912605000	0.954202652	0.388349174
5.912606000	0.947208703	0.383229480
5.912607000	0.939651251	0.380855372
5.912608000	0.918627679	0.389348093
5.912609000	0.942989707	0.388160955
5.912610000	0.917020917	0.385923367
5.912611000	0.929329574	0.385843140
5.912612000	0.947577238	0.379543332
5.912613000	0.906267524	0.382608897
5.912614000	0.952964902	0.380508562
5.912615000	0.908815742	0.375376584
5.912616000	0.918742359	0.382224336
5.912617000	0.930644155	0.378176565
5.912618000	0.969379127	0.380187418
5.912619000	0.955749094	0.373601087
5.912620000	0.978019297	0.377758315
5.912621000	0.927707016	0.376283790
5.912622000	0.883153081	0.379421759
5.912623000	0.953570902	0.377886014
5.912624000	0.916355669	0.375571527
5.912625000	0.944315970	0.371078242
5.912626000	0.910165370	0.375492398
5.912627000	0.960039794	0.372858964
5.912628000	0.922887623	0.369400617
5.912629000	0.943703115	0.367124812
5.912630000	0.963602304	0.370626470
5.912631000	0.953128874	0.367812773
5.912632000	0.949168444	0.367968169
5.912633000	0.969653308	0.370967288
5.912634000	0.963945687	0.368506527
5.912635000	0.952728868	0.362692846
5.912636000	0.968181193	0.365381707
5.912637000	0.991521776	0.366559723
5.912638000	0.913790882	0.365603315
5.912639000	0.934167325	0.362464946
5.912640000	0.914473653	0.359758575
5.912641000	0.948147297	0.364997845
5.912642000	0.914999962	0.363830582
5.912643000	0.920254707	0.364829367
5.912644000	0.919969678	0.366748940
5.912645000	0.921085715	0.358622438
5.912646000	0.951147676	0.362112044
5.912647000	0.974438071	0.354932262
5.912648000	0.925716460	0.354515377
5.912649000	0.911726117	0.356005149
5.912650000	0.968618810	0.356915618
5.912651000	0.975657046	0.353399879
5.912652000	0.914656222	0.354171530
5.912653000	0.971009433	0.351378539
5.912654000	0.943086386	0.358887355
5.912655000	0.964472413	0.355518923
5.912656000	0.926720679	0.353730543
5.912657000	0.913481832	0.356075157
5.912658000	0.968665838	0.353555141
5.912659000	0.979016900	0.354591277
5.912660000	0.978363931	0.353872190
5.912661000	0.942228854	0.355449414
5.912662000	0.967027903	0.349713465
5.912663000	0.957342088	0.352773304
5.912664000	0.964557707	0.352289607
5.912665000	0.956583977	0.345132694
5.912666000	0.973409534	0.345629174
5.912667000	0.956523299	0.349065318
5.912668000	0.964314163	0.346984523
5.912669000	0.991883099	0.347398945
5.912670000	0.956331491	0.344520767
5.912671000	0.948992550	0.347975119
5.912672000	0.941085219	0.343781806
5.912673000	0.972765923	0.345066215
5.912674000	0.940113842	0.342980960
5.912675000	0.961155653	0.343981610
5.912676000	0.964435518	0.344586746
5.912677000	0.990523875	0.342056777
5.912678000	0.937779665	0.337680071
5.912679000	0.973888874	0.344419999
5.912680000	0.943600297	0.339975183
5.912681000	0.983242154	0.344764579
5.912682000	0.947003186	0.338755755
5.912683000	0.992244661	0.337573578
5.912684000	0.952886760	0.340648131
5.912685000	0.922065794	0.339214019
5.912686000	0.967582285	0.339020207
5.912687000	0.976621509	0.335271541
5.912688000	0.909891605	0.337418016
5.912689000	0.938429594	0.335620782
5.912690000	0.980011880	0.332465369
5.912691000	0.949087143	0.337426405
5.912692000	0.957655609	0.337344946
5.912693000	0.961052716	0.338119393
5.912694000	0.955219090	0.337992293
5.912695000	0.982260585	0.332606716
5.912696000	0.937117696	0.335045639
5.912697000	0.935624480	0.335338187
5.912698000	0.946386337	0.329627205
5.912699000	0.926062286	0.328242194
5.912700000	0.961716890	0.329043872
5.912701000	0.938959777	0.334245126
5.912702000	0.973747432	0.328029408
5.912703000	0.968634009	0.328027344
5.912704000	0.915413618	0.324629283
5.912705000	0.928205907	0.333114281
5.912706000	0.946779847	0.331434492
5.912707000	0.924882889	0.328717735
5.912708000	0.975262403	0.323922447
5.912709000	0.934931040	0.329152663
5.912710000	0.959566236	0.330157407
5.912711000	0.950836182	0.325466282
5.912712000	0.974840522	0.325667384
5.912713000	0.973218918	0.324219989
5.912714000	0.933007360	0.320895631
5.912715000	0.954982460	0.329093108
5.912716000	0.962378979	0.324807948
5.912717000	0.919115961	0.323789123
5.912718000	0.917142808	0.320924061
5.912719000	0.971302867	0.322637938
5.912720000	0.970006764	0.319308887
5.912721000	0.960026503	0.315891752
5.912722000	0.916984499	0.326267727
5.912723000	0.944496632	0.319094502
5.912724000	0.951521158	0.324011763
5.912725000	0.969889700	0.318350415
5.912726000	0.986279666	0.318837041
5.912727000	0.984111130	0.317882631
5.912728000	0.972377062	0.318083799
5.912729000	0.931791961	0.318895697
5.912730000	0.983764172	0.314130570
5.912731000	0.951455116	0.315460319
5.912732000	0.937342346	0.314233035
5.912733000	0.931285381	0.316506942
5.912734000	0.935291827	0.313638984
5.912735000	0.938902795	0.312428211
5.912736000	0.951896071	0.314880516
5.912737000	0.957091689	0.313531192
5.912738000	0.937257349	0.317983964
5.912739000	0.983543456	0.317014340
5.912740000	0.917200446	0.311438780
5.912741000	0.981048405	0.311636386
5.912742000	0.941707432	0.307335348
5.912743000	0.965584457	0.307608455
5.912744000	0.962323129	0.310554743
5.912745000	0.940283120	0.309474599
5.912746000	0.978700638	0.309466443
5.912747000	0.942010224	0.313310283
5.912748000	0.951531887	0.311692446
5.912749000	0.963592529	0.306895593
5.912750000	0.978092074	0.310558372
5.912751000	0.943118811	0.308281003
5.912752000	0.973044634	0.301285844
5.912753000	0.954199374	0.307827533
5.912754000	0.937606037	0.301569537
5.912755000	0.911839902	0.304751782
5.912756000	0.945991099	0.307167036
5.912757000	0.982281983	0.303286078
5.912758000	0.952669501	0.307475297
5.912759000	0.966078758	0.302825384
5.912760000	0.941078842	0.306038954
5.912761000	0.949550807	0.301160309
5.912762000	0.917016327	0.301639246
5.912763000	0.966051459	0.304250242
5.912764000	0.930595696	0.299858257
5.912765000	0.936914504	0.303922008
5.912766000	0.954718769	0.297510880
5.912767000	0.966903746	0.304120912
5.912768000	0.958839774	0.301392038
5.912769000	0.972334385	0.300707506
5.912770000	0.934080660	0.302678078
5.912771000	0.972551584	0.302414559
5.912772000	0.939254940	0.300031961
5.912773000	0.974473596	0.300337193
5.912774000	0.952240109	0.297590275
5.912775000	0.914513052	0.295258811
5.912776000	0.907396436	0.293884087
5.912777000	0.898088336	0.302676247
5.912778000	0.929627120	0.292185623
5.912779000	0.999552429	0.292860901
5.912780000	0.935135603	0.295544002
5.912781000	0.941863179	0.296622416
5.912782000	0.920575440	0.293362507
5.912783000	0.909425318	0.291816442
5.912784000	0.943332136	0.292341085
5.912785000	0.904553354	0.291807754
5.912786000	0.945534945	0.292039782
5.912787000	0.969986558	0.291983922
5.912788000	0.947001576	0.287698363
5.912789000	0.957145035	0.294642622
5.912790000	0.964553177	0.289082408
5.912791000	0.957762420	0.291639941
5.912792000	0.949147940	0.295659650
5.912793000	0.933098257	0.291828427
5.912794000	0.922520697	0.290686630
5.912795000	0.961913824	0.288331796
5.912796000	0.953409493	0.292197141
5.912797000	0.962552011	0.288129096
5.912798000	0.942083299	0.286858502
5.912799000	0.924266696	0.288049101
5.912800000	0.961346447	0.286343546
5.912801000	0.961992860	0.286946653
5.912802000	0.936387837	0.284309258
5.912803000	0.940609157	0.289371161
5.912804000	0.940010965	0.282215347
5.912805000	0.926498711	0.288124968
5.912806000	0.929564536	0.285361473
5.912807000	0.959864557	0.280285188
5.912808000	0.947273076	0.283625291
5.912809000	0.957446873	0.287128513
5.912810000	0.943613708	0.287036501
5.912811000	0.955995858	0.280500471
5.912812000	0.968137622	0.281022184
5.912813000	0.942242980	0.280915192
5.912814000	0.929913104	0.283481813
5.912815000	0.972592592	0.282759531
5.912816000	0.971192122	0.273350150
5.912817000	0.949027240	0.277907468
5.912818000	0.944011331	0.280904839
5.912819000	0.965033293	0.276485739
5.912820000	0.927928209	0.274335536
5.912821000	0.938970983	0.277974313
5.912822000	0.945198834	0.277366380
5.912823000	0.937433183	0.276398304
5.912824000	0.953288317	0.278025962
5.912825000	0.946471334	0.278336020
5.912826000	0.962772489	0.276627186
5.912827000	0.920893729	0.275108602
5.912828000	0.958606422	0.271588952
5.912829000	0.961546540	0.268992719
5.912830000	0.958392084	0.271184867
5.912831000	0.946764290	0.270390180
5.912832000	0.916455865	0.270755332
5.912833000	0.933163583	0.273040424
5.912834000	0.942149818	0.269614318
5.912835000	0.944150984	0.270918584
5.912836000	0.928772748	0.270478214
5.912837000	0.936865509	0.271198449
5.912838000	0.944655955	0.275593014
5.912839000	0.984951794	0.267810442
5.912840000	0.905932546	0.273077492
5.912841000	0.950631261	0.270108933
5.912842000	0.953213930	0.272907915
5.912843000	0.957623243	0.272741351
5.912844000	0.920282364	0.271822478
5.912845000	0.964386761	0.269752569
5.912846000	0.920092344	0.265369122
5.912847000	0.943404853	0.266701934
5.912848000	0.929062188	0.269657494
5.912849000	0.950802803	0.271174114
5.912850000	0.959892213	0.266006350
5.912851000	0.983496487	0.266398068
5.912852000	0.911524594	0.270589467
5.912853000	0.967341065	0.264730013
5.912854000	0.956555426	0.265937324
5.912855000	0.937420130	0.266500416
5.912856000	0.956677794	0.263363695
5.912857000	0.959865868	0.266641680
5.912858000	0.915990651	0.265189109
5.912859000	0.940658808	0.262050840
5.912860000	0.923265576	0.265739718
5.912861000	0.938687027	0.263017451
5.912862000	0.956216514	0.260626914
5.912863000	0.897525191	0.257914285
5.912864000	0.946313024	0.262150858
5.912865000	0.946221471	0.261462248
5.912866000	0.949611187	0.260568242
5.912867000	0.913122892	0.262136910
5.912868000	0.971085727	0.259793012
5.912869000	0.926219523	0.259781211
5.912870000	0.921493709	0.258278589
5.912871000	0.917713523	0.261588782
5.912872000	0.889585137	0.257418105
5.912873000	0.933424950	0.259311563
5.912874000	0.920506775	0.256781310
5.912875000	0.940998733	0.256908842
5.912876000	0.928902090	0.257426710
5.912877000	0.922547758	0.260680261
5.912878000	0.980842352	0.254560300
5.912879000	0.912236571	0.256503176
5.912880000	0.949701309	0.255811636
5.912881000	0.956337631	0.257073608
5.912882000	0.963286638	0.255387095
5.912883000	0.964065373	0.258978318
5.912884000	0.940227151	0.252098707
5.912885000	0.917789161	0.249359296
5.912886000	0.898119986	0.255398364
5.912887000	0.941823065	0.252282332
5.912888000	0.926956475	0.252902532
5.912889000	0.950039625	0.250189104
5.912890000	0.906010985	0.252925868
5.912891000	0.916980743	0.248859870
5.912892000	0.910524070	0.251086806
5.912893000	0.927806556	0.249571584
5.912894000	0.939846337	0.245341518
5.912895000	0.953166783	0.246699880
5.912896000	0.924744964	0.251468670
5.912897000	0.945505798	0.251958042
5.912898000	0.943957090	0.249698849
5.912899000	0.917744279	0.250029597
5.912900000	0.932769597	0.249329885
5.912901000	0.913488865	0.243667588
5.912902000	0.931500971	0.243436393
5.912903000	0.914919913	0.249047756
5.912904000	0.901846945	0.245537693
5.912905000	0.967547953	0.248071758
5.912906000	0.912277579	0.244099553
5.912907000	0.912428141	0.245796186
5.912908000	0.937428951	0.243577723
5.912909000	0.897940457	0.246003364
5.912910000	0.950399101	0.243931924
5.912911000	0.924757421	0.239032323
5.912912000	0.919749856	0.244587328
5.912913000	0.907639921	0.239290517
5.912914000	0.867227852	0.242166797
5.912915000	0.923050106	0.246878828
5.912916000	0.924715042	0.245134957
5.912917000	0.963604689	0.239005159
5.912918000	0.869704127	0.247854394
5.912919000	0.914823532	0.238697048
5.912920000	0.906464219	0.241445763
5.912921000	0.945481658	0.241475357
5.912922000	0.913321197	0.241462092
5.912923000	0.925404012	0.234617751
5.912924000	0.929220080	0.238596247
5.912925000	0.903046727	0.242294612
5.912926000	0.912477732	0.235735646
5.912927000	0.917513430	0.231444378
5.912928000	0.872748911	0.237301502
5.912929000	0.874938726	0.240526340
5.912930000	0.898187280	0.232425254
5.912931000	0.892363012	0.236450771
5.912932000	0.899813533	0.230253013
5.912933000	0.884571731	0.232476719
5.912934000	0.862584472	0.237035136
5.912935000	0.895441830	0.233155276
5.912936000	0.887062132	0.233300219
5.912937000	0.897071660	0.233652155
5.912938000	0.943412244	0.233984701
5.912939000	0.905791104	0.228250149
5.912940000	0.915396273	0.232818419
5.912941000	0.933735430	0.234384541
5.912942000	0.890437305	0.229796980
5.912943000	0.938425541	0.232723877
5.912944000	0.908444643	0.232242195
5.912945000	0.943778634	0.230140228
5.912946000	0.914987803	0.226352664
5.912947000	0.896474600	0.227937577
5.912948000	0.897359133	0.226987278
5.912949000	0.927984416	0.227035049
5.912950000	0.879224002	0.226828870
5.912951000	0.916182697	0.230913826
5.912952000	0.908128977	0.224323069
5.912953000	0.895432532	0.226947115
5.912954000	0.899047732	0.221891137
5.912955000	0.904131949	0.226671344
5.912956000	0.929265857	0.229694581
5.912957000	0.933305323	0.225677436
5.912958000	0.869299829	0.226743033
5.912959000	0.917250752	0.222762406
5.912960000	0.909164131	0.221065190
5.912961000	0.913337648	0.222984098
5.912962000	0.930280566	0.217329724
5.912963000	0.946679235	0.223800140
5.912964000	0.889650762	0.220962675
5.912965000	0.891814947	0.220056968
5.912966000	0.921599030	0.222862824
5.912967000	0.902077079	0.221376281
5.912968000	0.852161825	0.221465913
5.912969000	0.877591312	0.217866884
5.912970000	0.900157094	0.216783843
5.912971000	0.885540307	0.220464065
5.912972000	0.883411765	0.215538049
5.912973000	0.900420427	0.218520007
5.912974000	0.909916043	0.215274912
5.912975000	0.879975080	0.218185165
5.912976000	0.889682770	0.213866316
5.912977000	0.901910543	0.214099060
5.912978000	0.906677604	0.217915836
5.912979000	0.928238153	0.213845993
5.912980000	0.951834142	0.208851318
5.912981000	0.899284840	0.211589197
5.912982000	0.885157764	0.212945246
5.912983000	0.880223453	0.216053504
5.912984000	0.909830511	0.212737053
5.912985000	0.865778387	0.215275961
5.912986000	0.895996630	0.210588015
5.912987000	0.884560943	0.211932229
5.912988000	0.891077757	0.209833225
5.912989000	0.896739423	0.206719990
5.912990000	0.854179025	0.212511683
5.912991000	0.885273457	0.212126057
5.912992000	0.898488045	0.209043348
5.912993000	0.888371170	0.208218035
5.912994000	0.879536808	0.205217351
5.912995000	0.885761321	0.209696921
5.912996000	0.866243064	0.211981431
5.912997000	0.885167241	0.208549598
5.912998000	0.876688838	0.208340823
5.912999000	0.838436604	0.204821655
5.913000000	0.869270921	0.208094980
5.913001000	0.924916983	0.202616824
5.913002000	0.895096540	0.202589760
5.913003000	0.915938020	0.202750715
5.913004000	0.917720973	0.203830960
5.913005000	0.881541789	0.204398080
5.913006000	0.902763665	0.202239255
5.913007000	0.853240848	0.203853313
5.913008000	0.842783868	0.197592405
5.913009000	0.870525122	0.204356285
5.913010000	0.888660192	0.203397746
5.913011000	0.913081110	0.198892460
5.913012000	0.882528722	0.200303120
5.913013000	0.892058671	0.201831142
5.913014000	0.859437704	0.200092997
5.913015000	0.898375392	0.198043278
5.913016000	0.894309878	0.198312524
5.913017000	0.913255155	0.202782806
5.913018000	0.888686478	0.195775646
5.913019000	0.861863792	0.196966346
5.913020000	0.891841054	0.199963617
5.913021000	0.898740411	0.196843391
5.913022000	0.839014947	0.193963731
5.913023000	0.864405334	0.200393235
5.913024000	0.857721746	0.194624728
5.913025000	0.858927011	0.198012019
5.913026000	0.915659010	0.192781787
5.913027000	0.882674813	0.194444548
5.913028000	0.871068895	0.190232426
5.913029000	0.865865648	0.187443897
5.913030000	0.906714261	0.191069508
5.913031000	0.878610432	0.193283377
5.913032000	0.868822873	0.193987866
5.913033000	0.840941906	0.187556149
5.913034000	0.901521385	0.191006690
5.913035000	0.821504414	0.188083438
5.913036000	0.878453791	0.187292912
5.913037000	0.867840946	0.190889362
5.913038000	0.882494509	0.185109237
5.913039000	0.875086606	0.184634978
5.913040000	0.836101532	0.184065494
5.913041000	0.878719211	0.181457710
5.913042000	0.854066968	0.176381076
5.913043000	0.855438530	0.180208737
5.913044000	0.851200044	0.186095072
5.913045000	0.865210652	0.183746664
5.913046000	0.848844826	0.181368777
5.913047000	0.885266542	0.185213516
5.913048000	0.825255334	0.178964392
5.913049000	0.834927261	0.182251299
5.913050000	0.895947158	0.185388236
5.913051000	0.844653308	0.180949529
5.913052000	0.844611883	0.181786411
5.913053000	0.798487902	0.176761175
5.913054000	0.865534842	0.173935328
5.913055000	0.883277118	0.178371772
5.913056000	0.849389672	0.182857850
5.913057000	0.854758561	0.179378713
5.913058000	0.826319039	0.178660142
5.913059000	0.860941172	0.178328279
5.913060000	0.824151218	0.175204758
5.913061000	0.821316957	0.177905519
5.913062000	0.854610562	0.175425534
5.913063000	0.817882299	0.171566114
5.913064000	0.841805458	0.170505427
5.913065000	0.861652255	0.172300780
5.913066000	0.814232409	0.176993686
5.913067000	0.854113400	0.170150760
5.913068000	0.800783575	0.170503895
5.913069000	0.816791594	0.170370072
5.913070000	0.853366911	0.165439379
5.913071000	0.822068274	0.168523302
5.913072000	0.867592096	0.170996680
5.913073000	0.796090126	0.167164974
5.913074000	0.828117311	0.169412715
5.913075000	0.834685743	0.167287696
5.913076000	0.821520686	0.162139223
5.913077000	0.828443706	0.168492327
5.913078000	0.852362156	0.165067668
5.913079000	0.835354209	0.165947876
5.913080000	0.838302612	0.164546537
5.913081000	0.833094299	0.165312912
5.913082000	0.846553624	0.163866898
5.913083000	0.821124732	0.163667378
5.913084000	0.801284432	0.159816447
5.913085000	0.818297625	0.163082781
5.913086000	0.828122020	0.160809040
5.913087000	0.871084094	0.161638615
5.913088000	0.827062607	0.163273197
5.913089000	0.848582387	0.162925954
5.913090000	0.812171280	0.160056081
5.913091000	0.783172488	0.163941750
5.913092000	0.802526414	0.156156248
5.913093000	0.814962745	0.152032493
5.913094000	0.806079984	0.151862284
5.913095000	0.778957069	0.155427291
5.913096000	0.821973145	0.154914516
5.913097000	0.788907051	0.152571733
5.913098000	0.797899008	0.154123258
5.913099000	0.778236210	0.151907990
5.913100000	0.825605214	0.154805959
5.913101000	0.834426165	0.153004763
5.913102000	0.778389812	0.153374859
5.913103000	0.768309295	0.146380483
5.913104000	0.768789530	0.149930893
5.913105000	0.783072233	0.150510763
5.913106000	0.789728343	0.148661347
5.913107000	0.790569365	0.151691791
5.913108000	0.807997406	0.144204547
5.913109000	0.807567716	0.150951632
5.913110000	0.800072968	0.146958439
5.913111000	0.817197144	0.146643969
5.913112000	0.808429062	0.145689526
5.913113000	0.776693106	0.144706819
5.913114000	0.725825131	0.142627090
5.913115000	0.769940853	0.142630486
5.913116000	0.763410270	0.140312886
5.913117000	0.778578520	0.146352436
5.913118000	0.759233236	0.141485543
5.913119000	0.755281329	0.140718802
5.913120000	0.770268679	0.139476462
5.913121000	0.748120904	0.141837363
5.913122000	0.782314479	0.140407895
5.913123000	0.760666966	0.135308382
5.913124000	0.793935001	0.135086491
5.913125000	0.761543214	0.131358240
5.913126000	0.819214940	0.137772364
5.913127000	0.745849371	0.134397615
5.913128000	0.758458614	0.138917340
5.913129000	0.767006218	0.132249018
5.913130000	0.772771478	0.135955514
5.913131000	0.803007126	0.127027483
5.913132000	0.794008791	0.132905096
5.913133000	0.759913862	0.135986332
5.913134000	0.748124599	0.126307414
5.913135000	0.765843570	0.126079364
5.913136000	0.755664527	0.126775864
5.913137000	0.750181377	0.128487436
5.913138000	0.724113882	0.127962294
5.913139000	0.754379570	0.124705364
5.913140000	0.752524316	0.117256178
5.913141000	0.763915837	0.121617279
5.913142000	0.736906111	0.122262721
5.913143000	0.742000461	0.123761457
5.913144000	0.713875353	0.121724613
5.913145000	0.740005434	0.120769429
5.913146000	0.767106831	0.118182009
5.913147000	0.716175199	0.121715483
5.913148000	0.746350348	0.124327121
5.913149000	0.714958012	0.123215459
5.913150000	0.725312233	0.118710564
5.913151000	0.744049847	0.117455674
5.913152000	0.712404013	0.116073144
5.913153000	0.721999288	0.114443722
5.913154000	0.743315697	0.113464161
5.913155000	0.665366471	0.112340366
5.913156000	0.710600674	0.113958269
5.913157000	0.695692360	0.110923289
5.913158000	0.721192062	0.104886977
5.913159000	0.682733059	0.106970592
5.913160000	0.687686682	0.106980047
5.913161000	0.704862058	0.103507493
5.913162000	0.715496540	0.109224758
5.913163000	0.673521757	0.105838999
5.913164000	0.664356768	0.108792394
5.913165000	0.655983090	0.105270056
5.913166000	0.682865441	0.100134474
5.913167000	0.643965662	0.098469582
5.913168000	0.644114375	0.099635797
5.913169000	0.655338109	0.099500808
5.913170000	0.693074107	0.097302910
5.913171000	0.679543138	0.100720569
5.913172000	0.685738206	0.096874682
5.913173000	0.702729583	0.097446962
5.913174000	0.681401670	0.096358528
5.913175000	0.656120539	0.090155610
5.913176000	0.644689739	0.094413788
5.913177000	0.616948128	0.089449913
5.913178000	0.647806227	0.089321649
5.913179000	0.654315710	0.086082754
5.913180000	0.654104650	0.084325043
5.913181000	0.644881070	0.082760669
5.913182000	0.642502487	0.078647083
5.913183000	0.602170885	0.083043155
5.913184000	0.638092279	0.083473389
5.913185000	0.625672758	0.083609418
5.913186000	0.601313293	0.078415863
5.913187000	0.659860611	0.078884804
5.913188000	0.637332976	0.074652001
5.913189000	0.625715375	0.078466846
5.913190000	0.634863794	0.075426864
5.913191000	0.610927403	0.072860009
5.913192000	0.636957407	0.071846643
5.913193000	0.650021672	0.071224978
5.913194000	0.608164847	0.072279965
5.913195000	0.597808123	0.070331762
5.913196000	0.602884948	0.075761290
5.913197000	0.631005943	0.067504309
5.913198000	0.586820543	0.070317048
5.913199000	0.572638452	0.070710023
5.913200000	0.579706609	0.066295417
5.913201000	0.581359804	0.062669195
5.913202000	0.588472128	0.062054221
5.913203000	0.564650536	0.057164208
5.913204000	0.516686857	0.056476488
5.913205000	0.561937988	0.053959497
5.913206000	0.542732358	0.054954679
5.913207000	0.522738457	0.053854427
5.913208000	0.559270561	0.054749827
5.913209000	0.512595713	0.054379864
5.913210000	0.546045899	0.051902496
5.913211000	0.516219854	0.054535019
5.913212000	0.555475950	0.046019873
5.913213000	0.532983363	0.045106912
5.913214000	0.539055765	0.048265047
5.913215000	0.537410259	0.039019030
5.913216000	0.540741861	0.047454456
5.913217000	0.560875356	0.039586874
5.913218000	0.525177538	0.040794697
5.913219000	0.509959042	0.041505078
5.913220000	0.512484133	0.041982433
5.913221000	0.538259923	0.034391274
5.913222000	0.544925153	0.037676855
5.913223000	0.515222907	0.036920218
5.913224000	0.506742537	0.031827197
5.913225000	0.469533682	0.028000334
5.913226000	0.483772695	0.029608264
5.913227000	0.436696857	0.027967184
5.913228000	0.512077570	0.026921188
5.913229000	0.427120894	0.024255424
5.913230000	0.438896686	0.022346406
5.913231000	0.487490535	0.025016512
5.913232000	0.406264693	0.024930756
5.913233000	0.444950551	0.021342005
5.913234000	0.437118202	0.014359622
5.913235000	0.374724597	0.017045282
5.913236000	0.428286016	0.015560743
5.913237000	0.390751094	0.008887866
5.913238000	0.408244133	0.012066704
5.913239000	0.398211122	0.004322317
5.913240000	0.426844537	0.012132907
5.913241000	0.396567851	0.005974473
5.913242000	0.353236824	0.000448647
5.913243000	0.385412306	0.000455090
5.913244000	0.392877847	0.002304422
5.913245000	0.398131579	0.002217430
5.913246000	0.358769029	-0.001675339
5.913247000	0.399432242	-0.006538603
5.913248000	0.357570857	-0.009130918
5.913249000	0.353067309	-0.010691747
5.913250000	0.324736655	-0.020017777
5.913251000	0.342527241	-0.013760941
5.913252000	0.325802505	-0.015751058
5.913253000	0.342623919	-0.015952444
5.913254000	0.310594410	-0.018820491
5.913255000	0.292364001	-0.022301509
5.913256000	0.223335013	-0.023428461
5.913257000	0.275886238	-0.028181695
5.913258000	0.258945018	-0.029618307
5.913259000	0.267447442	-0.030693046
5.913260000	0.241231650	-0.032514475
5.913261000	0.241526112	-0.033633760
5.913262000	0.263500035	-0.035574244
5.913263000	0.225438207	-0.034295373
5.913264000	0.241450384	-0.040187205
5.913265000	0.226633579	-0.041535817
5.913266000	0.150949255	-0.048145850
5.913267000	0.173771858	-0.048267931
5.913268000	0.158315599	-0.051382934
5.913269000	0.168807134	-0.048317345
5.913270000	0.103663839	-0.057258900
5.913271000	0.184519202	-0.052279683
5.913272000	0.136648610	-0.059829399
5.913273000	0.148782134	-0.063746518
5.913274000	0.086023413	-0.059685705
5.913275000	0.087462053	-0.068244651
5.913276000	0.088994071	-0.071412515
5.913277000	0.010399777	-0.074726503
5.913278000	0.016269103	-0.073953204
5.913279000	0.044764604	-0.075558765
5.913280000	0.016549751	-0.082556804
5.913281000	0.017788941	-0.080678152
5.913282000	-0.020361884	-0.085283631
5.913283000	0.008490729	-0.085755435
5.913284000	-0.004503503	-0.091669775
5.913285000	-0.066989444	-0.092647180
5.913286000	-0.086899363	-0.101805966
5.913287000	-0.057278212	-0.107025520
5.913288000	-0.116741568	-0.109477343
5.913289000	-0.098044410	-0.106261243
5.913290000	-0.120220385	-0.111033494
5.913291000	-0.192567438	-0.114205510
5.913292000	-0.142114475	-0.114663533
5.913293000	-0.178689152	-0.115067651
5.913294000	-0.227059647	-0.122507466
5.913295000	-0.180143118	-0.127235983
5.913296000	-0.209155291	-0.129638238
5.913297000	-0.227639258	-0.132227554
5.913298000	-0.266476005	-0.140314201
5.913299000	-0.306716025	-0.138039870
5.913300000	-0.314527720	-0.142469148
5.913301000	-0.329582483	-0.143931273
5.913302000	-0.347674489	-0.149638544
5.913303000	-0.343462676	-0.151205016
5.913304000	-0.391901165	-0.152161090
5.913305000	-0.387046158	-0.156693258
5.913306000	-0.417361230	-0.163284249
5.913307000	-0.432868302	-0.170462966
5.913308000	-0.469240427	-0.172259484
5.913309000	-0.454081327	-0.173243373
5.913310000	-0.517844260	-0.189227566
5.913311000	-0.531970918	-0.181303064
5.913312000	-0.573791742	-0.184457994
5.913313000	-0.605780125	-0.199867394
5.913314000	-0.635676801	-0.194050484
5.913315000	-0.650520086	-0.200467953
5.913316000	-0.678434134	-0.204337742
5.913317000	-0.766231358	-0.208359682
5.913318000	-0.740884483	-0.211053253
5.913319000	-0.884649754	-0.219018385
5.913320000	-0.839105189	-0.223714719
5.913321000	-0.874519587	-0.229751107
5.913322000	-0.934463143	-0.236909085
5.913323000	-0.962576687	-0.236836697
5.913324000	-0.966763079	-0.246402488
5.913325000	-1.147686958	-0.257445818
5.913326000	-1.103819847	-0.256924421
5.913327000	-1.194588423	-0.266734309
5.913328000	-1.241700888	-0.272138512
5.913329000	-1.282097340	-0.286620249
5.913330000	-1.341168404	-0.281105275
5.913331000	-1.354950666	-0.285266498
5.913332000	-1.436582327	-0.301099423
5.913333000	-1.462403893	-0.295125120
5.913334000	-1.512017965	-0.303516308
5.913335000	-1.641043901	-0.321887559
5.913336000	-1.608142734	-0.320456809
5.913337000	-1.708578229	-0.324897963
5.913338000	-1.758548260	-0.331345177
5.913339000	-1.907648087	-0.344139002
5.913340000	-1.913181543	-0.340871370
5.913341000	-1.911579132	-0.345258728
5.913342000	-2.104208469	-0.366617480
5.913343000	-2.148991108	-0.364515147
5.913344000	-2.283307552	-0.382557398
5.913345000	-2.286069393	-0.379881787
5.913346000	-2.422518015	-0.389634715
5.913347000	-2.381518126	-0.385282844
5.913348000	-2.572911978	-0.406453110
5.913349000	-2.699315548	-0.420796863
5.913350000	-2.742999315	-0.419952807
5.913351000	-3.072574854	-0.437362357
5.913352000	-3.069957972	-0.445529873
5.913353000	-3.238335371	-0.456775536
5.913354000	-3.419496059	-0.469290563
5.913355000	-3.387325764	-0.465825823
5.913356000	-3.607221127	-0.481878659
5.913357000	-3.680084467	-0.486835568
5.913358000	-3.775418520	-0.493670371
5.913359000	-4.004632473	-0.506331105
5.913360000	-4.249908924	-0.513795846
5.913361000	-4.498786449	-0.522929557
5.913362000	-4.727173805	-0.542064502
5.913363000	-4.885449886	-0.548448698
5.913364000	-5.246373653	-0.550510584
5.913365000	-5.491891384	-0.570743718
5.913366000	-5.630908966	-0.569343760
5.913367000	-5.993602753	-0.574370677
5.913368000	-6.392105579	-0.584863864
5.913369000	-6.619770527	-0.603996347
5.913370000	-6.742505550	-0.602426480
5.913371000	-7.323656559	-0.607448536
5.913372000	-7.268692970	-0.612171918
5.913373000	-7.568505764	-0.627020639
5.913374000	-7.919270992	-0.616729386
5.913375000	-8.597577095	-0.630376821
5.913376000	-8.574625969	-0.624680586
5.913377000	-9.176296234	-0.604438498
5.913378000	-10.045354843	-0.629587926
5.913379000	-10.451917648	-0.597169067
5.913380000	-11.134284019	-0.603466844
5.913381000	-11.646243095	-0.591517373
5.913382000	-11.184604645	-0.581197757
5.913383000	-12.552801132	-0.549329472
5.913384000	-13.176012039	-0.534896371
5.913385000	-13.956322670	-0.476365417
5.913386000	-14.774327278	-0.430957188
5.913387000	-15.004825592	-0.418181239
5.913388000	-16.806419373	-0.266614200
5.913389000	-16.695426941	-0.247489225
5.913390000	-16.923208237	-0.235938046
5.913391000	-17.607307434	-0.094227466
5.913392000	-18.242124557	0.112652813
5.913393000	-18.408349991	0.186209838
5.913394000	-18.800729752	0.309348365
5.913395000	-18.493740082	0.648885924
5.913396000	-17.793796539	0.742877734
5.913397000	-17.612707138	0.736419235
5.913398000	-17.857339859	0.774071007
5.913399000	-16.473735809	0.918316001
5.913400000	-15.426495552	1.049812775
5.913401000	-15.516787529	1.035711803
5.913402000	-14.429016113	1.138061012
5.913403000	-13.963057518	1.135984812
5.913404000	-12.477582932	1.224498433
5.913405000	-12.465817451	1.213327937
5.913406000	-12.197443008	1.242683962
5.913407000	-11.288264275	1.247346224
5.913408000	-10.567571640	1.254525974
5.913409000	-10.296428680	1.258996090
5.913410000	-9.959947586	1.261655256
5.913411000	-9.474017143	1.271511615
5.913412000	-8.898732185	1.266712732
5.913413000	-8.629502296	1.274442024
5.913414000	-8.033182144	1.253815442
5.913415000	-7.809163570	1.266161191
5.913416000	-7.746208668	1.258712596
5.913417000	-7.350653172	1.261323959
5.913418000	-7.123033524	1.252274937
5.913419000	-6.899680138	1.258572780
5.913420000	-6.749349594	1.248050364
5.913421000	-5.994325161	1.232083648
5.913422000	-5.977611542	1.231224379
5.913423000	-5.822786808	1.230955800
5.913424000	-5.552761555	1.224820409
5.913425000	-5.279213428	1.217204967
5.913426000	-5.236415863	1.200026912
5.913427000	-5.177982330	1.203451204
5.913428000	-4.880306721	1.190659110
5.913429000	-4.803345680	1.185664218
5.913430000	-4.533579350	1.182584272
5.913431000	-4.687991619	1.175805994
5.913432000	-4.372158051	1.169469136
5.913433000	-4.188714504	1.166234860
5.913434000	-4.115534306	1.151863377
5.913435000	-3.979592323	1.154370078
5.913436000	-3.563387394	1.128167236
5.913437000	-3.601126671	1.128582689
5.913438000	-3.385097980	1.105786563
5.913439000	-3.369374037	1.107059154
5.913440000	-3.272861242	1.102148285
5.913441000	-3.040479898	1.095762957
5.913442000	-3.081828594	1.088186397
5.913443000	-2.854406834	1.076377874
5.913444000	-2.702161312	1.065295262
5.913445000	-2.826169968	1.072954913
5.913446000	-2.749479055	1.064037717
5.913447000	-2.430949450	1.046520576
5.913448000	-2.340199947	1.037368556
5.913449000	-2.289679527	1.030154252
5.913450000	-2.277034521	1.026388076
5.913451000	-2.168587923	1.022274624
5.913452000	-2.057025909	1.010272290
5.913453000	-1.891590714	0.996441895
5.913454000	-2.049014807	1.004621661
5.913455000	-1.838469625	0.993688386
5.913456000	-1.731229901	0.978480338
5.913457000	-1.787552238	0.978513761
5.913458000	-1.644329190	0.977215204
5.913459000	-1.530013084	0.952358723
5.913460000	-1.380233765	0.949872662
5.913461000	-1.517010570	0.951151113
5.913462000	-1.423860669	0.946015206
5.913463000	-1.393665195	0.941671857
5.913464000	-1.280679822	0.924741210
5.913465000	-1.286743522	0.924013168
5.913466000	-1.180750370	0.917129363
5.913467000	-1.098385692	0.914704155
5.913468000	-1.084654808	0.914523326
5.913469000	-0.993710756	0.898703617
5.913470000	-0.861424863	0.877108576
5.913471000	-0.868916035	0.878879845
5.913472000	-0.794954538	0.869858586
5.913473000	-0.780565917	0.865798131
5.913474000	-0.769918382	0.867624261
5.913475000	-0.767524660	0.855874993
5.913476000	-0.695358276	0.856976610
5.913477000	-0.730590880	0.854857666
5.913478000	-0.692802548	0.856146303
5.913479000	-0.672230661	0.849069418
5.913480000	-0.542854905	0.836340640
5.913481000	-0.529602051	0.836565544
5.913482000	-0.543661416	0.825074270
5.913483000	-0.529635668	0.832267402
5.913484000	-0.490158021	0.814806253
5.913485000	-0.388695508	0.804646826
5.913486000	-0.343170404	0.801463616
5.913487000	-0.403672457	0.805824409
5.913488000	-0.352867335	0.790666695
5.913489000	-0.356435180	0.791965585
5.913490000	-0.312475771	0.796792565
5.913491000	-0.246570557	0.791519373
5.913492000	-0.292249084	0.789789849
5.913493000	-0.199066222	0.778081861
5.913494000	-0.194201127	0.773567337
5.913495000	-0.155064166	0.767005108
5.913496000	-0.121211410	0.762592649
5.913497000	-0.089055777	0.753405543
5.913498000	-0.091126695	0.753066056
5.913499000	-0.041633654	0.741439294
5.913500000	-0.037248708	0.738199692
5.913501000	-0.014301179	0.734000419
5.913502000	-0.012617973	0.743996062
5.913503000	-0.024668001	0.739677347
5.913504000	-0.007259435	0.739993397
5.913505000	0.009046086	0.730448761
5.913506000	0.040989187	0.719364552
5.913507000	0.085626483	0.721336423
5.913508000	0.013018697	0.718678455
5.913509000	0.062609389	0.724848999
5.913510000	0.078376770	0.711848245
5.913511000	0.088527285	0.716206642
5.913512000	0.134741947	0.708238464
5.913513000	0.106956869	0.710739372
5.913514000	0.143536180	0.708231073
5.913515000	0.169744328	0.699545640
5.913516000	0.180904612	0.698415660
5.913517000	0.225539789	0.690419253
5.913518000	0.161167637	0.697987757
5.913519000	0.230041385	0.685931027
5.913520000	0.208162472	0.679102283
5.913521000	0.228245556	0.679623796
5.913522000	0.218718588	0.679143762
5.913523000	0.328662783	0.670366382
5.913524000	0.292206287	0.667414135
5.913525000	0.258852720	0.675481715
5.913526000	0.302051187	0.672160487
5.913527000	0.276315361	0.666438086
5.913528000	0.303378642	0.670980241
5.913529000	0.295998693	0.671607948
5.913530000	0.373896271	0.655824790
5.913531000	0.285708249	0.660299766
5.913532000	0.304718077	0.653698922
5.913533000	0.355418921	0.654011977
5.913534000	0.368254155	0.651057466
5.913535000	0.382854164	0.651269453
5.913536000	0.372159630	0.644005482
5.913537000	0.401852429	0.643994430
5.913538000	0.401845247	0.634417236
5.913539000	0.425049722	0.636972939
5.913540000	0.451714337	0.640083777
5.913541000	0.382656068	0.635580638
5.913542000	0.438616604	0.629877212
5.913543000	0.419660389	0.623313586
5.913544000	0.465313256	0.625350504
5.913545000	0.458581954	0.632157278
5.913546000	0.457930595	0.629351171
5.913547000	0.457048506	0.622618301
5.913548000	0.468786746	0.617239514
5.913549000	0.491474837	0.610775889
5.913550000	0.496971011	0.613691984
5.913551000	0.519258976	0.607333088
5.913552000	0.542428017	0.612915073
5.913553000	0.522178710	0.602559971
5.913554000	0.539051950	0.606077407
5.913555000	0.523788571	0.602770560
5.913556000	0.533878624	0.602235531
5.913557000	0.531921566	0.591649799
5.913558000	0.517152488	0.594490992
5.913559000	0.535429597	0.595352458
5.913560000	0.541969836	0.599788951
5.913561000	0.535797656	0.590652977
5.913562000	0.576657414	0.587876832
5.913563000	0.550390005	0.583678358
5.913564000	0.578237712	0.587719239
5.913565000	0.585991561	0.587343134
5.913566000	0.612513959	0.585713746
5.913567000	0.566897929	0.580040347
5.913568000	0.563968718	0.578660430
5.913569000	0.567830205	0.574156958
5.913570000	0.625387549	0.577448492
5.913571000	0.595819890	0.575693802
5.913572000	0.629763126	0.573928592
5.913573000	0.665626824	0.560385086
5.913574000	0.646043301	0.563692599
5.913575000	0.623653591	0.565978524
5.913576000	0.660826862	0.562414348
5.913577000	0.672509134	0.566572875
5.913578000	0.658552110	0.564050395
5.913579000	0.620567620	0.560615183
5.913580000	0.683966994	0.561957550
5.913581000	0.678181052	0.558480493
5.913582000	0.617169678	0.556532624
5.913583000	0.667123318	0.558998978
5.913584000	0.678256094	0.555815302
5.913585000	0.674532413	0.546648701
5.913586000	0.625191689	0.552687519
5.913587000	0.707414746	0.547307068
5.913588000	0.713798165	0.545931945
5.913589000	0.722252786	0.549212393
5.913590000	0.713739574	0.543531438
5.913591000	0.702167690	0.545097776
5.913592000	0.723369241	0.539278802
5.913593000	0.748461127	0.537172908
5.913594000	0.727409363	0.534867476
5.913595000	0.743617654	0.538321496
5.913596000	0.715959311	0.533288188
5.913597000	0.715350807	0.532812314
5.913598000	0.754122436	0.528498593
5.913599000	0.743956864	0.524364368
5.913600000	0.731167197	0.524222688
5.913601000	0.761871636	0.520149549
5.913602000	0.723246813	0.520582746
5.913603000	0.741657853	0.518064327
5.913604000	0.731725812	0.514022015
5.913605000	0.736401320	0.521928141
5.913606000	0.773865044	0.519325734
5.913607000	0.774730504	0.517890057
5.913608000	0.710983694	0.515076627
5.913609000	0.801538348	0.518140028
5.913610000	0.717632651	0.512150778
5.913611000	0.776770532	0.512741567
5.913612000	0.770181954	0.519995352
5.913613000	0.768837273	0.510798225
5.913614000	0.789426744	0.512367926
5.913615000	0.786436200	0.508251311
5.913616000	0.787399113	0.509252793
5.913617000	0.779872417	0.506040388
5.913618000	0.756601334	0.505241506
5.913619000	0.798458695	0.500827017
5.913620000	0.768650353	0.505369505
5.913621000	0.791746736	0.501738551
5.913622000	0.796184421	0.504869829
5.913623000	0.839763403	0.501921643
5.913624000	0.797480106	0.502166987
5.913625000	0.814230978	0.498516925
5.913626000	0.807572484	0.497597368
5.913627000	0.790778220	0.492315022
5.913628000	0.812707841	0.499647437
5.913629000	0.795031369	0.497356719
5.913630000	0.806357086	0.496562930
5.913631000	0.809951246	0.496025737
5.913632000	0.794677258	0.489057743
5.913633000	0.773325562	0.489385877
5.913634000	0.787194967	0.491831026
5.913635000	0.749398708	0.489827796
5.913636000	0.780846715	0.489511279
5.913637000	0.790255725	0.484677941
5.913638000	0.812598884	0.484697682
5.913639000	0.818352282	0.485271061
5.913640000	0.780220509	0.483667372
5.913641000	0.818479836	0.486558999
5.913642000	0.803934336	0.482940961
5.913643000	0.800975204	0.481284608
5.913644000	0.833677948	0.484684699
5.913645000	0.852409542	0.475976995
5.913646000	0.814929008	0.483931990
5.913647000	0.830359340	0.474347872
5.913648000	0.826310277	0.475994638
5.913649000	0.794591069	0.478255662
5.913650000	0.843409300	0.480633199
5.913651000	0.822700322	0.474481929
5.913652000	0.874210835	0.473600023
5.913653000	0.804574609	0.469857982
5.913654000	0.840145886	0.467866071
5.913655000	0.840568304	0.471037896
5.913656000	0.848923683	0.468941755
5.913657000	0.885769606	0.469488902
5.913658000	0.865791738	0.470839857
5.913659000	0.850773215	0.465498721
5.913660000	0.863313794	0.469233604
5.913661000	0.851025164	0.467132204
5.913662000	0.856187820	0.464471040
5.913663000	0.878610492	0.465282938
5.913664000	0.859277904	0.462278826
5.913665000	0.857304811	0.462867750
5.913666000	0.864745617	0.462148597
5.913667000	0.862591445	0.460227726
5.913668000	0.843013227	0.459371686
5.913669000	0.826582968	0.459656378
5.913670000	0.859477460	0.460861891
5.913671000	0.850938141	0.455463796
5.913672000	0.885352910	0.456600700
5.913673000	0.872469246	0.457833877
5.913674000	0.854257703	0.453971494
5.913675000	0.857482672	0.449712933
5.913676000	0.850880027	0.453527645
5.913677000	0.826634347	0.454784424
5.913678000	0.839903772	0.459730713
5.913679000	0.836769998	0.454246332
5.913680000	0.922441483	0.456863154
5.913681000	0.833355904	0.447244249
5.913682000	0.846215963	0.445852615
5.913683000	0.896332741	0.445947756
5.913684000	0.876088560	0.449248278
5.913685000	0.901482284	0.448756359
5.913686000	0.883044720	0.445526544
5.913687000	0.893804073	0.447314823
5.913688000	0.873348594	0.447565626
5.913689000	0.908143759	0.444703827
5.913690000	0.908510566	0.445429338
5.913691000	0.869441628	0.443598249
5.913692000	0.914301634	0.440814813
5.913693000	0.896625519	0.445946957
5.913694000	0.907322764	0.442048522
5.913695000	0.897559047	0.440749965
5.913696000	0.913813472	0.439006959
5.913697000	0.895338714	0.437734401
5.913698000	0.885900736	0.439521914
5.913699000	0.870200336	0.436371728
5.913700000	0.878214359	0.436201219
5.913701000	0.907262683	0.436393965
5.913702000	0.889828146	0.434681386
5.913703000	0.913638651	0.434829125
5.913704000	0.912844479	0.430134505
5.913705000	0.917761266	0.435759900
5.913706000	0.885583699	0.435620683
5.913707000	0.894777298	0.432511909
5.913708000	0.886504650	0.429333459
5.913709000	0.882239759	0.433113117
5.913710000	0.865165174	0.433530901
5.913711000	0.897159338	0.429535327
5.913712000	0.840782583	0.428126714
5.913713000	0.882301092	0.427810464
5.913714000	0.917413652	0.424536174
5.913715000	0.878979146	0.425553834
5.913716000	0.899275482	0.430281278
5.913717000	0.917846441	0.426652721
5.913718000	0.880073667	0.428843138
5.913719000	0.926843524	0.431165514
5.913720000	0.923088253	0.426607847
5.913721000	0.899712324	0.424841472
5.913722000	0.931285441	0.421689854
5.913723000	0.862364531	0.427054592
5.913724000	0.906307876	0.423536090
5.913725000	0.927775323	0.419895815
5.913726000	0.874054670	0.421563087
5.913727000	0.954240024	0.423432427
5.913728000	0.864105046	0.422262167
5.913729000	0.896635592	0.417466380
5.913730000	0.924650431	0.421156190
5.913731000	0.915866196	0.419739921
5.913732000	0.919046998	0.413005752
5.913733000	0.877263904	0.421557029
5.913734000	0.920030236	0.416234468
5.913735000	0.897280574	0.418341195
5.913736000	0.926330924	0.415498071
5.913737000	0.929858208	0.414998462
5.913738000	0.898485541	0.412679914
5.913739000	0.880149364	0.412543227
5.913740000	0.943129957	0.415780466
5.913741000	0.915881991	0.412271818
5.913742000	0.889118731	0.414488100
5.913743000	0.902824223	0.416160632
5.913744000	0.875724137	0.416010962
5.913745000	0.929764509	0.410411400
5.913746000	0.931430817	0.411557724
5.913747000	0.891363025	0.411939189
5.913748000	0.948094785	0.417045101
5.913749000	0.920310855	0.414134033
5.913750000	0.929410398	0.411968650
5.913751000	0.923219919	0.406592360
5.913752000	0.889600337	0.412123147
5.913753000	0.907086313	0.408779648
5.913754000	0.947954059	0.409829932
5.913755000	0.917077661	0.400280136
5.913756000	0.948127568	0.409834859
5.913757000	0.943614662	0.409807129
5.913758000	0.934599221	0.409923242
5.913759000	0.933238387	0.409648504
5.913760000	0.946120024	0.406957180
5.913761000	0.914232790	0.406391458
5.913762000	0.911164463	0.406588932
5.913763000	0.934408486	0.401543639
5.913764000	0.905305386	0.399784322
5.913765000	0.892640591	0.404127638
5.913766000	0.918728054	0.406379674
5.913767000	0.928925574	0.406571388
5.913768000	0.933557689	0.409004785
5.913769000	0.935915530	0.404151207
5.913770000	0.924389541	0.392264088
5.913771000	0.933795154	0.400705975
5.913772000	0.943113267	0.398181532
5.913773000	0.910861015	0.401200058
5.913774000	0.916404366	0.399932993
5.913775000	0.969847023	0.400862802
5.913776000	0.900792122	0.396820124
5.913777000	0.942718863	0.396788732
5.913778000	0.913626075	0.396737166
5.913779000	0.914011717	0.396406169
5.913780000	0.921923518	0.397207048
5.913781000	0.938924909	0.395440440
5.913782000	0.916427612	0.397322163
5.913783000	0.906253815	0.391456883
5.913784000	0.920092821	0.393608818
5.913785000	0.941930771	0.393494568
5.913786000	0.932044148	0.395412676
5.913787000	0.913269222	0.396397613
5.913788000	0.927634358	0.391138602
5.913789000	0.929030597	0.393666675
5.913790000	0.974136710	0.389621766
5.913791000	0.951548696	0.389266500
5.913792000	0.906911433	0.391214070
5.913793000	0.940944791	0.389865478
5.913794000	0.923891842	0.392545750
5.913795000	0.911701500	0.390452972
5.913796000	0.928316653	0.387773432
5.913797000	0.898798883	0.385387440
5.913798000	0.938885927	0.389031776
5.913799000	0.915778220	0.391035405
5.913800000	0.917491436	0.386448143
5.913801000	0.891299069	0.387968242
5.913802000	0.949988842	0.390764795
5.913803000	0.927926838	0.386678973
5.913804000	0.948669791	0.387178715
5.913805000	0.956510901	0.387283910
5.913806000	0.899474204	0.388596582
5.913807000	0.935605824	0.389056310
5.913808000	0.951902211	0.384923018
5.913809000	0.933097541	0.385941011
5.913810000	0.921820641	0.384801378
5.913811000	0.977870464	0.382968990
5.913812000	0.937316537	0.382758700
5.913813000	0.937592804	0.381713176
5.913814000	0.958099842	0.382074134
5.913815000	0.974385977	0.385983122
5.913816000	0.893093228	0.381391966
5.913817000	0.981805027	0.385036069
5.913818000	0.936093032	0.377086699
5.913819000	0.980757475	0.382525607
5.913820000	0.946981668	0.379894936
5.913821000	0.917559743	0.378621679
5.913822000	0.947612822	0.379259240
5.913823000	0.961214542	0.381125916
5.913824000	0.949717283	0.384066312
5.913825000	0.970785975	0.375833649
5.913826000	0.964187324	0.376935299
5.913827000	0.941203177	0.374589553
5.913828000	0.921790898	0.376878240
5.913829000	0.931493700	0.376825010
5.913830000	0.892032266	0.375781417
5.913831000	0.972183347	0.376208622
5.913832000	0.911473453	0.378870118
5.913833000	0.931255162	0.376811495
5.913834000	0.958721876	0.372137747
5.913835000	0.956843376	0.375788408
5.913836000	1.008404374	0.375292594
5.913837000	0.953304291	0.374036747
5.913838000	0.953666568	0.373899162
5.913839000	0.951843560	0.367297685
5.913840000	0.935821712	0.378318045
5.913841000	0.938365459	0.369162364
5.913842000	0.947741270	0.373438202
5.913843000	0.978616118	0.371853188
5.913844000	0.919338942	0.375796298
5.913845000	0.954155564	0.373658046
5.913846000	0.956255198	0.370754801
5.913847000	0.940900385	0.371416263
5.913848000	0.946603358	0.371686075
5.913849000	0.959524810	0.371371289
5.913850000	0.957366467	0.371751555
5.913851000	0.962072611	0.370228727
5.913852000	0.951057434	0.368205989
5.913853000	0.951352894	0.371082869
5.913854000	0.984171033	0.371917637
5.913855000	0.940211356	0.369896464
5.913856000	0.991315663	0.369373353
5.913857000	0.946306109	0.368678501
5.913858000	0.939646959	0.371282440
5.913859000	0.948782384	0.369158003
5.913860000	0.943326294	0.366364080
5.913861000	0.947487772	0.363262863
5.913862000	0.906044304	0.366188478
5.913863000	0.963642836	0.365134932
5.913864000	0.924530089	0.363933613
5.913865000	0.948880136	0.366043269
5.913866000	0.968273640	0.366736989
5.913867000	0.943145156	0.362456025
5.913868000	0.940809965	0.364293306
5.913869000	0.976244152	0.367274349
5.913870000	0.918442488	0.364575135
5.913871000	0.964944005	0.362293605
5.913872000	0.972230792	0.365453446
5.913873000	0.952486575	0.366258819
5.913874000	0.975530505	0.363535337
5.913875000	0.959834814	0.360660921
5.913876000	0.945922673	0.360092403
5.913877000	0.951967418	0.365601584
5.913878000	0.958484948	0.362740950
5.913879000	0.968382418	0.360784392
5.913880000	0.968363523	0.362413814
5.913881000	0.942994475	0.362400631
5.913882000	0.960649014	0.366333354
5.913883000	0.947049737	0.361127873
5.913884000	0.924013197	0.361993833
5.913885000	0.931994498	0.362828767
5.913886000	0.964428663	0.359578779
5.913887000	0.975145698	0.359873491
5.913888000	0.971919477	0.359783542
5.913889000	0.962908328	0.358737985
5.913890000	0.938533604	0.352997841
5.913891000	0.943048179	0.356156717
5.913892000	0.961803973	0.359434069
5.913893000	0.918579936	0.356585818
5.913894000	0.941040933	0.359251010
5.913895000	0.974404335	0.357273180
5.913896000	0.932691813	0.356311113
5.913897000	0.921089172	0.358206618
5.913898000	0.959464550	0.357526114
5.913899000	0.947152138	0.357166055
5.913900000	0.966467023	0.356877601
5.913901000	0.978363752	0.356191870
5.913902000	0.948650777	0.354757791
5.913903000	0.947264850	0.351744325
5.913904000	0.919236958	0.354222063
5.913905000	0.972301245	0.353623851
5.913906000	0.951062858	0.352654327
5.913907000	0.974823117	0.354667876
5.913908000	0.958011925	0.359418323
5.913909000	0.904218614	0.350987787
5.913910000	0.916101575	0.355300011
5.913911000	0.982721269	0.356015536
5.913912000	0.955016553	0.353340457
5.913913000	0.932439029	0.351589928
5.913914000	0.942722917	0.351371882
5.913915000	0.936920345	0.356130085
5.913916000	0.932145178	0.353563097
5.913917000	0.953600168	0.350284014
5.913918000	0.975400031	0.348908358
5.913919000	0.964866757	0.349126570
5.913920000	0.944751143	0.349423613
5.913921000	0.921660900	0.348388842
5.913922000	0.926306784	0.349423014
5.913923000	0.937590599	0.350369468
5.913924000	0.965186238	0.346828928
5.913925000	0.981319606	0.349336694
5.913926000	0.975601494	0.348342469
5.913927000	0.925097287	0.347331034
5.913928000	0.947984815	0.348640410
5.913929000	0.935127318	0.348138238
5.913930000	0.965455830	0.343397945
5.913931000	0.935817003	0.344156080
5.913932000	0.977318585	0.345724782
5.913933000	0.941005111	0.347643323
5.913934000	0.955490112	0.348117133
5.913935000	0.982060313	0.345948687
5.913936000	0.910896540	0.345179566
5.913937000	0.922780752	0.344507251
5.913938000	0.978762567	0.352848604
5.913939000	0.953409970	0.345012086
5.913940000	0.984242380	0.344596134
5.913941000	0.935733855	0.344965648
5.913942000	0.977320492	0.347287425
5.913943000	0.938026845	0.348151421
5.913944000	0.955209970	0.346554756
5.913945000	0.961732328	0.346907991
5.913946000	0.941873610	0.342324757
5.913947000	0.934118688	0.345426042
5.913948000	0.939714849	0.342322693
5.913949000	0.979087114	0.347840730
5.913950000	0.962490737	0.343869257
5.913951000	0.933757007	0.340653224
5.913952000	0.984658122	0.341477739
5.913953000	0.967756808	0.342164934
5.913954000	0.940689743	0.347563495
5.913955000	0.977906644	0.334277417
5.913956000	0.971135736	0.343352171
5.913957000	0.959953249	0.343764728
5.913958000	0.945235491	0.338946970
5.913959000	0.972597718	0.339863297
5.913960000	0.986988008	0.339790959
5.913961000	0.965610743	0.343359429
5.913962000	0.980105996	0.338173522
5.913963000	0.979270577	0.340642072
5.913964000	0.929867804	0.340785850
5.913965000	0.951688588	0.339972387
5.913966000	0.979516208	0.339269179
5.913967000	0.959173858	0.338777227
5.913968000	0.961936235	0.339469615
5.913969000	0.963678539	0.342398360
5.913970000	0.976003766	0.338193162
5.913971000	0.968337715	0.338966411
5.913972000	0.958256543	0.338050783
5.913973000	0.952055514	0.336481882
5.913974000	0.971869051	0.334029643
5.913975000	0.990162671	0.331612225
5.913976000	0.952659190	0.342815378
5.913977000	0.937910676	0.336515371
5.913978000	0.962838888	0.337380399
5.913979000	0.952743709	0.338102681
5.913980000	0.936152399	0.335615888
5.913981000	0.951722026	0.340508315
5.913982000	0.916457593	0.339460960
5.913983000	0.926999509	0.341935004
5.913984000	0.959572852	0.336150684
5.913985000	0.958786726	0.330091127
5.913986000	0.958287358	0.333345111
5.913987000	0.915280461	0.337188818
5.913988000	0.979792714	0.336958854
5.913989000	0.972989917	0.334602223
5.913990000	0.959741831	0.332411306
5.913991000	0.946167409	0.335277101
5.913992000	0.971599936	0.330274086
5.913993000	0.950067878	0.329522576
5.913994000	0.975691020	0.333779605
5.913995000	0.919675946	0.336354283
5.913996000	0.955671072	0.332018923
5.913997000	0.944702744	0.336033638
5.913998000	0.958307445	0.334323356
5.913999000	0.955221653	0.331951745
5.914000000	0.953365505	0.331329863
5.914001000	0.991973937	0.333581766
5.914002000	0.956950247	0.328966141
5.914003000	0.943889737	0.329291513
5.914004000	0.959021330	0.331768386
5.914005000	0.954069376	0.331020238
5.914006000	1.017169595	0.330270491
5.914007000	0.979580164	0.329562090
5.914008000	0.965468764	0.329638989
5.914009000	0.945281863	0.323662223
5.914010000	0.970157325	0.325065776
5.914011000	0.942000270	0.332260139
5.914012000	0.956683993	0.331153163
5.914013000	0.973292351	0.331791356
5.914014000	0.961443186	0.328733148
5.914015000	0.970753551	0.333819786
5.914016000	0.934038997	0.332948965
5.914017000	1.008524776	0.329869486
5.914018000	0.993826509	0.327102262
5.914019000	0.961391091	0.329671879
5.914020000	0.966484487	0.325213115
5.914021000	0.958677828	0.329376268
5.914022000	0.962896168	0.325637723
5.914023000	0.973588765	0.326491665
5.914024000	0.999567032	0.331761595
5.914025000	1.009134650	0.328805852
5.914026000	0.947355092	0.330069489
5.914027000	0.901312351	0.325106588
5.914028000	0.956620812	0.322398353
5.914029000	0.932441592	0.325085383
5.914030000	0.975172579	0.325689688
5.914031000	0.939562023	0.325381693
5.914032000	0.967234194	0.325558660
5.914033000	0.929273605	0.321157320
5.914034000	0.954014599	0.323717217
5.914035000	0.993893385	0.322322919
5.914036000	0.953742206	0.321482692
5.914037000	0.940769076	0.322883715
5.914038000	0.990843952	0.325191876
5.914039000	0.979322433	0.323249866
5.914040000	0.961782575	0.325687324
5.914041000	0.931700110	0.323527933
5.914042000	0.957588196	0.322376216
5.914043000	0.917755365	0.328240297
5.914044000	0.939519823	0.324292560
5.914045000	0.977612257	0.322666234
5.914046000	0.946833313	0.321994352
5.914047000	0.943793118	0.323889224
5.914048000	0.957177043	0.322062129
5.914049000	0.962587953	0.318611571
5.914050000	0.936358333	0.317533291
5.914051000	0.922240078	0.321204358
5.914052000	0.989422321	0.318704416
5.914053000	0.937302709	0.318769697
5.914054000	0.958195627	0.323236483
5.914055000	0.978225768	0.318248849
5.914056000	0.934748232	0.323180823
5.914057000	0.946786821	0.317284818
5.914058000	0.936276138	0.322870732
5.914059000	0.950714648	0.320612637
5.914060000	0.939368665	0.315560055
5.914061000	0.961278856	0.317062144
5.914062000	0.988830328	0.320059898
5.914063000	0.949868143	0.319121533
5.914064000	0.983200490	0.320373918
5.914065000	0.956095576	0.319809694
5.914066000	0.952659607	0.319711157
5.914067000	0.957896948	0.317857730
5.914068000	0.972979367	0.312643327
5.914069000	0.962318182	0.316329675
5.914070000	0.931904435	0.316014756
5.914071000	0.980012357	0.316614367
5.914072000	0.948681891	0.314799489
5.914073000	0.983465075	0.320122549
5.914074000	0.975413024	0.316424417
5.914075000	0.957480669	0.319407257
5.914076000	0.948698640	0.315705763
5.914077000	0.950929821	0.313218204
5.914078000	0.952015400	0.321238946
5.914079000	0.943001091	0.316874258
5.914080000	0.935406327	0.314921961
5.914081000	0.969307542	0.313793081
5.914082000	0.947436213	0.316410169
5.914083000	0.948713839	0.314326845
5.914084000	0.985567033	0.314739901
5.914085000	0.997742236	0.315092670
5.914086000	0.941056967	0.316386301
5.914087000	0.965819120	0.313165906
5.914088000	0.950818300	0.310929284
5.914089000	0.987303495	0.312849689
5.914090000	0.978986204	0.314061095
5.914091000	0.973977447	0.316934246
5.914092000	0.982018888	0.313606726
5.914093000	0.956209540	0.313314111
5.914094000	0.968820155	0.314773823
5.914095000	0.958897650	0.315445672
5.914096000	0.931430817	0.313467376
5.914097000	0.966170311	0.314127174
5.914098000	0.960963786	0.314191656
5.914099000	0.948268771	0.313135147
5.914100000	0.969751418	0.313274497
5.914101000	0.976687074	0.306926286
5.914102000	0.961874485	0.311226326
5.914103000	0.953507721	0.313481557
5.914104000	0.970292389	0.305223960
5.914105000	0.979515493	0.316099744
5.914106000	0.971248209	0.314031400
5.914107000	0.921827376	0.312657675
5.914108000	0.941632152	0.311396202
5.914109000	0.940550685	0.312147746
5.914110000	0.958069801	0.316752485
5.914111000	0.939754188	0.309090704
5.914112000	0.965093493	0.312710572
5.914113000	0.951710939	0.315884328
5.914114000	0.946479142	0.309168934
5.914115000	0.928548276	0.311862755
5.914116000	0.958026171	0.308225077
5.914117000	0.960934758	0.312973160
5.914118000	0.946782172	0.315407023
5.914119000	0.951648295	0.307928634
5.914120000	0.974778354	0.311303092
5.914121000	0.949042976	0.313926039
5.914122000	0.955539107	0.306824021
5.914123000	0.918534458	0.308851053
5.914124000	0.941350996	0.307600166
5.914125000	0.961502910	0.311593176
5.914126000	0.946639776	0.310938538
5.914127000	0.965347707	0.311481523
5.914128000	0.963910937	0.309139872
5.914129000	0.977349639	0.305494271
5.914130000	0.936865151	0.304586200
5.914131000	0.960468471	0.307994181
5.914132000	0.952670336	0.304399779
5.914133000	0.952693939	0.306436631
5.914134000	1.005039454	0.305066767
5.914135000	0.977164805	0.304870825
5.914136000	0.976272941	0.305253422
5.914137000	0.939673722	0.305763317
5.914138000	0.959900320	0.303410647
5.914139000	0.927883029	0.304477876
5.914140000	0.932972014	0.305832426
5.914141000	0.972963870	0.306855413
5.914142000	0.986351311	0.305112407
5.914143000	0.941770673	0.306455839
5.914144000	0.947092414	0.305838318
5.914145000	0.953879416	0.304061158
5.914146000	0.960728526	0.307978801
5.914147000	0.959339499	0.302438361
5.914148000	0.968816519	0.304234563
5.914149000	0.921415806	0.305576030
5.914150000	0.933482647	0.307082880
5.914151000	0.936601996	0.301541275
5.914152000	0.985858977	0.303371366
5.914153000	0.968509853	0.303821074
5.914154000	0.932103455	0.308639631
5.914155000	0.951741397	0.299482818
5.914156000	0.951358616	0.304096078
5.914157000	0.981627226	0.303663814
5.914158000	0.944403410	0.299964717
5.914159000	0.951727390	0.306088955
5.914160000	0.957141042	0.305340940
5.914161000	0.988967896	0.302161625
5.914162000	0.955908656	0.300388126
5.914163000	0.974493682	0.303833857
5.914164000	0.941744626	0.300429338
5.914165000	0.950147510	0.296508300
5.914166000	0.950335562	0.306136859
5.914167000	0.949298024	0.303984625
5.914168000	0.966336787	0.298414024
5.914169000	0.981768608	0.302996892
5.914170000	0.969238520	0.302929747
5.914171000	0.992566645	0.304820292
5.914172000	0.932452142	0.298398611
5.914173000	0.939145744	0.297984823
5.914174000	0.948014379	0.299040966
5.914175000	0.950441957	0.299949736
5.914176000	0.938084424	0.303308149
5.914177000	0.941770017	0.302550247
5.914178000	0.945832729	0.298693756
5.914179000	0.947711885	0.301526294
5.914180000	0.909190953	0.301392238
5.914181000	0.915608108	0.302410664
5.914182000	0.935251951	0.303074423
5.914183000	0.940261364	0.303422232
5.914184000	0.960269213	0.303234413
5.914185000	0.967900872	0.300277738
5.914186000	0.947625339	0.296425409
5.914187000	0.968993366	0.301740279
5.914188000	0.973544121	0.302582904
5.914189000	0.931498826	0.299975902
5.914190000	0.975108385	0.295604256
5.914191000	0.921911657	0.294792558
5.914192000	0.955956995	0.296170045
5.914193000	0.940317094	0.297050919
5.914194000	0.939390004	0.297053515
5.914195000	0.926657736	0.299435946
5.914196000	0.948892653	0.298621019
5.914197000	0.962531984	0.292166615
5.914198000	0.979053617	0.297278752
5.914199000	0.991518378	0.297751363
5.914200000	0.943178654	0.292454536
5.914201000	0.960291862	0.298573515
5.914202000	0.942417204	0.297165069
5.914203000	0.924818873	0.294739428
5.914204000	0.976286411	0.291921904
5.914205000	0.987976253	0.297176720
5.914206000	1.000771165	0.295470200
5.914207000	0.943355739	0.295104880
5.914208000	0.938566506	0.300158029
5.914209000	0.940304637	0.294575078
5.914210000	0.928405643	0.295219829
5.914211000	0.955463827	0.295002981
5.914212000	0.925687492	0.297163637
5.914213000	0.968318522	0.290350306
5.914214000	0.912216783	0.288636262
5.914215000	0.928949594	0.294645818
5.914216000	0.952659309	0.295738247
5.914217000	0.938789904	0.293744804
5.914218000	0.912544429	0.292881474
5.914219000	0.931897879	0.292751478
5.914220000	0.927100956	0.295950900
5.914221000	0.960519731	0.292458531
5.914222000	0.963220954	0.295675296
5.914223000	0.970213652	0.288689592
5.914224000	0.918362498	0.294596350
5.914225000	0.936099827	0.293881158
5.914226000	0.931884170	0.288606068
5.914227000	0.921395242	0.293110905
5.914228000	0.941761076	0.292245145
5.914229000	0.976917326	0.292743655
5.914230000	0.975180387	0.296459797
5.914231000	0.985572457	0.290197340
5.914232000	0.946063936	0.292276437
5.914233000	0.964789152	0.293922770
5.914234000	0.934463561	0.290793056
5.914235000	0.933635771	0.286911000
5.914236000	0.962702274	0.294990331
5.914237000	0.931317270	0.292941528
5.914238000	0.945372224	0.292245877
5.914239000	0.960186183	0.292348342
5.914240000	0.937778890	0.287736912
5.914241000	0.983043075	0.290650710
5.914242000	0.945858896	0.289281479
5.914243000	0.947388947	0.291346627
5.914244000	0.956874311	0.292219345
5.914245000	0.909205377	0.292992328
5.914246000	0.977804959	0.292885202
5.914247000	0.965617299	0.291382480
5.914248000	0.953979611	0.290640024
5.914249000	0.946749449	0.290486560
5.914250000	0.978610098	0.291342267
5.914251000	0.994840443	0.291491237
5.914252000	0.921257794	0.287397559
5.914253000	0.968588948	0.291557916
5.914254000	0.962234139	0.291861283
5.914255000	0.973000109	0.289512775
5.914256000	0.946512759	0.290441319
5.914257000	0.922145724	0.291350289
5.914258000	0.954297602	0.290069775
5.914259000	0.939629436	0.287596031
5.914260000	0.955965698	0.287110936
5.914261000	0.956548274	0.286044673
5.914262000	0.949325681	0.284700875
5.914263000	0.917535126	0.287670333
5.914264000	1.005606294	0.289101683
5.914265000	0.951422811	0.284671814
5.914266000	0.950576961	0.289093393
5.914267000	0.937143326	0.284368413
5.914268000	0.958517313	0.282966625
5.914269000	0.978819489	0.286969489
5.914270000	0.987427533	0.288629671
5.914271000	0.930018246	0.287371493
5.914272000	0.931760490	0.287036601
5.914273000	0.972742677	0.285803624
5.914274000	0.930664539	0.281136101
5.914275000	0.946187437	0.283273022
5.914276000	0.932274401	0.286482364
5.914277000	0.954717636	0.281753455
5.914278000	0.967569768	0.286366083
5.914279000	0.952652574	0.281625823
5.914280000	0.918407917	0.284705636
5.914281000	0.936996937	0.283918638
5.914282000	0.932059050	0.285377918
5.914283000	0.923841238	0.283216895
5.914284000	0.960800052	0.284030824
5.914285000	0.938283920	0.284901045
5.914286000	0.929115236	0.286848781
5.914287000	0.937716365	0.287588508
5.914288000	0.899489343	0.286150833
5.914289000	0.927787125	0.284172837
5.914290000	0.956026971	0.283937747
5.914291000	0.933432996	0.285032639
5.914292000	0.949587464	0.280134420
5.914293000	0.899882972	0.280986232
5.914294000	0.947009563	0.282483361
5.914295000	0.929913759	0.288564456
5.914296000	0.965066791	0.281163032
5.914297000	0.922684193	0.282723844
5.914298000	0.967039764	0.277692534
5.914299000	0.939311802	0.285702956
5.914300000	0.941078424	0.281051612
5.914301000	0.954200387	0.278850293
5.914302000	0.930757165	0.281636176
5.914303000	0.931101143	0.278751224
5.914304000	0.978439391	0.275423970
5.914305000	0.988372087	0.279806185
5.914306000	0.971072555	0.281927459
5.914307000	0.887294292	0.282304530
5.914308000	0.958695769	0.278399919
5.914309000	0.960807800	0.278070936
5.914310000	0.928549528	0.281597860
5.914311000	0.972482145	0.278843319
5.914312000	0.946256042	0.280382726
5.914313000	0.950598598	0.277933567
5.914314000	0.910332680	0.278970119
5.914315000	0.946200132	0.281912845
5.914316000	0.902900636	0.282313751
5.914317000	0.937363267	0.280375702
5.914318000	0.930077195	0.282450038
5.914319000	0.917864859	0.277447140
5.914320000	0.949134588	0.281823663
5.914321000	0.908277571	0.277465499
5.914322000	1.006511092	0.279245789
5.914323000	0.953296065	0.281322123
5.914324000	0.930941343	0.281142260
5.914325000	0.955238283	0.282934101
5.914326000	0.947839499	0.279996934
5.914327000	0.941063046	0.276903007
5.914328000	0.946997464	0.279354247
5.914329000	0.945336044	0.276194190
5.914330000	0.920956910	0.278869485
5.914331000	0.958258450	0.279556580
5.914332000	0.917617381	0.279051478
5.914333000	0.992098451	0.275481944
5.914334000	0.919566929	0.277211467
5.914335000	0.949030697	0.271324666
5.914336000	0.929961264	0.276394692
5.914337000	0.918969750	0.275438434
5.914338000	0.933110058	0.273850242
5.914339000	0.964833200	0.276606530
5.914340000	0.940512717	0.275692550
5.914341000	0.905741274	0.273235384
5.914342000	0.941471994	0.279761477
5.914343000	0.914423645	0.276859314
5.914344000	0.924003243	0.278654185
5.914345000	0.954290152	0.279545195
5.914346000	0.913482070	0.279313134
5.914347000	0.910014689	0.276308389
5.914348000	0.936759651	0.276105140
5.914349000	0.962967098	0.275405644
5.914350000	0.915896058	0.276467330
5.914351000	0.924089789	0.275042872
5.914352000	0.937216878	0.273026559
5.914353000	0.948243082	0.278765505
5.914354000	0.955738068	0.277113746
5.914355000	0.966229558	0.271978089
5.914356000	0.940988660	0.275748709
5.914357000	0.919713318	0.272848810
5.914358000	0.965537310	0.273828354
5.914359000	0.945747316	0.270968585
5.914360000	0.944114447	0.274567481
5.914361000	0.906478167	0.272778752
5.914362000	0.931591332	0.272523738
5.914363000	0.966702104	0.272796063
5.914364000	0.939367652	0.271338498
5.914365000	0.914199173	0.274628051
5.914366000	0.974792480	0.275164245
5.914367000	0.905243218	0.270290294
5.914368000	0.899689615	0.274605314
5.914369000	0.937829614	0.270454595
5.914370000	0.932018518	0.270023496
5.914371000	0.934248626	0.273851340
5.914372000	0.917096257	0.268710174
5.914373000	0.951401412	0.271648107
5.914374000	0.962252975	0.269475251
5.914375000	0.980783999	0.272686490
5.914376000	0.940543115	0.265145983
5.914377000	0.951346815	0.271775639
5.914378000	0.925368369	0.265287846
5.914379000	0.972956896	0.266956000
5.914380000	0.948149741	0.272983433
5.914381000	0.954252899	0.264216906
5.914382000	0.925372720	0.272542563
5.914383000	0.940593302	0.274697926
5.914384000	0.943337977	0.272299233
5.914385000	0.959068060	0.269225446
5.914386000	0.926493704	0.269788771
5.914387000	0.960886955	0.266243455
5.914388000	0.933013260	0.269060047
5.914389000	0.935818613	0.269715784
5.914390000	0.977898836	0.272569478
5.914391000	0.893544972	0.269649688
5.914392000	0.888585627	0.269304375
5.914393000	0.955186546	0.266470373
5.914394000	0.913949251	0.267725471
5.914395000	0.938171566	0.271043753
5.914396000	0.931080878	0.266893449
5.914397000	0.902452052	0.264698572
5.914398000	0.951529384	0.269338963
5.914399000	0.910055697	0.262933728
5.914400000	0.925007820	0.270747043
5.914401000	0.919032991	0.264917051
5.914402000	0.980246723	0.271350632
5.914403000	0.911609948	0.264243188
5.914404000	0.935446739	0.270419691
5.914405000	0.970681131	0.265162328
5.914406000	0.896487415	0.269968485
5.914407000	0.915967941	0.264421203
5.914408000	0.936052561	0.269107202
5.914409000	0.922629893	0.267440645
5.914410000	0.894521415	0.267257270
5.914411000	0.902424335	0.268605446
5.914412000	0.944392145	0.266576300
5.914413000	0.931988120	0.264101158
5.914414000	0.920273304	0.266373600
5.914415000	0.899983108	0.265835741
5.914416000	0.896743357	0.268490314
5.914417000	0.909560144	0.262399048
5.914418000	0.941358507	0.265698855
5.914419000	0.936100841	0.264791366
5.914420000	0.914132237	0.262117419
5.914421000	0.906822801	0.267541596
5.914422000	0.925344169	0.262212344
5.914423000	0.943928659	0.268989656
5.914424000	0.902751327	0.263008063
5.914425000	0.973421872	0.261670624
5.914426000	0.922107995	0.265468275
5.914427000	0.973467290	0.260496203
5.914428000	0.933934212	0.261742180
5.914429000	0.940116704	0.264268937
5.914430000	0.960674167	0.261211096
5.914431000	0.956649065	0.264772624
5.914432000	0.941904604	0.261277258
5.914433000	0.897310257	0.263528528
5.914434000	0.972399890	0.265634306
5.914435000	0.934277713	0.264299014
5.914436000	0.922943175	0.265893083
5.914437000	0.902772188	0.263467858
5.914438000	0.959150970	0.263175843
5.914439000	0.959289968	0.263541495
5.914440000	0.952948868	0.256675449
5.914441000	0.912438095	0.265748123
5.914442000	0.928562284	0.260500464
5.914443000	0.960968137	0.262516028
5.914444000	0.921285212	0.262377826
5.914445000	0.920123160	0.264505842
5.914446000	0.919071138	0.259696073
5.914447000	0.931573033	0.260011142
5.914448000	0.958343565	0.262293820
5.914449000	0.950868130	0.258500014
5.914450000	0.917069018	0.258520487
5.914451000	0.962866724	0.257887254
5.914452000	0.897971451	0.259751866
5.914453000	0.908266425	0.259332602
5.914454000	0.934640765	0.260160928
5.914455000	0.915235877	0.259553378
5.914456000	0.899178267	0.258801501
5.914457000	0.905578732	0.258746423
5.914458000	0.898757994	0.264727900
5.914459000	0.914760828	0.255779662
5.914460000	0.936709583	0.259420752
5.914461000	0.932163596	0.260893314
5.914462000	0.922496080	0.255990484
5.914463000	0.941363990	0.259306336
5.914464000	0.914909124	0.259096113
5.914465000	0.922864616	0.261046778
5.914466000	0.924419582	0.259662750
5.914467000	0.925118744	0.257122877
5.914468000	0.895193994	0.258604976
5.914469000	0.939911783	0.259270200
5.914470000	0.889088213	0.253385929
5.914471000	0.928914607	0.257878183
5.914472000	0.904392719	0.257965684
5.914473000	0.939813733	0.257162808
5.914474000	0.964804292	0.255420301
5.914475000	0.938010156	0.258473100
5.914476000	0.937127352	0.258044364
5.914477000	0.940624833	0.259414793
5.914478000	0.940492511	0.254159578
5.914479000	0.912361503	0.254986289
5.914480000	0.947998047	0.257871159
5.914481000	0.912485123	0.255053218
5.914482000	0.894482374	0.257620971
5.914483000	0.918298483	0.255661484
5.914484000	0.936814427	0.254758423
