D:\KID metingen\Entropy ADR\LT343chip5_BF_20240530_mapping\S21\Power\KID63_116dBm_.dat
Power at KID:116dBm
resonance Frequency in GHz :5.915382
Q=41079.041665, Qc=44468.253711, Qi=538978.742602  S21min=-22.359027


Temperature in K:0.099948
GHz	dB	Rad
5.914461000	0.918389320	0.262451080
5.914462000	0.923257172	0.254524947
5.914463000	0.974225283	0.260825436
5.914464000	0.924257874	0.257741513
5.914465000	0.851165652	0.263543109
5.914466000	0.976155221	0.254409116
5.914467000	0.944455326	0.261547353
5.914468000	0.940493464	0.263073411
5.914469000	0.875339210	0.256331269
5.914470000	0.908395231	0.258021111
5.914471000	0.925657868	0.253295432
5.914472000	0.901016533	0.256213407
5.914473000	0.958080888	0.268280507
5.914474000	0.858174622	0.264062525
5.914475000	0.944941342	0.266043851
5.914476000	0.992615342	0.255375444
5.914477000	0.896144807	0.262642528
5.914478000	0.911366105	0.266424267
5.914479000	0.913350165	0.256379838
5.914480000	0.885322034	0.253625131
5.914481000	0.884340763	0.251865514
5.914482000	0.972288668	0.257798371
5.914483000	0.952699244	0.266079287
5.914484000	0.959710717	0.253120246
5.914485000	0.932476163	0.255846740
5.914486000	0.870539963	0.249281665
5.914487000	0.915838718	0.271310235
5.914488000	0.947941720	0.250985389
5.914489000	0.885455549	0.252847888
5.914490000	0.964945972	0.256903149
5.914491000	0.985725522	0.260819528
5.914492000	0.929080963	0.255085825
5.914493000	0.861387789	0.254441956
5.914494000	0.969365180	0.261162260
5.914495000	0.983102441	0.255147311
5.914496000	0.913293898	0.259407020
5.914497000	0.904524207	0.251310228
5.914498000	0.871983826	0.250993495
5.914499000	0.922649860	0.253080548
5.914500000	0.946872175	0.257547535
5.914501000	0.954536736	0.249727811
5.914502000	0.939439476	0.260792646
5.914503000	0.936995625	0.267710507
5.914504000	0.854767501	0.242834851
5.914505000	0.845917702	0.254342770
5.914506000	0.914379239	0.248635050
5.914507000	0.933283687	0.250960289
5.914508000	0.907272637	0.256793710
5.914509000	0.896577299	0.249097374
5.914510000	0.940075696	0.245492320
5.914511000	0.892367899	0.256998491
5.914512000	0.890201092	0.247728726
5.914513000	0.850964487	0.259451428
5.914514000	0.894488513	0.259416974
5.914515000	0.973098516	0.256595055
5.914516000	0.831867397	0.251224558
5.914517000	0.906572938	0.259815516
5.914518000	0.909573436	0.247121226
5.914519000	0.848147750	0.249400475
5.914520000	0.904590428	0.252087322
5.914521000	0.956107855	0.244911401
5.914522000	0.913964450	0.254077319
5.914523000	0.921422720	0.245288438
5.914524000	0.858529985	0.252452591
5.914525000	0.868329465	0.243877978
5.914526000	0.881985784	0.246794539
5.914527000	0.942433715	0.254647103
5.914528000	0.900862217	0.249551077
5.914529000	0.957720399	0.243090149
5.914530000	0.971565902	0.244120276
5.914531000	0.922211945	0.254595853
5.914532000	0.854934096	0.255589046
5.914533000	0.903259993	0.243310708
5.914534000	0.891526222	0.247415588
5.914535000	0.880912006	0.253539660
5.914536000	0.982508361	0.254459450
5.914537000	0.947468042	0.247616474
5.914538000	0.929975450	0.241220510
5.914539000	0.935380578	0.245996123
5.914540000	0.881942034	0.249283047
5.914541000	0.871199310	0.251271879
5.914542000	0.889720917	0.240961267
5.914543000	0.938638151	0.243819222
5.914544000	0.890994012	0.244006725
5.914545000	0.825611949	0.248895207
5.914546000	0.886960745	0.246475126
5.914547000	0.925738275	0.254004116
5.914548000	0.903908193	0.251138904
5.914549000	0.966638565	0.247995025
5.914550000	0.898986936	0.239896785
5.914551000	0.971887827	0.244764761
5.914552000	1.011380672	0.248141816
5.914553000	0.886864781	0.245459480
5.914554000	0.858287036	0.252667042
5.914555000	0.953410625	0.247117214
5.914556000	0.942571163	0.244209492
5.914557000	0.862380266	0.248111672
5.914558000	0.832840502	0.238960817
5.914559000	0.828550994	0.236452819
5.914560000	0.927373350	0.242012750
5.914561000	0.956324399	0.248194296
5.914562000	0.837877810	0.246414240
5.914563000	0.878506422	0.240395496
5.914564000	0.861688614	0.241980359
5.914565000	0.900095224	0.246435678
5.914566000	0.922968745	0.246974136
5.914567000	0.927193522	0.246942977
5.914568000	0.978541076	0.244290868
5.914569000	0.891840100	0.246701961
5.914570000	0.920717120	0.247199156
5.914571000	0.886739373	0.244418517
5.914572000	0.947592080	0.243891444
5.914573000	0.898983121	0.238157075
5.914574000	0.972215772	0.243883388
5.914575000	0.842995107	0.240171940
5.914576000	0.833905578	0.239649827
5.914577000	0.904792130	0.241797567
5.914578000	0.865382552	0.241323657
5.914579000	0.922080100	0.236370377
5.914580000	0.893315434	0.237019922
5.914581000	0.878593862	0.236112783
5.914582000	0.865090847	0.232863244
5.914583000	0.866585493	0.245439539
5.914584000	0.881678224	0.236756968
5.914585000	0.904453695	0.237772848
5.914586000	0.888249934	0.240928228
5.914587000	0.895079970	0.243368449
5.914588000	0.842461944	0.239785915
5.914589000	1.010721922	0.236928359
5.914590000	0.819813311	0.235946469
5.914591000	0.865115881	0.239855773
5.914592000	0.874271035	0.233279629
5.914593000	0.859054506	0.240940328
5.914594000	1.009658575	0.235222954
5.914595000	0.885692000	0.231899762
5.914596000	0.823853314	0.240547995
5.914597000	0.901038289	0.236253897
5.914598000	0.921758294	0.236409276
5.914599000	0.881500900	0.231983568
5.914600000	0.974122524	0.245286241
5.914601000	0.868345976	0.237645049
5.914602000	0.884294450	0.243431532
5.914603000	0.904234827	0.244988250
5.914604000	0.880250752	0.239487341
5.914605000	0.972643971	0.235134504
5.914606000	0.899681807	0.237585661
5.914607000	0.876263678	0.234141877
5.914608000	0.886912942	0.235274803
5.914609000	0.928789020	0.244485112
5.914610000	0.909618914	0.239448808
5.914611000	0.840281248	0.230721480
5.914612000	0.866529465	0.239339369
5.914613000	0.864778459	0.235725526
5.914614000	0.805120349	0.235575806
5.914615000	0.819522679	0.233736311
5.914616000	0.918150902	0.245238687
5.914617000	0.861785948	0.231113264
5.914618000	0.856574535	0.238804257
5.914619000	0.897569358	0.242019691
5.914620000	0.930255771	0.238224220
5.914621000	0.882411420	0.240922186
5.914622000	0.908146262	0.243032641
5.914623000	0.903950095	0.236720416
5.914624000	0.906953096	0.235077329
5.914625000	0.917783678	0.236683582
5.914626000	0.816652179	0.236203680
5.914627000	0.890841603	0.229470010
5.914628000	0.860745788	0.230927092
5.914629000	0.866822600	0.237881821
5.914630000	0.949404359	0.233771831
5.914631000	0.882254124	0.222720695
5.914632000	0.818903625	0.223246952
5.914633000	0.883188009	0.232156923
5.914634000	0.952188253	0.239990862
5.914635000	0.891393244	0.229167542
5.914636000	0.891824722	0.235036733
5.914637000	0.922743440	0.241223822
5.914638000	0.892651141	0.233548109
5.914639000	0.876972914	0.227851691
5.914640000	0.978764892	0.230494745
5.914641000	0.960234284	0.235216546
5.914642000	0.814427018	0.230246388
5.914643000	0.892511010	0.234895036
5.914644000	0.874290049	0.228164645
5.914645000	0.886616170	0.242003579
5.914646000	0.863646626	0.230052094
5.914647000	0.894765973	0.219736290
5.914648000	0.868664026	0.234478384
5.914649000	0.906847537	0.227780351
5.914650000	0.892685771	0.236401087
5.914651000	0.929631352	0.230572409
5.914652000	0.920460641	0.236698579
5.914653000	0.915543020	0.230752389
5.914654000	0.901569307	0.230905304
5.914655000	0.910899282	0.227440948
5.914656000	0.934575737	0.236341016
5.914657000	0.927969933	0.233676989
5.914658000	0.901489019	0.230873996
5.914659000	0.901489913	0.226929571
5.914660000	0.888956428	0.225318442
5.914661000	0.871363103	0.230355079
5.914662000	0.860263348	0.224711158
5.914663000	0.885811687	0.225917686
5.914664000	0.850867629	0.224244189
5.914665000	0.927858174	0.220211814
5.914666000	0.885321319	0.231825360
5.914667000	0.800536096	0.222487102
5.914668000	0.860955536	0.222068170
5.914669000	0.919306040	0.224664852
5.914670000	0.845957160	0.226490149
5.914671000	0.924185097	0.235414685
5.914672000	0.844966114	0.223466746
5.914673000	0.862590015	0.221649455
5.914674000	0.901698709	0.220145285
5.914675000	0.824380457	0.227854137
5.914676000	0.874793768	0.227268974
5.914677000	0.835378885	0.215124777
5.914678000	0.857027233	0.221270171
5.914679000	0.887145519	0.228269441
5.914680000	0.956875741	0.225665385
5.914681000	0.853401184	0.225325466
5.914682000	0.885588646	0.229064494
5.914683000	0.841406226	0.206791929
5.914684000	0.896408796	0.224791702
5.914685000	0.962353945	0.227258854
5.914686000	0.827353477	0.223722842
5.914687000	0.912483752	0.214223113
5.914688000	0.928590357	0.233764707
5.914689000	0.907482266	0.231379746
5.914690000	0.955709100	0.223776288
5.914691000	0.846570134	0.225540949
5.914692000	0.904763520	0.226368876
5.914693000	0.837191343	0.215293538
5.914694000	0.924312472	0.225759245
5.914695000	0.865789413	0.208890816
5.914696000	0.858472586	0.218215525
5.914697000	0.866148412	0.221428163
5.914698000	0.850067854	0.224124314
5.914699000	0.952143848	0.224388266
5.914700000	0.890567243	0.218011477
5.914701000	0.887053430	0.217584955
5.914702000	0.864764094	0.216633058
5.914703000	0.875403345	0.223473387
5.914704000	0.881733656	0.226855036
5.914705000	0.855950892	0.219210116
5.914706000	0.903595269	0.221071815
5.914707000	0.877428591	0.222451865
5.914708000	0.897709668	0.218358587
5.914709000	0.890807867	0.223712572
5.914710000	0.848638654	0.223022764
5.914711000	0.833601236	0.228764655
5.914712000	0.911771953	0.213076007
5.914713000	0.894375026	0.214912872
5.914714000	0.855220139	0.228515483
5.914715000	0.897036970	0.228739122
5.914716000	0.881387651	0.220812773
5.914717000	0.815248430	0.218233668
5.914718000	0.890548825	0.220208635
5.914719000	0.793453038	0.220670077
5.914720000	0.895288944	0.219638818
5.914721000	0.846791625	0.220121116
5.914722000	0.869080484	0.216613251
5.914723000	0.767004132	0.220998528
5.914724000	0.846829653	0.222262481
5.914725000	0.875501752	0.221305940
5.914726000	0.895052731	0.221988741
5.914727000	0.839061141	0.218423285
5.914728000	0.904067039	0.210246614
5.914729000	0.852144361	0.216294720
5.914730000	0.826695800	0.218109614
5.914731000	0.862268627	0.220700587
5.914732000	0.869521976	0.219474251
5.914733000	0.905479372	0.216053870
5.914734000	0.793075502	0.214435900
5.914735000	0.894844115	0.219244204
5.914736000	0.878220975	0.213050940
5.914737000	0.829493046	0.218548487
5.914738000	0.840055406	0.217069483
5.914739000	0.874300599	0.216141505
5.914740000	0.894949615	0.208466075
5.914741000	0.840062797	0.215649752
5.914742000	0.838345945	0.214008729
5.914743000	0.818570912	0.202175322
5.914744000	0.926240325	0.222336800
5.914745000	0.794280708	0.217222316
5.914746000	0.833006084	0.217520889
5.914747000	0.880565822	0.220262713
5.914748000	0.853416920	0.214704596
5.914749000	0.851561129	0.225109217
5.914750000	0.895085037	0.215448550
5.914751000	0.794369400	0.211239041
5.914752000	0.894717038	0.212653030
5.914753000	0.816157699	0.219710224
5.914754000	0.898441792	0.213608256
5.914755000	0.909390330	0.213586868
5.914756000	0.882093012	0.218619660
5.914757000	0.874673426	0.221462434
5.914758000	0.873332441	0.214924224
5.914759000	0.876226425	0.211771491
5.914760000	0.847109556	0.200767459
5.914761000	0.860736072	0.213797490
5.914762000	0.890802920	0.212102804
5.914763000	0.878398299	0.210934143
5.914764000	0.799086988	0.213256586
5.914765000	0.856743217	0.220596208
5.914766000	0.827770472	0.217166822
5.914767000	0.887066185	0.217906482
5.914768000	0.892771006	0.212392340
5.914769000	0.831841767	0.203575762
5.914770000	0.861849368	0.205670322
5.914771000	0.863347888	0.199565508
5.914772000	0.842377186	0.221365162
5.914773000	0.848001659	0.207625298
5.914774000	0.823262990	0.210566826
5.914775000	0.821315289	0.203944910
5.914776000	0.840053856	0.202757789
5.914777000	0.815822601	0.212599551
5.914778000	0.866732001	0.205033344
5.914779000	0.896199107	0.201232397
5.914780000	0.879568636	0.203331167
5.914781000	0.863225937	0.204674532
5.914782000	0.838297725	0.199189503
5.914783000	0.942030907	0.211615979
5.914784000	0.857133329	0.199813698
5.914785000	0.792273819	0.203297711
5.914786000	0.872057378	0.198888649
5.914787000	0.834524155	0.202708104
5.914788000	0.862805367	0.200573930
5.914789000	0.825255394	0.205775284
5.914790000	0.780160069	0.204135392
5.914791000	0.833548486	0.207889434
5.914792000	0.820368171	0.203623050
5.914793000	0.833643079	0.209663599
5.914794000	0.891604066	0.198617306
5.914795000	0.879300952	0.196091780
5.914796000	0.901485980	0.202748418
5.914797000	0.881677330	0.208446850
5.914798000	0.843078732	0.201690044
5.914799000	0.826022685	0.196918775
5.914800000	0.902484179	0.198000434
5.914801000	0.786853671	0.200873486
5.914802000	0.876750290	0.199681505
5.914803000	0.877575755	0.204957244
5.914804000	0.781078279	0.195624079
5.914805000	0.858046353	0.203850351
5.914806000	0.841374516	0.205399179
5.914807000	0.792830825	0.195045957
5.914808000	0.796208084	0.195003446
5.914809000	0.829701841	0.195703941
5.914810000	0.872013628	0.204172443
5.914811000	0.859206259	0.199580122
5.914812000	0.873099029	0.194300638
5.914813000	0.908959150	0.207317803
5.914814000	0.797982454	0.200131862
5.914815000	0.878885031	0.206358366
5.914816000	0.824106097	0.199993278
5.914817000	0.804641128	0.201968028
5.914818000	0.806790233	0.194184624
5.914819000	0.838011682	0.196299473
5.914820000	0.814793408	0.206517107
5.914821000	0.810148418	0.191294844
5.914822000	0.820782125	0.195681504
5.914823000	0.783806682	0.203284462
5.914824000	0.855694771	0.202814314
5.914825000	0.836873472	0.192859252
5.914826000	0.809711456	0.192926247
5.914827000	0.782788813	0.194884120
5.914828000	0.784880817	0.193677109
5.914829000	0.924025416	0.199208528
5.914830000	0.823812544	0.194430667
5.914831000	0.773993373	0.190256994
5.914832000	0.829103351	0.197881990
5.914833000	0.861090899	0.196843124
5.914834000	0.816561759	0.196915346
5.914835000	0.749934256	0.191805938
5.914836000	0.787151098	0.189622263
5.914837000	0.782942057	0.204273810
5.914838000	0.771878660	0.202109526
5.914839000	0.818277538	0.190441102
5.914840000	0.853476644	0.184569048
5.914841000	0.844608486	0.195645218
5.914842000	0.809171438	0.187400637
5.914843000	0.841783881	0.191155262
5.914844000	0.823220074	0.184525672
5.914845000	0.839381516	0.178913259
5.914846000	0.795186579	0.196163403
5.914847000	0.753528357	0.196350390
5.914848000	0.812525392	0.184196521
5.914849000	0.783854723	0.189322474
5.914850000	0.813094020	0.199020858
5.914851000	0.812923729	0.193618536
5.914852000	0.864993095	0.195182028
5.914853000	0.838812351	0.197217016
5.914854000	0.929150462	0.182028276
5.914855000	0.825864851	0.192911383
5.914856000	0.825016677	0.194285075
5.914857000	0.776500702	0.191736713
5.914858000	0.864612579	0.188496361
5.914859000	0.868968248	0.190242679
5.914860000	0.908707559	0.195323625
5.914861000	0.754196048	0.194934587
5.914862000	0.889144361	0.175631729
5.914863000	0.819895625	0.188255295
5.914864000	0.843069077	0.188752092
5.914865000	0.838879526	0.188536043
5.914866000	0.913387597	0.197440555
5.914867000	0.722694159	0.191733401
5.914868000	0.866377473	0.186471327
5.914869000	0.805876970	0.183666885
5.914870000	0.763538182	0.184858600
5.914871000	0.761751473	0.188137284
5.914872000	0.859021604	0.183121636
5.914873000	0.776420712	0.188724894
5.914874000	0.810416460	0.183166561
5.914875000	0.811579347	0.182302831
5.914876000	0.817227542	0.178819449
5.914877000	0.815718293	0.181366081
5.914878000	0.838078737	0.182753388
5.914879000	0.758796990	0.180943870
5.914880000	0.805137515	0.182520844
5.914881000	0.837968230	0.186891507
5.914882000	0.818893552	0.184737393
5.914883000	0.855047405	0.175633027
5.914884000	0.767996728	0.177912793
5.914885000	0.861091793	0.179591050
5.914886000	0.721574366	0.171513466
5.914887000	0.764958203	0.172211481
5.914888000	0.766193390	0.178223101
5.914889000	0.800728619	0.184771814
5.914890000	0.773745060	0.179254793
5.914891000	0.765725136	0.182590169
5.914892000	0.730874479	0.190045905
5.914893000	0.807758510	0.177312333
5.914894000	0.836752832	0.177454513
5.914895000	0.733067214	0.178554232
5.914896000	0.685468018	0.181761394
5.914897000	0.839043260	0.181724276
5.914898000	0.809325337	0.169477596
5.914899000	0.872808993	0.180331825
5.914900000	0.733177602	0.180017755
5.914901000	0.763170063	0.177199049
5.914902000	0.802039325	0.174455677
5.914903000	0.750327528	0.173356440
5.914904000	0.802092910	0.175572357
5.914905000	0.735317230	0.177277463
5.914906000	0.739533126	0.173207087
5.914907000	0.811872780	0.178471557
5.914908000	0.839755595	0.176283771
5.914909000	0.806959331	0.177676770
5.914910000	0.805086195	0.174241942
5.914911000	0.781796873	0.173466313
5.914912000	0.875883818	0.172827653
5.914913000	0.747716069	0.181272021
5.914914000	0.822708011	0.173616914
5.914915000	0.807060122	0.180438036
5.914916000	0.779661775	0.180523823
5.914917000	0.766978383	0.165729913
5.914918000	0.776582301	0.172884861
5.914919000	0.791435122	0.180950927
5.914920000	0.755404472	0.165227474
5.914921000	0.786412895	0.170971663
5.914922000	0.749951720	0.166701767
5.914923000	0.794712543	0.162934259
5.914924000	0.854793131	0.169298732
5.914925000	0.807788014	0.165222431
5.914926000	0.787942946	0.166268537
5.914927000	0.772047460	0.169239343
5.914928000	0.806281328	0.174506976
5.914929000	0.885415137	0.173244455
5.914930000	0.802728176	0.170093336
5.914931000	0.721522093	0.167297483
5.914932000	0.761592150	0.167157267
5.914933000	0.747831702	0.167271067
5.914934000	0.785927355	0.162495537
5.914935000	0.750715256	0.167685838
5.914936000	0.801839232	0.168502430
5.914937000	0.828548849	0.169144402
5.914938000	0.787230074	0.160081348
5.914939000	0.836405814	0.164604028
5.914940000	0.782187760	0.159945960
5.914941000	0.835066199	0.164477611
5.914942000	0.726193130	0.161538180
5.914943000	0.819890380	0.158213107
5.914944000	0.806702673	0.159203004
5.914945000	0.816208303	0.171740751
5.914946000	0.761851251	0.169210431
5.914947000	0.771605194	0.162697604
5.914948000	0.686197937	0.175522140
5.914949000	0.753350496	0.165586485
5.914950000	0.803308964	0.161673619
5.914951000	0.745801210	0.166723305
5.914952000	0.817082047	0.157411496
5.914953000	0.743476093	0.155862601
5.914954000	0.664747536	0.164684189
5.914955000	0.763443053	0.154729077
5.914956000	0.821184218	0.158918629
5.914957000	0.794419646	0.158274993
5.914958000	0.739605665	0.154004747
5.914959000	0.751724482	0.160009526
5.914960000	0.717379034	0.163502278
5.914961000	0.747865856	0.156791712
5.914962000	0.746655226	0.151062819
5.914963000	0.733093262	0.156455255
5.914964000	0.791322052	0.152147076
5.914965000	0.768735170	0.155083727
5.914966000	0.742730200	0.154781491
5.914967000	0.713503420	0.142976097
5.914968000	0.720965981	0.145513674
5.914969000	0.763692260	0.153511946
5.914970000	0.757189929	0.156345000
5.914971000	0.739380240	0.148847203
5.914972000	0.861421764	0.151923903
5.914973000	0.764270365	0.150122491
5.914974000	0.660184264	0.138552029
5.914975000	0.714321971	0.148541089
5.914976000	0.814958632	0.150287357
5.914977000	0.734332323	0.152483882
5.914978000	0.823790610	0.156522832
5.914979000	0.789874077	0.160254337
5.914980000	0.676531076	0.152525677
5.914981000	0.715545475	0.150886002
5.914982000	0.793069124	0.147360759
5.914983000	0.660265326	0.144660930
5.914984000	0.810424864	0.146667156
5.914985000	0.832222879	0.143627640
5.914986000	0.734178007	0.149266551
5.914987000	0.835169613	0.153095827
5.914988000	0.757083893	0.137571304
5.914989000	0.749429345	0.140032456
5.914990000	0.810519636	0.145494732
5.914991000	0.794516921	0.145760948
5.914992000	0.734554589	0.142569250
5.914993000	0.756088734	0.146256113
5.914994000	0.744310856	0.148225471
5.914995000	0.747602761	0.143760348
5.914996000	0.746948838	0.136637641
5.914997000	0.766635299	0.140823082
5.914998000	0.675845385	0.140052962
5.914999000	0.715583920	0.150877114
5.915000000	0.718655765	0.139842389
5.915001000	0.750398695	0.136781976
5.915002000	0.674571216	0.133801716
5.915003000	0.824237227	0.146752759
5.915004000	0.801309764	0.145561211
5.915005000	0.747410715	0.144074535
5.915006000	0.743733823	0.129810203
5.915007000	0.764689267	0.139674910
5.915008000	0.711912990	0.137504117
5.915009000	0.677279770	0.129220771
5.915010000	0.667167068	0.134651480
5.915011000	0.782566071	0.141874814
5.915012000	0.669653416	0.137922541
5.915013000	0.700431347	0.133725483
5.915014000	0.668767750	0.144975815
5.915015000	0.753208101	0.138057006
5.915016000	0.653731108	0.127987119
5.915017000	0.659463167	0.129509241
5.915018000	0.704606473	0.135675108
5.915019000	0.703785837	0.128464458
5.915020000	0.661108077	0.132793385
5.915021000	0.680214643	0.129027533
5.915022000	0.759693801	0.132567931
5.915023000	0.673539639	0.129296363
5.915024000	0.577039719	0.138088165
5.915025000	0.682037413	0.116096338
5.915026000	0.725491583	0.126644720
5.915027000	0.621142328	0.125814113
5.915028000	0.678537965	0.129344641
5.915029000	0.634104669	0.124417593
5.915030000	0.722997725	0.127307339
5.915031000	0.650473058	0.122573113
5.915032000	0.686146259	0.123246585
5.915033000	0.730229378	0.121121482
5.915034000	0.730632544	0.113986615
5.915035000	0.678241432	0.123575834
5.915036000	0.683353841	0.125274598
5.915037000	0.626704276	0.127827455
5.915038000	0.667487264	0.122694952
5.915039000	0.684410989	0.122761997
5.915040000	0.656237066	0.122251395
5.915041000	0.669766009	0.120906465
5.915042000	0.636365592	0.129458291
5.915043000	0.663424551	0.119265750
5.915044000	0.637871683	0.115188608
5.915045000	0.600809157	0.119330756
5.915046000	0.751965106	0.114702723
5.915047000	0.642853200	0.127066931
5.915048000	0.589211345	0.113552354
5.915049000	0.660952687	0.126719937
5.915050000	0.667212129	0.120273864
5.915051000	0.659234226	0.124523695
5.915052000	0.711733639	0.120110538
5.915053000	0.621238887	0.108543047
5.915054000	0.721746266	0.113087066
5.915055000	0.666547000	0.111781826
5.915056000	0.687764108	0.112702264
5.915057000	0.642036557	0.122487742
5.915058000	0.678916335	0.111432827
5.915059000	0.737919748	0.117898624
5.915060000	0.664153278	0.105759120
5.915061000	0.621639192	0.114602921
5.915062000	0.712959945	0.102412759
5.915063000	0.669507742	0.119178023
5.915064000	0.671169400	0.109156898
5.915065000	0.693333745	0.104639744
5.915066000	0.675838530	0.108090618
5.915067000	0.599471331	0.097244861
5.915068000	0.610835493	0.096917609
5.915069000	0.544089139	0.099143878
5.915070000	0.654369533	0.096797850
5.915071000	0.661802173	0.104254101
5.915072000	0.605329216	0.102380801
5.915073000	0.640637517	0.099141814
5.915074000	0.653475285	0.105503249
5.915075000	0.596487522	0.099426539
5.915076000	0.569611251	0.095815518
5.915077000	0.542268813	0.101314879
5.915078000	0.601975024	0.090852476
5.915079000	0.609663367	0.102977715
5.915080000	0.619968474	0.096462957
5.915081000	0.552468240	0.092084479
5.915082000	0.525188744	0.088690330
5.915083000	0.574047387	0.093482314
5.915084000	0.544803798	0.097451090
5.915085000	0.620126188	0.097457956
5.915086000	0.566330492	0.095469282
5.915087000	0.629122555	0.089314067
5.915088000	0.594878197	0.086649575
5.915089000	0.564133584	0.095781587
5.915090000	0.551980913	0.094439662
5.915091000	0.636912584	0.099766617
5.915092000	0.541813254	0.094590081
5.915093000	0.577269554	0.095141272
5.915094000	0.587401390	0.083360429
5.915095000	0.506540775	0.083440840
5.915096000	0.623200715	0.090126173
5.915097000	0.687846541	0.093212552
5.915098000	0.649381638	0.085709387
5.915099000	0.546096027	0.078620435
5.915100000	0.482603729	0.085101862
5.915101000	0.578897893	0.081986629
5.915102000	0.531379163	0.084062305
5.915103000	0.478983045	0.086649458
5.915104000	0.544947743	0.080189720
5.915105000	0.587300181	0.075706088
5.915106000	0.518771529	0.085515334
5.915107000	0.618689775	0.075055378
5.915108000	0.569530785	0.075922237
5.915109000	0.577041507	0.080721378
5.915110000	0.545698285	0.065366881
5.915111000	0.573669910	0.076906108
5.915112000	0.475002497	0.070514713
5.915113000	0.502828419	0.067082822
5.915114000	0.538124621	0.067271233
5.915115000	0.487358391	0.068562350
5.915116000	0.507628798	0.069540071
5.915117000	0.528955519	0.065456368
5.915118000	0.596797645	0.063156695
5.915119000	0.471501708	0.067921581
5.915120000	0.487612486	0.066312848
5.915121000	0.532096744	0.067318699
5.915122000	0.535201013	0.064051612
5.915123000	0.521564901	0.057523451
5.915124000	0.574009180	0.064266138
5.915125000	0.475687891	0.066028872
5.915126000	0.558009207	0.069765470
5.915127000	0.518891215	0.055095119
5.915128000	0.507257223	0.064132893
5.915129000	0.558514714	0.064279633
5.915130000	0.522632301	0.063808770
5.915131000	0.476999074	0.059511277
5.915132000	0.459541202	0.057969019
5.915133000	0.494830459	0.067961695
5.915134000	0.462661803	0.053509223
5.915135000	0.513989866	0.066279276
5.915136000	0.498513252	0.058488273
5.915137000	0.482164145	0.062043955
5.915138000	0.475832999	0.056745933
5.915139000	0.424069911	0.050211302
5.915140000	0.514223576	0.053017965
5.915141000	0.467145503	0.055495417
5.915142000	0.497317582	0.051334257
5.915143000	0.506246090	0.051259006
5.915144000	0.418262899	0.046239213
5.915145000	0.501202881	0.056152406
5.915146000	0.442333072	0.040157939
5.915147000	0.489142090	0.039199850
5.915148000	0.510105252	0.041112042
5.915149000	0.406236053	0.035536098
5.915150000	0.429361075	0.038569097
5.915151000	0.362716675	0.051896766
5.915152000	0.409857184	0.038148135
5.915153000	0.436842650	0.033693243
5.915154000	0.354704767	0.023352440
5.915155000	0.395156026	0.041455602
5.915156000	0.280439645	0.036561731
5.915157000	0.431962162	0.028797649
5.915158000	0.418205410	0.035052701
5.915159000	0.405292928	0.034968541
5.915160000	0.470940262	0.020675819
5.915161000	0.370473325	0.036981637
5.915162000	0.407645792	0.031191523
5.915163000	0.384026378	0.032488472
5.915164000	0.420596898	0.020282849
5.915165000	0.408600479	0.015665073
5.915166000	0.284288883	0.041490373
5.915167000	0.389937550	0.014345385
5.915168000	0.346250892	0.030442486
5.915169000	0.375489771	0.014477344
5.915170000	0.353211403	0.023082133
5.915171000	0.312092036	0.016134936
5.915172000	0.301433682	0.012152037
5.915173000	0.284174323	0.010008707
5.915174000	0.283524483	0.010084369
5.915175000	0.324906439	0.015154007
5.915176000	0.252458185	0.015206661
5.915177000	0.348244548	0.003731172
5.915178000	0.303990871	0.005944768
5.915179000	0.267062873	0.008963511
5.915180000	0.339575440	0.011554027
5.915181000	0.284267247	0.008414596
5.915182000	0.260011077	0.015417702
5.915183000	0.215455994	-0.007487849
5.915184000	0.267976463	-0.005574939
5.915185000	0.329006076	0.002629269
5.915186000	0.261170954	-0.004726749
5.915187000	0.183559105	-0.008804900
5.915188000	0.329226941	-0.002651605
5.915189000	0.382732004	0.000269895
5.915190000	0.222170159	-0.001589768
5.915191000	0.184694216	-0.014580834
5.915192000	0.234435186	-0.006907397
5.915193000	0.203287274	0.002320126
5.915194000	0.215193018	-0.007817063
5.915195000	0.208117843	-0.017636010
5.915196000	0.178573444	-0.011932997
5.915197000	0.144314826	-0.017916013
5.915198000	0.353066355	-0.020989363
5.915199000	0.097591490	-0.029019516
5.915200000	0.172134086	-0.024187759
5.915201000	0.160961255	-0.028517364
5.915202000	0.219766721	-0.020748669
5.915203000	0.181562170	-0.036654151
5.915204000	0.135603145	-0.043764650
5.915205000	0.101513848	-0.044102451
5.915206000	0.136734784	-0.035922785
5.915207000	0.103367403	-0.044208116
5.915208000	0.022954423	-0.034157486
5.915209000	0.121457197	-0.033119812
5.915210000	0.132793009	-0.042953251
5.915211000	0.156581193	-0.044675688
5.915212000	0.016729899	-0.050024011
5.915213000	0.017477753	-0.041138274
5.915214000	0.155975059	-0.040517146
5.915215000	0.089194559	-0.052413174
5.915216000	0.085015304	-0.051142014
5.915217000	0.053010918	-0.047278853
5.915218000	0.014365599	-0.056027080
5.915219000	-0.013000568	-0.068243416
5.915220000	-0.035342973	-0.055031469
5.915221000	-0.020045161	-0.068785764
5.915222000	0.044835847	-0.065374821
5.915223000	-0.073575042	-0.067494318
5.915224000	-0.059009891	-0.070147971
5.915225000	-0.058677796	-0.061751103
5.915226000	-0.107104987	-0.068813973
5.915227000	-0.064005323	-0.073391676
5.915228000	-0.052345235	-0.064833775
5.915229000	-0.066367172	-0.086856619
5.915230000	-0.083997093	-0.072737546
5.915231000	-0.187364489	-0.074663985
5.915232000	-0.042551927	-0.073940204
5.915233000	-0.123508364	-0.085847281
5.915234000	-0.116991706	-0.090146730
5.915235000	-0.152223825	-0.105230433
5.915236000	-0.103587709	-0.097851504
5.915237000	-0.226660103	-0.098271476
5.915238000	-0.185437024	-0.093997494
5.915239000	-0.342277676	-0.103835727
5.915240000	-0.200199261	-0.106165469
5.915241000	-0.325223774	-0.107785836
5.915242000	-0.272816271	-0.106830610
5.915243000	-0.271965504	-0.115946569
5.915244000	-0.248974591	-0.112119107
5.915245000	-0.349969834	-0.117152723
5.915246000	-0.235703170	-0.114797132
5.915247000	-0.353450567	-0.128421323
5.915248000	-0.336938471	-0.133138930
5.915249000	-0.328961313	-0.134076537
5.915250000	-0.342136890	-0.126988293
5.915251000	-0.374543875	-0.140602522
5.915252000	-0.318882585	-0.128235293
5.915253000	-0.371162653	-0.136879830
5.915254000	-0.380589247	-0.135735187
5.915255000	-0.402014822	-0.131346656
5.915256000	-0.447472394	-0.144142013
5.915257000	-0.444099307	-0.145742123
5.915258000	-0.519375801	-0.147901048
5.915259000	-0.505721986	-0.174770895
5.915260000	-0.568217278	-0.154647085
5.915261000	-0.478603572	-0.160908792
5.915262000	-0.530800879	-0.160887637
5.915263000	-0.569998980	-0.172696892
5.915264000	-0.565222561	-0.164692162
5.915265000	-0.571001947	-0.170585571
5.915266000	-0.568427503	-0.175779085
5.915267000	-0.654865444	-0.180199400
5.915268000	-0.695002675	-0.171181337
5.915269000	-0.602577329	-0.178203277
5.915270000	-0.678498864	-0.179563320
5.915271000	-0.761036813	-0.187919354
5.915272000	-0.657114565	-0.203101070
5.915273000	-0.897643030	-0.194907839
5.915274000	-0.731270015	-0.187626939
5.915275000	-0.763985872	-0.199889298
5.915276000	-0.862534225	-0.191836681
5.915277000	-0.849034607	-0.223007201
5.915278000	-1.012649059	-0.228420975
5.915279000	-0.881534517	-0.200797569
5.915280000	-0.910878479	-0.210686136
5.915281000	-0.940299511	-0.228681199
5.915282000	-0.937016249	-0.218278492
5.915283000	-1.016972542	-0.241549676
5.915284000	-1.184615970	-0.232371474
5.915285000	-1.137732744	-0.235902010
5.915286000	-1.235828161	-0.266806164
5.915287000	-1.024318576	-0.251775299
5.915288000	-1.216263890	-0.245227635
5.915289000	-1.190832257	-0.257917531
5.915290000	-1.289906621	-0.250956860
5.915291000	-1.239202499	-0.259324412
5.915292000	-1.400219679	-0.267535188
5.915293000	-1.487344027	-0.272417910
5.915294000	-1.423044801	-0.286754306
5.915295000	-1.494548321	-0.280928408
5.915296000	-1.634137511	-0.284499873
5.915297000	-1.536154389	-0.292571881
5.915298000	-1.611155868	-0.285032838
5.915299000	-1.710710764	-0.311636020
5.915300000	-1.593947530	-0.304488229
5.915301000	-1.541099191	-0.286245076
5.915302000	-1.807651281	-0.318407274
5.915303000	-1.805047274	-0.317832297
5.915304000	-1.814480543	-0.317392543
5.915305000	-1.837375879	-0.332559844
5.915306000	-2.056150913	-0.339951747
5.915307000	-1.929761171	-0.316393092
5.915308000	-2.114904404	-0.355561433
5.915309000	-2.228993893	-0.368568179
5.915310000	-2.253001690	-0.346186441
5.915311000	-2.293393373	-0.371131805
5.915312000	-2.227947474	-0.363241391
5.915313000	-2.242529869	-0.367819431
5.915314000	-2.388562441	-0.373250482
5.915315000	-2.528388739	-0.391672233
5.915316000	-2.733440876	-0.393711083
5.915317000	-2.768156052	-0.394714728
5.915318000	-2.790102720	-0.416300248
5.915319000	-2.844044447	-0.410330573
5.915320000	-2.661524773	-0.387769271
5.915321000	-2.792242527	-0.404301542
5.915322000	-2.887998343	-0.435389421
5.915323000	-3.029449940	-0.441590225
5.915324000	-3.110554457	-0.424775226
5.915325000	-3.322357893	-0.429790691
5.915326000	-3.328083277	-0.447733705
5.915327000	-3.422932386	-0.452723071
5.915328000	-3.087008476	-0.450766247
5.915329000	-3.367936134	-0.433367615
5.915330000	-3.663312197	-0.451489528
5.915331000	-3.904916048	-0.478554202
5.915332000	-3.826081514	-0.478146572
5.915333000	-4.011604786	-0.490539892
5.915334000	-4.243103981	-0.494350875
5.915335000	-4.515553474	-0.513139743
5.915336000	-4.305948734	-0.521687525
5.915337000	-4.859045506	-0.509712355
5.915338000	-4.938431740	-0.532328418
5.915339000	-4.592618942	-0.522382077
5.915340000	-4.757337093	-0.530642337
5.915341000	-4.865823269	-0.539143048
5.915342000	-5.374998093	-0.554356688
5.915343000	-5.376224518	-0.560519310
5.915344000	-5.642045498	-0.569175182
5.915345000	-5.859870911	-0.563773360
5.915346000	-5.893515587	-0.572461789
5.915347000	-6.405763149	-0.591472099
5.915348000	-6.858656883	-0.600147346
5.915349000	-6.988828182	-0.592711135
5.915350000	-6.685347080	-0.605898643
5.915351000	-6.896192551	-0.618182340
5.915352000	-7.217983723	-0.612568529
5.915353000	-7.766462326	-0.628509013
5.915354000	-8.146027565	-0.624162934
5.915355000	-7.995750427	-0.641868761
5.915356000	-8.308546066	-0.648747173
5.915357000	-8.775250435	-0.626545997
5.915358000	-9.392344475	-0.645094715
5.915359000	-9.363994598	-0.646280287
5.915360000	-9.785634041	-0.618806718
5.915361000	-9.572293282	-0.629881140
5.915362000	-10.382745743	-0.635014983
5.915363000	-9.898635864	-0.622442133
5.915364000	-10.665006638	-0.610056037
5.915365000	-11.468990326	-0.600839236
5.915366000	-11.376139641	-0.632525926
5.915367000	-12.390117645	-0.655235366
5.915368000	-12.795174599	-0.617806701
5.915369000	-14.281027794	-0.527042409
5.915370000	-14.834102631	-0.517924478
5.915371000	-15.663238525	-0.494201805
5.915372000	-15.724063873	-0.505417009
5.915373000	-16.768293381	-0.375988844
5.915374000	-18.495946884	-0.200864181
5.915375000	-18.192428589	-0.168465928
5.915376000	-18.229688644	-0.309590413
5.915377000	-17.658393860	-0.284970953
5.915378000	-19.612306595	0.357361597
5.915379000	-20.761487961	0.407940885
5.915380000	-19.567071915	0.397180616
5.915381000	-20.063970566	0.401989153
5.915382000	-21.219169617	0.665020419
5.915383000	-20.576021194	0.484021572
5.915384000	-18.811712265	0.844586919
5.915385000	-18.121507645	1.019396546
5.915386000	-16.935791016	1.095680599
5.915387000	-16.252738953	1.156321642
5.915388000	-16.037281036	1.211201270
5.915389000	-15.910175323	1.206011434
5.915390000	-14.883964539	1.264635067
5.915391000	-14.123671532	1.231380174
5.915392000	-14.384463310	1.296185669
5.915393000	-12.003695488	1.301067909
5.915394000	-11.937714577	1.327518159
5.915395000	-12.499442101	1.352204997
5.915396000	-11.234677315	1.355798666
5.915397000	-10.585211754	1.310715743
5.915398000	-10.608557701	1.362961371
5.915399000	-10.390120506	1.343217627
5.915400000	-10.341230392	1.367469703
5.915401000	-9.654193878	1.363075887
5.915402000	-8.877169609	1.381587120
5.915403000	-8.587799072	1.344636559
5.915404000	-7.693452835	1.333534906
5.915405000	-7.872297764	1.339077610
5.915406000	-7.517054558	1.332357256
5.915407000	-7.138115883	1.323768428
5.915408000	-7.271025181	1.363087871
5.915409000	-7.001101494	1.326560220
5.915410000	-6.532550335	1.323113557
5.915411000	-6.023000717	1.294001611
5.915412000	-5.656437397	1.294875394
5.915413000	-6.241953373	1.289136815
5.915414000	-5.777858257	1.289665718
5.915415000	-5.263884544	1.272426677
5.915416000	-5.306783199	1.262926116
5.915417000	-4.975297451	1.257330016
5.915418000	-5.191635132	1.267323262
5.915419000	-4.992578030	1.248013346
5.915420000	-4.867517471	1.247983652
5.915421000	-4.713680267	1.235351880
5.915422000	-4.626870632	1.245599857
5.915423000	-4.585083961	1.248491916
5.915424000	-4.342133522	1.206315035
5.915425000	-3.684119701	1.191207987
5.915426000	-3.740555763	1.198578019
5.915427000	-3.709890842	1.185173930
5.915428000	-3.445856810	1.177265274
5.915429000	-3.460513592	1.173841913
5.915430000	-3.288731337	1.150995853
5.915431000	-3.180106640	1.142493444
5.915432000	-2.958852768	1.136361916
5.915433000	-3.000172615	1.146076062
5.915434000	-2.862509966	1.141932716
5.915435000	-3.000057697	1.139505111
5.915436000	-2.784287214	1.116834154
5.915437000	-2.805674791	1.132315109
5.915438000	-2.530470371	1.115023604
5.915439000	-2.343541622	1.092575220
5.915440000	-2.267715454	1.088290926
5.915441000	-2.587123871	1.104845202
5.915442000	-2.502833128	1.084193253
5.915443000	-2.302435160	1.079434916
5.915444000	-2.143498182	1.075208946
5.915445000	-2.130048990	1.069908656
5.915446000	-1.931397319	1.041895730
5.915447000	-1.916463137	1.043048746
5.915448000	-1.958264828	1.033073809
5.915449000	-1.836230516	1.024157280
5.915450000	-1.709009528	1.031233565
5.915451000	-1.581903934	1.003676439
5.915452000	-1.640737057	1.012266665
5.915453000	-1.599979877	1.009830272
5.915454000	-1.523012400	1.006953592
5.915455000	-1.541930437	0.994753251
5.915456000	-1.423257470	0.992912408
5.915457000	-1.290975451	0.980440958
5.915458000	-1.295888662	0.962386257
5.915459000	-1.218909860	0.961196623
5.915460000	-1.171416044	0.963665440
5.915461000	-1.046988368	0.961408810
5.915462000	-1.171393156	0.951114694
5.915463000	-1.113602877	0.951931885
5.915464000	-1.022772908	0.945291692
5.915465000	-0.948092997	0.943169486
5.915466000	-1.068047404	0.942910293
5.915467000	-0.973779678	0.933129701
5.915468000	-0.873104215	0.919576741
5.915469000	-0.811267912	0.913717254
5.915470000	-0.806418180	0.921531302
5.915471000	-0.795229971	0.908877824
5.915472000	-0.873317659	0.915574543
5.915473000	-0.776788652	0.905062846
5.915474000	-0.713310182	0.892724021
5.915475000	-0.668697178	0.900448454
5.915476000	-0.655087829	0.884987272
5.915477000	-0.540895820	0.878180898
5.915478000	-0.653695643	0.877049121
5.915479000	-0.609353721	0.873765577
5.915480000	-0.582610250	0.886402676
5.915481000	-0.578294635	0.880252305
5.915482000	-0.407192528	0.855107404
5.915483000	-0.410609961	0.854528233
5.915484000	-0.358567089	0.858813392
5.915485000	-0.497124374	0.849757046
5.915486000	-0.381359190	0.848786058
5.915487000	-0.377293825	0.841013889
5.915488000	-0.384259015	0.841412697
5.915489000	-0.368275166	0.839671256
5.915490000	-0.308244407	0.835213857
5.915491000	-0.268004566	0.820333244
5.915492000	-0.191910326	0.816124784
5.915493000	-0.157921836	0.819709865
5.915494000	-0.232809484	0.816678721
5.915495000	-0.189152375	0.817227666
5.915496000	-0.130560428	0.808358940
5.915497000	-0.157838270	0.800716999
5.915498000	-0.036969639	0.790871958
5.915499000	-0.029279867	0.781321130
5.915500000	-0.018390531	0.782397780
5.915501000	0.046665009	0.778001167
5.915502000	0.039254885	0.773870604
5.915503000	0.033752728	0.760711792
5.915504000	0.006553319	0.758707231
5.915505000	0.057443917	0.763728421
5.915506000	0.102273934	0.770919422
5.915507000	0.133332983	0.760314182
5.915508000	0.140801564	0.746347433
5.915509000	0.115396105	0.756126361
5.915510000	0.162512437	0.753753818
5.915511000	0.120547362	0.751396254
5.915512000	0.019712780	0.755521757
5.915513000	0.126950249	0.743362296
5.915514000	0.265042692	0.731153633
5.915515000	0.205940500	0.728410378
5.915516000	0.217101112	0.728045391
5.915517000	0.249613628	0.738522667
5.915518000	0.139675960	0.736974038
5.915519000	0.216612905	0.726737180
5.915520000	0.292291701	0.720225618
5.915521000	0.263673127	0.722071189
5.915522000	0.273356020	0.710591633
5.915523000	0.294119507	0.718239899
5.915524000	0.298712373	0.709825242
5.915525000	0.294996053	0.717967058
5.915526000	0.260925442	0.702265326
5.915527000	0.310939044	0.708851856
5.915528000	0.329299062	0.695521736
5.915529000	0.334541142	0.686927249
5.915530000	0.405914068	0.696757177
5.915531000	0.306715995	0.697254322
5.915532000	0.251469493	0.695838053
5.915533000	0.323009998	0.691099824
5.915534000	0.339035153	0.687499363
5.915535000	0.371980488	0.685067964
5.915536000	0.383623123	0.689287942
5.915537000	0.377515435	0.685258846
5.915538000	0.483832806	0.693844877
5.915539000	0.373836458	0.682761599
5.915540000	0.428000480	0.682821654
5.915541000	0.392899066	0.687767543
5.915542000	0.338664263	0.679079979
5.915543000	0.438841134	0.669168559
5.915544000	0.467430711	0.667338634
5.915545000	0.539941251	0.667361671
5.915546000	0.363519937	0.662110583
5.915547000	0.510676086	0.658433157
5.915548000	0.546842039	0.654438415
5.915549000	0.505466342	0.651708941
5.915550000	0.538067460	0.646706992
5.915551000	0.504941106	0.649170483
5.915552000	0.499440491	0.645692261
5.915553000	0.505199492	0.638965050
5.915554000	0.485162079	0.641450978
5.915555000	0.533138931	0.635310993
5.915556000	0.517162502	0.633337125
5.915557000	0.542425513	0.637152769
5.915558000	0.539884090	0.630322027
5.915559000	0.603251994	0.636950036
5.915560000	0.551703811	0.625349106
5.915561000	0.607659817	0.619073434
5.915562000	0.640915632	0.627363987
5.915563000	0.617503643	0.625250436
5.915564000	0.567628980	0.625245576
5.915565000	0.559855402	0.625451305
5.915566000	0.563086748	0.621315882
5.915567000	0.588504016	0.613828604
5.915568000	0.637148857	0.620451020
5.915569000	0.677211940	0.611064709
5.915570000	0.630941153	0.617425270
5.915571000	0.610218704	0.613262749
5.915572000	0.611936271	0.606049244
5.915573000	0.626578867	0.609777736
5.915574000	0.628948629	0.613631197
5.915575000	0.635850906	0.599202057
5.915576000	0.638183475	0.612701022
5.915577000	0.617270768	0.599303724
5.915578000	0.712634087	0.610566099
5.915579000	0.678870738	0.599451329
5.915580000	0.652653575	0.603408853
5.915581000	0.642284751	0.602884210
5.915582000	0.652987659	0.596994829
5.915583000	0.646175563	0.589655357
5.915584000	0.625577033	0.597191637
5.915585000	0.696244121	0.592937237
5.915586000	0.709399343	0.593823138
5.915587000	0.712715566	0.589401225
5.915588000	0.690876961	0.590185326
5.915589000	0.593146265	0.591741744
5.915590000	0.670897782	0.586878612
5.915591000	0.687683225	0.586704841
5.915592000	0.656042695	0.587660583
5.915593000	0.698659837	0.579293730
5.915594000	0.659236312	0.563776156
5.915595000	0.674445271	0.585990581
5.915596000	0.739309907	0.585131778
5.915597000	0.735105455	0.568737425
5.915598000	0.768160939	0.569920135
5.915599000	0.727450609	0.570101430
5.915600000	0.671157897	0.571586808
5.915601000	0.714022517	0.567159103
5.915602000	0.744469762	0.570907569
5.915603000	0.800087929	0.577033372
5.915604000	0.812605500	0.567803654
5.915605000	0.786679685	0.564342078
5.915606000	0.731445432	0.569124849
5.915607000	0.762384653	0.570155958
5.915608000	0.658301592	0.572209588
5.915609000	0.753855765	0.572422242
5.915610000	0.785797656	0.561806415
5.915611000	0.711282790	0.556653798
5.915612000	0.784914732	0.554647139
5.915613000	0.810208917	0.554871910
5.915614000	0.721154451	0.549131466
5.915615000	0.744315445	0.563864373
5.915616000	0.702788413	0.553058264
5.915617000	0.778699815	0.559478546
5.915618000	0.741896570	0.550514512
5.915619000	0.794128001	0.557391527
5.915620000	0.704554439	0.549033362
5.915621000	0.738565564	0.550216372
5.915622000	0.759705186	0.538784853
5.915623000	0.728127301	0.543226772
5.915624000	0.736896396	0.549156001
5.915625000	0.733000875	0.538572366
5.915626000	0.830648601	0.549613765
5.915627000	0.805518806	0.541016748
5.915628000	0.795631409	0.536431916
5.915629000	0.815016508	0.541425244
5.915630000	0.878614247	0.532055877
5.915631000	0.793086290	0.532398060
5.915632000	0.844801724	0.533327103
5.915633000	0.835673094	0.548999540
5.915634000	0.804573476	0.537428571
5.915635000	0.781809211	0.526267962
5.915636000	0.821067333	0.524645231
5.915637000	0.843336463	0.523040644
5.915638000	0.787342012	0.533065082
5.915639000	0.774815798	0.536434313
5.915640000	0.755485892	0.518660077
5.915641000	0.851485133	0.525919487
5.915642000	0.834789991	0.523419312
5.915643000	0.872626305	0.532895272
5.915644000	0.854090273	0.525840824
5.915645000	0.826660275	0.524944005
5.915646000	0.753631234	0.529917724
5.915647000	0.837428451	0.527067976
5.915648000	0.816381037	0.524998600
5.915649000	0.890916407	0.513633626
5.915650000	0.843874633	0.512589933
5.915651000	0.865332842	0.528831488
5.915652000	0.899638176	0.514983117
5.915653000	0.751566947	0.517997515
5.915654000	0.830756426	0.513434655
5.915655000	0.824645519	0.512813439
5.915656000	0.846157730	0.520240862
5.915657000	0.865228891	0.517420941
5.915658000	0.760374844	0.521574041
5.915659000	0.888844669	0.507699970
5.915660000	0.814912200	0.507442942
5.915661000	0.861557424	0.513284519
5.915662000	0.874298155	0.508317657
5.915663000	0.845697463	0.515430861
5.915664000	0.814103246	0.511929503
5.915665000	0.843723416	0.508221217
5.915666000	0.887830615	0.504087991
5.915667000	0.860821843	0.506487033
5.915668000	0.894651353	0.502914569
5.915669000	0.845592141	0.508695726
5.915670000	0.843784571	0.507095832
5.915671000	0.829563022	0.510092255
5.915672000	0.910990298	0.504243021
5.915673000	0.814507246	0.498817596
5.915674000	0.818475544	0.506812505
5.915675000	0.787101090	0.504089256
5.915676000	0.823645711	0.497456421
5.915677000	0.846914053	0.506711072
5.915678000	0.899960637	0.494971725
5.915679000	0.855545044	0.489912051
5.915680000	0.873560786	0.500730411
5.915681000	0.764517128	0.503795377
5.915682000	0.840198278	0.496748752
5.915683000	0.906152666	0.493465241
5.915684000	0.768347859	0.497020994
5.915685000	0.802417219	0.495344401
5.915686000	0.903250813	0.496907177
5.915687000	0.870352924	0.487335343
5.915688000	0.836615503	0.488494185
5.915689000	0.917122602	0.484773848
5.915690000	0.810361922	0.484511827
5.915691000	0.829525471	0.480540920
5.915692000	0.892541230	0.475895602
5.915693000	0.854810059	0.489544635
5.915694000	0.863591433	0.485770869
5.915695000	0.906865358	0.486213420
5.915696000	0.906065583	0.483841642
5.915697000	0.944635391	0.482556634
5.915698000	0.906755745	0.487416570
5.915699000	0.898968518	0.479635146
5.915700000	0.822260797	0.477727723
5.915701000	0.846977830	0.483715675
5.915702000	0.870736957	0.482473110
5.915703000	0.924986064	0.479121688
5.915704000	0.885967672	0.479908353
5.915705000	0.862148821	0.474229728
5.915706000	0.916619956	0.484019941
5.915707000	0.983146966	0.483178315
5.915708000	0.780495763	0.472901243
5.915709000	0.929709196	0.480545481
5.915710000	0.938557863	0.471932518
5.915711000	0.857928276	0.469612905
5.915712000	0.916729212	0.484042478
5.915713000	0.883570611	0.471679884
5.915714000	0.923500776	0.482591821
5.915715000	0.922245383	0.472824711
5.915716000	0.904930890	0.467941705
5.915717000	0.952659965	0.465156671
5.915718000	0.962960482	0.469002109
5.915719000	0.921131194	0.466243840
5.915720000	0.925528586	0.464476966
5.915721000	0.842673361	0.460959130
5.915722000	0.948393881	0.462794613
5.915723000	0.954481959	0.471451385
5.915724000	0.864039600	0.457711305
5.915725000	0.848918319	0.468297004
5.915726000	0.950136662	0.466232588
5.915727000	0.948721886	0.469711342
5.915728000	0.922296166	0.463657211
5.915729000	0.899997890	0.461312231
5.915730000	0.923282743	0.466829369
5.915731000	0.907058358	0.467068454
5.915732000	0.951478481	0.461312298
5.915733000	0.999115527	0.457793197
5.915734000	0.973046839	0.458495339
5.915735000	0.871648729	0.461486469
5.915736000	0.905279160	0.453534170
5.915737000	0.946745038	0.461610206
5.915738000	0.907167912	0.454366674
5.915739000	0.962170720	0.455357869
5.915740000	0.958999872	0.456009412
5.915741000	0.960357964	0.458151425
5.915742000	0.883318543	0.459383204
5.915743000	0.864773631	0.459889671
5.915744000	0.971630692	0.454826902
5.915745000	0.937984645	0.451367489
5.915746000	0.974253058	0.452146164
5.915747000	1.011230946	0.453358801
5.915748000	0.933562279	0.456958762
5.915749000	0.841343760	0.463013326
5.915750000	0.986772895	0.459185531
5.915751000	0.963088095	0.455649152
5.915752000	0.881249070	0.457492360
5.915753000	0.890258789	0.463799291
5.915754000	0.895829141	0.456725602
5.915755000	0.912476778	0.449237193
5.915756000	0.898681402	0.452409484
5.915757000	0.862173855	0.448499197
5.915758000	0.947760105	0.450632423
5.915759000	0.965681791	0.443581471
5.915760000	0.997969091	0.446960523
5.915761000	0.936586797	0.452866748
5.915762000	1.046867251	0.447296847
5.915763000	0.909512401	0.439840229
5.915764000	0.913727045	0.449536399
5.915765000	0.954113126	0.449439426
5.915766000	0.890664041	0.445773286
5.915767000	0.940955758	0.451418022
5.915768000	0.982850492	0.432989746
5.915769000	0.950613618	0.440891944
5.915770000	1.005789757	0.447052568
5.915771000	0.903355122	0.448987089
5.915772000	0.968021989	0.445942197
5.915773000	0.937311411	0.436376488
5.915774000	1.032738924	0.440725330
5.915775000	0.987668335	0.437476008
5.915776000	1.029067636	0.437020441
5.915777000	0.903996050	0.441128999
5.915778000	0.871567667	0.452773338
5.915779000	0.902514696	0.440076817
5.915780000	0.934566021	0.446394401
5.915781000	0.988650501	0.442142199
5.915782000	0.935295105	0.440036703
5.915783000	0.944661558	0.438082642
5.915784000	0.940013468	0.435708301
5.915785000	0.947979212	0.434247557
5.915786000	0.956229627	0.443108527
5.915787000	0.955999970	0.437570050
5.915788000	0.979912400	0.435054695
5.915789000	0.957410574	0.438622731
5.915790000	1.012755036	0.437428637
5.915791000	0.979626000	0.437801646
5.915792000	0.960659921	0.431847483
5.915793000	0.963220775	0.439219779
5.915794000	1.008254766	0.439020375
5.915795000	0.911949754	0.437708069
5.915796000	0.926447272	0.432657350
5.915797000	0.856401205	0.428574491
5.915798000	0.914549172	0.430671265
5.915799000	0.922865152	0.432254614
5.915800000	0.936527073	0.425784764
5.915801000	0.911124408	0.426456280
5.915802000	0.923573017	0.431324239
5.915803000	0.981132030	0.441061987
5.915804000	0.959904253	0.434896270
5.915805000	0.971344233	0.431628871
5.915806000	0.944118083	0.434582117
5.915807000	0.955197930	0.429472676
5.915808000	0.971819401	0.422780884
5.915809000	0.972897351	0.431015678
5.915810000	0.930818081	0.424917372
5.915811000	0.926359773	0.429515253
5.915812000	0.958063304	0.426555116
5.915813000	0.856187463	0.432078379
5.915814000	1.020048857	0.427828240
5.915815000	0.970308006	0.428973100
5.915816000	0.899509668	0.434162935
5.915817000	0.950226009	0.421584359
5.915818000	0.923509777	0.422520594
5.915819000	0.924134314	0.426401851
5.915820000	0.970589399	0.428915543
5.915821000	0.925814927	0.424136700
5.915822000	0.883986056	0.424428982
5.915823000	0.999215722	0.423646844
5.915824000	0.969110548	0.425916757
5.915825000	0.911303878	0.418815038
5.915826000	0.920518756	0.420922830
5.915827000	0.978054047	0.428008070
5.915828000	0.913034737	0.424417663
5.915829000	0.982857287	0.423845017
5.915830000	1.013740182	0.418346022
5.915831000	0.898982942	0.425558062
5.915832000	1.026118755	0.423429098
5.915833000	0.938105106	0.419479463
5.915834000	0.942392111	0.412252610
5.915835000	0.949958682	0.417975343
5.915836000	0.951482296	0.417966721
5.915837000	0.961628020	0.425407527
5.915838000	0.963976741	0.415791318
5.915839000	0.951468766	0.411119102
5.915840000	0.930612743	0.426274785
5.915841000	1.013818622	0.409719344
5.915842000	1.000715613	0.414649088
5.915843000	0.948880374	0.426492898
5.915844000	0.938129485	0.412217323
5.915845000	0.972423911	0.418950726
5.915846000	0.993398190	0.409739717
5.915847000	1.040562272	0.415962626
5.915848000	1.017485738	0.417918152
5.915849000	0.969770133	0.413843515
5.915850000	0.956997514	0.414209800
5.915851000	1.027267337	0.413501699
5.915852000	0.919053793	0.415216408
5.915853000	1.024026394	0.425204561
5.915854000	0.976836324	0.404791631
5.915855000	1.047087550	0.419951242
5.915856000	0.987853527	0.416440730
5.915857000	0.987753928	0.412648855
5.915858000	0.892691612	0.418779119
5.915859000	0.944149137	0.417476500
5.915860000	0.928185701	0.412635339
5.915861000	0.989010036	0.412765634
5.915862000	0.944076300	0.418113595
5.915863000	0.954585075	0.414792733
5.915864000	0.969150782	0.416968735
5.915865000	1.047882915	0.411573171
5.915866000	0.940274298	0.411229989
5.915867000	0.992212772	0.409639250
5.915868000	1.015107751	0.413914522
5.915869000	0.965356827	0.417313148
5.915870000	0.971286952	0.400878848
5.915871000	1.048766732	0.403498699
5.915872000	1.034755588	0.406401012
5.915873000	0.959910929	0.408096480
5.915874000	0.951540768	0.406571155
5.915875000	0.950624108	0.407512782
5.915876000	0.963221073	0.402444554
5.915877000	1.000434041	0.407383652
5.915878000	0.954616308	0.410469923
5.915879000	0.911633551	0.414514199
5.915880000	1.031021595	0.403392173
5.915881000	1.076281428	0.422321156
5.915882000	0.999220192	0.403903233
5.915883000	1.015946031	0.403601098
5.915884000	0.970773518	0.405328990
5.915885000	0.997242451	0.401776666
5.915886000	0.943394840	0.403632623
5.915887000	0.979995549	0.402246914
5.915888000	1.112128019	0.405989387
5.915889000	0.928331375	0.408992401
5.915890000	0.884688199	0.403828731
5.915891000	0.919466197	0.410253541
5.915892000	0.919557214	0.401372964
5.915893000	1.068101406	0.405831029
5.915894000	1.073683143	0.403173727
5.915895000	1.001728296	0.405321566
5.915896000	1.101624489	0.401764748
5.915897000	1.041105986	0.402299811
5.915898000	0.944120049	0.402048142
5.915899000	0.882546842	0.394435529
5.915900000	0.958039939	0.396558834
5.915901000	0.987343490	0.401763150
5.915902000	0.970338702	0.406508138
5.915903000	1.002791166	0.401429157
5.915904000	0.906271636	0.403493972
5.915905000	0.984101772	0.393763381
5.915906000	1.009022713	0.396280667
5.915907000	0.993065476	0.403859691
5.915908000	0.958746374	0.401204386
5.915909000	0.979098022	0.401015002
5.915910000	1.003166318	0.410797825
5.915911000	0.964845777	0.405924007
5.915912000	0.936179221	0.396301706
5.915913000	0.968291044	0.392083658
5.915914000	1.007259846	0.400832908
5.915915000	0.988192201	0.397184910
5.915916000	0.958079159	0.399079516
5.915917000	0.996488333	0.396431003
5.915918000	1.031625509	0.393791411
5.915919000	1.016668320	0.401279454
5.915920000	0.975420058	0.391772302
5.915921000	0.980630338	0.404785639
5.915922000	1.034328103	0.400188357
5.915923000	1.036554456	0.397879196
5.915924000	0.909836471	0.398975919
5.915925000	1.003519893	0.398509200
5.915926000	0.967905462	0.400546152
5.915927000	1.030688047	0.386549909
5.915928000	0.984224021	0.400101671
5.915929000	0.911343455	0.393416937
5.915930000	1.003646374	0.397966248
5.915931000	0.924357593	0.394729010
5.915932000	1.018553972	0.397364707
5.915933000	0.993346632	0.392684534
5.915934000	1.074629426	0.390065748
5.915935000	0.964982390	0.395326723
5.915936000	0.979592204	0.394959007
5.915937000	0.860215664	0.400469587
5.915938000	0.976670086	0.390454270
5.915939000	0.974585772	0.389427288
5.915940000	0.956431687	0.388697882
5.915941000	1.068842173	0.393639144
5.915942000	0.932685077	0.383513739
5.915943000	1.004923820	0.397890548
5.915944000	1.040426612	0.386235124
5.915945000	0.919540286	0.386144809
5.915946000	1.042387486	0.401934325
5.915947000	0.939390182	0.387476590
5.915948000	0.985303342	0.390723216
5.915949000	0.965954900	0.393127817
5.915950000	1.005995512	0.391259510
5.915951000	1.047460556	0.390147407
5.915952000	1.028891087	0.386910168
5.915953000	1.011142492	0.392038451
5.915954000	0.966939569	0.393731489
5.915955000	1.042135715	0.380600740
5.915956000	0.959832966	0.386384261
5.915957000	0.908706486	0.393027982
5.915958000	0.971749723	0.389880625
5.915959000	0.945761979	0.389525193
5.915960000	0.973900557	0.396534300
5.915961000	0.971277773	0.388843723
5.915962000	0.994994044	0.382538423
5.915963000	0.996221781	0.392538327
5.915964000	0.997666717	0.387973968
5.915965000	0.969616830	0.388396645
5.915966000	0.998641193	0.389176119
5.915967000	1.017965078	0.386724679
5.915968000	1.054255486	0.385110537
5.915969000	1.055931807	0.390867160
5.915970000	0.949361324	0.390618554
5.915971000	0.963596761	0.386681769
5.915972000	0.905811012	0.388242881
5.915973000	1.039813638	0.386994358
5.915974000	1.045744777	0.396560898
5.915975000	0.877392530	0.386033955
5.915976000	0.967466354	0.378427734
5.915977000	0.902435362	0.388322509
5.915978000	1.015699387	0.385467401
5.915979000	0.906241536	0.376769783
5.915980000	0.963461876	0.378150898
5.915981000	0.945888698	0.385770269
5.915982000	1.019637227	0.384114981
5.915983000	0.999374151	0.383889877
5.915984000	0.934076965	0.387362972
5.915985000	1.042630792	0.377094855
5.915986000	1.037741423	0.382415884
5.915987000	0.983973503	0.384223438
5.915988000	0.971000612	0.380630435
5.915989000	1.035198689	0.382833934
5.915990000	0.948685527	0.376582763
5.915991000	1.026903272	0.372637223
5.915992000	0.967396140	0.384543051
5.915993000	1.009226441	0.378791489
5.915994000	0.925534904	0.376437554
5.915995000	1.060691357	0.382113150
5.915996000	0.963582218	0.370528033
5.915997000	0.977419019	0.376135085
5.915998000	1.004390597	0.375844201
5.915999000	0.943299532	0.380921651
5.916000000	0.935685158	0.375803588
5.916001000	1.054505944	0.382330097
5.916002000	1.022423029	0.385794271
5.916003000	1.021997452	0.376250600
5.916004000	1.028985381	0.380585793
5.916005000	0.984953165	0.379825627
5.916006000	0.947704077	0.382801843
5.916007000	0.934794426	0.375367263
5.916008000	0.970749199	0.383891808
5.916009000	0.905901968	0.382155694
5.916010000	0.988512695	0.368624105
5.916011000	0.979569435	0.382545381
5.916012000	0.967892587	0.374185152
5.916013000	0.887500048	0.379482479
5.916014000	1.023712754	0.378455997
5.916015000	0.970725417	0.379712277
5.916016000	0.917602181	0.370423803
5.916017000	1.027783751	0.378878374
5.916018000	1.003957748	0.384313686
5.916019000	0.980916917	0.375126446
5.916020000	0.936769724	0.372738157
5.916021000	0.935831249	0.375774760
5.916022000	1.002789021	0.379451087
5.916023000	1.015808582	0.381280046
5.916024000	0.975206316	0.381127181
5.916025000	0.932878137	0.376475704
5.916026000	0.964085877	0.371097882
5.916027000	1.008983135	0.369813407
5.916028000	0.944195747	0.373284571
5.916029000	0.973372638	0.382145008
5.916030000	1.028220415	0.372113712
5.916031000	0.904829383	0.373559675
5.916032000	0.929097533	0.378734097
5.916033000	0.988727570	0.386179131
5.916034000	1.009756684	0.371172118
5.916035000	0.929475307	0.365360568
5.916036000	0.948589742	0.371531678
5.916037000	0.929894507	0.380333326
5.916038000	0.962921202	0.372998048
5.916039000	0.984343469	0.377164264
5.916040000	0.963419199	0.374075629
5.916041000	0.916411102	0.373946333
5.916042000	0.986877799	0.374806334
5.916043000	1.078037143	0.369593696
5.916044000	0.905421615	0.374314781
5.916045000	0.975343704	0.371479447
5.916046000	0.984114110	0.373562771
5.916047000	0.994359791	0.378577603
5.916048000	0.887187481	0.370288448
5.916049000	0.972046018	0.362832529
5.916050000	1.037208200	0.381504451
5.916051000	1.011318088	0.369283438
5.916052000	0.990421653	0.369420923
5.916053000	0.896711767	0.370979239
5.916054000	0.999954283	0.367939373
5.916055000	1.019990563	0.365540365
5.916056000	0.889417291	0.365102974
5.916057000	1.035391927	0.371801290
5.916058000	1.016744256	0.363899192
5.916059000	0.968283176	0.368823010
5.916060000	0.978108943	0.366245736
5.916061000	1.003874540	0.367585672
5.916062000	0.981938124	0.368976009
5.916063000	1.002691150	0.369726887
5.916064000	0.977946520	0.372951742
5.916065000	0.920619488	0.364086944
5.916066000	0.965475440	0.376164114
5.916067000	1.056716919	0.375387203
5.916068000	0.937098920	0.370471374
5.916069000	0.967690706	0.366471739
5.916070000	0.933120549	0.366237946
5.916071000	0.937624335	0.380171439
5.916072000	0.985458195	0.373350018
5.916073000	0.984169662	0.373403781
5.916074000	1.001084208	0.369007734
5.916075000	0.958035827	0.369620361
5.916076000	0.939351261	0.365274681
5.916077000	1.051362395	0.371862676
5.916078000	0.913379192	0.369216492
5.916079000	0.989076853	0.366351697
5.916080000	0.978883147	0.362158550
5.916081000	0.994194150	0.358957896
5.916082000	1.040807009	0.368911494
5.916083000	0.984050333	0.368900941
5.916084000	0.960579991	0.366866219
5.916085000	0.954784811	0.355461665
5.916086000	1.011749148	0.360709058
5.916087000	0.935716271	0.362970414
5.916088000	0.975432992	0.360920845
5.916089000	0.997129500	0.368925675
5.916090000	0.961120188	0.368224997
5.916091000	1.015242577	0.369039792
5.916092000	0.949012280	0.371900692
5.916093000	0.982284427	0.359410167
5.916094000	1.026756763	0.369112629
5.916095000	1.009033084	0.365116489
5.916096000	1.021540880	0.365347186
5.916097000	0.946539998	0.356913487
5.916098000	1.015669107	0.362523436
5.916099000	0.918910623	0.361893765
5.916100000	1.024200916	0.372365747
5.916101000	0.961338818	0.359779281
5.916102000	1.006598473	0.369602917
5.916103000	0.970276535	0.359887439
5.916104000	0.939032853	0.361753350
5.916105000	1.004650831	0.354325361
5.916106000	1.033342123	0.358129819
5.916107000	0.966303766	0.357381871
5.916108000	1.089834690	0.367971365
5.916109000	1.030081272	0.362144868
5.916110000	0.968352139	0.359640664
5.916111000	1.050126791	0.362144202
5.916112000	0.934309483	0.363988308
5.916113000	0.949655890	0.379060468
5.916114000	1.041332722	0.356839618
5.916115000	0.927861750	0.365973661
5.916116000	0.965593278	0.365843166
5.916117000	0.960612655	0.364654664
5.916118000	0.938921630	0.365247151
5.916119000	0.940478504	0.366620276
5.916120000	0.944955707	0.356229354
5.916121000	0.982653260	0.371906152
5.916122000	1.014467001	0.360887456
5.916123000	1.006423235	0.362990221
5.916124000	1.000859857	0.362810957
5.916125000	1.012468457	0.359915902
5.916126000	0.947687209	0.359613566
5.916127000	1.009875655	0.360719910
5.916128000	0.969613314	0.363605512
5.916129000	1.093084693	0.357678147
5.916130000	0.942087293	0.360437515
5.916131000	0.908615112	0.357765466
5.916132000	1.006057382	0.365790402
5.916133000	0.984871209	0.361549218
5.916134000	0.949005783	0.357839934
5.916135000	1.039117455	0.360229123
5.916136000	0.924678862	0.359843563
5.916137000	1.024595380	0.355500614
5.916138000	0.970292389	0.362832030
5.916139000	0.954071462	0.361801586
5.916140000	1.022375345	0.358208283
5.916141000	0.999541283	0.349286793
5.916142000	0.958972216	0.352495036
5.916143000	0.967035711	0.343600544
5.916144000	0.933334291	0.362033314
5.916145000	1.059159756	0.355849821
5.916146000	0.981706321	0.353746989
5.916147000	1.009844780	0.358830996
5.916148000	0.926919103	0.354195764
5.916149000	0.986611545	0.356166737
5.916150000	1.001106262	0.359466992
5.916151000	0.983290732	0.354915417
5.916152000	1.022499681	0.364113343
5.916153000	0.983761609	0.355156566
5.916154000	0.999775231	0.360707759
5.916155000	1.046080709	0.358553562
5.916156000	1.059566498	0.355831611
5.916157000	1.018072844	0.350207215
5.916158000	1.047923088	0.360274463
5.916159000	0.970552683	0.352127886
5.916160000	0.967080951	0.352156782
5.916161000	0.974714816	0.352880363
5.916162000	0.939006031	0.359815367
5.916163000	0.913102806	0.356156983
5.916164000	0.983660221	0.360652199
5.916165000	1.030654907	0.358178722
5.916166000	0.940293610	0.354883459
5.916167000	0.944444358	0.352377391
5.916168000	1.063812017	0.355210196
5.916169000	1.040239453	0.350015733
5.916170000	1.006057978	0.345193315
5.916171000	0.996579707	0.358930033
5.916172000	1.074519396	0.356391474
5.916173000	0.992089152	0.348332216
5.916174000	0.971354902	0.354847240
5.916175000	0.967961490	0.355863303
5.916176000	0.990076005	0.351798587
5.916177000	1.050421357	0.348626495
5.916178000	0.970217645	0.349862335
5.916179000	0.990907729	0.356106483
5.916180000	1.007418871	0.351689996
5.916181000	0.957451880	0.354110843
5.916182000	0.976300716	0.343346246
5.916183000	0.990814030	0.350052984
5.916184000	0.965285659	0.350114337
5.916185000	0.991489947	0.359517726
5.916186000	1.010497093	0.355171214
5.916187000	0.911620557	0.348883158
5.916188000	0.996832192	0.353607306
5.916189000	1.011334181	0.352470336
5.916190000	0.938663244	0.353638531
5.916191000	1.027375937	0.348052917
5.916192000	1.031892061	0.358720974
5.916193000	1.035532236	0.349826383
5.916194000	1.034156322	0.357195616
5.916195000	0.945960104	0.347373445
5.916196000	0.996212900	0.346723800
5.916197000	0.950371385	0.343739595
5.916198000	1.037791491	0.354338576
5.916199000	0.915830195	0.347243349
5.916200000	0.930502057	0.349002434
5.916201000	1.017115116	0.344287440
5.916202000	1.039476275	0.343351606
5.916203000	0.979938328	0.345913666
5.916204000	1.030085444	0.344854760
5.916205000	0.992125988	0.356641778
5.916206000	0.975063801	0.342335243
5.916207000	0.996225774	0.348177553
5.916208000	1.030740023	0.355717428
5.916209000	0.977947116	0.354558321
5.916210000	0.916562319	0.348993546
5.916211000	1.015676141	0.352916349
5.916212000	1.003758550	0.352710220
5.916213000	1.025724053	0.345461195
5.916214000	1.001215577	0.357478876
5.916215000	1.002923846	0.354135244
5.916216000	0.889028907	0.347082095
5.916217000	1.065402627	0.346408149
5.916218000	1.085255980	0.338765908
5.916219000	0.933527648	0.352999140
5.916220000	1.050322413	0.343282996
5.916221000	0.915143311	0.345545684
5.916222000	0.941630781	0.348344733
5.916223000	0.990269005	0.353018015
5.916224000	0.977887154	0.348767210
5.916225000	0.953128040	0.348554523
5.916226000	1.001907468	0.349157164
5.916227000	0.956619501	0.347604574
5.916228000	0.973923028	0.353327241
5.916229000	1.001762390	0.348136141
5.916230000	0.957885683	0.352264041
5.916231000	0.930075109	0.343342517
5.916232000	1.017099023	0.343356466
5.916233000	1.027440906	0.345316619
5.916234000	0.988514721	0.358420770
5.916235000	1.015941143	0.352907760
5.916236000	0.934489906	0.356900238
5.916237000	0.998075902	0.348190603
5.916238000	0.992130041	0.347335029
5.916239000	0.984082460	0.347620553
5.916240000	1.027318716	0.355746623
5.916241000	1.029312968	0.344510846
5.916242000	1.014635682	0.353329205
5.916243000	1.030556798	0.346515607
5.916244000	1.040820122	0.354523200
5.916245000	1.017607808	0.341543785
5.916246000	0.939371109	0.351372481
5.916247000	0.995141685	0.349514027
5.916248000	1.022544026	0.344421564
5.916249000	1.001073599	0.344407050
5.916250000	0.919527233	0.344829560
5.916251000	0.982995749	0.342939781
5.916252000	1.039797306	0.347724982
5.916253000	0.996972203	0.349866064
5.916254000	0.962975860	0.349494952
5.916255000	0.990950465	0.343673382
5.916256000	1.075046539	0.341423976
5.916257000	0.947740555	0.345407333
5.916258000	1.049367785	0.346948537
5.916259000	1.019824982	0.343993660
5.916260000	1.072271824	0.344599030
5.916261000	0.979223728	0.341519617
5.916262000	0.973960698	0.348327389
5.916263000	0.951782644	0.348580223
5.916264000	0.996834815	0.344984223
5.916265000	0.969567955	0.348901167
5.916266000	1.007228613	0.334500723
5.916267000	1.029740810	0.344726462
5.916268000	1.035502076	0.345327671
5.916269000	1.022627354	0.343046840
5.916270000	1.006965637	0.335942092
5.916271000	1.048993587	0.339305032
5.916272000	0.967719615	0.350009209
5.916273000	1.018931746	0.341996955
5.916274000	1.007213712	0.348738248
5.916275000	0.982802749	0.342268731
5.916276000	1.032691836	0.341503605
5.916277000	1.079474330	0.340939281
5.916278000	1.011908174	0.353805678
5.916279000	1.005578756	0.345104764
5.916280000	0.980470121	0.342500259
5.916281000	0.948011696	0.335513090
5.916282000	0.992275596	0.349665594
5.916283000	1.072433710	0.344392668
5.916284000	0.967875421	0.335424440
5.916285000	1.007421017	0.334637243
5.916286000	1.026168466	0.347378438
5.916287000	0.939915776	0.339816359
5.916288000	0.947159350	0.347330901
5.916289000	1.020316124	0.329593682
5.916290000	1.041308284	0.346589843
5.916291000	1.065128803	0.339709167
5.916292000	1.013779402	0.343981343
5.916293000	1.022601604	0.341311025
5.916294000	1.042026520	0.339378868
5.916295000	0.986422896	0.334455349
5.916296000	1.057440042	0.341048038
5.916297000	1.103630781	0.344078083
5.916298000	0.988677025	0.336472427
5.916299000	0.998295069	0.335079361
5.916300000	0.957322121	0.338439272
5.916301000	0.977611780	0.330065594
5.916302000	1.052631974	0.336841209
5.916303000	1.039632678	0.345556337
5.916304000	1.002454996	0.341886301
5.916305000	0.995741725	0.344614343
5.916306000	0.858063996	0.340061070
5.916307000	0.982849538	0.336663642
5.916308000	1.040394902	0.342067529
5.916309000	0.913942456	0.343540956
5.916310000	0.985766232	0.345725115
5.916311000	1.032676458	0.331193276
5.916312000	0.977539599	0.337602473
5.916313000	1.031849980	0.343409230
5.916314000	1.013423800	0.332875695
5.916315000	0.966822445	0.335886998
5.916316000	0.994168520	0.336644834
5.916317000	0.961677611	0.338938481
5.916318000	0.971548438	0.336161736
5.916319000	1.017724514	0.341891960
5.916320000	1.028545856	0.339626675
5.916321000	1.022289515	0.335647646
5.916322000	0.978356600	0.349236859
5.916323000	1.024636388	0.335588990
5.916324000	0.978221357	0.328300285
5.916325000	1.048071623	0.341212122
5.916326000	0.959293485	0.335367182
5.916327000	0.997348905	0.338040730
5.916328000	0.982764006	0.335845952
5.916329000	0.951447845	0.334958920
5.916330000	0.982609808	0.335731436
5.916331000	0.932855844	0.332850528
5.916332000	0.976051211	0.339775979
5.916333000	0.908490419	0.339238387
5.916334000	1.023189664	0.344886086
5.916335000	0.970969141	0.331204528
5.916336000	0.997662067	0.333201932
5.916337000	1.054736376	0.335947052
5.916338000	1.040031791	0.328975762
5.916339000	0.979479492	0.335324672
5.916340000	1.016464949	0.326521326
5.916341000	1.006029844	0.335188284
5.916342000	0.993373632	0.332279014
5.916343000	0.998737156	0.331235255
5.916344000	1.051460743	0.334191863
5.916345000	0.992724180	0.343830176
5.916346000	1.078263044	0.334915743
5.916347000	0.967028737	0.327587223
5.916348000	1.001104474	0.342608650
5.916349000	0.946410596	0.339002098
5.916350000	1.094943523	0.338045823
5.916351000	1.007907748	0.332199985
5.916352000	0.978129923	0.342462243
5.916353000	0.991798520	0.337408595
5.916354000	1.031067371	0.325636824
5.916355000	0.971651435	0.337845420
5.916356000	0.993113995	0.331768320
5.916357000	0.975199401	0.343987968
5.916358000	1.067985892	0.338837614
5.916359000	0.969865203	0.333880805
5.916360000	0.988070726	0.336795735
5.916361000	1.012024283	0.326253246
5.916362000	1.001649618	0.332219792
5.916363000	1.005373955	0.339435594
5.916364000	1.034711480	0.331180360
5.916365000	0.956868410	0.325564286
5.916366000	1.007016182	0.332385141
5.916367000	1.033488631	0.339998553
5.916368000	0.981150031	0.340806256
5.916369000	0.945420206	0.336379516
5.916370000	0.991623640	0.339902080
5.916371000	0.965030789	0.339689859
5.916372000	1.024817944	0.333053927
5.916373000	1.020690203	0.336268662
5.916374000	0.957752168	0.336442300
5.916375000	0.982884526	0.336388205
5.916376000	0.972899497	0.335692487
5.916377000	1.017520905	0.329266513
5.916378000	0.940155327	0.337849848
5.916379000	0.902384222	0.333031124
5.916380000	0.981197238	0.337355798
5.916381000	1.006869316	0.330938012
5.916382000	0.956301451	0.332677589
5.916383000	1.008013964	0.334880956
5.916384000	1.037699938	0.335127831
5.916385000	0.933512926	0.336785016
5.916386000	1.019765258	0.322245055
5.916387000	1.055416346	0.325657929
5.916388000	0.990092099	0.331799645
5.916389000	0.966488898	0.329345542
5.916390000	0.966032207	0.326725757
5.916391000	0.951117516	0.332261437
5.916392000	1.050361276	0.332493432
5.916393000	0.988160193	0.336697298
5.916394000	0.983481705	0.336257810
5.916395000	1.050214767	0.327135917
5.916396000	1.003771782	0.337043542
5.916397000	1.018765092	0.324206207
5.916398000	0.998611927	0.333033787
5.916399000	0.898369551	0.334419097
5.916400000	0.972239196	0.329461057
5.916401000	1.005715728	0.331201266
5.916402000	1.018033504	0.335661595
5.916403000	0.971491039	0.334320593
5.916404000	0.987208307	0.332063265
5.916405000	1.039890528	0.331658830
5.916406000	0.971004725	0.331369811
5.916407000	1.015066385	0.333116778
5.916408000	0.955111682	0.335305230
5.916409000	0.974336743	0.331378499
5.916410000	1.049524426	0.336113267
5.916411000	0.954424262	0.327657664
5.916412000	0.956586778	0.330314633
5.916413000	0.952568412	0.326886745
5.916414000	1.135609388	0.329239515
5.916415000	0.902972698	0.330394794
5.916416000	1.061120510	0.336962582
5.916417000	1.005757689	0.329177130
5.916418000	1.026692986	0.329884766
5.916419000	0.962695837	0.332524857
5.916420000	0.995550454	0.332997635
5.916421000	1.031677723	0.328704486
5.916422000	0.966564596	0.326538004
5.916423000	1.030870557	0.332434310
5.916424000	1.012211442	0.333342148
5.916425000	0.970665216	0.323707064
5.916426000	1.018753290	0.330633081
5.916427000	0.970942259	0.328354646
5.916428000	0.953266025	0.330430780
5.916429000	1.021514773	0.332603454
5.916430000	0.989121795	0.336706086
5.916431000	1.078399301	0.322832316
5.916432000	1.051389456	0.328143990
5.916433000	0.930280924	0.330021153
5.916434000	1.089742541	0.333322507
5.916435000	1.070644855	0.325642949
5.916436000	1.005524278	0.326772429
5.916437000	1.077898622	0.332753889
5.916438000	0.930699170	0.329639688
5.916439000	1.005500913	0.324900626
5.916440000	0.936064303	0.321890355
5.916441000	0.959440768	0.330717370
5.916442000	1.018036127	0.331821916
5.916443000	0.987231195	0.324598591
5.916444000	0.985428870	0.332092959
5.916445000	1.041819572	0.330660078
5.916446000	0.995973825	0.335021937
5.916447000	0.995814800	0.331813726
5.916448000	1.139857054	0.333424406
5.916449000	1.001777291	0.329573043
5.916450000	1.029436469	0.336746999
5.916451000	0.982681990	0.337052997
5.916452000	1.014013886	0.324647959
5.916453000	0.997896731	0.329295242
5.916454000	1.020927668	0.326819034
5.916455000	1.008265376	0.331305296
5.916456000	0.980930865	0.334119158
5.916457000	0.965758204	0.327480930
5.916458000	0.994173765	0.327744283
5.916459000	0.973452985	0.328048516
5.916460000	1.059022069	0.329009052
5.916461000	1.052482963	0.330617601
