D:\KID metingen\Entropy ADR\LT343chip5_BF_20240530_mapping\S21\Power\KID75_90dBm_.dat
Power at KID:90dBm
resonance Frequency in GHz :5.986403
Q=18140.615153, Qc=19851.048642, Qi=210537.408208  S21min=-21.293545


Temperature in K:0.100041
GHz	dB	Rad
5.985766000	-7.019034386	-0.455920029
5.985767000	-7.014273167	-0.456138775
5.985768000	-7.015729904	-0.455295485
5.985769000	-7.018819332	-0.456338379
5.985770000	-7.011953831	-0.456791049
5.985771000	-7.018683434	-0.456284583
5.985772000	-7.018753529	-0.456566312
5.985773000	-7.016381741	-0.456722107
5.985774000	-7.022551060	-0.457016586
5.985775000	-7.013847351	-0.457453278
5.985776000	-7.014902592	-0.457324714
5.985777000	-7.017979145	-0.458459054
5.985778000	-7.015104294	-0.458457423
5.985779000	-7.018188953	-0.457541595
5.985780000	-7.011238575	-0.457987841
5.985781000	-7.009641647	-0.458206852
5.985782000	-7.006030083	-0.458331355
5.985783000	-7.011870384	-0.459266424
5.985784000	-7.015132904	-0.458472503
5.985785000	-7.014666080	-0.458610821
5.985786000	-7.014675617	-0.458936825
5.985787000	-7.023447514	-0.458640715
5.985788000	-7.016288757	-0.458964755
5.985789000	-7.015113831	-0.459161229
5.985790000	-7.012573719	-0.460051091
5.985791000	-7.012256145	-0.459657177
5.985792000	-7.011327267	-0.459838838
5.985793000	-7.014117241	-0.459198414
5.985794000	-7.016713142	-0.459641863
5.985795000	-7.014380932	-0.459929285
5.985796000	-7.012907028	-0.460418807
5.985797000	-7.017243385	-0.460027889
5.985798000	-7.013469219	-0.460329658
5.985799000	-7.016495705	-0.460684158
5.985800000	-7.012982845	-0.460361916
5.985801000	-7.012043953	-0.461659441
5.985802000	-7.011033535	-0.461615133
5.985803000	-7.011849880	-0.461283969
5.985804000	-7.017282009	-0.461629713
5.985805000	-7.015195370	-0.462014640
5.985806000	-7.011935711	-0.461886009
5.985807000	-7.015826702	-0.462201461
5.985808000	-7.016119480	-0.462211181
5.985809000	-7.013186455	-0.462728101
5.985810000	-7.011860847	-0.462461452
5.985811000	-7.010742664	-0.462127425
5.985812000	-7.014153004	-0.462940322
5.985813000	-7.014192581	-0.463054638
5.985814000	-7.015801430	-0.463694729
5.985815000	-7.016758919	-0.463274448
5.985816000	-7.017608166	-0.463186997
5.985817000	-7.010103226	-0.463677152
5.985818000	-7.001604557	-0.464367510
5.985819000	-7.007785797	-0.463845563
5.985820000	-7.009704113	-0.464002024
5.985821000	-7.010347843	-0.464161448
5.985822000	-7.006015778	-0.464378861
5.985823000	-7.008757114	-0.464820880
5.985824000	-7.008081913	-0.464602800
5.985825000	-7.010149956	-0.464777703
5.985826000	-7.008156300	-0.464663686
5.985827000	-7.010588169	-0.464415913
5.985828000	-7.009142876	-0.465194288
5.985829000	-7.008110046	-0.465268324
5.985830000	-7.007751465	-0.465158002
5.985831000	-7.006526470	-0.466104956
5.985832000	-7.006567955	-0.466239912
5.985833000	-7.011845112	-0.466186915
5.985834000	-7.009740829	-0.465940939
5.985835000	-7.010172367	-0.466859962
5.985836000	-7.004123688	-0.465904786
5.985837000	-7.003415108	-0.466583992
5.985838000	-7.001860619	-0.466793716
5.985839000	-7.006706715	-0.467171652
5.985840000	-7.007755280	-0.467332307
5.985841000	-7.003948212	-0.467461038
5.985842000	-7.008652210	-0.468005887
5.985843000	-7.003002167	-0.466900442
5.985844000	-7.009409904	-0.467967804
5.985845000	-7.007013321	-0.468063345
5.985846000	-7.007032394	-0.468511888
5.985847000	-7.002928257	-0.468384555
5.985848000	-7.007588387	-0.468513352
5.985849000	-7.005128384	-0.468387884
5.985850000	-7.006309509	-0.468869217
5.985851000	-7.002963543	-0.469086232
5.985852000	-7.006731510	-0.469278312
5.985853000	-7.009482861	-0.469624456
5.985854000	-7.006596088	-0.470090909
5.985855000	-7.002981186	-0.470524239
5.985856000	-7.005023479	-0.470469711
5.985857000	-7.002971649	-0.470697710
5.985858000	-7.007771492	-0.469953390
5.985859000	-7.006888390	-0.470672777
5.985860000	-7.004631042	-0.470608628
5.985861000	-7.003585815	-0.470871415
5.985862000	-7.003881454	-0.471454148
5.985863000	-7.000542164	-0.470879638
5.985864000	-7.002031803	-0.472046002
5.985865000	-6.996723652	-0.472120604
5.985866000	-7.004132271	-0.472242078
5.985867000	-7.007569790	-0.472171004
5.985868000	-7.000948429	-0.472268276
5.985869000	-7.003513336	-0.472817986
5.985870000	-7.001880169	-0.471924462
5.985871000	-7.005162716	-0.472734063
5.985872000	-6.999591351	-0.472508194
5.985873000	-7.002905846	-0.473208505
5.985874000	-7.001500130	-0.473149283
5.985875000	-7.000748634	-0.473639738
5.985876000	-7.003108025	-0.473472525
5.985877000	-6.998046875	-0.473269525
5.985878000	-7.002622128	-0.473828822
5.985879000	-7.002460480	-0.474001994
5.985880000	-7.001066208	-0.474347706
5.985881000	-6.999121666	-0.474035550
5.985882000	-7.001074314	-0.475275718
5.985883000	-7.004711151	-0.474501736
5.985884000	-7.007508755	-0.474655334
5.985885000	-7.002127171	-0.474492415
5.985886000	-7.004821777	-0.475225750
5.985887000	-7.002427101	-0.475572560
5.985888000	-7.004907131	-0.475859516
5.985889000	-7.005563736	-0.475831120
5.985890000	-6.999386311	-0.475985816
5.985891000	-7.002561569	-0.476138349
5.985892000	-7.005595684	-0.476786263
5.985893000	-7.006192684	-0.477150150
5.985894000	-6.999496460	-0.476254030
5.985895000	-7.002815723	-0.477379881
5.985896000	-7.000195980	-0.476945986
5.985897000	-6.996644974	-0.477263801
5.985898000	-7.001130581	-0.477445628
5.985899000	-6.999192238	-0.477551489
5.985900000	-7.000954628	-0.477820534
5.985901000	-6.998272419	-0.478251234
5.985902000	-6.997727394	-0.478194409
5.985903000	-6.997941971	-0.478780304
5.985904000	-7.010149479	-0.478467516
5.985905000	-6.998188496	-0.478982738
5.985906000	-6.992803097	-0.479102913
5.985907000	-6.995726585	-0.479395595
5.985908000	-6.997358799	-0.478972651
5.985909000	-6.998986721	-0.479932055
5.985910000	-7.000260353	-0.479444031
5.985911000	-7.000917912	-0.480383394
5.985912000	-6.997385502	-0.480505134
5.985913000	-7.001283169	-0.480114182
5.985914000	-6.995594978	-0.480372276
5.985915000	-6.999032021	-0.480810832
5.985916000	-7.000554085	-0.481445163
5.985917000	-7.000732422	-0.480969989
5.985918000	-6.994421005	-0.481671066
5.985919000	-7.001887798	-0.482016578
5.985920000	-7.004279613	-0.481622097
5.985921000	-7.001356602	-0.481790675
5.985922000	-6.998444080	-0.482346710
5.985923000	-6.998464108	-0.482080660
5.985924000	-6.996315002	-0.482740458
5.985925000	-7.003978729	-0.482630170
5.985926000	-6.996072769	-0.483018093
5.985927000	-7.006029129	-0.482831439
5.985928000	-7.002048016	-0.483255281
5.985929000	-6.999384403	-0.483876263
5.985930000	-6.994535923	-0.483610513
5.985931000	-6.994333744	-0.484229465
5.985932000	-7.000622272	-0.484027231
5.985933000	-6.991209507	-0.484334627
5.985934000	-7.001255035	-0.484948984
5.985935000	-6.998238087	-0.484841559
5.985936000	-6.993761063	-0.486014282
5.985937000	-6.995036125	-0.485766242
5.985938000	-6.996063232	-0.485367667
5.985939000	-6.991118431	-0.485956092
5.985940000	-6.992946625	-0.485603922
5.985941000	-6.990364075	-0.486947820
5.985942000	-6.996658802	-0.486919923
5.985943000	-6.991958618	-0.486938699
5.985944000	-6.998991489	-0.487472163
5.985945000	-6.989697933	-0.487270329
5.985946000	-6.997655869	-0.487313206
5.985947000	-6.994482040	-0.488012119
5.985948000	-6.993712902	-0.488181529
5.985949000	-6.993830681	-0.487803094
5.985950000	-6.988273621	-0.488904911
5.985951000	-6.999595165	-0.489262839
5.985952000	-6.993824005	-0.488507500
5.985953000	-6.993369579	-0.488737697
5.985954000	-6.996441841	-0.489042929
5.985955000	-7.001076221	-0.489299425
5.985956000	-6.995358467	-0.489230915
5.985957000	-6.990608215	-0.490018744
5.985958000	-6.994208336	-0.489569569
5.985959000	-6.992417812	-0.490578141
5.985960000	-6.989809990	-0.490034490
5.985961000	-6.996083736	-0.490702112
5.985962000	-6.995776653	-0.491209577
5.985963000	-6.989286900	-0.490688163
5.985964000	-6.996009350	-0.491242866
5.985965000	-6.997992516	-0.491290404
5.985966000	-6.994134426	-0.491130082
5.985967000	-6.996238708	-0.491536846
5.985968000	-6.998752117	-0.491821305
5.985969000	-6.987322330	-0.492512628
5.985970000	-6.991226196	-0.492741427
5.985971000	-6.991301537	-0.492971990
5.985972000	-6.993762493	-0.493047757
5.985973000	-6.993853569	-0.493178419
5.985974000	-6.987073898	-0.492865863
5.985975000	-6.994627953	-0.493007244
5.985976000	-6.989731312	-0.493987054
5.985977000	-6.993751526	-0.494185027
5.985978000	-6.992879391	-0.494367287
5.985979000	-6.991686344	-0.494478008
5.985980000	-6.994873047	-0.495031945
5.985981000	-6.991789341	-0.494548548
5.985982000	-6.989040375	-0.495496700
5.985983000	-6.988849163	-0.495253454
5.985984000	-6.982328892	-0.495205950
5.985985000	-6.991582870	-0.495845941
5.985986000	-6.988712311	-0.496392122
5.985987000	-6.989952087	-0.496542890
5.985988000	-6.989652157	-0.496374412
5.985989000	-6.989645958	-0.496689863
5.985990000	-6.983919621	-0.497370534
5.985991000	-6.989429951	-0.496897323
5.985992000	-6.990031719	-0.497569572
5.985993000	-6.991466045	-0.498343054
5.985994000	-6.988800526	-0.498386563
5.985995000	-6.993704796	-0.498596986
5.985996000	-6.986343384	-0.498774985
5.985997000	-6.984454632	-0.498865766
5.985998000	-6.990556717	-0.499446967
5.985999000	-6.989178658	-0.499093965
5.986000000	-6.988692760	-0.499828798
5.986001000	-6.988525391	-0.500727615
5.986002000	-6.991105556	-0.500562865
5.986003000	-6.990459442	-0.500893297
5.986004000	-6.989452362	-0.500289325
5.986005000	-6.985422134	-0.501083147
5.986006000	-6.988985062	-0.501782293
5.986007000	-6.990206718	-0.501821242
5.986008000	-6.991006851	-0.501952403
5.986009000	-6.990867138	-0.502488563
5.986010000	-6.988382816	-0.502181967
5.986011000	-6.989130497	-0.502440926
5.986012000	-6.990124226	-0.503232251
5.986013000	-6.990491390	-0.503296666
5.986014000	-6.990769386	-0.504453610
5.986015000	-6.991021156	-0.503939221
5.986016000	-7.000380039	-0.504299480
5.986017000	-6.990467072	-0.503865651
5.986018000	-6.992605209	-0.504624119
5.986019000	-6.988881111	-0.505153422
5.986020000	-6.992455482	-0.505573769
5.986021000	-6.986065865	-0.504786672
5.986022000	-6.986770153	-0.505472669
5.986023000	-6.988886833	-0.505715682
5.986024000	-6.990744591	-0.506051074
5.986025000	-6.985719681	-0.506843098
5.986026000	-6.987233162	-0.506120283
5.986027000	-6.990771770	-0.507326728
5.986028000	-6.986565113	-0.507963490
5.986029000	-6.986122131	-0.507393241
5.986030000	-6.987335682	-0.507801303
5.986031000	-6.988544941	-0.508670293
5.986032000	-6.993115425	-0.508742265
5.986033000	-6.987614632	-0.508797426
5.986034000	-6.983004093	-0.509107551
5.986035000	-6.988292694	-0.509042803
5.986036000	-6.980225563	-0.509683193
5.986037000	-6.987102032	-0.509386317
5.986038000	-6.981855392	-0.510370688
5.986039000	-6.984952450	-0.510501449
5.986040000	-6.980888844	-0.511636988
5.986041000	-6.984833241	-0.511405759
5.986042000	-6.983662128	-0.511237048
5.986043000	-6.985594273	-0.511352063
5.986044000	-6.987838268	-0.511021332
5.986045000	-6.988978386	-0.511903171
5.986046000	-6.985991478	-0.512254841
5.986047000	-6.985454559	-0.513341311
5.986048000	-6.986606121	-0.513776771
5.986049000	-6.992586136	-0.513197800
5.986050000	-6.984382629	-0.514533176
5.986051000	-6.988090992	-0.513999411
5.986052000	-6.986633301	-0.514000244
5.986053000	-6.981559753	-0.514786475
5.986054000	-6.985082150	-0.515428730
5.986055000	-6.984663963	-0.515178859
5.986056000	-6.987748623	-0.514898495
5.986057000	-6.983922005	-0.516446424
5.986058000	-6.985879898	-0.516202678
5.986059000	-6.985105991	-0.516018986
5.986060000	-6.987062931	-0.516612905
5.986061000	-6.990404129	-0.517025761
5.986062000	-6.989194870	-0.517176563
5.986063000	-6.985618114	-0.518062363
5.986064000	-6.989799023	-0.518153011
5.986065000	-6.978878021	-0.518506412
5.986066000	-6.987359524	-0.518299418
5.986067000	-6.982439995	-0.519037480
5.986068000	-6.985375404	-0.519336519
5.986069000	-6.992559910	-0.519330328
5.986070000	-6.988585472	-0.519894252
5.986071000	-6.982846260	-0.519883100
5.986072000	-6.983077526	-0.520322755
5.986073000	-6.982841969	-0.521291380
5.986074000	-6.981754780	-0.520855254
5.986075000	-6.978217125	-0.522039428
5.986076000	-6.987610817	-0.521878240
5.986077000	-6.984693527	-0.521980939
5.986078000	-6.986179352	-0.522005506
5.986079000	-6.985091686	-0.523262918
5.986080000	-6.983036518	-0.523441782
5.986081000	-6.981244564	-0.523507795
5.986082000	-6.982279301	-0.523915725
5.986083000	-6.983250618	-0.524174085
5.986084000	-6.978240013	-0.524960350
5.986085000	-6.981618881	-0.524937979
5.986086000	-6.984743595	-0.525729238
5.986087000	-6.983088017	-0.526233973
5.986088000	-6.980731964	-0.526273089
5.986089000	-6.987465382	-0.526743236
5.986090000	-6.979261875	-0.526986317
5.986091000	-6.979225636	-0.526905556
5.986092000	-6.981204033	-0.527825545
5.986093000	-6.981755733	-0.527755271
5.986094000	-6.981135845	-0.527564755
5.986095000	-6.976319313	-0.528515703
5.986096000	-6.984527588	-0.529106759
5.986097000	-6.981661320	-0.528533347
5.986098000	-6.986681461	-0.529684265
5.986099000	-6.982036591	-0.530407080
5.986100000	-6.988826275	-0.529898583
5.986101000	-6.983059406	-0.531094808
5.986102000	-6.981482983	-0.531479768
5.986103000	-6.983523846	-0.532012234
5.986104000	-6.974120617	-0.532027015
5.986105000	-6.978889942	-0.531465520
5.986106000	-6.983269215	-0.533012351
5.986107000	-6.978267670	-0.533148239
5.986108000	-6.979034424	-0.533024435
5.986109000	-6.978228569	-0.533959737
5.986110000	-6.981562614	-0.533823616
5.986111000	-6.982301235	-0.534805557
5.986112000	-6.985009193	-0.534424193
5.986113000	-6.984652042	-0.534993710
5.986114000	-6.980387211	-0.535464357
5.986115000	-6.979387283	-0.535780507
5.986116000	-6.980932713	-0.536404985
5.986117000	-6.984594345	-0.536848801
5.986118000	-6.978624821	-0.537381134
5.986119000	-6.979988098	-0.537924485
5.986120000	-6.979143620	-0.538050120
5.986121000	-6.977013111	-0.539161457
5.986122000	-6.981379032	-0.538748700
5.986123000	-6.985938072	-0.539093147
5.986124000	-6.981946945	-0.539552209
5.986125000	-6.979784489	-0.540058010
5.986126000	-6.981088161	-0.539994294
5.986127000	-6.990071774	-0.540652028
5.986128000	-6.986858845	-0.540430619
5.986129000	-6.983397961	-0.542120761
5.986130000	-6.980888367	-0.542877332
5.986131000	-6.984864712	-0.542819076
5.986132000	-6.978039265	-0.543424778
5.986133000	-6.981880665	-0.543497016
5.986134000	-6.982891560	-0.543351608
5.986135000	-6.982532978	-0.544442239
5.986136000	-6.981060505	-0.544628560
5.986137000	-6.978370190	-0.545567990
5.986138000	-6.980896473	-0.545738166
5.986139000	-6.977975368	-0.545986406
5.986140000	-6.978941917	-0.546583121
5.986141000	-6.985638142	-0.547352808
5.986142000	-6.978067398	-0.547272613
5.986143000	-6.977274418	-0.547544555
5.986144000	-6.983899593	-0.547938004
5.986145000	-6.984921932	-0.548326393
5.986146000	-6.976699829	-0.548744875
5.986147000	-6.976680756	-0.549069648
5.986148000	-6.976817608	-0.549693660
5.986149000	-6.980397224	-0.550083347
5.986150000	-6.981979847	-0.551372783
5.986151000	-6.982843399	-0.550951437
5.986152000	-6.977742195	-0.552314110
5.986153000	-6.981666088	-0.552291507
5.986154000	-6.979108334	-0.552737420
5.986155000	-6.977002621	-0.553629279
5.986156000	-6.981299400	-0.553671424
5.986157000	-6.980701447	-0.554185380
5.986158000	-6.980835438	-0.554628497
5.986159000	-6.979724884	-0.555072147
5.986160000	-6.985004425	-0.555193021
5.986161000	-6.986450195	-0.555866235
5.986162000	-6.981546879	-0.556294138
5.986163000	-6.980656147	-0.556713053
5.986164000	-6.981861115	-0.557026441
5.986165000	-6.985857010	-0.557330740
5.986166000	-6.985451221	-0.557779450
5.986167000	-6.983836651	-0.558292507
5.986168000	-6.983347416	-0.558390878
5.986169000	-6.978696346	-0.559295587
5.986170000	-6.982640266	-0.560017770
5.986171000	-6.984509945	-0.560098264
5.986172000	-6.979874134	-0.560658793
5.986173000	-6.986606121	-0.561192290
5.986174000	-6.980993271	-0.561675588
5.986175000	-6.988093853	-0.562436453
5.986176000	-6.985686779	-0.562898311
5.986177000	-6.988652706	-0.563261367
5.986178000	-6.989468575	-0.563299783
5.986179000	-6.989746094	-0.564701405
5.986180000	-6.989247322	-0.564671311
5.986181000	-6.985430241	-0.565709278
5.986182000	-6.988490582	-0.566627802
5.986183000	-6.984263897	-0.566803704
5.986184000	-6.987509727	-0.567411637
5.986185000	-6.987657547	-0.567246255
5.986186000	-6.984091282	-0.568082154
5.986187000	-6.987523556	-0.568183821
5.986188000	-6.983227253	-0.569493230
5.986189000	-6.986129284	-0.569503816
5.986190000	-6.988358021	-0.570442780
5.986191000	-6.989866257	-0.570501170
5.986192000	-6.992744923	-0.570958701
5.986193000	-6.993639469	-0.571502852
5.986194000	-6.985058308	-0.572367780
5.986195000	-6.990869045	-0.573051879
5.986196000	-6.988448620	-0.573370327
5.986197000	-6.990391254	-0.574622878
5.986198000	-6.995273113	-0.574397908
5.986199000	-6.994269371	-0.574226600
5.986200000	-6.989306450	-0.575098053
5.986201000	-6.994426727	-0.576035419
5.986202000	-6.992241859	-0.577038365
5.986203000	-6.992014885	-0.577206278
5.986204000	-6.992864609	-0.577256212
5.986205000	-6.993016720	-0.578839994
5.986206000	-6.988285065	-0.579295261
5.986207000	-6.991272926	-0.579527822
5.986208000	-6.995272636	-0.580408729
5.986209000	-6.991062641	-0.580493284
5.986210000	-6.996204853	-0.580800879
5.986211000	-6.995707512	-0.582093511
5.986212000	-6.996757984	-0.582796253
5.986213000	-7.000279427	-0.583053914
5.986214000	-6.996768475	-0.584192149
5.986215000	-6.998362064	-0.584458398
5.986216000	-6.998655319	-0.585707421
5.986217000	-6.997569084	-0.586472747
5.986218000	-6.997007847	-0.586963767
5.986219000	-6.997046947	-0.586767092
5.986220000	-7.003032684	-0.587127751
5.986221000	-7.001400471	-0.588441156
5.986222000	-6.997832298	-0.589152885
5.986223000	-7.000669003	-0.590067149
5.986224000	-7.000864506	-0.590190386
5.986225000	-7.005403996	-0.591517906
5.986226000	-7.004177094	-0.591494669
5.986227000	-7.002224445	-0.591418769
5.986228000	-7.001720905	-0.592332300
5.986229000	-7.002511024	-0.593123991
5.986230000	-7.005885124	-0.594878881
5.986231000	-7.001089096	-0.595337544
5.986232000	-7.002105713	-0.595644607
5.986233000	-7.004431248	-0.596642160
5.986234000	-7.005924702	-0.597511017
5.986235000	-7.002871513	-0.597818345
5.986236000	-7.000857353	-0.598719559
5.986237000	-7.002921104	-0.599817114
5.986238000	-7.009829044	-0.599482355
5.986239000	-7.005011559	-0.600739367
5.986240000	-7.004659176	-0.601855897
5.986241000	-7.008805752	-0.602301178
5.986242000	-7.010175705	-0.602878152
5.986243000	-7.008454800	-0.603420638
5.986244000	-7.013060570	-0.603822043
5.986245000	-7.008491516	-0.604795428
5.986246000	-7.013288021	-0.605694045
5.986247000	-7.012435913	-0.606340860
5.986248000	-7.009230137	-0.607334353
5.986249000	-7.009380341	-0.608128441
5.986250000	-7.010832310	-0.607411451
5.986251000	-7.009868622	-0.608861476
5.986252000	-7.011498928	-0.609646043
5.986253000	-7.018595219	-0.611042871
5.986254000	-7.013540745	-0.611526035
5.986255000	-7.015306950	-0.612813807
5.986256000	-7.021677017	-0.611654333
5.986257000	-7.014511585	-0.613807299
5.986258000	-7.017633438	-0.613898778
5.986259000	-7.017970085	-0.615088945
5.986260000	-7.017395973	-0.616086898
5.986261000	-7.018092632	-0.617338983
5.986262000	-7.022069931	-0.618128078
5.986263000	-7.025481701	-0.619190946
5.986264000	-7.023517609	-0.619717719
5.986265000	-7.025215626	-0.620462805
5.986266000	-7.022489548	-0.621816157
5.986267000	-7.020313263	-0.621689457
5.986268000	-7.028368950	-0.623251867
5.986269000	-7.023412704	-0.624447559
5.986270000	-7.032012463	-0.625633332
5.986271000	-7.035076141	-0.626716839
5.986272000	-7.029415131	-0.626842274
5.986273000	-7.035902977	-0.628648496
5.986274000	-7.034237862	-0.629200969
5.986275000	-7.034105778	-0.629524543
5.986276000	-7.036210060	-0.630657186
5.986277000	-7.032070637	-0.630791342
5.986278000	-7.035404682	-0.631777977
5.986279000	-7.035279274	-0.632285642
5.986280000	-7.036057472	-0.634353121
5.986281000	-7.041232109	-0.635784570
5.986282000	-7.037802696	-0.635465057
5.986283000	-7.037816048	-0.636642906
5.986284000	-7.040334702	-0.637055497
5.986285000	-7.047249794	-0.638613246
5.986286000	-7.050796986	-0.638868510
5.986287000	-7.043923378	-0.640655558
5.986288000	-7.048219204	-0.641409965
5.986289000	-7.046193600	-0.642405787
5.986290000	-7.051828861	-0.645072677
5.986291000	-7.052489758	-0.644871275
5.986292000	-7.053099632	-0.645718227
5.986293000	-7.056548119	-0.647172313
5.986294000	-7.054236889	-0.647671323
5.986295000	-7.058230400	-0.649146315
5.986296000	-7.054384708	-0.649313029
5.986297000	-7.059010983	-0.650843814
5.986298000	-7.056985378	-0.652168337
5.986299000	-7.059066296	-0.652211147
5.986300000	-7.065548420	-0.653980152
5.986301000	-7.065838337	-0.655493493
5.986302000	-7.069259644	-0.656730531
5.986303000	-7.066331863	-0.658321304
5.986304000	-7.068291187	-0.658822311
5.986305000	-7.072122097	-0.660235584
5.986306000	-7.072854042	-0.661408174
5.986307000	-7.067361355	-0.662178094
5.986308000	-7.072420120	-0.663828721
5.986309000	-7.072548866	-0.664792519
5.986310000	-7.079814911	-0.665368028
5.986311000	-7.078497410	-0.666795549
5.986312000	-7.083956718	-0.667883850
5.986313000	-7.082433224	-0.669498125
5.986314000	-7.087982655	-0.669975696
5.986315000	-7.089313030	-0.672467749
5.986316000	-7.093298912	-0.673054044
5.986317000	-7.088736534	-0.675036169
5.986318000	-7.095227242	-0.676877545
5.986319000	-7.092416286	-0.676962034
5.986320000	-7.098679543	-0.679874400
5.986321000	-7.098739147	-0.680570484
5.986322000	-7.104166031	-0.681187871
5.986323000	-7.105788231	-0.683256615
5.986324000	-7.105245113	-0.684321879
5.986325000	-7.104403496	-0.686043013
5.986326000	-7.108642101	-0.687011738
5.986327000	-7.113291740	-0.688677213
5.986328000	-7.113298893	-0.689956795
5.986329000	-7.119437218	-0.691712284
5.986330000	-7.118824005	-0.694185695
5.986331000	-7.120698452	-0.695076656
5.986332000	-7.121669292	-0.696203506
5.986333000	-7.125925064	-0.698005267
5.986334000	-7.122966766	-0.698017052
5.986335000	-7.128467083	-0.700585870
5.986336000	-7.131000996	-0.702414197
5.986337000	-7.133719921	-0.704310035
5.986338000	-7.140020847	-0.705272501
5.986339000	-7.141335487	-0.705863723
5.986340000	-7.145790100	-0.708483142
5.986341000	-7.145915031	-0.709845149
5.986342000	-7.152258873	-0.712541666
5.986343000	-7.156339169	-0.713657464
5.986344000	-7.156231880	-0.714719533
5.986345000	-7.162656307	-0.718143492
5.986346000	-7.160731792	-0.717763126
5.986347000	-7.164216518	-0.721464854
5.986348000	-7.176910877	-0.724282212
5.986349000	-7.172815800	-0.724602790
5.986350000	-7.180229187	-0.727899384
5.986351000	-7.183406830	-0.728802794
5.986352000	-7.188129902	-0.730476924
5.986353000	-7.193152428	-0.732273160
5.986354000	-7.191629410	-0.734630057
5.986355000	-7.205461502	-0.736449263
5.986356000	-7.201747894	-0.739106432
5.986357000	-7.206336498	-0.741090953
5.986358000	-7.211179733	-0.743272281
5.986359000	-7.218989372	-0.744811322
5.986360000	-7.229308605	-0.747788403
5.986361000	-7.227841377	-0.749128905
5.986362000	-7.230611801	-0.751256505
5.986363000	-7.238349438	-0.753931384
5.986364000	-7.237699986	-0.755649256
5.986365000	-7.254265785	-0.758960963
5.986366000	-7.260172844	-0.761398155
5.986367000	-7.260672569	-0.764084286
5.986368000	-7.266503334	-0.765643300
5.986369000	-7.273069382	-0.768319112
5.986370000	-7.285516739	-0.772531766
5.986371000	-7.290866375	-0.773532116
5.986372000	-7.298023701	-0.777079247
5.986373000	-7.311436176	-0.780396947
5.986374000	-7.315439224	-0.784359531
5.986375000	-7.323969841	-0.786894327
5.986376000	-7.327384472	-0.787730294
5.986377000	-7.341166973	-0.792227307
5.986378000	-7.352249146	-0.795722107
5.986379000	-7.354065418	-0.798929685
5.986380000	-7.369186401	-0.802437800
5.986381000	-7.382356644	-0.806210434
5.986382000	-7.385525703	-0.808639504
5.986383000	-7.410891533	-0.816208740
5.986384000	-7.421040058	-0.820125851
5.986385000	-7.433647156	-0.825060821
5.986386000	-7.452677250	-0.829651512
5.986387000	-7.463656902	-0.834761386
5.986388000	-7.542018890	-0.846954069
5.986389000	-7.490542412	-0.840410882
5.986390000	-7.505132198	-0.847128573
5.986391000	-7.540231228	-0.856480862
5.986392000	-7.556650639	-0.860533528
5.986393000	-7.580796242	-0.866262054
5.986394000	-7.600998402	-0.874005195
5.986395000	-7.620926857	-0.878225573
5.986396000	-7.664719105	-0.888253905
5.986397000	-7.676025867	-0.890368322
5.986398000	-7.716779232	-0.903034516
5.986399000	-7.811658859	-0.924918310
5.986400000	-7.922134876	-0.947822494
5.986401000	-8.047083855	-0.973948371
5.986402000	-28.177394867	-0.726540306
5.986403000	-28.267665863	-0.528392432
5.986404000	-28.141675949	-0.439040482
5.986405000	-28.184467316	-0.392431101
5.986406000	-28.049276352	-0.339713727
5.986407000	-27.815664291	-0.280294576
5.986408000	-27.714437485	-0.236159705
5.986409000	-27.770008087	-0.208258415
5.986410000	-27.659708023	-0.181236268
5.986411000	-27.419979095	-0.109156523
5.986412000	-27.294944763	-0.095092811
5.986413000	-26.967037201	-0.038208955
5.986414000	-26.895219803	-0.016477809
5.986415000	-26.780574799	-0.000710987
5.986416000	-26.568525314	0.044032069
5.986417000	-26.336793900	0.067122678
5.986418000	-26.191595078	0.095731628
5.986419000	-26.097316742	0.107622850
5.986420000	-25.882623672	0.137607498
5.986421000	-25.687723160	0.156096244
5.986422000	-25.439048767	0.187150250
5.986423000	-25.269239426	0.213173462
5.986424000	-25.119760513	0.225016922
5.986425000	-24.908855438	0.240111919
5.986426000	-24.783712387	0.253140070
5.986427000	-24.499021530	0.278104375
5.986428000	-24.448799133	0.286517850
5.986429000	-24.195083618	0.306983811
5.986430000	-24.083713531	0.317334519
5.986431000	-23.802137375	0.326409240
5.986432000	-23.732194901	0.334624726
5.986433000	-23.516061783	0.351344185
5.986434000	-23.461448669	0.354620439
5.986435000	-23.234773636	0.364559123
5.986436000	-23.081043243	0.378298837
5.986437000	-22.936017990	0.384901146
5.986438000	-22.744026184	0.394112288
5.986439000	-22.475320816	0.395945941
5.986440000	-22.455385208	0.410543593
5.986441000	-22.288459778	0.417332223
5.986442000	-22.192935944	0.418842469
5.986443000	-21.997308731	0.423799543
5.986444000	-21.913980484	0.437419782
5.986445000	-21.776699066	0.440869274
5.986446000	-21.695035934	0.443807906
5.986447000	-21.596557617	0.450562914
5.986448000	-21.365606308	0.456097296
5.986449000	-21.227142334	0.458978170
5.986450000	-21.131175995	0.465551418
5.986451000	-21.031944275	0.472316846
5.986452000	-20.895959854	0.472211651
5.986453000	-20.760906219	0.473608812
5.986454000	-20.674024582	0.477354881
5.986455000	-20.596393585	0.483499759
5.986456000	-20.492408752	0.489501559
5.986457000	-20.365255356	0.487792242
5.986458000	-20.238115311	0.489955661
5.986459000	-20.112184525	0.496378140
5.986460000	-19.989200592	0.494936904
5.986461000	-19.951717377	0.499342272
5.986462000	-19.774589539	0.497171629
5.986463000	-19.745031357	0.502801252
5.986464000	-19.646245956	0.504246350
5.986465000	-19.506900787	0.510316792
5.986466000	-19.343666077	0.506793563
5.986467000	-19.277126312	0.509378860
5.986468000	-19.205814362	0.511263013
5.986469000	-19.090282440	0.509186746
5.986470000	-19.073268890	0.515616250
5.986471000	-18.919435501	0.513843117
5.986472000	-18.940206528	0.515414848
5.986473000	-18.767333984	0.518046151
5.986474000	-18.681058884	0.518463802
5.986475000	-18.644248962	0.521286486
5.986476000	-18.510471344	0.520411438
5.986477000	-18.458831787	0.522485375
5.986478000	-18.382276535	0.521356694
5.986479000	-18.291095734	0.523415517
5.986480000	-18.205610275	0.522713474
5.986481000	-18.109277725	0.524595697
5.986482000	-18.061100006	0.524938812
5.986483000	-18.001995087	0.523157856
5.986484000	-17.907081604	0.524230011
5.986485000	-17.849685669	0.525429865
5.986486000	-17.766309738	0.523552769
5.986487000	-17.674200058	0.526945470
5.986488000	-17.635931015	0.526583447
5.986489000	-17.575994492	0.527281528
5.986490000	-17.446832657	0.525674577
5.986491000	-17.372835159	0.524577387
5.986492000	-17.289106369	0.525889926
5.986493000	-17.226642609	0.523998916
5.986494000	-17.163543701	0.521970585
5.986495000	-17.112483978	0.526909484
5.986496000	-17.071628571	0.526837413
5.986497000	-16.999708176	0.523416715
5.986498000	-16.934061050	0.523566252
5.986499000	-16.904706955	0.524604319
5.986500000	-16.808452606	0.523390550
5.986501000	-16.712720871	0.523393046
5.986502000	-16.652214050	0.521558361
5.986503000	-16.608711243	0.522790739
5.986504000	-16.528242111	0.521559127
5.986505000	-16.483295441	0.520636442
5.986506000	-16.434516907	0.520589969
5.986507000	-16.368980408	0.519914858
5.986508000	-16.303493500	0.519098533
5.986509000	-16.241945267	0.519888393
5.986510000	-16.183368683	0.517914358
5.986511000	-16.070253372	0.516446424
5.986512000	-16.071395874	0.517415581
5.986513000	-16.062280655	0.519421874
5.986514000	-15.984672546	0.515175297
5.986515000	-15.885340691	0.515597341
5.986516000	-15.859438896	0.515327563
5.986517000	-15.806353569	0.514743033
5.986518000	-15.720213890	0.512588968
5.986519000	-15.673212051	0.511526100
5.986520000	-15.637983322	0.509313113
5.986521000	-15.564661026	0.507266840
5.986522000	-15.528854370	0.510646525
5.986523000	-15.468108177	0.508261331
5.986524000	-15.423214912	0.507698372
5.986525000	-15.363895416	0.507201094
5.986526000	-15.331578255	0.506442725
5.986527000	-15.297219276	0.506079636
5.986528000	-15.247562408	0.505652965
5.986529000	-15.182044029	0.503944713
5.986530000	-15.150266647	0.503410650
5.986531000	-15.085738182	0.502198345
5.986532000	-15.029315948	0.499538780
5.986533000	-15.013315201	0.500779946
5.986534000	-14.960033417	0.499776001
5.986535000	-14.928918839	0.496284597
5.986536000	-14.851383209	0.493734487
5.986537000	-14.813965797	0.494517090
5.986538000	-14.768071175	0.493196695
5.986539000	-14.732400894	0.492001202
5.986540000	-14.646753311	0.490593921
5.986541000	-14.645224571	0.491787350
5.986542000	-14.611956596	0.488571849
5.986543000	-14.547299385	0.488316818
5.986544000	-14.511433601	0.487412708
5.986545000	-14.468894005	0.486642688
5.986546000	-14.432128906	0.485201652
5.986547000	-14.394956589	0.483726028
5.986548000	-14.365900040	0.482135887
5.986549000	-14.303715706	0.481140298
5.986550000	-14.278796196	0.480964396
5.986551000	-14.229700089	0.478469380
5.986552000	-14.199384689	0.479251484
5.986553000	-14.168910027	0.476881337
5.986554000	-14.106805801	0.475539138
5.986555000	-14.093743324	0.475303181
5.986556000	-14.053015709	0.473173818
5.986557000	-14.014418602	0.473096886
5.986558000	-13.959107399	0.470583794
5.986559000	-13.916487694	0.467285369
5.986560000	-13.905408859	0.467907317
5.986561000	-13.852546692	0.466134151
5.986562000	-13.806475639	0.465198416
5.986563000	-13.781091690	0.464963192
5.986564000	-13.752486229	0.464245470
5.986565000	-13.729011536	0.462678100
5.986566000	-13.690382957	0.459520690
5.986567000	-13.621975899	0.459741898
5.986568000	-13.594019890	0.456887755
5.986569000	-13.574524879	0.456820511
5.986570000	-13.531861305	0.454603995
5.986571000	-13.481252670	0.452858626
5.986572000	-13.464222908	0.452231185
5.986573000	-13.438507080	0.451004966
5.986574000	-13.401513100	0.450198194
5.986575000	-13.362228394	0.447884773
5.986576000	-13.324328423	0.447510532
5.986577000	-13.285365105	0.444970908
5.986578000	-13.269204140	0.443624348
5.986579000	-13.239773750	0.442997539
5.986580000	-13.192975998	0.441744689
5.986581000	-13.160009384	0.439953979
5.986582000	-13.125086784	0.438260142
5.986583000	-13.079119682	0.435627973
5.986584000	-13.071551323	0.437051833
5.986585000	-13.046011925	0.434417766
5.986586000	-13.001830101	0.432193861
5.986587000	-12.978198051	0.430881155
5.986588000	-12.955641747	0.431220542
5.986589000	-12.917772293	0.427860798
5.986590000	-12.886722565	0.426846067
5.986591000	-12.862935066	0.426364467
5.986592000	-12.824894905	0.423992656
5.986593000	-12.764595985	0.420732248
5.986594000	-12.767366409	0.421655399
5.986595000	-12.729255676	0.420179076
5.986596000	-12.701837540	0.418371988
5.986597000	-12.668832779	0.416457275
5.986598000	-12.644895554	0.414786874
5.986599000	-12.611036301	0.412077806
5.986600000	-12.569284439	0.412995299
5.986601000	-12.550740242	0.410980484
5.986602000	-12.540229797	0.410296285
5.986603000	-12.506546021	0.409726069
5.986604000	-12.469316483	0.407316174
5.986605000	-12.457488060	0.407166704
5.986606000	-12.426570892	0.404439461
5.986607000	-12.388051033	0.403237410
5.986608000	-12.353496552	0.400669490
5.986609000	-12.320007324	0.399025554
5.986610000	-12.292247772	0.397394701
5.986611000	-12.262823105	0.395506053
5.986612000	-12.242622375	0.394486729
5.986613000	-12.215461731	0.394208062
5.986614000	-12.185642242	0.391755590
5.986615000	-12.153285027	0.389694570
5.986616000	-12.135953903	0.389274057
5.986617000	-12.108809471	0.388018709
5.986618000	-12.076629639	0.386128497
5.986619000	-12.062031746	0.385649228
5.986620000	-12.041219711	0.384082324
5.986621000	-12.032843590	0.382607798
5.986622000	-12.000518799	0.381290033
5.986623000	-11.967785835	0.380042708
5.986624000	-11.953742981	0.378770083
5.986625000	-11.905205727	0.376437953
5.986626000	-11.894361496	0.374946017
5.986627000	-11.858962059	0.372408091
5.986628000	-11.841153145	0.373006404
5.986629000	-11.815049171	0.369875558
5.986630000	-11.785964966	0.367643363
5.986631000	-11.776380539	0.368132286
5.986632000	-11.763680458	0.367320888
5.986633000	-11.727106094	0.364573937
5.986634000	-11.704097748	0.363598454
5.986635000	-11.683624268	0.361715566
5.986636000	-11.645521164	0.360373632
5.986637000	-11.621510506	0.357856479
5.986638000	-11.598064423	0.356354423
5.986639000	-11.589389801	0.355632140
5.986640000	-11.544893265	0.352742178
5.986641000	-11.533547401	0.352351292
5.986642000	-11.516836166	0.351898622
5.986643000	-11.493576050	0.350211975
5.986644000	-11.473024368	0.347853979
5.986645000	-11.449462891	0.346198491
5.986646000	-11.428537369	0.344431850
5.986647000	-11.409914017	0.344237373
5.986648000	-11.369721413	0.340563509
5.986649000	-11.362505913	0.340492169
5.986650000	-11.337354660	0.339476040
5.986651000	-11.318328857	0.337575076
5.986652000	-11.295240402	0.337122738
5.986653000	-11.273636818	0.334251984
5.986654000	-11.241108894	0.332431413
5.986655000	-11.223527908	0.331302166
5.986656000	-11.212174416	0.330547393
5.986657000	-11.193307877	0.329729703
5.986658000	-11.182030678	0.327964127
5.986659000	-11.156796455	0.326080273
5.986660000	-11.126908302	0.324422489
5.986661000	-11.102438927	0.321386585
5.986662000	-11.093220711	0.320058067
5.986663000	-11.066235542	0.319714053
5.986664000	-11.062022209	0.318280174
5.986665000	-11.033171654	0.317040506
5.986666000	-11.009770393	0.314385701
5.986667000	-10.998248100	0.313717380
5.986668000	-10.975566864	0.312541628
5.986669000	-10.964397430	0.311604029
5.986670000	-10.939496040	0.309731560
5.986671000	-10.923884392	0.308817763
5.986672000	-10.899238586	0.305985858
5.986673000	-10.892014503	0.305798970
5.986674000	-10.867848396	0.303609053
5.986675000	-10.847595215	0.302371748
5.986676000	-10.837557793	0.303058877
5.986677000	-10.811731339	0.299727129
5.986678000	-10.786475182	0.296990598
5.986679000	-10.768697739	0.296461128
5.986680000	-10.757763863	0.296759469
5.986681000	-10.755075455	0.294467320
5.986682000	-10.713801384	0.293031510
5.986683000	-10.707184792	0.291245427
5.986684000	-10.689229965	0.290105395
5.986685000	-10.666135788	0.287805455
5.986686000	-10.658717155	0.287379616
5.986687000	-10.635968208	0.284601706
5.986688000	-10.616150856	0.283792538
5.986689000	-10.586921692	0.281214664
5.986690000	-10.573841095	0.279513936
5.986691000	-10.548927307	0.278312601
5.986692000	-10.540214539	0.276631630
5.986693000	-10.524757385	0.275982169
5.986694000	-10.503145218	0.273373403
5.986695000	-10.492578506	0.273726222
5.986696000	-10.463063240	0.271664569
5.986697000	-10.463102341	0.270153341
5.986698000	-10.435295105	0.267832247
5.986699000	-10.421218872	0.267677101
5.986700000	-10.407871246	0.265661071
5.986701000	-10.392748833	0.264635538
5.986702000	-10.366205215	0.261387230
5.986703000	-10.358024597	0.260918897
5.986704000	-10.338745117	0.259398615
5.986705000	-10.322344780	0.259156417
5.986706000	-10.305895805	0.257458086
5.986707000	-10.302339554	0.256373114
5.986708000	-10.281326294	0.253709919
5.986709000	-10.269628525	0.253778046
5.986710000	-10.245421410	0.250817693
5.986711000	-10.232635498	0.249910621
5.986712000	-10.218524933	0.248850832
5.986713000	-10.197201729	0.246722500
5.986714000	-10.211584091	0.247400375
5.986715000	-10.176173210	0.245043194
5.986716000	-10.164446831	0.242870288
5.986717000	-10.145239830	0.241465537
5.986718000	-10.140517235	0.240659448
5.986719000	-10.122703552	0.239245726
5.986720000	-10.101596832	0.238085237
5.986721000	-10.087336540	0.235128379
5.986722000	-10.064858437	0.232739357
5.986723000	-10.057134628	0.232263267
5.986724000	-10.054409027	0.232887562
5.986725000	-10.029922485	0.229860330
5.986726000	-10.017347336	0.229480397
5.986727000	-9.986701012	0.225754634
5.986728000	-9.981936455	0.226693682
5.986729000	-9.971940041	0.224073497
5.986730000	-9.961445808	0.223052791
5.986731000	-9.942425728	0.220928903
5.986732000	-9.937768936	0.219625735
5.986733000	-9.914482117	0.218877454
5.986734000	-9.911769867	0.218124728
5.986735000	-9.902724266	0.217137061
5.986736000	-9.871247292	0.214648171
5.986737000	-9.865201950	0.213436832
5.986738000	-9.854740143	0.213219934
5.986739000	-9.846837044	0.211577113
5.986740000	-9.830435753	0.209766263
5.986741000	-9.809527397	0.207666627
5.986742000	-9.790732384	0.206005198
5.986743000	-9.775586128	0.204875385
5.986744000	-9.770235062	0.204930246
5.986745000	-9.759412766	0.201728460
5.986746000	-9.746898651	0.201063985
5.986747000	-9.732201576	0.200150338
5.986748000	-9.713503838	0.198516721
5.986749000	-9.707983017	0.197459813
5.986750000	-9.697988510	0.195662462
5.986751000	-9.687857628	0.194008855
5.986752000	-9.668218613	0.193341950
5.986753000	-9.658760071	0.191978594
5.986754000	-9.649125099	0.191231728
5.986755000	-9.624979973	0.188863362
5.986756000	-9.623385429	0.187678089
5.986757000	-9.616416931	0.186164381
5.986758000	-9.602004051	0.185525755
5.986759000	-9.580308914	0.184526121
5.986760000	-9.566520691	0.181084135
5.986761000	-9.561622620	0.181074231
5.986762000	-9.546221733	0.179593780
5.986763000	-9.532913208	0.177778619
5.986764000	-9.521004677	0.176520742
5.986765000	-9.512574196	0.175751155
5.986766000	-9.499554634	0.174295837
5.986767000	-9.486862183	0.172109515
5.986768000	-9.479209900	0.171755381
5.986769000	-9.464968681	0.169543976
5.986770000	-9.465841293	0.168812239
5.986771000	-9.437668800	0.167624286
5.986772000	-9.436539650	0.165968399
5.986773000	-9.425183296	0.165920196
5.986774000	-9.404453278	0.162872091
5.986775000	-9.391607285	0.161556523
5.986776000	-9.384879112	0.161599999
5.986777000	-9.374611855	0.159505523
5.986778000	-9.364298820	0.158156349
5.986779000	-9.350595474	0.157524148
5.986780000	-9.342284203	0.155640277
5.986781000	-9.332603455	0.153557819
5.986782000	-9.327836037	0.153766760
5.986783000	-9.302299500	0.150974619
5.986784000	-9.303111076	0.150446481
5.986785000	-9.292549133	0.150680456
5.986786000	-9.282279968	0.148176302
5.986787000	-9.269822121	0.147409711
5.986788000	-9.255220413	0.145379218
5.986789000	-9.244141579	0.144208442
5.986790000	-9.232540131	0.142146523
5.986791000	-9.227601051	0.141329881
5.986792000	-9.214875221	0.140412372
5.986793000	-9.210160255	0.139048060
5.986794000	-9.193775177	0.137894886
5.986795000	-9.180931091	0.136530773
5.986796000	-9.163475037	0.134951910
5.986797000	-9.171337128	0.134777906
5.986798000	-9.161503792	0.133113313
5.986799000	-9.147135735	0.131852689
5.986800000	-9.142865181	0.131231074
5.986801000	-9.128877640	0.128760268
5.986802000	-9.120945930	0.128842294
5.986803000	-9.107873917	0.127662255
5.986804000	-9.102602005	0.125723291
5.986805000	-9.080060005	0.124464964
5.986806000	-9.082067490	0.123488882
5.986807000	-9.075166702	0.122847360
5.986808000	-9.057658195	0.121264211
5.986809000	-9.049712181	0.119385717
5.986810000	-9.041606903	0.119001123
5.986811000	-9.025613785	0.117640639
5.986812000	-9.031199455	0.117277617
5.986813000	-9.020171165	0.115770967
5.986814000	-9.004548073	0.114448765
5.986815000	-8.997680664	0.113263517
5.986816000	-8.998070717	0.112642651
5.986817000	-8.986267090	0.110547018
5.986818000	-8.974003792	0.109415499
5.986819000	-8.965353012	0.108408192
5.986820000	-8.965534210	0.107516108
5.986821000	-8.947415352	0.105448388
5.986822000	-8.940327644	0.105265645
5.986823000	-8.932909966	0.103342901
5.986824000	-8.910822868	0.101510022
5.986825000	-8.918770790	0.101983008
5.986826000	-8.899260521	0.099628099
5.986827000	-8.894749641	0.099398759
5.986828000	-8.883309364	0.097226777
5.986829000	-8.871943474	0.096128081
5.986830000	-8.868108749	0.095143253
5.986831000	-8.858140945	0.093507273
5.986832000	-8.856722832	0.093367365
5.986833000	-8.847094536	0.092502121
5.986834000	-8.841157913	0.091161793
5.986835000	-8.829659462	0.089893197
5.986836000	-8.827997208	0.088938021
5.986837000	-8.821252823	0.088235770
5.986838000	-8.810531616	0.086366930
5.986839000	-8.802652359	0.085039178
5.986840000	-8.799620628	0.084344109
5.986841000	-8.786260605	0.083171844
5.986842000	-8.772175789	0.082725765
5.986843000	-8.769914627	0.080710517
5.986844000	-8.763722420	0.080056478
5.986845000	-8.761231422	0.079100528
5.986846000	-8.749995232	0.078471847
5.986847000	-8.728886604	0.076567712
5.986848000	-8.724833488	0.074897952
5.986849000	-8.725530624	0.073941170
5.986850000	-8.718519211	0.073731338
5.986851000	-8.706923485	0.071437815
5.986852000	-8.703785896	0.070432988
5.986853000	-8.695236206	0.069719560
5.986854000	-8.691496849	0.069608822
5.986855000	-8.682402611	0.067568795
5.986856000	-8.671895027	0.067086651
5.986857000	-8.673652649	0.066350149
5.986858000	-8.663693428	0.064169520
5.986859000	-8.657742500	0.063638315
5.986860000	-8.648879051	0.062534534
5.986861000	-8.651428223	0.061235349
5.986862000	-8.630993843	0.061314137
5.986863000	-8.624352455	0.059706457
5.986864000	-8.620471001	0.057684473
5.986865000	-8.619586945	0.058380860
5.986866000	-8.612576485	0.056301730
5.986867000	-8.601901054	0.054955003
5.986868000	-8.594001770	0.055134180
5.986869000	-8.591865540	0.054447405
5.986870000	-8.586110115	0.052943559
5.986871000	-8.589661598	0.051603103
5.986872000	-8.574708939	0.050890195
5.986873000	-8.567589760	0.049897939
5.986874000	-8.562360764	0.049120371
5.986875000	-8.554929733	0.048304162
5.986876000	-8.544413567	0.045308588
5.986877000	-8.544386864	0.045775270
5.986878000	-8.527131081	0.044050628
5.986879000	-8.526285172	0.043356812
5.986880000	-8.518899918	0.042767325
5.986881000	-8.515079498	0.041564375
5.986882000	-8.499573708	0.040469745
5.986883000	-8.502174377	0.039600186
5.986884000	-8.494100571	0.039526945
5.986885000	-8.480613708	0.037325955
5.986886000	-8.488521576	0.037145792
5.986887000	-8.477026939	0.036681399
5.986888000	-8.470400810	0.034715597
5.986889000	-8.465596199	0.034285736
5.986890000	-8.457696915	0.033232616
5.986891000	-8.459812164	0.033474337
5.986892000	-8.445213318	0.030988524
5.986893000	-8.443318367	0.030332450
5.986894000	-8.445989609	0.028958947
5.986895000	-8.435506821	0.028479660
5.986896000	-8.417223930	0.027264409
5.986897000	-8.411970139	0.024856679
5.986898000	-8.406561852	0.025718328
5.986899000	-8.409955978	0.024937730
5.986900000	-8.398160934	0.022578269
5.986901000	-8.402226448	0.023215959
5.986902000	-8.387580872	0.021518198
5.986903000	-8.392464638	0.021749009
5.986904000	-8.378601074	0.019864768
5.986905000	-8.364988327	0.018587685
5.986906000	-8.374502182	0.017366135
5.986907000	-8.364421844	0.017260252
5.986908000	-8.355486870	0.016005328
5.986909000	-8.350912094	0.016277648
5.986910000	-8.347395897	0.014575140
5.986911000	-8.343650818	0.014716695
5.986912000	-8.338053703	0.013427425
5.986913000	-8.334420204	0.012923373
5.986914000	-8.327689171	0.011186602
5.986915000	-8.320315361	0.009784912
5.986916000	-8.309401512	0.009283174
5.986917000	-8.311407089	0.007129067
5.986918000	-8.308594704	0.007517955
5.986919000	-8.303522110	0.006450000
5.986920000	-8.298429489	0.005724114
5.986921000	-8.286505699	0.005723072
5.986922000	-8.289910316	0.003525733
5.986923000	-8.279823303	0.003396600
5.986924000	-8.278975487	0.002186416
5.986925000	-8.268481255	0.001907946
5.986926000	-8.267117500	0.000946571
5.986927000	-8.266480446	-0.000071209
5.986928000	-8.267978668	-0.000066694
5.986929000	-8.253252029	-0.002776088
5.986930000	-8.248394012	-0.002227621
5.986931000	-8.248615265	-0.003407800
5.986932000	-8.243902206	-0.004163923
5.986933000	-8.238862038	-0.004105812
5.986934000	-8.236501694	-0.005969695
5.986935000	-8.225666046	-0.007725299
5.986936000	-8.220119476	-0.007502942
5.986937000	-8.220180511	-0.008818896
5.986938000	-8.210992813	-0.009276588
5.986939000	-8.210582733	-0.009753792
5.986940000	-8.200632095	-0.010991650
5.986941000	-8.196965218	-0.010617744
5.986942000	-8.196242332	-0.011939517
5.986943000	-8.193785667	-0.013054719
5.986944000	-8.182204247	-0.013150011
5.986945000	-8.181692123	-0.014492229
5.986946000	-8.171689034	-0.015478861
5.986947000	-8.169041634	-0.016390890
5.986948000	-8.164711952	-0.016961227
5.986949000	-8.159032822	-0.018564992
5.986950000	-8.162515640	-0.019258240
5.986951000	-8.163219452	-0.018993432
5.986952000	-8.155121803	-0.019664394
5.986953000	-8.142375946	-0.020664068
5.986954000	-8.145509720	-0.021667749
5.986955000	-8.143896103	-0.022672225
5.986956000	-8.133077621	-0.022894680
5.986957000	-8.127043724	-0.023881133
5.986958000	-8.132917404	-0.023296353
5.986959000	-8.128540993	-0.024731279
5.986960000	-8.123206139	-0.025252046
5.986961000	-8.121638298	-0.026170408
5.986962000	-8.111768723	-0.028186169
5.986963000	-8.107845306	-0.028847964
5.986964000	-8.106403351	-0.028878634
5.986965000	-8.102509499	-0.030266445
5.986966000	-8.093894005	-0.030587266
5.986967000	-8.095522881	-0.030687058
5.986968000	-8.090829849	-0.031963975
5.986969000	-8.079784393	-0.032870353
5.986970000	-8.084934235	-0.033630819
5.986971000	-8.083327293	-0.033099499
5.986972000	-8.077772141	-0.034266276
5.986973000	-8.073863983	-0.035211267
5.986974000	-8.066745758	-0.035883304
5.986975000	-8.063315392	-0.037013874
5.986976000	-8.057527542	-0.037733331
5.986977000	-8.054593086	-0.039032983
5.986978000	-8.051053047	-0.039577957
5.986979000	-8.047315598	-0.039724668
5.986980000	-8.046307564	-0.040896530
5.986981000	-8.041227341	-0.041641982
5.986982000	-8.035399437	-0.042030470
5.986983000	-8.039035797	-0.042918597
5.986984000	-8.030139923	-0.042361655
5.986985000	-8.028429031	-0.043885599
5.986986000	-8.025157928	-0.044387676
5.986987000	-8.023126602	-0.044277812
5.986988000	-8.021117210	-0.045195562
5.986989000	-8.022507668	-0.046648699
5.986990000	-8.008402824	-0.047578268
5.986991000	-8.003923416	-0.047907984
5.986992000	-8.009178162	-0.048142953
5.986993000	-8.001847267	-0.049188631
5.986994000	-7.997750759	-0.050550859
5.986995000	-7.993939400	-0.050264719
5.986996000	-7.988748074	-0.051585335
5.986997000	-7.988723278	-0.051749464
5.986998000	-7.978460789	-0.052939656
5.986999000	-7.984208107	-0.053230436
5.987000000	-7.978035450	-0.054094037
5.987001000	-7.971966743	-0.054238979
5.987002000	-7.973230839	-0.054530524
5.987003000	-7.966595173	-0.055390301
5.987004000	-7.962428570	-0.055944742
5.987005000	-7.960875034	-0.057064793
5.987006000	-7.962142467	-0.057407471
5.987007000	-7.952226639	-0.058586369
5.987008000	-7.958664894	-0.059078305
5.987009000	-7.949109554	-0.059620882
5.987010000	-7.947831154	-0.061041346
5.987011000	-7.946132183	-0.061070903
5.987012000	-7.945940495	-0.061537447
5.987013000	-7.936991215	-0.062159012
5.987014000	-7.933921814	-0.063224830
5.987015000	-7.933553219	-0.063605109
5.987016000	-7.928728104	-0.064688041
5.987017000	-7.928126812	-0.065611280
5.987018000	-7.922173500	-0.065525198
5.987019000	-7.914209843	-0.066643455
5.987020000	-7.912509441	-0.066414440
5.987021000	-7.914608002	-0.067109221
5.987022000	-7.913077831	-0.067497693
5.987023000	-7.912584305	-0.068501717
5.987024000	-7.904057026	-0.069406301
5.987025000	-7.904584408	-0.068857058
5.987026000	-7.897649288	-0.069706873
5.987027000	-7.892683506	-0.071051132
5.987028000	-7.893756866	-0.071900955
5.987029000	-7.890624046	-0.070949766
5.987030000	-7.881271362	-0.073438864
5.987031000	-7.882759094	-0.073496671
5.987032000	-7.884316444	-0.073959454
5.987033000	-7.877409458	-0.073731104
5.987034000	-7.874744415	-0.074868141
5.987035000	-7.873776436	-0.075573637
5.987036000	-7.875317097	-0.074912633
5.987037000	-7.862759590	-0.076058757
5.987038000	-7.868888855	-0.076008765
5.987039000	-7.859841824	-0.077468094
5.987040000	-7.858041286	-0.077673324
5.987041000	-7.858035088	-0.078649847
5.987042000	-7.854278088	-0.079563436
5.987043000	-7.850686073	-0.080575520
5.987044000	-7.852825642	-0.080318791
5.987045000	-7.847072124	-0.081131638
5.987046000	-7.845008850	-0.081812375
5.987047000	-7.842171192	-0.081748493
5.987048000	-7.835515976	-0.082957102
5.987049000	-7.835727215	-0.083311793
5.987050000	-7.831878662	-0.084086873
5.987051000	-7.835703373	-0.084595046
5.987052000	-7.831670761	-0.083702063
5.987053000	-7.827005863	-0.084984866
5.987054000	-7.821526051	-0.085807358
5.987055000	-7.820161819	-0.086179585
5.987056000	-7.820084095	-0.086733681
5.987057000	-7.813633919	-0.087846266
5.987058000	-7.813592911	-0.087032063
5.987059000	-7.817881584	-0.088101530
5.987060000	-7.806271076	-0.089557796
5.987061000	-7.809937954	-0.089052628
5.987062000	-7.809822083	-0.089783649
5.987063000	-7.811535358	-0.090629785
5.987064000	-7.804651737	-0.091802151
5.987065000	-7.793078423	-0.091959718
5.987066000	-7.799223900	-0.092130468
5.987067000	-7.790294647	-0.092604519
5.987068000	-7.795047760	-0.093616920
5.987069000	-7.788775921	-0.093136852
5.987070000	-7.784877777	-0.094831097
5.987071000	-7.784640312	-0.094985094
5.987072000	-7.780995846	-0.095471570
5.987073000	-7.773260117	-0.095676992
5.987074000	-7.776227474	-0.096490820
5.987075000	-7.774527550	-0.096748240
5.987076000	-7.771655560	-0.097574078
5.987077000	-7.768105507	-0.097595416
5.987078000	-7.772054195	-0.098448618
5.987079000	-7.761511803	-0.099003904
5.987080000	-7.759426594	-0.099186896
5.987081000	-7.759130478	-0.099781847
5.987082000	-7.760894299	-0.100225696
5.987083000	-7.759456635	-0.100624171
5.987084000	-7.749409676	-0.100614659
5.987085000	-7.750994205	-0.101306149
5.987086000	-7.741209507	-0.102419591
5.987087000	-7.739873886	-0.103214553
5.987088000	-7.745519638	-0.103565050
5.987089000	-7.744962215	-0.103110540
5.987090000	-7.744734287	-0.103727653
5.987091000	-7.735077381	-0.104487153
5.987092000	-7.732346058	-0.105962478
5.987093000	-7.735337257	-0.105471715
5.987094000	-7.729978561	-0.106072533
5.987095000	-7.728753090	-0.106868552
5.987096000	-7.726851463	-0.107100538
5.987097000	-7.726279259	-0.107673259
5.987098000	-7.721150875	-0.107823511
5.987099000	-7.723973274	-0.107544379
5.987100000	-7.723124027	-0.108535757
5.987101000	-7.718438148	-0.108695672
5.987102000	-7.723793030	-0.108930554
5.987103000	-7.714624882	-0.109515201
5.987104000	-7.711269379	-0.110540343
5.987105000	-7.711527348	-0.110969154
5.987106000	-7.712922573	-0.110878889
5.987107000	-7.707563877	-0.111318977
5.987108000	-7.704627514	-0.112572477
5.987109000	-7.706838131	-0.113198777
5.987110000	-7.701032639	-0.113472892
5.987111000	-7.701712132	-0.112977144
5.987112000	-7.698196888	-0.113862920
5.987113000	-7.701105595	-0.113750701
5.987114000	-7.697773457	-0.115022427
5.987115000	-7.695399761	-0.114967907
5.987116000	-7.687710285	-0.114964628
5.987117000	-7.694553852	-0.115412230
5.987118000	-7.686342239	-0.116244343
5.987119000	-7.687597752	-0.117030109
5.987120000	-7.685044765	-0.117517343
5.987121000	-7.683253288	-0.117553395
5.987122000	-7.683370113	-0.117667112
5.987123000	-7.678161621	-0.118836065
5.987124000	-7.682249546	-0.118570490
5.987125000	-7.676100731	-0.119717497
5.987126000	-7.671440125	-0.119733559
5.987127000	-7.669756889	-0.120419872
5.987128000	-7.670425892	-0.120864270
5.987129000	-7.665316105	-0.121202375
5.987130000	-7.668600082	-0.121598154
5.987131000	-7.662054062	-0.121445522
5.987132000	-7.665132999	-0.121647806
5.987133000	-7.660524368	-0.122843182
5.987134000	-7.660480976	-0.122650602
5.987135000	-7.660623550	-0.124086745
5.987136000	-7.660615921	-0.124023362
5.987137000	-7.654652596	-0.124014432
5.987138000	-7.654643536	-0.124426731
5.987139000	-7.658267975	-0.125418026
5.987140000	-7.649170399	-0.125346961
5.987141000	-7.648859024	-0.125491380
5.987142000	-7.646282673	-0.126592056
5.987143000	-7.648898125	-0.126946989
5.987144000	-7.643334866	-0.127887001
5.987145000	-7.644369125	-0.127227386
5.987146000	-7.643461704	-0.127906817
5.987147000	-7.632039547	-0.128733670
5.987148000	-7.641319752	-0.128239995
5.987149000	-7.633551121	-0.129759045
5.987150000	-7.633981228	-0.128918069
5.987151000	-7.636304855	-0.128771720
5.987152000	-7.630422592	-0.129091641
5.987153000	-7.631067276	-0.130258887
5.987154000	-7.630862236	-0.130266760
5.987155000	-7.623986721	-0.131035731
5.987156000	-7.627011776	-0.131535216
5.987157000	-7.625084877	-0.131509391
5.987158000	-7.622741222	-0.132134302
5.987159000	-7.622350693	-0.132905662
5.987160000	-7.621717930	-0.133485290
5.987161000	-7.617010593	-0.134300409
5.987162000	-7.616638660	-0.134433243
5.987163000	-7.614748478	-0.134277573
5.987164000	-7.616072655	-0.134868803
5.987165000	-7.613872528	-0.135284647
5.987166000	-7.607321739	-0.136038496
5.987167000	-7.612479687	-0.135777432
5.987168000	-7.609181881	-0.136062323
5.987169000	-7.603857040	-0.135785496
5.987170000	-7.608667374	-0.136672287
5.987171000	-7.600907803	-0.137901011
5.987172000	-7.610797405	-0.137378399
5.987173000	-7.603957653	-0.137898190
5.987174000	-7.599729061	-0.138350711
5.987175000	-7.597906113	-0.139191388
5.987176000	-7.596163273	-0.138933094
5.987177000	-7.593538284	-0.138675866
5.987178000	-7.598860264	-0.139342414
5.987179000	-7.585063457	-0.140016094
5.987180000	-7.594171524	-0.139551489
5.987181000	-7.585581779	-0.140729987
5.987182000	-7.590889454	-0.141067393
5.987183000	-7.581869125	-0.141138816
5.987184000	-7.584738255	-0.142108273
5.987185000	-7.583797932	-0.142734133
5.987186000	-7.586040497	-0.142551373
5.987187000	-7.582426548	-0.142935967
5.987188000	-7.575191498	-0.143619084
5.987189000	-7.571516991	-0.143060553
5.987190000	-7.579453468	-0.143394314
5.987191000	-7.578717232	-0.144155412
5.987192000	-7.572101116	-0.143909719
5.987193000	-7.570004940	-0.145149720
5.987194000	-7.574270725	-0.145365735
5.987195000	-7.569185257	-0.145697249
5.987196000	-7.570822239	-0.145873600
5.987197000	-7.564985752	-0.147314387
5.987198000	-7.562562943	-0.146729357
5.987199000	-7.560627460	-0.147235224
5.987200000	-7.558917522	-0.147309743
5.987201000	-7.559498787	-0.147956791
5.987202000	-7.557740688	-0.148156062
5.987203000	-7.560749531	-0.147819372
5.987204000	-7.555344582	-0.147972221
5.987205000	-7.555734158	-0.148841643
5.987206000	-7.543329716	-0.149254783
5.987207000	-7.552966118	-0.150195295
5.987208000	-7.550607681	-0.150036221
5.987209000	-7.551299095	-0.150146825
5.987210000	-7.551904678	-0.150716059
5.987211000	-7.549922943	-0.151234860
5.987212000	-7.543039799	-0.150975568
5.987213000	-7.545724392	-0.151485047
5.987214000	-7.547164440	-0.151190601
5.987215000	-7.547746658	-0.151972638
5.987216000	-7.541855335	-0.152641708
5.987217000	-7.541942596	-0.151925517
5.987218000	-7.547271729	-0.152943461
5.987219000	-7.538630009	-0.153125171
5.987220000	-7.540360928	-0.153808655
5.987221000	-7.537159443	-0.153170462
5.987222000	-7.535663128	-0.154585982
5.987223000	-7.533283710	-0.154748768
5.987224000	-7.535951138	-0.154536630
5.987225000	-7.532569408	-0.154747236
5.987226000	-7.529760361	-0.155194914
5.987227000	-7.532620907	-0.156472182
5.987228000	-7.526887894	-0.156644272
5.987229000	-7.528662205	-0.156592091
5.987230000	-7.527500629	-0.156033277
5.987231000	-7.531573772	-0.156687499
5.987232000	-7.523181438	-0.157025171
5.987233000	-7.524945259	-0.158008310
5.987234000	-7.520728111	-0.157556505
5.987235000	-7.519555092	-0.157926718
5.987236000	-7.518552780	-0.158399545
5.987237000	-7.516927719	-0.158170963
5.987238000	-7.515665054	-0.158863202
5.987239000	-7.506689072	-0.158809089
5.987240000	-7.514006615	-0.159747121
5.987241000	-7.510816097	-0.159768427
5.987242000	-7.506985664	-0.159496252
5.987243000	-7.516104698	-0.160336429
5.987244000	-7.511692047	-0.161619890
5.987245000	-7.503475189	-0.161849554
5.987246000	-7.505462646	-0.161003667
5.987247000	-7.511116982	-0.161773587
5.987248000	-7.508527756	-0.161730477
5.987249000	-7.507234573	-0.162370402
5.987250000	-7.506866932	-0.161940717
5.987251000	-7.504385948	-0.162998824
5.987252000	-7.499487877	-0.162422533
5.987253000	-7.501059055	-0.163538081
5.987254000	-7.503343105	-0.164096413
5.987255000	-7.498245239	-0.162984277
5.987256000	-7.494284153	-0.164020463
5.987257000	-7.496630192	-0.163953435
5.987258000	-7.498157024	-0.164739084
5.987259000	-7.498828888	-0.164686303
5.987260000	-7.499271870	-0.164972127
5.987261000	-7.487669468	-0.164977819
5.987262000	-7.487893105	-0.165590163
5.987263000	-7.491321087	-0.166096181
5.987264000	-7.488213539	-0.166279872
5.987265000	-7.490348339	-0.166095482
5.987266000	-7.493473530	-0.166921328
5.987267000	-7.485455036	-0.166747823
5.987268000	-7.487870216	-0.167459969
5.987269000	-7.483280659	-0.167334085
5.987270000	-7.485188961	-0.167941618
5.987271000	-7.485975266	-0.167861274
5.987272000	-7.479548454	-0.168038457
5.987273000	-7.476714134	-0.168659756
5.987274000	-7.486825466	-0.168964472
5.987275000	-7.489077568	-0.169104421
5.987276000	-7.478942871	-0.169517411
5.987277000	-7.478282452	-0.169811540
5.987278000	-7.480629921	-0.169398267
5.987279000	-7.471848965	-0.169915969
5.987280000	-7.478010178	-0.170364778
5.987281000	-7.473140717	-0.170560604
5.987282000	-7.475790977	-0.171118886
5.987283000	-7.463513374	-0.171254807
5.987284000	-7.464374542	-0.171961443
5.987285000	-7.464479923	-0.172526683
5.987286000	-7.469483852	-0.171599703
5.987287000	-7.468314171	-0.171890803
5.987288000	-7.462327480	-0.171268206
5.987289000	-7.462471962	-0.173146234
5.987290000	-7.465592861	-0.173309619
5.987291000	-7.463813305	-0.173119086
5.987292000	-7.467851162	-0.173173381
5.987293000	-7.467126846	-0.173887858
5.987294000	-7.459770679	-0.174237830
5.987295000	-7.460295677	-0.174181737
5.987296000	-7.462100029	-0.174652668
5.987297000	-7.456082821	-0.174487884
5.987298000	-7.454849243	-0.174714586
5.987299000	-7.453320503	-0.175588935
5.987300000	-7.458152771	-0.175774874
5.987301000	-7.455722332	-0.175062095
5.987302000	-7.454597950	-0.175295255
5.987303000	-7.453432560	-0.176192657
5.987304000	-7.457171917	-0.176905386
5.987305000	-7.446598530	-0.176655681
5.987306000	-7.453416824	-0.176927224
5.987307000	-7.449803352	-0.176842019
5.987308000	-7.452952385	-0.176610607
5.987309000	-7.450989723	-0.177482160
5.987310000	-7.448406696	-0.178654001
5.987311000	-7.442813396	-0.177576652
5.987312000	-7.447187901	-0.178468878
5.987313000	-7.449528217	-0.178548989
5.987314000	-7.445749760	-0.178724541
5.987315000	-7.444228172	-0.178864623
5.987316000	-7.443811893	-0.179582112
5.987317000	-7.440834522	-0.179936046
5.987318000	-7.448211670	-0.179646161
5.987319000	-7.436959267	-0.180197885
5.987320000	-7.436604500	-0.180472490
5.987321000	-7.442534447	-0.181035016
5.987322000	-7.439679623	-0.180667001
5.987323000	-7.429371834	-0.180763940
5.987324000	-7.434449196	-0.181181024
5.987325000	-7.431950569	-0.181360887
5.987326000	-7.432419777	-0.181476152
5.987327000	-7.430783272	-0.182136200
5.987328000	-7.432643890	-0.182741653
5.987329000	-7.432037354	-0.182727505
5.987330000	-7.431625366	-0.182833898
5.987331000	-7.428291798	-0.182479199
5.987332000	-7.428750515	-0.183762077
5.987333000	-7.426637173	-0.183478500
5.987334000	-7.421155930	-0.184229145
5.987335000	-7.424963474	-0.183923381
5.987336000	-7.416847706	-0.183743851
5.987337000	-7.430559158	-0.184314932
5.987338000	-7.424257755	-0.184578685
5.987339000	-7.423551559	-0.184257824
5.987340000	-7.418751717	-0.184400553
5.987341000	-7.421873569	-0.184602703
5.987342000	-7.416835785	-0.185321158
5.987343000	-7.419677734	-0.185250384
5.987344000	-7.421339035	-0.185443763
5.987345000	-7.415862083	-0.186178845
5.987346000	-7.412487507	-0.186443830
5.987347000	-7.416286469	-0.187053378
5.987348000	-7.419728279	-0.186365733
5.987349000	-7.415210724	-0.186894354
5.987350000	-7.409555435	-0.187062332
5.987351000	-7.412818432	-0.187133206
5.987352000	-7.408380508	-0.187086933
5.987353000	-7.411942005	-0.187045122
5.987354000	-7.411405087	-0.187917191
5.987355000	-7.410419464	-0.188539671
5.987356000	-7.407853603	-0.187941425
5.987357000	-7.408768654	-0.188595082
5.987358000	-7.400550842	-0.188640272
5.987359000	-7.408272743	-0.188089214
5.987360000	-7.407677650	-0.188555966
5.987361000	-7.406550884	-0.189879524
5.987362000	-7.404901505	-0.189520047
5.987363000	-7.402477741	-0.189542401
5.987364000	-7.404804230	-0.190335391
5.987365000	-7.406070232	-0.189830788
5.987366000	-7.404656887	-0.190420862
5.987367000	-7.397526741	-0.190191746
5.987368000	-7.403774261	-0.190046205
5.987369000	-7.397881985	-0.190810033
5.987370000	-7.395194054	-0.191197073
5.987371000	-7.398804188	-0.191481948
5.987372000	-7.399724007	-0.191079162
5.987373000	-7.399424076	-0.191334609
5.987374000	-7.392223358	-0.192169726
5.987375000	-7.396687508	-0.192116496
5.987376000	-7.398608208	-0.192211371
5.987377000	-7.392810345	-0.192406748
5.987378000	-7.395999432	-0.192098170
5.987379000	-7.390620708	-0.193526873
5.987380000	-7.392688274	-0.192415519
5.987381000	-7.391721725	-0.193197423
5.987382000	-7.387862206	-0.191988032
5.987383000	-7.393611431	-0.193844954
5.987384000	-7.390602112	-0.192838479
5.987385000	-7.389145374	-0.193690408
5.987386000	-7.393068790	-0.194469665
5.987387000	-7.389205933	-0.193883071
5.987388000	-7.388283253	-0.193989597
5.987389000	-7.390880108	-0.193984387
5.987390000	-7.387575626	-0.195329417
5.987391000	-7.384002209	-0.194832088
5.987392000	-7.384634018	-0.194576258
5.987393000	-7.386123657	-0.194745203
5.987394000	-7.385066032	-0.195267665
5.987395000	-7.382926464	-0.196354285
5.987396000	-7.379174232	-0.196255381
5.987397000	-7.380959511	-0.195597730
5.987398000	-7.377526760	-0.196213820
5.987399000	-7.381222725	-0.196048004
5.987400000	-7.378240585	-0.196112486
5.987401000	-7.373531818	-0.196913299
5.987402000	-7.377687931	-0.197048271
5.987403000	-7.380347729	-0.197536512
5.987404000	-7.376440048	-0.197780757
5.987405000	-7.376286507	-0.197742258
5.987406000	-7.374207497	-0.197376822
5.987407000	-7.371018887	-0.198467520
5.987408000	-7.368835449	-0.197288472
5.987409000	-7.375822067	-0.197807222
5.987410000	-7.375981808	-0.198180381
5.987411000	-7.373016357	-0.198144245
5.987412000	-7.367459774	-0.198775697
5.987413000	-7.369341373	-0.198670602
5.987414000	-7.370978355	-0.199091931
5.987415000	-7.369798660	-0.198846887
5.987416000	-7.363397598	-0.199254384
5.987417000	-7.373089790	-0.200025136
5.987418000	-7.370089531	-0.199903513
5.987419000	-7.363122463	-0.200709202
5.987420000	-7.364508152	-0.200106962
5.987421000	-7.364240646	-0.200376607
5.987422000	-7.367930889	-0.200542505
5.987423000	-7.361274719	-0.201117731
5.987424000	-7.358452797	-0.200978298
5.987425000	-7.355833054	-0.201526643
5.987426000	-7.361379147	-0.200952915
5.987427000	-7.360426903	-0.201261808
5.987428000	-7.358877182	-0.201435030
5.987429000	-7.359908581	-0.201927948
5.987430000	-7.356250286	-0.202260211
5.987431000	-7.357186317	-0.201703110
5.987432000	-7.358067036	-0.202006028
5.987433000	-7.356781483	-0.202881643
5.987434000	-7.352986813	-0.202883290
5.987435000	-7.351119518	-0.202762499
5.987436000	-7.349746704	-0.203368568
5.987437000	-7.344459534	-0.202544420
5.987438000	-7.355423450	-0.203254568
5.987439000	-7.355095863	-0.203709569
5.987440000	-7.352741241	-0.203619122
5.987441000	-7.349870682	-0.203584501
5.987442000	-7.346496582	-0.203936953
5.987443000	-7.347076893	-0.203642308
5.987444000	-7.350216866	-0.204690645
5.987445000	-7.345695972	-0.205019978
5.987446000	-7.349440575	-0.205247279
5.987447000	-7.344445229	-0.205380786
5.987448000	-7.341773987	-0.204962820
5.987449000	-7.349658489	-0.205605357
5.987450000	-7.345612049	-0.205543355
5.987451000	-7.343908310	-0.205980397
5.987452000	-7.343916893	-0.206156349
5.987453000	-7.342269897	-0.206417055
5.987454000	-7.341036320	-0.206129734
5.987455000	-7.343682766	-0.207421333
5.987456000	-7.340627193	-0.207381319
5.987457000	-7.339814186	-0.207306668
5.987458000	-7.334960937	-0.206470668
5.987459000	-7.338405132	-0.207142667
5.987460000	-7.333366871	-0.207563879
5.987461000	-7.339404583	-0.207233348
5.987462000	-7.332527637	-0.208505956
5.987463000	-7.339578152	-0.207514178
5.987464000	-7.332952023	-0.208492840
5.987465000	-7.336668968	-0.208173477
5.987466000	-7.338354588	-0.207896907
5.987467000	-7.340127468	-0.208788068
5.987468000	-7.333095074	-0.208889900
5.987469000	-7.328350067	-0.208554958
5.987470000	-7.335443020	-0.208294884
5.987471000	-7.329880238	-0.208522035
5.987472000	-7.330560684	-0.209049324
5.987473000	-7.339401722	-0.209089371
5.987474000	-7.329012394	-0.209352741
5.987475000	-7.336096287	-0.209587266
5.987476000	-7.327824116	-0.210026587
5.987477000	-7.336080551	-0.209651764
5.987478000	-7.333689213	-0.209988305
5.987479000	-7.327397346	-0.209723087
5.987480000	-7.327032089	-0.209993747
5.987481000	-7.332066059	-0.210387945
5.987482000	-7.325796127	-0.210924322
5.987483000	-7.329804420	-0.210596704
5.987484000	-7.326552868	-0.210214573
5.987485000	-7.322349548	-0.210536916
5.987486000	-7.329684734	-0.211069864
5.987487000	-7.325637817	-0.211000822
5.987488000	-7.322970390	-0.211975489
5.987489000	-7.322224617	-0.211315757
5.987490000	-7.325810909	-0.211372732
5.987491000	-7.325122833	-0.212054485
5.987492000	-7.320285797	-0.212291356
5.987493000	-7.323260307	-0.212644192
5.987494000	-7.320627213	-0.212588798
5.987495000	-7.319201946	-0.212735921
5.987496000	-7.322470188	-0.213542160
5.987497000	-7.322602749	-0.213511583
5.987498000	-7.325054169	-0.213264026
5.987499000	-7.316500664	-0.212260131
5.987500000	-7.317238331	-0.213649252
5.987501000	-7.317031860	-0.213474466
5.987502000	-7.311367512	-0.214353841
5.987503000	-7.315702438	-0.213327825
5.987504000	-7.318576813	-0.214625051
5.987505000	-7.315540791	-0.214374314
5.987506000	-7.313976288	-0.214376695
5.987507000	-7.312015057	-0.214000590
5.987508000	-7.318383217	-0.214202291
5.987509000	-7.315867901	-0.214873524
5.987510000	-7.311886787	-0.215236380
5.987511000	-7.312572956	-0.215859110
5.987512000	-7.310482025	-0.215815351
5.987513000	-7.304900169	-0.215483355
5.987514000	-7.307483196	-0.214673421
5.987515000	-7.309659958	-0.216124477
5.987516000	-7.309928894	-0.216660838
5.987517000	-7.310287952	-0.215477795
5.987518000	-7.306873798	-0.216315909
5.987519000	-7.307824612	-0.216683958
5.987520000	-7.302403450	-0.216686621
5.987521000	-7.311858654	-0.216200810
5.987522000	-7.304079056	-0.216611786
5.987523000	-7.303173065	-0.216842000
5.987524000	-7.309431076	-0.217667746
5.987525000	-7.303909302	-0.217358520
5.987526000	-7.303649426	-0.217334934
5.987527000	-7.308840275	-0.216902853
5.987528000	-7.303766251	-0.218129655
5.987529000	-7.302736282	-0.217630911
5.987530000	-7.305354118	-0.217947394
5.987531000	-7.301152229	-0.218725620
5.987532000	-7.307577133	-0.218339245
5.987533000	-7.303172112	-0.218982981
5.987534000	-7.300889969	-0.217917118
5.987535000	-7.305184364	-0.218451614
5.987536000	-7.297077656	-0.218892234
5.987537000	-7.301733494	-0.219462117
5.987538000	-7.300948620	-0.219565198
5.987539000	-7.297794819	-0.219552914
5.987540000	-7.300527573	-0.219589150
5.987541000	-7.298063278	-0.219793481
5.987542000	-7.295846939	-0.219609490
5.987543000	-7.295501232	-0.220210982
5.987544000	-7.301291466	-0.219950974
5.987545000	-7.294119835	-0.219748757
5.987546000	-7.296803474	-0.219024460
5.987547000	-7.303234577	-0.220407290
5.987548000	-7.296096325	-0.220126043
5.987549000	-7.298092842	-0.219908197
5.987550000	-7.293364525	-0.220044451
5.987551000	-7.299475193	-0.220651934
5.987552000	-7.297311306	-0.220903403
5.987553000	-7.288960457	-0.221182336
5.987554000	-7.295176029	-0.221683893
5.987555000	-7.293699741	-0.221066872
5.987556000	-7.293459415	-0.221311699
5.987557000	-7.292238235	-0.221547273
5.987558000	-7.298339367	-0.221920831
5.987559000	-7.292725563	-0.221215975
5.987560000	-7.289918423	-0.221339363
5.987561000	-7.294437885	-0.222326846
5.987562000	-7.293868065	-0.222381907
5.987563000	-7.286528111	-0.222453729
5.987564000	-7.289109230	-0.222298900
5.987565000	-7.286483288	-0.223046416
5.987566000	-7.289755821	-0.223184534
5.987567000	-7.289253235	-0.223260467
5.987568000	-7.285440922	-0.223442028
5.987569000	-7.283992767	-0.223300665
5.987570000	-7.285237312	-0.223797910
5.987571000	-7.285388470	-0.224040124
5.987572000	-7.284847736	-0.223309852
5.987573000	-7.286139011	-0.223902489
5.987574000	-7.279936314	-0.224136514
5.987575000	-7.278283119	-0.223791385
5.987576000	-7.278787136	-0.224059466
5.987577000	-7.288129330	-0.224935363
5.987578000	-7.281748772	-0.224202128
5.987579000	-7.277306080	-0.224812092
5.987580000	-7.281594753	-0.224441446
5.987581000	-7.276856422	-0.225161399
5.987582000	-7.285016060	-0.224882715
5.987583000	-7.279912472	-0.225027092
5.987584000	-7.280761242	-0.225653867
5.987585000	-7.280768871	-0.225112014
5.987586000	-7.278188705	-0.225620627
5.987587000	-7.278310299	-0.226294857
5.987588000	-7.280716419	-0.226361003
5.987589000	-7.279272556	-0.226171286
5.987590000	-7.282282829	-0.225750456
5.987591000	-7.278749943	-0.226836826
5.987592000	-7.274507999	-0.226660076
5.987593000	-7.270380974	-0.226541265
5.987594000	-7.274065495	-0.226753603
5.987595000	-7.276998520	-0.226899910
5.987596000	-7.274550915	-0.227518646
5.987597000	-7.277050018	-0.226884996
5.987598000	-7.273972034	-0.227496308
5.987599000	-7.281885147	-0.227197785
5.987600000	-7.274955273	-0.227210967
5.987601000	-7.269100189	-0.227992172
5.987602000	-7.270998955	-0.228418361
5.987603000	-7.275776386	-0.227994935
5.987604000	-7.265292645	-0.227627203
5.987605000	-7.273649216	-0.228509059
5.987606000	-7.272456646	-0.228247669
5.987607000	-7.272634506	-0.228557528
5.987608000	-7.269389629	-0.228170621
5.987609000	-7.266023636	-0.228853955
5.987610000	-7.269119740	-0.228626188
5.987611000	-7.267292976	-0.228672527
5.987612000	-7.269137859	-0.229459907
5.987613000	-7.272714615	-0.229489119
5.987614000	-7.272764206	-0.229382243
5.987615000	-7.266072273	-0.229706765
5.987616000	-7.270098209	-0.229618565
5.987617000	-7.264799595	-0.229754319
5.987618000	-7.266972065	-0.230213215
5.987619000	-7.263236046	-0.229684095
5.987620000	-7.263656139	-0.229764889
5.987621000	-7.258337498	-0.230410256
5.987622000	-7.260820389	-0.230865973
5.987623000	-7.261273861	-0.230148168
5.987624000	-7.264051914	-0.230704735
5.987625000	-7.260139942	-0.230723078
5.987626000	-7.257033348	-0.231072052
5.987627000	-7.262928486	-0.231569497
5.987628000	-7.265558720	-0.231407976
5.987629000	-7.266369343	-0.231040393
5.987630000	-7.267849445	-0.231352982
5.987631000	-7.264489174	-0.231690571
5.987632000	-7.258328915	-0.231926111
5.987633000	-7.261106491	-0.231581714
5.987634000	-7.257608891	-0.231808832
5.987635000	-7.260246754	-0.231969054
5.987636000	-7.255380154	-0.232466050
5.987637000	-7.257331371	-0.232908601
5.987638000	-7.255133629	-0.232465667
5.987639000	-7.260553837	-0.232736727
5.987640000	-7.263526440	-0.233250068
5.987641000	-7.256359100	-0.232888594
5.987642000	-7.256453991	-0.232550173
5.987643000	-7.258235931	-0.233167693
5.987644000	-7.251954556	-0.233168825
5.987645000	-7.254146576	-0.233026362
5.987646000	-7.256659031	-0.233446909
5.987647000	-7.256590843	-0.233902343
5.987648000	-7.253235340	-0.233603885
5.987649000	-7.255136490	-0.233295225
5.987650000	-7.251144409	-0.233887296
5.987651000	-7.251791000	-0.233960083
5.987652000	-7.253954411	-0.234456779
5.987653000	-7.254243374	-0.234692386
5.987654000	-7.255494595	-0.235163183
5.987655000	-7.254155636	-0.234513405
5.987656000	-7.252286434	-0.234819452
5.987657000	-7.253038406	-0.234357044
5.987658000	-7.253805637	-0.234954591
5.987659000	-7.249912262	-0.235441700
5.987660000	-7.254059792	-0.235161585
5.987661000	-7.242170811	-0.235287669
5.987662000	-7.247565269	-0.235060518
5.987663000	-7.245108128	-0.235983919
5.987664000	-7.247540951	-0.235378316
5.987665000	-7.250649452	-0.235461856
5.987666000	-7.254832268	-0.235810031
5.987667000	-7.248655319	-0.235952344
5.987668000	-7.243687630	-0.235298954
5.987669000	-7.243421078	-0.236545663
5.987670000	-7.240647793	-0.235674643
5.987671000	-7.246049881	-0.236612092
5.987672000	-7.242146015	-0.236943772
5.987673000	-7.237695217	-0.237573460
5.987674000	-7.245715141	-0.236553553
5.987675000	-7.237081528	-0.237644716
5.987676000	-7.241251469	-0.237023351
5.987677000	-7.238068581	-0.237042775
5.987678000	-7.242758274	-0.237606883
5.987679000	-7.235792637	-0.237328200
5.987680000	-7.240167141	-0.236970637
5.987681000	-7.243065357	-0.237122537
5.987682000	-7.243634224	-0.237788228
5.987683000	-7.242142677	-0.236783217
5.987684000	-7.241312027	-0.237441451
5.987685000	-7.245605946	-0.238599277
5.987686000	-7.238142490	-0.237581899
5.987687000	-7.242328644	-0.237837712
5.987688000	-7.239041328	-0.237860016
5.987689000	-7.246595383	-0.238510410
5.987690000	-7.241353035	-0.238293862
5.987691000	-7.234859467	-0.238726925
5.987692000	-7.238154888	-0.238547112
5.987693000	-7.238850594	-0.239198571
5.987694000	-7.238656521	-0.238190232
5.987695000	-7.230950356	-0.238857637
5.987696000	-7.241455555	-0.239291083
5.987697000	-7.231918335	-0.239110637
5.987698000	-7.237506390	-0.239580868
5.987699000	-7.234652996	-0.240029610
5.987700000	-7.237835884	-0.239878526
5.987701000	-7.240016937	-0.239822233
5.987702000	-7.235759258	-0.239145541
5.987703000	-7.231094837	-0.239911449
5.987704000	-7.229313374	-0.239443316
5.987705000	-7.231660843	-0.240161054
5.987706000	-7.231699944	-0.240069791
5.987707000	-7.233386040	-0.240594600
5.987708000	-7.233352184	-0.239688659
5.987709000	-7.233904839	-0.240516403
5.987710000	-7.232342720	-0.240597996
5.987711000	-7.231175900	-0.240859235
5.987712000	-7.230351448	-0.240561660
5.987713000	-7.234570026	-0.240704589
5.987714000	-7.228958130	-0.241346793
5.987715000	-7.229103088	-0.240734616
5.987716000	-7.232461452	-0.241388405
5.987717000	-7.228676796	-0.240997187
5.987718000	-7.225595951	-0.241544417
5.987719000	-7.233078957	-0.241686013
5.987720000	-7.228117943	-0.241921037
5.987721000	-7.230509281	-0.242249438
5.987722000	-7.227177620	-0.241171907
5.987723000	-7.229577065	-0.241887182
5.987724000	-7.222907543	-0.241734084
5.987725000	-7.226309299	-0.242436742
5.987726000	-7.222893238	-0.242736364
5.987727000	-7.226233006	-0.242468201
5.987728000	-7.216721058	-0.242862548
5.987729000	-7.226269245	-0.243055411
5.987730000	-7.221143246	-0.242550309
5.987731000	-7.228451252	-0.242385343
5.987732000	-7.221380711	-0.242732569
5.987733000	-7.227159977	-0.243150003
5.987734000	-7.219876766	-0.242961784
5.987735000	-7.221207619	-0.243321095
5.987736000	-7.220062256	-0.243712812
5.987737000	-7.225529194	-0.243630837
5.987738000	-7.224771023	-0.243197690
5.987739000	-7.225307941	-0.243453770
5.987740000	-7.221296310	-0.244048371
5.987741000	-7.218155861	-0.243704323
5.987742000	-7.223058224	-0.243838896
5.987743000	-7.221733570	-0.243806439
5.987744000	-7.220895767	-0.243418749
5.987745000	-7.220682621	-0.243935686
5.987746000	-7.223192215	-0.243696001
5.987747000	-7.224262238	-0.244389122
5.987748000	-7.219818115	-0.244510213
5.987749000	-7.217178345	-0.243980909
5.987750000	-7.219397545	-0.245090898
5.987751000	-7.217362404	-0.244632402
5.987752000	-7.221569061	-0.244533049
5.987753000	-7.219676971	-0.245351888
5.987754000	-7.218338966	-0.245207811
5.987755000	-7.222151756	-0.245290519
5.987756000	-7.216382027	-0.244594452
5.987757000	-7.215926647	-0.244406199
5.987758000	-7.216727734	-0.245102816
5.987759000	-7.217471123	-0.245759202
5.987760000	-7.217139244	-0.245593470
5.987761000	-7.222633362	-0.246008390
5.987762000	-7.215099812	-0.245937351
5.987763000	-7.218016148	-0.246103499
5.987764000	-7.217754364	-0.246275872
5.987765000	-7.215935707	-0.246430035
5.987766000	-7.216238022	-0.246443934
