D:\KID metingen\Entropy ADR\LT343chip5_BF_20240530_mapping\S21\Power\KID76_104dBm_.dat
Power at KID:104dBm
resonance Frequency in GHz :5.991266
Q=33470.759775, Qc=36563.210563, Qi=395737.400958  S21min=-21.454831


Temperature in K:0.100021
GHz	dB	Rad
5.990375000	0.991930604	0.084826283
5.990376000	1.025115728	0.082425194
5.990377000	1.014691591	0.084719673
5.990378000	1.007680178	0.087023990
5.990379000	1.007681847	0.084829454
5.990380000	1.024722457	0.082372604
5.990381000	1.015148401	0.086613838
5.990382000	1.000469923	0.086294592
5.990383000	0.997745097	0.086920659
5.990384000	0.992535830	0.082100296
5.990385000	1.024745226	0.084569196
5.990386000	1.006361961	0.083273660
5.990387000	1.012440324	0.084307915
5.990388000	1.011090994	0.084933184
5.990389000	1.040487051	0.080981477
5.990390000	1.020645499	0.081984673
5.990391000	1.013160229	0.083041807
5.990392000	0.996185243	0.083351508
5.990393000	1.016895413	0.081778878
5.990394000	1.017926693	0.081089327
5.990395000	1.006191969	0.083555672
5.990396000	1.021772146	0.084916190
5.990397000	0.999140143	0.083271088
5.990398000	1.001647234	0.080977025
5.990399000	1.014781475	0.082340064
5.990400000	1.038668156	0.081641109
5.990401000	1.002222061	0.083282998
5.990402000	1.027214527	0.079309220
5.990403000	1.006804466	0.081069936
5.990404000	1.028922915	0.084229727
5.990405000	1.040613294	0.081588437
5.990406000	0.999121547	0.080367860
5.990407000	1.027877331	0.080437643
5.990408000	1.005482435	0.080458166
5.990409000	1.010664463	0.082466955
5.990410000	1.027650714	0.079666217
5.990411000	1.018076897	0.080848927
5.990412000	1.021084309	0.081380619
5.990413000	1.006580353	0.081459415
5.990414000	0.996231616	0.081625546
5.990415000	1.009786844	0.078003539
5.990416000	0.987931132	0.081531012
5.990417000	1.049487233	0.081951567
5.990418000	0.995096624	0.085001611
5.990419000	1.030516744	0.081528574
5.990420000	1.022709846	0.078699514
5.990421000	1.018901587	0.079361843
5.990422000	1.028195381	0.081137930
5.990423000	0.993110061	0.078733761
5.990424000	1.022831559	0.081089327
5.990425000	1.026181340	0.079905269
5.990426000	1.006908655	0.079674464
5.990427000	1.004558921	0.081802472
5.990428000	1.030299664	0.081900509
5.990429000	1.002358198	0.082071401
5.990430000	1.016992331	0.077393226
5.990431000	1.001956344	0.082172268
5.990432000	1.014016509	0.083927291
5.990433000	1.005846977	0.076423119
5.990434000	0.995576918	0.079835852
5.990435000	0.996005416	0.078853720
5.990436000	1.014153838	0.077303827
5.990437000	1.016449809	0.077427148
5.990438000	1.025525331	0.080038177
5.990439000	1.028817296	0.078923187
5.990440000	0.999723673	0.078816768
5.990441000	1.031976342	0.078974910
5.990442000	1.025573134	0.078584574
5.990443000	1.024207950	0.077815586
5.990444000	1.046552896	0.079150737
5.990445000	1.020189404	0.076148514
5.990446000	1.022137880	0.074450166
5.990447000	1.015128016	0.076694695
5.990448000	1.007830024	0.077781023
5.990449000	1.023357153	0.075668313
5.990450000	1.033335090	0.079065125
5.990451000	1.032153368	0.075833121
5.990452000	1.018834114	0.077105987
5.990453000	1.037485600	0.076743165
5.990454000	1.015875220	0.074988108
5.990455000	1.026444077	0.077430210
5.990456000	1.020304084	0.078969742
5.990457000	1.018141389	0.074067695
5.990458000	1.017729282	0.076403362
5.990459000	1.021374941	0.076966129
5.990460000	1.028492570	0.076836725
5.990461000	1.034504533	0.075230406
5.990462000	1.004248857	0.078896863
5.990463000	1.004058480	0.076145193
5.990464000	1.012366891	0.073329749
5.990465000	1.022949100	0.074287397
5.990466000	1.004798055	0.076625836
5.990467000	1.027109146	0.075886351
5.990468000	1.017416835	0.073276020
5.990469000	1.001983285	0.074213253
5.990470000	1.017125010	0.071700552
5.990471000	1.033977747	0.074626068
5.990472000	1.014394999	0.074044509
5.990473000	1.037340522	0.071954501
5.990474000	1.023997426	0.072341825
5.990475000	1.046031356	0.074609348
5.990476000	1.036519289	0.074275596
5.990477000	1.037444949	0.075147865
5.990478000	1.041220665	0.074510653
5.990479000	1.005299807	0.075370696
5.990480000	1.019227147	0.074713511
5.990481000	1.015741944	0.074193704
5.990482000	0.989313424	0.074614458
5.990483000	1.016423702	0.070994790
5.990484000	1.051616907	0.071023435
5.990485000	1.017657161	0.071810441
5.990486000	0.993053377	0.073954460
5.990487000	1.016725421	0.075733835
5.990488000	1.008618951	0.072924000
5.990489000	1.013203382	0.073286681
5.990490000	1.042015791	0.072571215
5.990491000	1.014158607	0.070468582
5.990492000	1.008926988	0.071434885
5.990493000	1.004933476	0.073101308
5.990494000	1.040166855	0.075265185
5.990495000	1.038455844	0.072944823
5.990496000	0.997730911	0.070065471
5.990497000	1.007694364	0.071068726
5.990498000	0.998438418	0.071071564
5.990499000	1.020715594	0.070140905
5.990500000	1.001342058	0.072400315
5.990501000	1.013130903	0.070018691
5.990502000	1.037035704	0.070581900
5.990503000	1.025369048	0.072376579
5.990504000	1.033900023	0.069401108
5.990505000	1.025653720	0.071303001
5.990506000	0.998278558	0.072737471
5.990507000	1.047901034	0.069575520
5.990508000	0.995803118	0.067376473
5.990509000	1.044923902	0.072519899
5.990510000	1.012325287	0.068021641
5.990511000	1.015660763	0.068988160
5.990512000	1.018223047	0.070730937
5.990513000	1.028268099	0.068673441
5.990514000	1.011350155	0.070581176
5.990515000	1.013109207	0.072437216
5.990516000	1.033581018	0.066581062
5.990517000	1.019399524	0.071404842
5.990518000	1.008200645	0.070106634
5.990519000	1.042078972	0.066972755
5.990520000	1.015381813	0.069489392
5.990521000	1.025022388	0.069437148
5.990522000	1.021758676	0.068487257
5.990523000	1.014905095	0.071261247
5.990524000	1.020247102	0.068044186
5.990525000	1.028105497	0.067125999
5.990526000	1.032390714	0.067157978
5.990527000	1.006484151	0.067345439
5.990528000	1.042647719	0.066315524
5.990529000	1.054679871	0.064901069
5.990530000	1.004391313	0.068380514
5.990531000	1.017617702	0.068970679
5.990532000	1.042840362	0.065996036
5.990533000	1.014862180	0.064223723
5.990534000	1.022643805	0.067242183
5.990535000	1.017770886	0.065937780
5.990536000	1.026940584	0.067317559
5.990537000	1.027405500	0.066950047
5.990538000	1.048314571	0.066497655
5.990539000	1.003625393	0.064499036
5.990540000	1.026006103	0.067012398
5.990541000	1.035204053	0.065469334
5.990542000	1.016733766	0.065756256
5.990543000	1.017718315	0.064254029
5.990544000	1.014143229	0.065994622
5.990545000	1.027893424	0.063169578
5.990546000	1.015316367	0.064969667
5.990547000	1.027274370	0.065371691
5.990548000	0.995498896	0.065827550
5.990549000	1.046880126	0.065230011
5.990550000	1.041057825	0.063859844
5.990551000	1.043578863	0.063698298
5.990552000	1.039106965	0.065671630
5.990553000	1.034085035	0.063622178
5.990554000	1.047109485	0.064912009
5.990555000	1.043858409	0.061116747
5.990556000	1.041448951	0.063377679
5.990557000	1.013491511	0.061614283
5.990558000	1.039834380	0.060838326
5.990559000	1.019278526	0.062191515
5.990560000	1.019494414	0.063345908
5.990561000	1.065349936	0.061498124
5.990562000	1.028529763	0.061427001
5.990563000	1.032896996	0.059284737
5.990564000	1.027421355	0.063218051
5.990565000	1.026863694	0.061060550
5.990566000	1.025906563	0.061832604
5.990567000	1.050820827	0.062497670
5.990568000	1.023806810	0.061102249
5.990569000	1.045562744	0.063449613
5.990570000	1.032048583	0.059642396
5.990571000	1.027896523	0.058507460
5.990572000	1.029217124	0.061652317
5.990573000	1.026664019	0.059031367
5.990574000	1.007140756	0.058943108
5.990575000	1.036705613	0.061575039
5.990576000	1.037024856	0.060500945
5.990577000	1.057186365	0.057737387
5.990578000	1.060450077	0.061462071
5.990579000	1.043244123	0.060433130
5.990580000	1.041483283	0.060983992
5.990581000	1.036751151	0.059883245
5.990582000	1.018541217	0.060438518
5.990583000	1.028343678	0.059426155
5.990584000	1.042781234	0.059967081
5.990585000	1.014886975	0.058500249
5.990586000	1.025372148	0.056129037
5.990587000	1.023462057	0.059717576
5.990588000	1.023312807	0.057259861
5.990589000	1.045337439	0.056068296
5.990590000	1.047646761	0.058693603
5.990591000	1.045599103	0.059890473
5.990592000	1.014319062	0.057579702
5.990593000	1.058093548	0.058493225
5.990594000	1.034128070	0.055551876
5.990595000	1.054016471	0.057930624
5.990596000	1.055864811	0.055836534
5.990597000	1.028913856	0.057244444
5.990598000	1.046128511	0.060319013
5.990599000	1.017303586	0.055953139
5.990600000	1.020559430	0.055414598
5.990601000	1.043295383	0.058598378
5.990602000	1.034554005	0.055224369
5.990603000	1.034788728	0.054966900
5.990604000	1.054130793	0.053262885
5.990605000	1.061653018	0.055668044
5.990606000	1.045343518	0.056471707
5.990607000	1.042026877	0.056821983
5.990608000	1.033453703	0.053309894
5.990609000	1.035547018	0.054219954
5.990610000	1.051270366	0.051548924
5.990611000	1.052479386	0.052521819
5.990612000	1.053718448	0.056397679
5.990613000	1.070055842	0.055502062
5.990614000	1.043389916	0.055904250
5.990615000	1.039856076	0.054848181
5.990616000	1.047157049	0.053850520
5.990617000	1.064467788	0.052747601
5.990618000	1.040532231	0.054156912
5.990619000	1.025537968	0.053322540
5.990620000	1.034276247	0.051168629
5.990621000	1.042153835	0.051620959
5.990622000	1.033609867	0.048458883
5.990623000	1.059069276	0.054894508
5.990624000	1.037549973	0.051483198
5.990625000	1.038454175	0.050908118
5.990626000	1.034214616	0.050888710
5.990627000	1.042560697	0.053130463
5.990628000	1.029691577	0.049388834
5.990629000	1.034407496	0.050050763
5.990630000	1.067721367	0.052419878
5.990631000	1.034771681	0.048797213
5.990632000	1.066145658	0.053944579
5.990633000	1.037879229	0.051016205
5.990634000	1.067296386	0.051527973
5.990635000	1.048403740	0.051300135
5.990636000	1.041572332	0.049758606
5.990637000	1.034510016	0.052146188
5.990638000	1.045551181	0.048083527
5.990639000	1.060714602	0.047843681
5.990640000	1.064990759	0.046906252
5.990641000	1.028827906	0.047819854
5.990642000	1.062010288	0.050566047
5.990643000	1.042614579	0.050456379
5.990644000	1.030674934	0.049834943
5.990645000	1.031225681	0.049451344
5.990646000	1.042010546	0.048084310
5.990647000	1.070496440	0.046620387
5.990648000	1.032621503	0.047416418
5.990649000	1.041457534	0.046504310
5.990650000	1.050083041	0.048864279
5.990651000	1.050109863	0.047118539
5.990652000	1.038199782	0.047578247
5.990653000	1.024964571	0.046610987
5.990654000	1.046821952	0.045709219
5.990655000	1.052154660	0.044580206
5.990656000	1.041906834	0.047019216
5.990657000	1.040213585	0.045890885
5.990658000	1.066139221	0.043525094
5.990659000	1.044894338	0.046366987
5.990660000	1.030612707	0.044870657
5.990661000	1.039109349	0.042389360
5.990662000	1.046847582	0.044920512
5.990663000	1.051675320	0.046389628
5.990664000	1.057760119	0.044864993
5.990665000	1.042944312	0.045507094
5.990666000	1.040297627	0.043154532
5.990667000	1.043676019	0.043194101
5.990668000	1.052816987	0.043428879
5.990669000	1.051024914	0.043872300
5.990670000	1.067622423	0.043275049
5.990671000	1.039326549	0.039642817
5.990672000	1.039307356	0.040225950
5.990673000	1.047252178	0.040511965
5.990674000	1.065887094	0.041925255
5.990675000	1.049892664	0.039215459
5.990676000	1.034825921	0.041661015
5.990677000	1.046659350	0.042335627
5.990678000	1.059324145	0.041576593
5.990679000	1.072824001	0.039415791
5.990680000	1.084377646	0.039803023
5.990681000	1.052585125	0.038406149
5.990682000	1.054705501	0.039093353
5.990683000	1.046343088	0.041472055
5.990684000	1.044229388	0.038827129
5.990685000	1.059391737	0.039522110
5.990686000	1.076693296	0.039020262
5.990687000	1.036134005	0.038599237
5.990688000	1.065780997	0.037915283
5.990689000	1.052961469	0.038859923
5.990690000	1.058531284	0.038461019
5.990691000	1.040804267	0.038115082
5.990692000	1.054459095	0.039323862
5.990693000	1.064421535	0.036891339
5.990694000	1.055434942	0.038022230
5.990695000	1.058566093	0.038758656
5.990696000	1.047795892	0.037498423
5.990697000	1.073516011	0.036652566
5.990698000	1.061306000	0.036010295
5.990699000	1.068052530	0.035481116
5.990700000	1.032684803	0.035843989
5.990701000	1.061343670	0.034745974
5.990702000	1.058013439	0.038300097
5.990703000	1.060616136	0.035152386
5.990704000	1.076606154	0.038190229
5.990705000	1.067884803	0.038376222
5.990706000	1.038270950	0.035856218
5.990707000	1.044732213	0.035173047
5.990708000	1.051673293	0.033171979
5.990709000	1.063083410	0.035248073
5.990710000	1.074970007	0.032628931
5.990711000	1.067308903	0.034570066
5.990712000	1.072984457	0.030572374
5.990713000	1.061791539	0.033595619
5.990714000	1.053165913	0.032078845
5.990715000	1.058183789	0.031750225
5.990716000	1.069880724	0.032372560
5.990717000	1.068595529	0.030725073
5.990718000	1.049879789	0.032891005
5.990719000	1.059367299	0.031665501
5.990720000	1.074274421	0.030792001
5.990721000	1.092124581	0.032294053
5.990722000	1.063935399	0.030799901
5.990723000	1.053506613	0.031485010
5.990724000	1.059223771	0.033126551
5.990725000	1.054073453	0.029255303
5.990726000	1.050107598	0.028044131
5.990727000	1.055311203	0.029710521
5.990728000	1.066366911	0.030245344
5.990729000	1.069936752	0.029097808
5.990730000	1.083884239	0.025668934
5.990731000	1.079972744	0.029503187
5.990732000	1.060607672	0.027528672
5.990733000	1.088985801	0.026785710
5.990734000	1.058688760	0.027154456
5.990735000	1.070360661	0.026516392
5.990736000	1.068718791	0.025852474
5.990737000	1.083570361	0.027396802
5.990738000	1.060044646	0.027021429
5.990739000	1.041131377	0.024784078
5.990740000	1.089156747	0.025099611
5.990741000	1.062072396	0.025123259
5.990742000	1.053891897	0.024355018
5.990743000	1.080576420	0.025086801
5.990744000	1.069296598	0.025929425
5.990745000	1.063696146	0.025447499
5.990746000	1.050093174	0.023327672
5.990747000	1.037831306	0.023095430
5.990748000	1.064199209	0.022306897
5.990749000	1.063369632	0.019693402
5.990750000	1.065589070	0.023895785
5.990751000	1.069895744	0.024014219
5.990752000	1.059646368	0.022628514
5.990753000	1.074669957	0.018971638
5.990754000	1.045074701	0.025219470
5.990755000	1.080333471	0.022584053
5.990756000	1.045659661	0.022996425
5.990757000	1.087414503	0.021601216
5.990758000	1.101389408	0.022437407
5.990759000	1.073558450	0.020226157
5.990760000	1.043779373	0.017676022
5.990761000	1.075253010	0.021006274
5.990762000	1.060423851	0.020690171
5.990763000	1.084868193	0.021340990
5.990764000	1.065372348	0.021287978
5.990765000	1.078914881	0.018257831
5.990766000	1.050005078	0.020033696
5.990767000	1.083341479	0.019635129
5.990768000	1.036416054	0.020266061
5.990769000	1.044991732	0.018033146
5.990770000	1.071810246	0.016981362
5.990771000	1.074815273	0.017748269
5.990772000	1.072036743	0.018263659
5.990773000	1.074408054	0.013655364
5.990774000	1.040998816	0.014858897
5.990775000	1.047553897	0.017423924
5.990776000	1.045308113	0.015337639
5.990777000	1.093430996	0.017464072
5.990778000	1.079529643	0.015026664
5.990779000	1.077153444	0.014462925
5.990780000	1.057513952	0.013091266
5.990781000	1.085337400	0.013117468
5.990782000	1.058314323	0.015098217
5.990783000	1.082285881	0.014580392
5.990784000	1.075729847	0.014563535
5.990785000	1.073248625	0.010968726
5.990786000	1.073933840	0.010733628
5.990787000	1.096084952	0.016280957
5.990788000	1.085512519	0.012707433
5.990789000	1.093533397	0.012225602
5.990790000	1.066663861	0.012890212
5.990791000	1.073763967	0.008515756
5.990792000	1.060881376	0.007913911
5.990793000	1.065585613	0.012121071
5.990794000	1.089850068	0.012477323
5.990795000	1.071796775	0.008347337
5.990796000	1.087290287	0.011412218
5.990797000	1.064445972	0.011149976
5.990798000	1.080733776	0.008804945
5.990799000	1.070611000	0.007502366
5.990800000	1.072567582	0.005290977
5.990801000	1.079579592	0.007732510
5.990802000	1.074362159	0.005913068
5.990803000	1.078882694	0.008509263
5.990804000	1.075217009	0.006263734
5.990805000	1.042723417	0.005832033
5.990806000	1.068691492	0.005573284
5.990807000	1.057325363	0.003119249
5.990808000	1.084030509	0.006721966
5.990809000	1.077400804	0.005557060
5.990810000	1.089283586	0.006662627
5.990811000	1.078649879	0.004163702
5.990812000	1.090191603	0.005069671
5.990813000	1.050294876	0.005503968
5.990814000	1.067283034	0.002798727
5.990815000	1.048528671	0.003302473
5.990816000	1.058382630	0.003096010
5.990817000	1.074505210	0.004361420
5.990818000	1.064023972	0.001357642
5.990819000	1.041960120	0.006922313
5.990820000	1.071894765	0.001631172
5.990821000	1.081805110	0.002678841
5.990822000	1.073898554	0.001060939
5.990823000	1.068141937	0.000493637
5.990824000	1.086066484	0.001978410
5.990825000	1.052259684	0.003652046
5.990826000	1.063830256	-0.000220716
5.990827000	1.072185874	-0.001190053
5.990828000	1.057437062	-0.001021468
5.990829000	1.036843061	-0.001753501
5.990830000	1.068724275	-0.002682851
5.990831000	1.066726565	-0.000963899
5.990832000	1.097641230	-0.002320228
5.990833000	1.107040167	-0.001458186
5.990834000	1.055707693	-0.002745404
5.990835000	1.064487696	-0.005336399
5.990836000	1.086405039	-0.003405321
5.990837000	1.084732652	-0.006804542
5.990838000	1.063263655	-0.004900505
5.990839000	1.067178845	-0.003055860
5.990840000	1.061622739	-0.009046135
5.990841000	1.093134761	-0.006929477
5.990842000	1.088441133	-0.009474712
5.990843000	1.055612922	-0.006852261
5.990844000	1.090835333	-0.006615087
5.990845000	1.073421717	-0.007587494
5.990846000	1.069688797	-0.005043025
5.990847000	1.068384051	-0.009303241
5.990848000	1.095634937	-0.009993176
5.990849000	1.063067794	-0.008811563
5.990850000	1.087921858	-0.008234841
5.990851000	1.068753004	-0.010415063
5.990852000	1.086267591	-0.011709829
5.990853000	1.080775380	-0.009741197
5.990854000	1.097696304	-0.010981502
5.990855000	1.075990081	-0.012215445
5.990856000	1.072974086	-0.013563101
5.990857000	1.084027052	-0.016742103
5.990858000	1.056468129	-0.014340999
5.990859000	1.069995522	-0.014566806
5.990860000	1.076575398	-0.015564629
5.990861000	1.086205721	-0.014301093
5.990862000	1.083334327	-0.015013375
5.990863000	1.097396493	-0.016176303
5.990864000	1.091060638	-0.013050097
5.990865000	1.064545155	-0.017678473
5.990866000	1.083582640	-0.014649659
5.990867000	1.088937879	-0.016867437
5.990868000	1.093621135	-0.016034809
5.990869000	1.091648579	-0.018161194
5.990870000	1.073444009	-0.016769136
5.990871000	1.075896859	-0.019748265
5.990872000	1.069723964	-0.018111353
5.990873000	1.065529108	-0.019933218
5.990874000	1.096130013	-0.020800239
5.990875000	1.084058166	-0.020724709
5.990876000	1.092637897	-0.020827112
5.990877000	1.056188226	-0.021506959
5.990878000	1.083514929	-0.025343178
5.990879000	1.084222317	-0.021500492
5.990880000	1.091419101	-0.026002560
5.990881000	1.067559242	-0.024748059
5.990882000	1.076226115	-0.022546861
5.990883000	1.083701372	-0.027139395
5.990884000	1.112163901	-0.026627133
5.990885000	1.081222534	-0.024347468
5.990886000	1.078507781	-0.026233252
5.990887000	1.084640741	-0.024714002
5.990888000	1.089716077	-0.026724073
5.990889000	1.088244200	-0.028610331
5.990890000	1.041834354	-0.028949345
5.990891000	1.075461388	-0.029807360
5.990892000	1.058980942	-0.030475229
5.990893000	1.089741826	-0.030551243
5.990894000	1.078947425	-0.026733040
5.990895000	1.067349315	-0.033375253
5.990896000	1.092078805	-0.032336087
5.990897000	1.069177151	-0.029496045
5.990898000	1.055569887	-0.030949916
5.990899000	1.076602578	-0.037950075
5.990900000	1.085046172	-0.031679639
5.990901000	1.067145228	-0.031275471
5.990902000	1.076753736	-0.034284219
5.990903000	1.056940198	-0.034476624
5.990904000	1.082075715	-0.035188951
5.990905000	1.076188564	-0.036667355
5.990906000	1.090163469	-0.034704008
5.990907000	1.074662566	-0.034405501
5.990908000	1.051325440	-0.039003288
5.990909000	1.096058130	-0.039062573
5.990910000	1.083608985	-0.038713495
5.990911000	1.044618964	-0.036745219
5.990912000	1.074155211	-0.040365691
5.990913000	1.069358110	-0.041203055
5.990914000	1.088717580	-0.039705630
5.990915000	1.082920790	-0.040420631
5.990916000	1.074955821	-0.042023821
5.990917000	1.068958044	-0.041352217
5.990918000	1.088838339	-0.040359898
5.990919000	1.052935243	-0.042892365
5.990920000	1.083320975	-0.041620060
5.990921000	1.081508994	-0.043954059
5.990922000	1.093154430	-0.041764346
5.990923000	1.068483233	-0.046369384
5.990924000	1.077874303	-0.046781845
5.990925000	1.064303279	-0.049723764
5.990926000	1.069916129	-0.047650839
5.990927000	1.049762726	-0.045848099
5.990928000	1.074093342	-0.045829016
5.990929000	1.075639963	-0.046098815
5.990930000	1.042067885	-0.052005839
5.990931000	1.077761292	-0.049502763
5.990932000	1.053351879	-0.052243502
5.990933000	1.071361780	-0.053997018
5.990934000	1.063128471	-0.051262185
5.990935000	1.094379306	-0.054664024
5.990936000	1.074851394	-0.054055150
5.990937000	1.081896067	-0.055543774
5.990938000	1.070768237	-0.054367872
5.990939000	1.070584178	-0.057782789
5.990940000	1.067733288	-0.054584312
5.990941000	1.050220490	-0.058188705
5.990942000	1.065797806	-0.057682783
5.990943000	1.086916804	-0.060261002
5.990944000	1.073026299	-0.060049580
5.990945000	1.084227085	-0.059481661
5.990946000	1.048176646	-0.060388247
5.990947000	1.087406993	-0.060478220
5.990948000	1.060930610	-0.057448325
5.990949000	1.073542714	-0.061835147
5.990950000	1.062564850	-0.062904106
5.990951000	1.084696293	-0.063170106
5.990952000	1.089303017	-0.064317721
5.990953000	1.053432822	-0.064997272
5.990954000	1.085666060	-0.067162185
5.990955000	1.053361654	-0.067430290
5.990956000	1.076126814	-0.067138611
5.990957000	1.053277373	-0.066431322
5.990958000	1.055153728	-0.067740894
5.990959000	1.054512024	-0.066520787
5.990960000	1.089506149	-0.070953694
5.990961000	1.075028777	-0.073832196
5.990962000	1.056654096	-0.070648496
5.990963000	1.073462248	-0.071035187
5.990964000	1.063055634	-0.076935486
5.990965000	1.059608698	-0.073891377
5.990966000	1.069286466	-0.073990180
5.990967000	1.048209667	-0.075723265
5.990968000	1.078651071	-0.074884103
5.990969000	1.052812099	-0.074881141
5.990970000	1.075567842	-0.076939007
5.990971000	1.065167665	-0.075350614
5.990972000	1.061553717	-0.079457592
5.990973000	1.064783573	-0.079580272
5.990974000	1.078079700	-0.079338623
5.990975000	1.077138186	-0.079919650
5.990976000	1.074102163	-0.080176379
5.990977000	1.052147150	-0.079523155
5.990978000	1.069781303	-0.079594170
5.990979000	1.054081798	-0.083456819
5.990980000	1.059941888	-0.085697203
5.990981000	1.048329115	-0.086781692
5.990982000	1.050267220	-0.089402842
5.990983000	1.085348845	-0.088130592
5.990984000	1.062207818	-0.089442016
5.990985000	1.040753484	-0.088200933
5.990986000	1.037912369	-0.088565686
5.990987000	1.056147099	-0.091168535
5.990988000	1.051665425	-0.090573385
5.990989000	1.067955732	-0.091986083
5.990990000	1.049490690	-0.092119907
5.990991000	1.051089644	-0.095770610
5.990992000	1.060210943	-0.097504861
5.990993000	1.061423302	-0.094056117
5.990994000	1.052283645	-0.097876297
5.990995000	1.057246208	-0.098177900
5.990996000	1.061203599	-0.100916495
5.990997000	1.063056469	-0.097372194
5.990998000	1.073089004	-0.101047314
5.990999000	1.066206455	-0.101850216
5.991000000	1.028735995	-0.102865246
5.991001000	1.059067845	-0.103433165
5.991002000	1.037356734	-0.105404121
5.991003000	1.031058788	-0.104477832
5.991004000	1.027001381	-0.103852106
5.991005000	1.036183119	-0.103416313
5.991006000	1.038654923	-0.105363017
5.991007000	1.062574625	-0.107017705
5.991008000	1.029427886	-0.111772447
5.991009000	1.048505664	-0.113058321
5.991010000	1.037346721	-0.112251607
5.991011000	1.015338898	-0.111449621
5.991012000	1.012670517	-0.114215880
5.991013000	1.043790579	-0.115015095
5.991014000	1.002851367	-0.120822068
5.991015000	1.003092527	-0.122165857
5.991016000	1.035615683	-0.120702883
5.991017000	1.049142718	-0.120244486
5.991018000	1.039022207	-0.119103455
5.991019000	1.026028156	-0.119830281
5.991020000	1.038761973	-0.116729696
5.991021000	1.009910464	-0.120954202
5.991022000	1.007015109	-0.122854193
5.991023000	1.023488283	-0.123921946
5.991024000	1.020078182	-0.125800390
5.991025000	1.030155659	-0.128416421
5.991026000	1.040382624	-0.128761550
5.991027000	1.046449184	-0.127946822
5.991028000	1.015182614	-0.132406627
5.991029000	1.003390551	-0.131304952
5.991030000	1.015469313	-0.135693833
5.991031000	1.015565276	-0.133826375
5.991032000	1.013226271	-0.136017191
5.991033000	1.007148623	-0.139219542
5.991034000	1.020312190	-0.141508862
5.991035000	1.027559280	-0.145410643
5.991036000	1.017496705	-0.142144958
5.991037000	1.001711845	-0.145389471
5.991038000	1.007978678	-0.144578322
5.991039000	0.986918926	-0.144603405
5.991040000	1.010557532	-0.148575360
5.991041000	1.007838726	-0.147971905
5.991042000	0.983326793	-0.152343267
5.991043000	0.993063867	-0.153223509
5.991044000	0.999341488	-0.148949668
5.991045000	1.000807643	-0.151152818
5.991046000	0.988539934	-0.154348162
5.991047000	1.002983689	-0.153550162
5.991048000	0.988717377	-0.161707674
5.991049000	0.988427877	-0.158475412
5.991050000	0.996331871	-0.158985890
5.991051000	0.990223169	-0.162168451
5.991052000	0.982893825	-0.161904615
5.991053000	0.975200057	-0.164281220
5.991054000	0.980028152	-0.165123694
5.991055000	0.985998929	-0.166231303
5.991056000	0.977694571	-0.168599585
5.991057000	0.966037214	-0.170168886
5.991058000	0.962105215	-0.168881215
5.991059000	0.976066709	-0.172066821
5.991060000	0.967983067	-0.175047281
5.991061000	0.991008401	-0.172672474
5.991062000	0.942321956	-0.179211300
5.991063000	0.952188015	-0.181389417
5.991064000	0.929863334	-0.182684212
5.991065000	0.962820530	-0.185133272
5.991066000	0.934599161	-0.186898898
5.991067000	0.954880357	-0.184996252
5.991068000	0.932054043	-0.192414620
5.991069000	0.964922905	-0.187452585
5.991070000	0.935951591	-0.191889512
5.991071000	0.931058228	-0.190821651
5.991072000	0.931301653	-0.194492901
5.991073000	0.916099191	-0.199755857
5.991074000	0.912816882	-0.199098805
5.991075000	0.921511471	-0.200967728
5.991076000	0.926596999	-0.198752711
5.991077000	0.913520634	-0.201077068
5.991078000	0.919791937	-0.200763381
5.991079000	0.910176575	-0.209402775
5.991080000	0.905381203	-0.205351375
5.991081000	0.895009875	-0.212425380
5.991082000	0.895297110	-0.211608056
5.991083000	0.881975710	-0.213217005
5.991084000	0.884627104	-0.214600900
5.991085000	0.889217556	-0.214495938
5.991086000	0.910641372	-0.217518159
5.991087000	0.901969671	-0.225880236
5.991088000	0.866187513	-0.223760293
5.991089000	0.856216073	-0.226476534
5.991090000	0.851765811	-0.223737589
5.991091000	0.876505494	-0.228865456
5.991092000	0.864107013	-0.233382593
5.991093000	0.844220877	-0.236389852
5.991094000	0.843528748	-0.234594099
5.991095000	0.837287545	-0.240539523
5.991096000	0.833149850	-0.241505185
5.991097000	0.846713960	-0.243998869
5.991098000	0.837334335	-0.243087968
5.991099000	0.857322514	-0.246035705
5.991100000	0.804477394	-0.250393968
5.991101000	0.839154959	-0.251807956
5.991102000	0.796773434	-0.254696488
5.991103000	0.807275534	-0.255625664
5.991104000	0.810297310	-0.261675601
5.991105000	0.788000882	-0.261894446
5.991106000	0.785147130	-0.267387415
5.991107000	0.774545431	-0.264366059
5.991108000	0.769708753	-0.267238062
5.991109000	0.768096268	-0.272327995
5.991110000	0.761557043	-0.277415249
5.991111000	0.723608315	-0.277225049
5.991112000	0.727169633	-0.277553867
5.991113000	0.743844748	-0.278664954
5.991114000	0.754429579	-0.278894718
5.991115000	0.716877759	-0.287817240
5.991116000	0.713204682	-0.286815392
5.991117000	0.710181832	-0.291363039
5.991118000	0.701280534	-0.294485629
5.991119000	0.680813015	-0.299149057
5.991120000	0.661993384	-0.298494652
5.991121000	0.675377250	-0.300811469
5.991122000	0.673766911	-0.301076320
5.991123000	0.642326415	-0.308641728
5.991124000	0.652340353	-0.308657075
5.991125000	0.651299417	-0.315793747
5.991126000	0.598498523	-0.320971099
5.991127000	0.627289712	-0.320620061
5.991128000	0.602773964	-0.323688821
5.991129000	0.578978539	-0.326390998
5.991130000	0.596221805	-0.329826842
5.991131000	0.570825160	-0.327356793
5.991132000	0.554288447	-0.338457082
5.991133000	0.566988528	-0.335708133
5.991134000	0.558620453	-0.342643338
5.991135000	0.519340217	-0.349739830
5.991136000	0.505815148	-0.356704063
5.991137000	0.486729056	-0.357956414
5.991138000	0.478567541	-0.359660671
5.991139000	0.486567706	-0.358751501
5.991140000	0.445926189	-0.363391560
5.991141000	0.456861377	-0.371299384
5.991142000	0.446722656	-0.372186083
5.991143000	0.417232245	-0.377769101
5.991144000	0.393599510	-0.380007288
5.991145000	0.401802182	-0.380215281
5.991146000	0.407027692	-0.382377435
5.991147000	0.362895906	-0.383616404
5.991148000	0.321973383	-0.396232497
5.991149000	0.335954994	-0.395970542
5.991150000	0.331016421	-0.406391591
5.991151000	0.284321755	-0.411353859
5.991152000	0.239647388	-0.416324183
5.991153000	0.229209244	-0.420024213
5.991154000	0.209294021	-0.423691452
5.991155000	0.173252031	-0.428801093
5.991156000	0.180416450	-0.432695134
5.991157000	0.168378517	-0.430590704
5.991158000	0.164863005	-0.439317850
5.991159000	0.110483103	-0.449629044
5.991160000	0.087048374	-0.456252924
5.991161000	0.030931588	-0.463254175
5.991162000	0.066618219	-0.459228441
5.991163000	0.022789771	-0.466992288
5.991164000	-0.030927951	-0.477560510
5.991165000	-0.010556425	-0.475155809
5.991166000	-0.034504812	-0.478995288
5.991167000	-0.067475371	-0.480312554
5.991168000	-0.115971871	-0.497093931
5.991169000	-0.112938121	-0.495215470
5.991170000	-0.186005428	-0.503544707
5.991171000	-0.234029248	-0.514600121
5.991172000	-0.194675773	-0.512508174
5.991173000	-0.198114946	-0.511612953
5.991174000	-0.276877314	-0.524022651
5.991175000	-0.295728862	-0.526920636
5.991176000	-0.346945316	-0.536525027
5.991177000	-0.397222668	-0.538558317
5.991178000	-0.477756470	-0.552223696
5.991179000	-0.478788406	-0.551341124
5.991180000	-0.555148661	-0.563910046
5.991181000	-0.592402816	-0.568421974
5.991182000	-0.659379840	-0.579503454
5.991183000	-0.668847144	-0.581477122
5.991184000	-0.794450939	-0.594803314
5.991185000	-0.810431600	-0.600247015
5.991186000	-0.798034549	-0.606995399
5.991187000	-0.882066786	-0.612104008
5.991188000	-1.020851612	-0.626550325
5.991189000	-1.071769595	-0.635217183
5.991190000	-1.027526259	-0.633022872
5.991191000	-1.107563853	-0.644005415
5.991192000	-1.169777870	-0.647476379
5.991193000	-1.223242640	-0.656536720
5.991194000	-1.356880665	-0.672827609
5.991195000	-1.396141648	-0.674100267
5.991196000	-1.488976955	-0.683169795
5.991197000	-1.549603105	-0.694637434
5.991198000	-1.585612297	-0.697524633
5.991199000	-1.657574773	-0.702973927
5.991200000	-1.700580359	-0.705239811
5.991201000	-1.835287929	-0.719345976
5.991202000	-1.851239681	-0.721631967
5.991203000	-2.051005363	-0.742214807
5.991204000	-2.083930731	-0.746037175
5.991205000	-2.246771574	-0.752068236
5.991206000	-2.262048244	-0.761058269
5.991207000	-2.427745342	-0.776397678
5.991208000	-2.514550686	-0.783236209
5.991209000	-2.661009073	-0.794778815
5.991210000	-2.743805170	-0.799198864
5.991211000	-2.789762259	-0.808358940
5.991212000	-2.963248968	-0.815695815
5.991213000	-3.070242405	-0.822243996
5.991214000	-3.173987865	-0.832596102
5.991215000	-3.407897949	-0.846686688
5.991216000	-3.614696026	-0.857066292
5.991217000	-3.682397127	-0.866049667
5.991218000	-3.853673697	-0.875176986
5.991219000	-3.928260803	-0.882780510
5.991220000	-3.984979391	-0.878740561
5.991221000	-4.306624413	-0.900366029
5.991222000	-4.553555489	-0.906328647
5.991223000	-4.638460636	-0.918994508
5.991224000	-4.940395832	-0.934068199
5.991225000	-5.116152763	-0.934365475
5.991226000	-5.191077709	-0.944540947
5.991227000	-5.753146172	-0.967969707
5.991228000	-5.688917637	-0.961856687
5.991229000	-5.932329178	-0.975981827
5.991230000	-6.016971111	-0.974001700
5.991231000	-6.208528042	-0.985304223
5.991232000	-6.690112591	-0.996885245
5.991233000	-6.703382969	-0.991931566
5.991234000	-7.123268127	-1.005018472
5.991235000	-7.631875992	-1.015479569
5.991236000	-7.856008530	-1.012153614
5.991237000	-8.113034248	-1.015563991
5.991238000	-8.512798309	-1.026776698
5.991239000	-8.680579185	-1.029247979
5.991240000	-8.874939919	-1.021121609
5.991241000	-9.431377411	-1.029275675
5.991242000	-9.783763885	-1.027416256
5.991243000	-10.299242973	-1.029698719
5.991244000	-10.648526192	-1.026037738
5.991245000	-10.869181633	-1.030417306
5.991246000	-11.063657761	-1.018965980
5.991247000	-11.386673927	-1.025250707
5.991248000	-12.361768723	-0.994731547
5.991249000	-13.197114944	-0.982556173
5.991250000	-13.584866524	-0.958545845
5.991251000	-13.921647072	-0.946203159
5.991252000	-14.241676331	-0.925777379
5.991253000	-15.226619720	-0.885378823
5.991254000	-16.431640625	-0.786689663
5.991255000	-15.918352127	-0.827730507
5.991256000	-16.583663940	-0.784765330
5.991257000	-17.487640381	-0.689587148
5.991258000	-17.727050781	-0.695411681
5.991259000	-18.405588150	-0.598890867
5.991260000	-18.931680679	-0.549148144
5.991261000	-19.143327713	-0.495331717
5.991262000	-19.847188950	-0.353590894
5.991263000	-19.840385437	-0.340984588
5.991264000	-20.308736801	-0.157965467
5.991265000	-20.224166870	0.077194587
5.991266000	-20.342666626	0.042087092
5.991267000	-19.639001846	0.306999224
5.991268000	-19.553157806	0.312968466
5.991269000	-19.377265930	0.441730940
5.991270000	-18.250577927	0.573221256
5.991271000	-17.909444809	0.632087370
5.991272000	-17.532506943	0.659357940
5.991273000	-16.817691803	0.726989315
5.991274000	-16.226398468	0.772158791
5.991275000	-15.686872482	0.806116358
5.991276000	-14.927549362	0.841324080
5.991277000	-14.932119370	0.850207520
5.991278000	-14.201783180	0.870197673
5.991279000	-13.971805573	0.894318855
5.991280000	-13.555629730	0.911163815
5.991281000	-13.194862366	0.912256311
5.991282000	-13.152723312	0.924246261
5.991283000	-12.471721649	0.935007762
5.991284000	-11.883978844	0.953728254
5.991285000	-11.569784164	0.961105609
5.991286000	-11.676906586	0.956448273
5.991287000	-11.274551392	0.960631433
5.991288000	-10.810995102	0.968954145
5.991289000	-10.580233574	0.960053993
5.991290000	-10.298574448	0.976548481
5.991291000	-10.031208992	0.975040466
5.991292000	-9.698045731	0.964085620
5.991293000	-9.395919800	0.983488746
5.991294000	-9.345822334	0.978531405
5.991295000	-9.196035385	0.973008275
5.991296000	-9.058541298	0.975247794
5.991297000	-8.701916695	0.971718839
5.991298000	-8.411830902	0.960057988
5.991299000	-8.310791016	0.976669855
5.991300000	-8.033836365	0.966779074
5.991301000	-7.944132328	0.960938163
5.991302000	-7.683873177	0.958214881
5.991303000	-7.561113834	0.964900015
5.991304000	-7.491035461	0.962355764
5.991305000	-7.298724174	0.943338996
5.991306000	-7.054690361	0.953501019
5.991307000	-6.864285469	0.939555110
5.991308000	-6.877923489	0.943052839
5.991309000	-6.442835331	0.934845776
5.991310000	-6.517549515	0.936366441
5.991311000	-6.426219940	0.923731805
5.991312000	-6.277418137	0.926832257
5.991313000	-6.135714054	0.927277871
5.991314000	-6.167651176	0.924112504
5.991315000	-5.833731651	0.916280347
5.991316000	-5.658612728	0.912387072
5.991317000	-5.472420692	0.899204890
5.991318000	-5.473110676	0.902801956
5.991319000	-5.421200275	0.899935928
5.991320000	-5.311239719	0.890129969
5.991321000	-5.089537621	0.886901086
5.991322000	-5.046324253	0.886866265
5.991323000	-4.997769833	0.880407434
5.991324000	-4.862804890	0.880723884
5.991325000	-4.807726383	0.875213338
5.991326000	-4.606374741	0.859118990
5.991327000	-4.625510216	0.859458343
5.991328000	-4.493958473	0.857177745
5.991329000	-4.519557476	0.855508209
5.991330000	-4.338403702	0.849662637
5.991331000	-4.248905182	0.845268954
5.991332000	-4.194515228	0.843037891
5.991333000	-4.091859341	0.837957379
5.991334000	-4.079190731	0.835716595
5.991335000	-4.092290878	0.830971574
5.991336000	-3.948997498	0.824166465
5.991337000	-3.914291620	0.823418583
5.991338000	-3.825385332	0.817630802
5.991339000	-3.690742254	0.810641402
5.991340000	-3.615840673	0.805876940
5.991341000	-3.641271830	0.807092673
5.991342000	-3.636257648	0.803265977
5.991343000	-3.523591757	0.799920381
5.991344000	-3.339507103	0.787260312
5.991345000	-3.312218428	0.787077619
5.991346000	-3.326792955	0.789960624
5.991347000	-3.244541168	0.783254985
5.991348000	-3.088978767	0.772423842
5.991349000	-3.090535164	0.770971553
5.991350000	-2.983786583	0.767751459
5.991351000	-3.071322441	0.774083657
5.991352000	-3.009114027	0.763037131
5.991353000	-2.969929457	0.762411954
5.991354000	-2.794755936	0.755585074
5.991355000	-2.839437008	0.753611738
5.991356000	-2.700164080	0.745599551
5.991357000	-2.703062773	0.746027787
5.991358000	-2.624062061	0.740001121
5.991359000	-2.628427982	0.732404453
5.991360000	-2.622482538	0.736144930
5.991361000	-2.565050125	0.733815862
5.991362000	-2.492388010	0.729395681
5.991363000	-2.449479103	0.717932104
5.991364000	-2.371120930	0.717497809
5.991365000	-2.486762524	0.722794770
5.991366000	-2.351666689	0.714963478
5.991367000	-2.320579529	0.705905867
5.991368000	-2.226063967	0.700119085
5.991369000	-2.250673771	0.707459423
5.991370000	-2.192003965	0.698876054
5.991371000	-2.195702553	0.701569908
5.991372000	-2.097519636	0.689438610
5.991373000	-2.084131241	0.692171746
5.991374000	-2.030183792	0.685929696
5.991375000	-2.082829237	0.687101087
5.991376000	-2.002847910	0.678139217
5.991377000	-1.930356622	0.669893738
5.991378000	-2.009519577	0.685782290
5.991379000	-1.893598199	0.671318595
5.991380000	-1.884777665	0.665945268
5.991381000	-1.837509632	0.666130025
5.991382000	-1.802413702	0.665612906
5.991383000	-1.767639637	0.657367892
5.991384000	-1.708244085	0.656735192
5.991385000	-1.685271978	0.651202874
5.991386000	-1.714302540	0.647102272
5.991387000	-1.675352573	0.649739267
5.991388000	-1.610983253	0.642563779
5.991389000	-1.587455750	0.640063204
5.991390000	-1.571685433	0.638457917
5.991391000	-1.526732683	0.637806575
5.991392000	-1.495930672	0.637295448
5.991393000	-1.444197297	0.627077564
5.991394000	-1.413052440	0.624270459
5.991395000	-1.441774487	0.623904075
5.991396000	-1.399483204	0.619751608
5.991397000	-1.378581762	0.618048982
5.991398000	-1.428314567	0.619641619
5.991399000	-1.408126354	0.615783964
5.991400000	-1.322524548	0.611244273
5.991401000	-1.340391874	0.615799876
5.991402000	-1.313339114	0.606511170
5.991403000	-1.207508445	0.597680127
5.991404000	-1.248167157	0.601390244
5.991405000	-1.233688116	0.599031282
5.991406000	-1.172848940	0.595154918
5.991407000	-1.173518181	0.593966749
5.991408000	-1.166206598	0.594565427
5.991409000	-1.215054154	0.598537266
5.991410000	-1.182961583	0.593542374
5.991411000	-1.160125852	0.592590427
5.991412000	-1.150928140	0.584360727
5.991413000	-1.101762652	0.585466804
5.991414000	-1.055276036	0.574689857
5.991415000	-1.020914435	0.580452005
5.991416000	-1.014847994	0.573655618
5.991417000	-1.033211946	0.580003329
5.991418000	-1.028743148	0.574844520
5.991419000	-0.986841738	0.569596428
5.991420000	-0.951589465	0.567972965
5.991421000	-0.938717067	0.565371789
5.991422000	-0.904160380	0.564058717
5.991423000	-0.923410773	0.558760358
5.991424000	-0.926817477	0.561016389
5.991425000	-0.933778882	0.561056203
5.991426000	-0.857829690	0.556019266
5.991427000	-0.882970035	0.557104072
5.991428000	-0.881522179	0.554311415
5.991429000	-0.826431811	0.552583822
5.991430000	-0.786563993	0.548439977
5.991431000	-0.816818893	0.546855229
5.991432000	-0.816730022	0.549477877
5.991433000	-0.782339156	0.541234927
5.991434000	-0.752263606	0.541249109
5.991435000	-0.782053947	0.537232296
5.991436000	-0.730411768	0.535923652
5.991437000	-0.744877517	0.538725431
5.991438000	-0.691779256	0.535158093
5.991439000	-0.681990981	0.526713143
5.991440000	-0.671857238	0.534071224
5.991441000	-0.675779760	0.529989730
5.991442000	-0.646455228	0.529828675
5.991443000	-0.662566483	0.521030623
5.991444000	-0.641758561	0.517679035
5.991445000	-0.579710841	0.518283439
5.991446000	-0.614781559	0.517908865
5.991447000	-0.630902469	0.518193324
5.991448000	-0.611183703	0.517642216
5.991449000	-0.565030992	0.510373584
5.991450000	-0.573781192	0.513178592
5.991451000	-0.529834032	0.507853801
5.991452000	-0.551529527	0.506024076
5.991453000	-0.556136608	0.509670277
5.991454000	-0.489666104	0.504733808
5.991455000	-0.496305734	0.501949207
5.991456000	-0.477370471	0.501077488
5.991457000	-0.442019016	0.500597786
5.991458000	-0.472592145	0.502287695
5.991459000	-0.475936174	0.498573450
5.991460000	-0.452378720	0.496777614
5.991461000	-0.425466865	0.493646702
5.991462000	-0.425783962	0.491348561
5.991463000	-0.403385907	0.488715194
5.991464000	-0.408576041	0.487747135
5.991465000	-0.379462987	0.488661764
5.991466000	-0.380574793	0.486153732
5.991467000	-0.378187507	0.482945588
5.991468000	-0.382145226	0.487216899
5.991469000	-0.352890074	0.481802160
5.991470000	-0.324947089	0.479322391
5.991471000	-0.359044850	0.478369046
5.991472000	-0.330887526	0.481181843
5.991473000	-0.345763236	0.477724661
5.991474000	-0.332272142	0.473461872
5.991475000	-0.320023805	0.475701590
5.991476000	-0.316527307	0.477113565
5.991477000	-0.295166761	0.465401981
5.991478000	-0.312924296	0.472096336
5.991479000	-0.296617687	0.466623507
5.991480000	-0.257856518	0.467247752
5.991481000	-0.232469961	0.465048713
5.991482000	-0.241997659	0.470191677
5.991483000	-0.255314142	0.464641283
5.991484000	-0.248628825	0.461477747
5.991485000	-0.261638314	0.464780100
5.991486000	-0.225467518	0.456612451
5.991487000	-0.255209506	0.459819663
5.991488000	-0.230127960	0.456524534
5.991489000	-0.229184881	0.454550798
5.991490000	-0.214612067	0.456989621
5.991491000	-0.190918893	0.455372184
5.991492000	-0.204708904	0.455359001
5.991493000	-0.195828795	0.452098060
5.991494000	-0.198153287	0.451016251
5.991495000	-0.163717911	0.450523067
5.991496000	-0.151628554	0.449626580
5.991497000	-0.139872134	0.448324760
5.991498000	-0.148143023	0.447350809
5.991499000	-0.174042627	0.447258730
5.991500000	-0.165325791	0.444308381
5.991501000	-0.121920653	0.446646037
5.991502000	-0.136278972	0.440121858
5.991503000	-0.147965953	0.440289604
5.991504000	-0.087292828	0.436519899
5.991505000	-0.115424283	0.437344114
5.991506000	-0.099998057	0.442470400
5.991507000	-0.101911813	0.436085871
5.991508000	-0.094412096	0.437049635
5.991509000	-0.076866560	0.432537541
5.991510000	-0.100258283	0.436386042
5.991511000	-0.071155496	0.431796084
5.991512000	-0.055044729	0.435675012
5.991513000	-0.060471620	0.430960018
5.991514000	-0.101696864	0.430111036
5.991515000	-0.073174782	0.427615454
5.991516000	-0.038802005	0.431463555
5.991517000	-0.026404131	0.427321907
5.991518000	-0.028073233	0.426050880
5.991519000	-0.027703429	0.423206025
5.991520000	-0.033785563	0.423116776
5.991521000	-0.021787995	0.423769683
5.991522000	-0.003370371	0.419188147
5.991523000	-0.035483778	0.423951044
5.991524000	-0.008725040	0.417897080
5.991525000	0.002685336	0.418818733
5.991526000	0.002806770	0.419196070
5.991527000	0.057136577	0.417244705
5.991528000	0.002120472	0.417790986
5.991529000	0.044093221	0.412519225
5.991530000	0.030836748	0.410182834
5.991531000	-0.000813129	0.412961809
5.991532000	0.034321345	0.411171400
5.991533000	0.008025563	0.409248730
5.991534000	0.025230279	0.408996995
5.991535000	0.036853138	0.409448135
5.991536000	0.041447472	0.407891084
5.991537000	0.034557670	0.411266474
5.991538000	0.069334358	0.403898074
5.991539000	0.068273373	0.405290208
5.991540000	0.071684740	0.404856312
5.991541000	0.085656218	0.401983327
5.991542000	0.061322294	0.407721041
5.991543000	0.079774074	0.403041701
5.991544000	0.082803309	0.406151374
5.991545000	0.084104665	0.404814201
5.991546000	0.093431719	0.401814749
5.991547000	0.070601463	0.402962205
5.991548000	0.062566362	0.398360363
5.991549000	0.085341126	0.399783756
5.991550000	0.112361372	0.401151123
5.991551000	0.096986353	0.397683454
5.991552000	0.112022705	0.394388025
5.991553000	0.101944856	0.392964499
5.991554000	0.129253194	0.396898554
5.991555000	0.115081847	0.391625861
5.991556000	0.148631781	0.392359029
5.991557000	0.118210018	0.391005844
5.991558000	0.129279599	0.388520416
5.991559000	0.096201099	0.390993627
5.991560000	0.147609219	0.391493236
5.991561000	0.181106150	0.387480784
5.991562000	0.160609886	0.387845071
5.991563000	0.149859980	0.388446380
5.991564000	0.152844667	0.388188286
5.991565000	0.147889271	0.383796301
5.991566000	0.152113646	0.385136470
5.991567000	0.195837140	0.382369013
5.991568000	0.155351147	0.381500023
5.991569000	0.157024130	0.382335956
5.991570000	0.204428881	0.380461024
5.991571000	0.184873834	0.379053743
5.991572000	0.189011067	0.378379031
5.991573000	0.221336275	0.378753339
5.991574000	0.171307400	0.378607131
5.991575000	0.183320537	0.375884881
5.991576000	0.188626841	0.375200782
5.991577000	0.176648289	0.379218260
5.991578000	0.182573780	0.374532195
5.991579000	0.223030657	0.373669364
5.991580000	0.230045736	0.373240962
5.991581000	0.201766178	0.374855703
5.991582000	0.205345541	0.376086582
5.991583000	0.222221702	0.373210968
5.991584000	0.216334909	0.370679467
5.991585000	0.240192741	0.370441147
5.991586000	0.227822140	0.372724075
5.991587000	0.246674806	0.374505331
5.991588000	0.247627988	0.373264530
5.991589000	0.199410364	0.372572808
5.991590000	0.227823466	0.367716633
5.991591000	0.231753424	0.367424385
5.991592000	0.248830512	0.369154541
5.991593000	0.222838297	0.364537585
5.991594000	0.266169548	0.365173314
5.991595000	0.242247701	0.365219021
5.991596000	0.263238311	0.366636555
5.991597000	0.262425512	0.364756463
5.991598000	0.263668120	0.363281338
5.991599000	0.256927758	0.362623537
5.991600000	0.298668683	0.363260299
5.991601000	0.292380184	0.360280155
5.991602000	0.264955431	0.364999477
5.991603000	0.248925507	0.360384119
5.991604000	0.251075476	0.363762804
5.991605000	0.282614917	0.357648120
5.991606000	0.264129221	0.359516561
5.991607000	0.304060906	0.360484819
5.991608000	0.251614988	0.358344037
5.991609000	0.275183707	0.357879915
5.991610000	0.318591177	0.359824855
5.991611000	0.273981303	0.356287112
5.991612000	0.296486825	0.354881728
5.991613000	0.274263054	0.355128969
5.991614000	0.276420295	0.354604859
5.991615000	0.298938781	0.355881545
5.991616000	0.321532369	0.354297297
5.991617000	0.287637770	0.351742261
5.991618000	0.315027088	0.354442440
5.991619000	0.333123416	0.351113422
5.991620000	0.309633702	0.354805928
5.991621000	0.306472033	0.351306135
5.991622000	0.321430981	0.348348794
5.991623000	0.336309761	0.350813250
5.991624000	0.325908422	0.349650015
5.991625000	0.316376984	0.349338325
5.991626000	0.323505670	0.346381917
5.991627000	0.297241479	0.346256448
5.991628000	0.330702513	0.349530705
5.991629000	0.316676050	0.346018628
5.991630000	0.347474873	0.347044012
5.991631000	0.349009514	0.345349975
5.991632000	0.336017549	0.346407683
5.991633000	0.352386653	0.343845822
5.991634000	0.333475649	0.344061105
5.991635000	0.347400755	0.346076752
5.991636000	0.327771306	0.343609732
5.991637000	0.374688029	0.339164284
5.991638000	0.342809141	0.342834286
5.991639000	0.364404798	0.338811915
5.991640000	0.374312311	0.342505053
5.991641000	0.341406435	0.340545266
5.991642000	0.335502893	0.343077799
5.991643000	0.356561512	0.344123323
5.991644000	0.350144356	0.340460478
5.991645000	0.383344442	0.338144759
5.991646000	0.334098220	0.340384644
5.991647000	0.373691738	0.336948601
5.991648000	0.378606230	0.340321727
5.991649000	0.380873650	0.339479835
5.991650000	0.359124422	0.335805472
5.991651000	0.370854348	0.335564922
5.991652000	0.390524447	0.334952994
5.991653000	0.377195656	0.336669967
5.991654000	0.375126570	0.333550573
5.991655000	0.381440967	0.332170390
5.991656000	0.422912121	0.332700726
5.991657000	0.357439518	0.334749862
5.991658000	0.372390300	0.337496479
5.991659000	0.383905143	0.330435474
5.991660000	0.420510650	0.332481547
5.991661000	0.379825443	0.334991477
5.991662000	0.417808712	0.332291431
5.991663000	0.399402976	0.329131357
5.991664000	0.381194383	0.329527070
5.991665000	0.403091222	0.330040028
5.991666000	0.370138288	0.328128644
5.991667000	0.425726056	0.327556896
5.991668000	0.394376755	0.328995503
5.991669000	0.423827082	0.326476951
5.991670000	0.414801240	0.328940309
5.991671000	0.393107623	0.326228512
5.991672000	0.425405771	0.329065511
5.991673000	0.414886147	0.324379013
5.991674000	0.416673332	0.322665602
5.991675000	0.430293560	0.326113230
5.991676000	0.420012176	0.325283456
5.991677000	0.398838460	0.322455245
5.991678000	0.438338608	0.325389683
5.991679000	0.426477730	0.326845433
5.991680000	0.412438273	0.325512521
5.991681000	0.426978678	0.323052026
5.991682000	0.427855819	0.321281623
5.991683000	0.421895236	0.323045868
5.991684000	0.417775989	0.323161016
5.991685000	0.437805057	0.324471158
5.991686000	0.400884122	0.325552934
5.991687000	0.443996400	0.321878038
5.991688000	0.446624339	0.321558892
5.991689000	0.433726698	0.322494960
5.991690000	0.439470768	0.319284119
5.991691000	0.436659217	0.319855001
5.991692000	0.422067463	0.318668330
5.991693000	0.425612330	0.318625486
5.991694000	0.432889134	0.319761491
5.991695000	0.450128108	0.318833213
5.991696000	0.452928483	0.318563168
5.991697000	0.446179986	0.318116756
5.991698000	0.447852880	0.317700637
5.991699000	0.463235646	0.316592662
5.991700000	0.444619387	0.315906832
5.991701000	0.451138943	0.318013092
5.991702000	0.459410369	0.317874242
5.991703000	0.453581333	0.316887008
5.991704000	0.455521494	0.315252293
5.991705000	0.467927307	0.315907298
5.991706000	0.438616425	0.312369455
5.991707000	0.461211056	0.315478329
5.991708000	0.444305450	0.314757744
5.991709000	0.471815288	0.311053920
5.991710000	0.491682112	0.313743812
5.991711000	0.446465820	0.314297417
5.991712000	0.473586470	0.311007281
5.991713000	0.451177388	0.314449250
5.991714000	0.464856207	0.310791399
5.991715000	0.460930496	0.311825437
5.991716000	0.456600785	0.309844512
5.991717000	0.487090796	0.312437365
5.991718000	0.483355552	0.308512998
5.991719000	0.481640249	0.308494955
5.991720000	0.440076113	0.309828433
5.991721000	0.476444393	0.309088973
5.991722000	0.502695501	0.306362462
5.991723000	0.463760346	0.305580291
5.991724000	0.480218023	0.308885474
5.991725000	0.485076874	0.307408651
5.991726000	0.506729186	0.306764300
5.991727000	0.449054420	0.309109845
5.991728000	0.524399877	0.307038505
5.991729000	0.521977544	0.308614431
5.991730000	0.505114436	0.308028569
5.991731000	0.491380394	0.307372133
5.991732000	0.485331476	0.309465877
5.991733000	0.489905715	0.308096979
5.991734000	0.460355729	0.306555042
5.991735000	0.506683528	0.304725750
5.991736000	0.514484525	0.306912172
5.991737000	0.516025007	0.305235279
5.991738000	0.485619277	0.303277456
5.991739000	0.515114129	0.303119231
5.991740000	0.499374390	0.304959276
5.991741000	0.480253816	0.302646420
5.991742000	0.519026101	0.305586750
5.991743000	0.519714653	0.307906862
5.991744000	0.507439375	0.300593755
5.991745000	0.483587801	0.304078801
5.991746000	0.491863310	0.305266904
5.991747000	0.528849483	0.300813100
5.991748000	0.502342939	0.301373029
5.991749000	0.542573571	0.301942879
5.991750000	0.498409271	0.300584068
5.991751000	0.529091656	0.300734503
5.991752000	0.507476449	0.296950984
5.991753000	0.530965626	0.300282332
5.991754000	0.561705768	0.297403355
5.991755000	0.498063833	0.298353637
5.991756000	0.543667495	0.300425377
5.991757000	0.536337078	0.298712964
5.991758000	0.537562907	0.297939283
5.991759000	0.526345313	0.297658419
5.991760000	0.515441298	0.293701295
5.991761000	0.542202711	0.295557451
5.991762000	0.499079496	0.300268683
5.991763000	0.510864258	0.297911586
5.991764000	0.525792658	0.295026717
5.991765000	0.520143986	0.294638927
5.991766000	0.523812115	0.295273592
5.991767000	0.521523774	0.297359513
5.991768000	0.523568809	0.295042962
5.991769000	0.547116637	0.299382350
5.991770000	0.510807633	0.292603972
5.991771000	0.538626075	0.293346262
5.991772000	0.533643901	0.294207528
5.991773000	0.551569402	0.291078381
5.991774000	0.545468271	0.292886001
5.991775000	0.545968533	0.292456666
5.991776000	0.546015382	0.290364720
5.991777000	0.549259484	0.292070741
5.991778000	0.509981513	0.291417201
5.991779000	0.549138248	0.295361143
5.991780000	0.566469312	0.290847118
5.991781000	0.548309624	0.291221925
5.991782000	0.545855284	0.289655454
5.991783000	0.542572916	0.290118378
5.991784000	0.539426386	0.290601641
5.991785000	0.578180969	0.289678357
5.991786000	0.573246956	0.289740641
5.991787000	0.544182897	0.290719020
5.991788000	0.574949205	0.287440636
5.991789000	0.563115060	0.289466336
5.991790000	0.573957026	0.288379167
5.991791000	0.559923768	0.290731071
5.991792000	0.572495341	0.288709133
5.991793000	0.587359488	0.286419080
5.991794000	0.582273126	0.288062184
5.991795000	0.531546474	0.286900547
5.991796000	0.564136147	0.288856539
5.991797000	0.572907507	0.287253549
5.991798000	0.560157418	0.284832535
5.991799000	0.561689019	0.286516685
5.991800000	0.567417979	0.289443466
5.991801000	0.549168944	0.286233225
5.991802000	0.589304805	0.287612676
5.991803000	0.583016634	0.284735530
5.991804000	0.561338723	0.286833968
5.991805000	0.570982575	0.285868871
5.991806000	0.556650639	0.282350569
5.991807000	0.587190270	0.287141596
5.991808000	0.565389693	0.285471095
5.991809000	0.563571513	0.283405647
5.991810000	0.581051230	0.284006689
5.991811000	0.576770067	0.285376320
5.991812000	0.581019580	0.284449872
5.991813000	0.564142883	0.284474507
5.991814000	0.547887981	0.280713724
5.991815000	0.576118588	0.281814708
5.991816000	0.564234257	0.283723362
5.991817000	0.578498185	0.283700359
5.991818000	0.565087140	0.284428367
5.991819000	0.558866382	0.281410839
5.991820000	0.578803837	0.278882501
5.991821000	0.561187804	0.278507511
5.991822000	0.581164360	0.281364234
5.991823000	0.587568760	0.279728754
5.991824000	0.585680068	0.280874079
5.991825000	0.582773149	0.281791905
5.991826000	0.575175226	0.279704319
5.991827000	0.588414967	0.279353880
5.991828000	0.609874904	0.279727089
5.991829000	0.602458775	0.278479431
5.991830000	0.585471511	0.281065760
5.991831000	0.592225671	0.278622576
5.991832000	0.579953313	0.275495027
5.991833000	0.596719205	0.277721146
5.991834000	0.624094725	0.279422790
5.991835000	0.599992871	0.277446008
5.991836000	0.577689946	0.278216694
5.991837000	0.597564876	0.275036164
5.991838000	0.604477704	0.277419926
5.991839000	0.602189422	0.279109902
5.991840000	0.596439481	0.277974213
5.991841000	0.589690566	0.277224517
5.991842000	0.577355444	0.278500837
5.991843000	0.595351160	0.276536855
5.991844000	0.591754675	0.277023565
5.991845000	0.621153235	0.276282756
5.991846000	0.625931442	0.277777672
5.991847000	0.594915867	0.275957251
5.991848000	0.596511364	0.280177197
5.991849000	0.597676337	0.273127626
5.991850000	0.608013332	0.276182056
5.991851000	0.603969991	0.272779951
5.991852000	0.606420875	0.276520726
5.991853000	0.608205259	0.273459739
5.991854000	0.579886377	0.274837342
5.991855000	0.591563821	0.274888941
5.991856000	0.596220553	0.275010581
5.991857000	0.592243671	0.271071549
5.991858000	0.630514443	0.270696293
5.991859000	0.609899998	0.275721312
5.991860000	0.608282328	0.271248733
5.991861000	0.603007257	0.269623639
5.991862000	0.599624872	0.272469975
5.991863000	0.623848975	0.273951891
5.991864000	0.627808869	0.270604647
5.991865000	0.624497652	0.272394691
5.991866000	0.621332884	0.271122632
5.991867000	0.615613222	0.266738719
5.991868000	0.570236981	0.270982899
5.991869000	0.612636507	0.272734643
5.991870000	0.610211432	0.274998097
5.991871000	0.623650670	0.274262166
5.991872000	0.638075411	0.271915322
5.991873000	0.603932559	0.270703317
5.991874000	0.615780830	0.270125095
5.991875000	0.607718408	0.266510220
5.991876000	0.611271560	0.274202045
5.991877000	0.651880860	0.267228758
5.991878000	0.624731541	0.268384187
5.991879000	0.621869326	0.267979386
5.991880000	0.613321006	0.268019350
5.991881000	0.634910822	0.267169203
5.991882000	0.597793400	0.267987875
5.991883000	0.609105349	0.267600502
5.991884000	0.649666786	0.267858978
5.991885000	0.602759361	0.266932731
5.991886000	0.632932127	0.268448885
5.991887000	0.644243240	0.268912225
5.991888000	0.602392495	0.268893034
5.991889000	0.617502928	0.266939555
5.991890000	0.624780655	0.268775971
5.991891000	0.629945993	0.268791700
5.991892000	0.637318492	0.268222133
5.991893000	0.617422938	0.269178491
5.991894000	0.636763155	0.266025658
5.991895000	0.630573213	0.266103123
5.991896000	0.609905303	0.263489430
5.991897000	0.649057269	0.268169503
5.991898000	0.635317266	0.265713752
5.991899000	0.630441725	0.265765733
5.991900000	0.643561184	0.265321102
5.991901000	0.625567555	0.266114541
5.991902000	0.639722526	0.262799538
5.991903000	0.635877430	0.266305307
5.991904000	0.648970783	0.266210714
5.991905000	0.633468211	0.264840568
5.991906000	0.653771758	0.262096946
5.991907000	0.613829672	0.263564614
5.991908000	0.640114307	0.267497121
5.991909000	0.629151881	0.264762787
5.991910000	0.654259503	0.265177308
5.991911000	0.658665180	0.262280588
5.991912000	0.644043088	0.261997494
5.991913000	0.628041387	0.261173462
5.991914000	0.641014457	0.264757794
5.991915000	0.647158623	0.264495056
5.991916000	0.653814852	0.261718761
5.991917000	0.658683956	0.265150077
5.991918000	0.656379879	0.262245534
5.991919000	0.655674756	0.259280986
5.991920000	0.634058893	0.260695158
5.991921000	0.662106276	0.262639998
5.991922000	0.658837140	0.263354574
5.991923000	0.648616314	0.261518058
5.991924000	0.653165281	0.263665831
5.991925000	0.661816895	0.263468274
5.991926000	0.634272337	0.263111294
5.991927000	0.646490216	0.263159514
5.991928000	0.658539653	0.261491693
5.991929000	0.641575336	0.259669275
5.991930000	0.638750613	0.260768595
5.991931000	0.631193340	0.260370735
5.991932000	0.655249059	0.263341541
5.991933000	0.626103640	0.260453293
5.991934000	0.625821471	0.258836571
5.991935000	0.669827640	0.260708457
5.991936000	0.676374495	0.259316656
5.991937000	0.662940681	0.260642061
5.991938000	0.663310468	0.258675966
5.991939000	0.674772382	0.256974289
5.991940000	0.645935595	0.257554059
5.991941000	0.642578483	0.259615879
5.991942000	0.649715900	0.260345934
5.991943000	0.658694625	0.259471219
5.991944000	0.637527704	0.256249460
5.991945000	0.656350970	0.260473250
5.991946000	0.666129947	0.255365757
5.991947000	0.699425995	0.257108662
5.991948000	0.625811458	0.260108896
5.991949000	0.695443988	0.256810638
5.991950000	0.665445268	0.256344951
5.991951000	0.639399707	0.257274011
5.991952000	0.668257475	0.259974540
5.991953000	0.671014607	0.258454208
5.991954000	0.693871975	0.257203487
5.991955000	0.668925166	0.253899037
5.991956000	0.693119347	0.258396151
5.991957000	0.655057251	0.254593673
5.991958000	0.666198075	0.255112024
5.991959000	0.654219866	0.256654527
5.991960000	0.661373317	0.258170248
5.991961000	0.670350790	0.258905680
5.991962000	0.664245427	0.259199210
5.991963000	0.686165214	0.257022293
5.991964000	0.672300220	0.254883375
5.991965000	0.672745645	0.253682056
5.991966000	0.651267052	0.256136575
5.991967000	0.675198257	0.257629577
5.991968000	0.640393555	0.255123226
5.991969000	0.675739169	0.251302272
5.991970000	0.684074521	0.256047393
5.991971000	0.666771472	0.253265238
5.991972000	0.667490780	0.252232797
5.991973000	0.662007034	0.255154135
5.991974000	0.687052488	0.254902716
5.991975000	0.719604373	0.253685651
5.991976000	0.688898623	0.254343369
5.991977000	0.669619381	0.249590675
5.991978000	0.684569120	0.252705941
5.991979000	0.670617282	0.255883641
5.991980000	0.679949522	0.254446517
5.991981000	0.685743630	0.254912437
5.991982000	0.690597415	0.255231051
5.991983000	0.663434386	0.252507186
5.991984000	0.673612177	0.254131048
5.991985000	0.669294477	0.253206432
5.991986000	0.671853840	0.252040151
5.991987000	0.700068235	0.251579024
5.991988000	0.672360063	0.249114003
5.991989000	0.684883177	0.253069496
5.991990000	0.678812385	0.252416222
5.991991000	0.671234131	0.255150024
5.991992000	0.663264096	0.250061106
5.991993000	0.669996321	0.250789264
5.991994000	0.699889302	0.251930262
5.991995000	0.705529571	0.251478290
5.991996000	0.688309371	0.250204351
5.991997000	0.693874776	0.252193149
5.991998000	0.682302415	0.251972257
5.991999000	0.694246173	0.248300806
5.992000000	0.661194324	0.250192683
5.992001000	0.707049847	0.249647700
5.992002000	0.654580057	0.251991215
5.992003000	0.689205110	0.250314739
5.992004000	0.657101035	0.247297860
5.992005000	0.680629313	0.249816095
5.992006000	0.715734899	0.246833454
5.992007000	0.674131215	0.249464225
5.992008000	0.699190140	0.252073740
5.992009000	0.674419880	0.251417221
5.992010000	0.672478914	0.250870257
5.992011000	0.703085184	0.245909071
5.992012000	0.702885866	0.249399577
5.992013000	0.700941503	0.246412209
5.992014000	0.695799887	0.248936536
5.992015000	0.646455765	0.251432567
5.992016000	0.718678355	0.246628491
5.992017000	0.678560019	0.246539591
5.992018000	0.679689109	0.249650846
5.992019000	0.678360283	0.245864979
5.992020000	0.690832078	0.244154215
5.992021000	0.668616951	0.247033308
5.992022000	0.700410604	0.244687629
5.992023000	0.720860720	0.246818291
5.992024000	0.702168405	0.246333646
5.992025000	0.696290672	0.246644004
5.992026000	0.721500874	0.243948502
5.992027000	0.695670247	0.246072123
5.992028000	0.698746979	0.246714677
5.992029000	0.721134901	0.247460046
5.992030000	0.705255568	0.242937167
5.992031000	0.701162159	0.246377039
5.992032000	0.723021507	0.248565791
5.992033000	0.712709606	0.249527941
5.992034000	0.703097403	0.247251005
5.992035000	0.695125043	0.245023154
5.992036000	0.688104868	0.244366002
5.992037000	0.683380544	0.246747651
5.992038000	0.728908420	0.249164419
5.992039000	0.723504961	0.246914348
5.992040000	0.705326557	0.242106094
5.992041000	0.717110157	0.245386659
5.992042000	0.697628260	0.245876131
5.992043000	0.686716974	0.245577424
5.992044000	0.676555336	0.244000484
5.992045000	0.696572900	0.243475242
5.992046000	0.696268201	0.242473494
5.992047000	0.691602528	0.242996555
5.992048000	0.718119740	0.243122689
5.992049000	0.698687851	0.244595167
5.992050000	0.719974756	0.243360426
5.992051000	0.712951660	0.245867576
5.992052000	0.694779932	0.243169810
5.992053000	0.703985751	0.245996073
5.992054000	0.713848948	0.244770037
5.992055000	0.706269801	0.247425059
5.992056000	0.707317948	0.242376987
5.992057000	0.696214795	0.243772317
5.992058000	0.700130284	0.246155713
5.992059000	0.687671065	0.241271842
5.992060000	0.722901404	0.243889646
5.992061000	0.722226322	0.244426656
5.992062000	0.709713399	0.243664259
5.992063000	0.697824478	0.243603473
5.992064000	0.722359896	0.244637828
5.992065000	0.697112799	0.242404285
5.992066000	0.722761691	0.242579171
5.992067000	0.719862819	0.242363006
5.992068000	0.707534432	0.242293281
5.992069000	0.679618418	0.243817757
5.992070000	0.704305887	0.242763245
5.992071000	0.705549598	0.243878827
5.992072000	0.687335372	0.239302251
5.992073000	0.693036437	0.241496946
5.992074000	0.718060553	0.242273590
5.992075000	0.727908134	0.241965496
5.992076000	0.723204255	0.239490853
5.992077000	0.709526837	0.238933770
5.992078000	0.727554262	0.242313504
5.992079000	0.730146587	0.241699412
5.992080000	0.717384338	0.241217863
5.992081000	0.708377838	0.242484562
5.992082000	0.691374779	0.244131761
5.992083000	0.694819391	0.239529352
5.992084000	0.697852194	0.239052180
5.992085000	0.696765602	0.242218280
5.992086000	0.711647332	0.236475389
5.992087000	0.699464977	0.237662626
5.992088000	0.702074885	0.239298972
5.992089000	0.708985627	0.242671766
5.992090000	0.696369469	0.241338521
5.992091000	0.711273253	0.241390120
5.992092000	0.741694033	0.240041445
5.992093000	0.746525466	0.239470996
5.992094000	0.726750433	0.242185806
5.992095000	0.726058125	0.237832885
5.992096000	0.701806903	0.236572378
5.992097000	0.687407613	0.241313104
5.992098000	0.725805283	0.238082257
5.992099000	0.702936113	0.238456132
5.992100000	0.728405476	0.237444364
5.992101000	0.706454039	0.235917590
5.992102000	0.737266600	0.240980958
5.992103000	0.714344859	0.238751426
5.992104000	0.736533344	0.239837663
5.992105000	0.747331381	0.235460092
5.992106000	0.734422565	0.237196606
5.992107000	0.718808889	0.237929691
5.992108000	0.724403262	0.234944721
5.992109000	0.724537015	0.238357861
5.992110000	0.693043292	0.238925514
5.992111000	0.737131000	0.237766506
5.992112000	0.738936007	0.234941625
5.992113000	0.709497392	0.236179928
5.992114000	0.722655654	0.234442348
5.992115000	0.721541166	0.234848780
5.992116000	0.721617162	0.238543150
5.992117000	0.713994861	0.236039380
5.992118000	0.736349583	0.235955407
5.992119000	0.736305952	0.234388553
5.992120000	0.751864195	0.237027945
5.992121000	0.758707523	0.236748163
5.992122000	0.718399346	0.237823265
5.992123000	0.708056092	0.236413487
5.992124000	0.740413666	0.237168843
5.992125000	0.704247475	0.233171671
5.992126000	0.733861089	0.236173636
5.992127000	0.682434440	0.236370128
5.992128000	0.727352977	0.235193709
5.992129000	0.750057459	0.236744967
5.992130000	0.716018200	0.236008836
5.992131000	0.717837930	0.234329514
5.992132000	0.725189745	0.234333442
5.992133000	0.736264586	0.235689690
5.992134000	0.725471199	0.234518698
5.992135000	0.726005435	0.234801426
5.992136000	0.717843294	0.235767554
5.992137000	0.731692433	0.234178995
5.992138000	0.741801560	0.236382578
5.992139000	0.719419897	0.236007105
5.992140000	0.714980245	0.237256294
5.992141000	0.749669254	0.233051895
5.992142000	0.734892666	0.232958535
5.992143000	0.741099536	0.232464286
5.992144000	0.722554862	0.230431312
5.992145000	0.713664711	0.232141244
5.992146000	0.714584470	0.236847965
5.992147000	0.720264077	0.232914626
5.992148000	0.703045785	0.232930122
5.992149000	0.705750585	0.234818304
5.992150000	0.723209262	0.230837577
5.992151000	0.718103051	0.231154476
5.992152000	0.731960058	0.235731551
5.992153000	0.721355140	0.230009300
5.992154000	0.746435165	0.232825710
5.992155000	0.754121363	0.229928141
5.992156000	0.735572219	0.230674908
5.992157000	0.744475961	0.234975081
5.992158000	0.723172545	0.234019255
5.992159000	0.735968888	0.231533178
5.992160000	0.772071242	0.235413570
5.992161000	0.751757503	0.231105158
5.992162000	0.708878875	0.230574024
5.992163000	0.734895527	0.233296557
5.992164000	0.741671145	0.232063929
5.992165000	0.761444867	0.229571127
5.992166000	0.743233681	0.231309356
5.992167000	0.731390774	0.230786211
5.992168000	0.710176528	0.232615154
5.992169000	0.750859916	0.231041608
5.992170000	0.737215698	0.232066443
5.992171000	0.721346259	0.231866589
5.992172000	0.754813075	0.231997933
5.992173000	0.764154017	0.231933285
5.992174000	0.742073536	0.228150630
5.992175000	0.733674943	0.229100730
5.992176000	0.738051295	0.231450520
5.992177000	0.735846102	0.232781535
5.992178000	0.722535551	0.232412387
5.992179000	0.755286813	0.229993055
5.992180000	0.734978199	0.231211435
5.992181000	0.742361248	0.231932319
5.992182000	0.758548737	0.232760596
5.992183000	0.751964331	0.230761244
5.992184000	0.746846557	0.232621878
5.992185000	0.749745071	0.231240363
5.992186000	0.740036249	0.228652387
5.992187000	0.736560702	0.232539237
5.992188000	0.736456394	0.228594862
5.992189000	0.731095016	0.229499954
5.992190000	0.757978141	0.229273169
5.992191000	0.726151168	0.228549306
5.992192000	0.744433820	0.227397555
5.992193000	0.754375100	0.230520677
5.992194000	0.762993574	0.230822497
5.992195000	0.762029767	0.230465051
5.992196000	0.750102937	0.225948745
5.992197000	0.746809602	0.227883116
5.992198000	0.764769077	0.226457359
5.992199000	0.738704681	0.228658246
5.992200000	0.742168367	0.227459657
5.992201000	0.745815575	0.226841520
5.992202000	0.733582914	0.228241827
5.992203000	0.747578800	0.229196604
5.992204000	0.763997853	0.230165395
5.992205000	0.741911292	0.228533959
5.992206000	0.739671826	0.227769116
5.992207000	0.750179768	0.228150148
5.992208000	0.727108479	0.224594129
5.992209000	0.738767803	0.228818917
5.992210000	0.758102119	0.229175215
5.992211000	0.750751436	0.225201046
5.992212000	0.761412740	0.227862709
5.992213000	0.742115140	0.227850259
5.992214000	0.739162207	0.226833830
5.992215000	0.746156216	0.227637056
5.992216000	0.727619886	0.227169122
5.992217000	0.763050854	0.225978506
5.992218000	0.738452792	0.227744016
5.992219000	0.735216916	0.230348637
5.992220000	0.740741432	0.228262500
5.992221000	0.750304699	0.229148800
5.992222000	0.770547032	0.228333540
5.992223000	0.777684808	0.227419426
5.992224000	0.769909203	0.226998647
5.992225000	0.774438322	0.228895034
5.992226000	0.757517457	0.225280392
5.992227000	0.797487736	0.227257872
5.992228000	0.739454925	0.224232222
5.992229000	0.751976907	0.229898313
5.992230000	0.758563042	0.225750390
5.992231000	0.754551411	0.227547607
5.992232000	0.802816868	0.227212648
5.992233000	0.739306867	0.223695495
5.992234000	0.774292529	0.223618696
5.992235000	0.719702125	0.225518096
5.992236000	0.779414892	0.226686208
5.992237000	0.743699551	0.225907633
5.992238000	0.758184433	0.224114527
5.992239000	0.736936212	0.222155722
5.992240000	0.742868066	0.226239829
5.992241000	0.721570373	0.222893384
5.992242000	0.742687285	0.222361983
5.992243000	0.742843270	0.223803919
5.992244000	0.720384717	0.221485637
5.992245000	0.743853092	0.225695712
5.992246000	0.752480567	0.222558375
5.992247000	0.756732702	0.225087096
5.992248000	0.778610945	0.222506760
5.992249000	0.738124549	0.227656597
5.992250000	0.770378351	0.223832148
5.992251000	0.752547741	0.226971666
5.992252000	0.756857812	0.229318992
5.992253000	0.777733326	0.226486887
5.992254000	0.747506440	0.224692549
5.992255000	0.751265049	0.225098798
5.992256000	0.758645415	0.222638420
5.992257000	0.764183998	0.220188145
5.992258000	0.794909954	0.220858063
5.992259000	0.766777039	0.226625438
5.992260000	0.768617630	0.221979936
5.992261000	0.759307802	0.223762490
5.992262000	0.764370024	0.224998946
5.992263000	0.759306729	0.222215942
5.992264000	0.774107635	0.222094469
5.992265000	0.747976840	0.220711972
5.992266000	0.767106771	0.221925941
5.992267000	0.773883700	0.221689352
5.992268000	0.731475174	0.222306723
5.992269000	0.772311151	0.224649872
5.992270000	0.756190956	0.225321271
5.992271000	0.772057235	0.226034582
5.992272000	0.757887721	0.223314363
5.992273000	0.758445323	0.224303211
5.992274000	0.753793597	0.223283570
5.992275000	0.767886937	0.223006552
5.992276000	0.757373393	0.221529612
5.992277000	0.772447288	0.225294773
5.992278000	0.762489915	0.222529430
5.992279000	0.783264399	0.221460204
5.992280000	0.769141793	0.223532459
5.992281000	0.777519166	0.222348734
5.992282000	0.755895495	0.224947580
5.992283000	0.761489809	0.221018469
5.992284000	0.774391770	0.224375749
5.992285000	0.780172706	0.221211398
5.992286000	0.766794622	0.220911060
5.992287000	0.788366616	0.221041721
5.992288000	0.755791187	0.222913724
5.992289000	0.761672616	0.222199930
5.992290000	0.785913467	0.219329692
5.992291000	0.748124063	0.222771411
5.992292000	0.804560959	0.223155006
5.992293000	0.750080109	0.217912707
5.992294000	0.781870723	0.221101376
5.992295000	0.740340948	0.222242724
5.992296000	0.767202735	0.222674239
5.992297000	0.791952133	0.220310084
5.992298000	0.767071545	0.220257187
5.992299000	0.776691258	0.221411085
5.992300000	0.779944479	0.219469707
5.992301000	0.788821697	0.223941354
5.992302000	0.790892363	0.224842535
5.992303000	0.757562578	0.223731747
5.992304000	0.755465865	0.223056869
5.992305000	0.777466357	0.220089675
5.992306000	0.753272116	0.220797543
5.992307000	0.769799232	0.222093004
5.992308000	0.746655464	0.219482391
5.992309000	0.803108096	0.221327695
5.992310000	0.748150408	0.221674738
5.992311000	0.772350192	0.217784326
5.992312000	0.768222988	0.219852487
5.992313000	0.786304653	0.221623922
5.992314000	0.781953990	0.219858895
5.992315000	0.757370949	0.221345804
5.992316000	0.762777030	0.220419091
5.992317000	0.784979582	0.221107252
5.992318000	0.775536120	0.220347069
5.992319000	0.773032427	0.222618546
5.992320000	0.784535050	0.218001057
5.992321000	0.788330913	0.218475882
5.992322000	0.763225853	0.218668329
5.992323000	0.752874732	0.216345936
5.992324000	0.770848274	0.219494375
5.992325000	0.763029695	0.219443642
5.992326000	0.782658279	0.216497104
5.992327000	0.788800120	0.218294221
5.992328000	0.778916240	0.223010713
5.992329000	0.795701981	0.221174563
5.992330000	0.765394926	0.219123280
5.992331000	0.793319643	0.219677334
5.992332000	0.775372982	0.219445289
5.992333000	0.780349791	0.219210781
5.992334000	0.750741005	0.216823374
5.992335000	0.749935150	0.219031218
5.992336000	0.753192186	0.218238944
5.992337000	0.773601472	0.218249547
5.992338000	0.788192451	0.220175695
5.992339000	0.773108959	0.216861291
5.992340000	0.771291554	0.215830514
5.992341000	0.768052340	0.215723039
5.992342000	0.805780232	0.219062443
5.992343000	0.782762349	0.216093784
5.992344000	0.791612446	0.217200161
5.992345000	0.766228020	0.215123129
5.992346000	0.757414222	0.217788121
5.992347000	0.780371428	0.218074577
5.992348000	0.776222408	0.217186513
5.992349000	0.758544862	0.216488149
5.992350000	0.776219547	0.218117504
5.992351000	0.777413189	0.214849789
5.992352000	0.785108089	0.216960494
5.992353000	0.796063244	0.218044067
5.992354000	0.765165508	0.219188960
5.992355000	0.787274182	0.217339262
5.992356000	0.786621332	0.219597522
5.992357000	0.766756356	0.215831330
5.992358000	0.801142752	0.218073096
5.992359000	0.781646013	0.217222332
5.992360000	0.756946087	0.214945862
5.992361000	0.785270274	0.215295019
5.992362000	0.808237970	0.216597921
5.992363000	0.772108912	0.216355856
5.992364000	0.743120551	0.213067335
5.992365000	0.808710277	0.216786323
5.992366000	0.771324635	0.216082050
5.992367000	0.757285058	0.218281138
5.992368000	0.778955221	0.217855482
5.992369000	0.795434296	0.215038274
5.992370000	0.749296486	0.217356339
5.992371000	0.774604738	0.216502829
5.992372000	0.807675064	0.217718845
5.992373000	0.762317836	0.214713701
5.992374000	0.796553493	0.216488848
5.992375000	0.771936595	0.218307071
