D:\KID metingen\Entropy ADR\LT343chip5_BF_20240530_mapping\S21\Power\KID88_100dBm_.dat
Power at KID:100dBm
resonance Frequency in GHz :6.068509
Q=49741.877047, Qc=59774.481114, Qi=296363.224371  S21min=-15.502043


Temperature in K:0.099993
GHz	dB	Rad
6.067680000	0.948235929	0.071951647
6.067681000	0.951404870	0.072632509
6.067682000	0.964422107	0.072895929
6.067683000	0.955655098	0.072195601
6.067684000	0.946391463	0.072899433
6.067685000	0.951568127	0.070698005
6.067686000	0.960572541	0.073452971
6.067687000	0.949037313	0.071893681
6.067688000	0.942800820	0.070933420
6.067689000	0.951882541	0.074019941
6.067690000	0.954244256	0.070270302
6.067691000	0.943567693	0.070999101
6.067692000	0.953489602	0.071188693
6.067693000	0.959777176	0.071335874
6.067694000	0.958102584	0.069769295
6.067695000	0.953286946	0.070875780
6.067696000	0.965077877	0.070578446
6.067697000	0.957615972	0.070999791
6.067698000	0.956120253	0.069857612
6.067699000	0.972333968	0.070705396
6.067700000	0.951468468	0.069932887
6.067701000	0.945669711	0.069471928
6.067702000	0.948092818	0.071168719
6.067703000	0.951815069	0.070680503
6.067704000	0.954303086	0.070966993
6.067705000	0.942185700	0.069745742
6.067706000	0.958869994	0.069953735
6.067707000	0.956196249	0.068793508
6.067708000	0.958283484	0.069964438
6.067709000	0.961556315	0.069884260
6.067710000	0.962459266	0.069724853
6.067711000	0.961979568	0.071151176
6.067712000	0.963897943	0.068631463
6.067713000	0.971341670	0.071452704
6.067714000	0.957634449	0.070358594
6.067715000	0.964962721	0.069767559
6.067716000	0.979080498	0.069857578
6.067717000	0.948606849	0.067835815
6.067718000	0.947251201	0.068931027
6.067719000	0.951378107	0.068256669
6.067720000	0.952859104	0.068994023
6.067721000	0.962548733	0.068110778
6.067722000	0.956836283	0.068693169
6.067723000	0.949126542	0.067198254
6.067724000	0.956618607	0.069655419
6.067725000	0.948368669	0.068958620
6.067726000	0.945599198	0.067418293
6.067727000	0.964199662	0.066915676
6.067728000	0.967055917	0.068894521
6.067729000	0.973451376	0.066800894
6.067730000	0.959302425	0.066743673
6.067731000	0.958707035	0.067182882
6.067732000	0.955041409	0.067969717
6.067733000	0.946063399	0.066935279
6.067734000	0.959292471	0.069042951
6.067735000	0.948678374	0.067627148
6.067736000	0.944497406	0.067697472
6.067737000	0.966499150	0.067370798
6.067738000	0.964725912	0.066476600
6.067739000	0.961307466	0.067380660
6.067740000	0.965240598	0.064787107
6.067741000	0.951628029	0.065349670
6.067742000	0.965789616	0.066612146
6.067743000	0.950378001	0.066191808
6.067744000	0.957180858	0.066755212
6.067745000	0.942320526	0.066709743
6.067746000	0.959443688	0.066319927
6.067747000	0.952709138	0.066216792
6.067748000	0.954143524	0.066080467
6.067749000	0.944676638	0.066294498
6.067750000	0.950845182	0.064473815
6.067751000	0.954864204	0.066454886
6.067752000	0.958676577	0.065280012
6.067753000	0.958907008	0.066643605
6.067754000	0.947496057	0.063869590
6.067755000	0.956856012	0.063352807
6.067756000	0.965731740	0.063554533
6.067757000	0.958121002	0.064272455
6.067758000	0.963234782	0.064496219
6.067759000	0.954968989	0.065885902
6.067760000	0.955296159	0.065204279
6.067761000	0.957884371	0.065189019
6.067762000	0.951901317	0.063574911
6.067763000	0.951827705	0.063391090
6.067764000	0.944896519	0.065554688
6.067765000	0.949924469	0.065189714
6.067766000	0.958443880	0.062718675
6.067767000	0.953233421	0.062046219
6.067768000	0.954887629	0.063928991
6.067769000	0.953803718	0.064647137
6.067770000	0.969476402	0.064248266
6.067771000	0.942093134	0.061911176
6.067772000	0.946389616	0.062309256
6.067773000	0.962699473	0.063566730
6.067774000	0.955701113	0.062974393
6.067775000	0.974469602	0.062658846
6.067776000	0.962485731	0.062999576
6.067777000	0.956657469	0.063366922
6.067778000	0.958017468	0.062455946
6.067779000	0.962327302	0.062854372
6.067780000	0.950964868	0.061610455
6.067781000	0.949639261	0.061439201
6.067782000	0.963276148	0.062139841
6.067783000	0.945553362	0.061958343
6.067784000	0.966897249	0.062135739
6.067785000	0.974172652	0.060773478
6.067786000	0.964556754	0.061878610
6.067787000	0.973938584	0.060962029
6.067788000	0.957168221	0.061866422
6.067789000	0.955082834	0.059675273
6.067790000	0.951025128	0.059812172
6.067791000	0.953501999	0.062437679
6.067792000	0.963602960	0.061224263
6.067793000	0.963249862	0.060733484
6.067794000	0.946455777	0.061877033
6.067795000	0.954519510	0.061561340
6.067796000	0.961914957	0.060821876
6.067797000	0.962414086	0.059870982
6.067798000	0.966819704	0.061236918
6.067799000	0.946830571	0.060846585
6.067800000	0.953240097	0.061517128
6.067801000	0.958712816	0.060570794
6.067802000	0.962312102	0.061229094
6.067803000	0.948171914	0.059768442
6.067804000	0.952908278	0.060658117
6.067805000	0.960654974	0.059806076
6.067806000	0.971585631	0.059303546
6.067807000	0.963864803	0.060296584
6.067808000	0.962142467	0.059698551
6.067809000	0.958087683	0.058494844
6.067810000	0.956396818	0.058540309
6.067811000	0.958435953	0.058513024
6.067812000	0.967056751	0.058179754
6.067813000	0.963174284	0.059550454
6.067814000	0.948571146	0.057906094
6.067815000	0.959123433	0.059546480
6.067816000	0.954873264	0.059469831
6.067817000	0.957917809	0.058376241
6.067818000	0.956105947	0.057698230
6.067819000	0.955336690	0.056606475
6.067820000	0.970377326	0.058046093
6.067821000	0.951728582	0.059160971
6.067822000	0.963029563	0.058581879
6.067823000	0.953876495	0.057325849
6.067824000	0.954967856	0.057929363
6.067825000	0.962883353	0.056949037
6.067826000	0.957527876	0.058141979
6.067827000	0.954599917	0.057522216
6.067828000	0.952235460	0.058118893
6.067829000	0.949320674	0.057325350
6.067830000	0.944625497	0.057716801
6.067831000	0.948326051	0.055972406
6.067832000	0.954250872	0.056761696
6.067833000	0.953861237	0.056971644
6.067834000	0.948049545	0.058180770
6.067835000	0.951345861	0.055213671
6.067836000	0.955622792	0.056749533
6.067837000	0.951390266	0.058026352
6.067838000	0.959063947	0.055067826
6.067839000	0.967440486	0.057189225
6.067840000	0.964084864	0.056344957
6.067841000	0.957480490	0.056705807
6.067842000	0.946262240	0.054701820
6.067843000	0.942027450	0.056740095
6.067844000	0.954076946	0.054268582
6.067845000	0.958057404	0.054203934
6.067846000	0.948975146	0.055011142
6.067847000	0.943443120	0.054407719
6.067848000	0.951952040	0.054683032
6.067849000	0.967641711	0.056964650
6.067850000	0.965800881	0.055156338
6.067851000	0.957558095	0.054169254
6.067852000	0.951332033	0.056274271
6.067853000	0.958581746	0.054771703
6.067854000	0.971173108	0.053953147
6.067855000	0.962992251	0.055782955
6.067856000	0.946947038	0.055853808
6.067857000	0.954968393	0.054297128
6.067858000	0.955076277	0.055051751
6.067859000	0.953044713	0.054132669
6.067860000	0.973928690	0.053848868
6.067861000	0.952890456	0.053375149
6.067862000	0.963614285	0.053203446
6.067863000	0.959803343	0.053362637
6.067864000	0.948540926	0.054073876
6.067865000	0.964378774	0.053165014
6.067866000	0.955210209	0.051597718
6.067867000	0.959766924	0.053304135
6.067868000	0.960890293	0.052354168
6.067869000	0.955915093	0.052563838
6.067870000	0.957377315	0.053668655
6.067871000	0.959876955	0.054051193
6.067872000	0.958432436	0.053303631
6.067873000	0.961099982	0.053111284
6.067874000	0.971541464	0.052105521
6.067875000	0.963788629	0.052055279
6.067876000	0.959384978	0.051919000
6.067877000	0.965468228	0.052033153
6.067878000	0.966840744	0.051311487
6.067879000	0.963154197	0.050711984
6.067880000	0.951456785	0.051166977
6.067881000	0.972398996	0.050083324
6.067882000	0.968330860	0.050307021
6.067883000	0.971156836	0.050774839
6.067884000	0.957087636	0.051484800
6.067885000	0.970789611	0.049953012
6.067886000	0.963271022	0.051055782
6.067887000	0.960476339	0.050624791
6.067888000	0.956784785	0.051164023
6.067889000	0.961550295	0.050241753
6.067890000	0.964621603	0.049580773
6.067891000	0.963200927	0.048491965
6.067892000	0.969188273	0.049788188
6.067893000	0.970756292	0.050059888
6.067894000	0.950153887	0.048691798
6.067895000	0.977986455	0.050008381
6.067896000	0.973765671	0.049930879
6.067897000	0.962952554	0.049178898
6.067898000	0.957989275	0.049638560
6.067899000	0.957200050	0.047986364
6.067900000	0.960673213	0.048956682
6.067901000	0.972112000	0.047780788
6.067902000	0.967869520	0.047958775
6.067903000	0.949456036	0.049161754
6.067904000	0.948299825	0.048718167
6.067905000	0.968621016	0.048318664
6.067906000	0.968214989	0.049972999
6.067907000	0.968951046	0.049276054
6.067908000	0.963825643	0.048028254
6.067909000	0.966498792	0.049635792
6.067910000	0.957329631	0.048668312
6.067911000	0.961367488	0.047596743
6.067912000	0.950347781	0.049371357
6.067913000	0.937649548	0.047239488
6.067914000	0.972589195	0.048158312
6.067915000	0.976911247	0.048039756
6.067916000	0.946141183	0.046156647
6.067917000	0.951807499	0.046513348
6.067918000	0.953398943	0.046669876
6.067919000	0.957539380	0.046931943
6.067920000	0.960608006	0.045485435
6.067921000	0.969529450	0.046881826
6.067922000	0.961961567	0.047062680
6.067923000	0.969723046	0.045305663
6.067924000	0.975388467	0.044921785
6.067925000	0.968596816	0.046162094
6.067926000	0.961065710	0.045368476
6.067927000	0.959339797	0.045258263
6.067928000	0.952597141	0.044363836
6.067929000	0.958497107	0.042859009
6.067930000	0.962015748	0.044192924
6.067931000	0.966408789	0.044618709
6.067932000	0.963775277	0.045858498
6.067933000	0.969458997	0.045100804
6.067934000	0.953590989	0.043162805
6.067935000	0.962984800	0.044090292
6.067936000	0.960625648	0.043643239
6.067937000	0.962231457	0.045449199
6.067938000	0.977377653	0.041845464
6.067939000	0.968211532	0.042168355
6.067940000	0.954642117	0.042221902
6.067941000	0.964993179	0.043697022
6.067942000	0.954094708	0.043047531
6.067943000	0.967141390	0.043414145
6.067944000	0.959935844	0.043976151
6.067945000	0.975863099	0.042679241
6.067946000	0.964187801	0.042404703
6.067947000	0.962289572	0.042247289
6.067948000	0.976370335	0.043899473
6.067949000	0.977539301	0.042080442
6.067950000	0.958575964	0.042309761
6.067951000	0.952935755	0.041288813
6.067952000	0.962662280	0.042543649
6.067953000	0.983549595	0.041748987
6.067954000	0.963756084	0.042348102
6.067955000	0.959726453	0.041465268
6.067956000	0.943994701	0.041711195
6.067957000	0.963029623	0.040755037
6.067958000	0.950830221	0.043141945
6.067959000	0.959654391	0.040997401
6.067960000	0.969611287	0.039361271
6.067961000	0.974387825	0.041037852
6.067962000	0.962837696	0.040647757
6.067963000	0.956093550	0.039990718
6.067964000	0.960937977	0.038746947
6.067965000	0.970590174	0.040193185
6.067966000	0.970004559	0.040049790
6.067967000	0.957380772	0.040282904
6.067968000	0.968330622	0.039147403
6.067969000	0.963941216	0.039233826
6.067970000	0.974799275	0.038392263
6.067971000	0.957958639	0.039863556
6.067972000	0.958886147	0.039063804
6.067973000	0.981054604	0.039216183
6.067974000	0.965355456	0.039342708
6.067975000	0.971377909	0.039351542
6.067976000	0.959052622	0.038364450
6.067977000	0.951693952	0.037510133
6.067978000	0.973141193	0.037552656
6.067979000	0.963127494	0.037684279
6.067980000	0.953010201	0.038540127
6.067981000	0.967286646	0.037481941
6.067982000	0.959852934	0.037796926
6.067983000	0.968465984	0.038033648
6.067984000	0.970754325	0.037543381
6.067985000	0.959334195	0.036561852
6.067986000	0.963686109	0.036970468
6.067987000	0.953953266	0.036491761
6.067988000	0.955387115	0.036320366
6.067989000	0.972444773	0.036578405
6.067990000	0.982763231	0.034738918
6.067991000	0.969006300	0.035883815
6.067992000	0.962421894	0.035119309
6.067993000	0.966823936	0.036207564
6.067994000	0.978273153	0.037238320
6.067995000	0.964345157	0.036075613
6.067996000	0.953289270	0.035224725
6.067997000	0.950801551	0.035613247
6.067998000	0.954752564	0.034718682
6.067999000	0.953809202	0.037270507
6.068000000	0.971899807	0.035259712
6.068001000	0.962237477	0.034747097
6.068002000	0.950195849	0.033843064
6.068003000	0.970345199	0.033545812
6.068004000	0.971053898	0.034445919
6.068005000	0.983162701	0.035137460
6.068006000	0.954534948	0.033642199
6.068007000	0.970912695	0.032648907
6.068008000	0.962845683	0.033520915
6.068009000	0.962741971	0.033243243
6.068010000	0.968663692	0.034232934
6.068011000	0.963941157	0.034077828
6.068012000	0.961536467	0.032513081
6.068013000	0.957992196	0.032856569
6.068014000	0.953402102	0.032033717
6.068015000	0.959449828	0.031682656
6.068016000	0.973774195	0.032073227
6.068017000	0.958879650	0.032341023
6.068018000	0.960979044	0.032417782
6.068019000	0.978945792	0.030961058
6.068020000	0.967689157	0.032214984
6.068021000	0.946036279	0.029584907
6.068022000	0.968433380	0.030032557
6.068023000	0.969241261	0.031583045
6.068024000	0.968499780	0.031129846
6.068025000	0.975426972	0.031421614
6.068026000	0.964700341	0.030277339
6.068027000	0.974006236	0.030821263
6.068028000	0.953425586	0.031062897
6.068029000	0.968879759	0.029803606
6.068030000	0.959318221	0.031170164
6.068031000	0.968696952	0.030369643
6.068032000	0.967668295	0.029029844
6.068033000	0.966458738	0.028685310
6.068034000	0.968861520	0.029542178
6.068035000	0.955914676	0.028973921
6.068036000	0.964852989	0.030031989
6.068037000	0.986813724	0.028784273
6.068038000	0.966119528	0.029762184
6.068039000	0.966492355	0.028552227
6.068040000	0.972268403	0.028162818
6.068041000	0.990574896	0.028978224
6.068042000	0.967424750	0.028827747
6.068043000	0.958458841	0.026835723
6.068044000	0.974117696	0.026861071
6.068045000	0.969132185	0.027326405
6.068046000	0.966386318	0.027731921
6.068047000	0.957752466	0.026857701
6.068048000	0.952345550	0.024639036
6.068049000	0.965216696	0.025641235
6.068050000	0.962059915	0.026329758
6.068051000	0.951764405	0.026478252
6.068052000	0.964686394	0.025490463
6.068053000	0.964899361	0.027553108
6.068054000	0.972822428	0.024167442
6.068055000	0.976586401	0.026387172
6.068056000	0.977244198	0.025473847
6.068057000	0.963222682	0.024346947
6.068058000	0.969168305	0.024464376
6.068059000	0.965542316	0.024080837
6.068060000	0.956624866	0.023019283
6.068061000	0.990073025	0.024958653
6.068062000	0.953941405	0.024239042
6.068063000	0.951735437	0.024306068
6.068064000	0.968638599	0.024003266
6.068065000	0.964956522	0.023365539
6.068066000	0.956496239	0.023634277
6.068067000	0.975783527	0.022568156
6.068068000	0.978837013	0.023027559
6.068069000	0.956833601	0.022240481
6.068070000	0.960070193	0.022079909
6.068071000	0.965038538	0.023045927
6.068072000	0.974446774	0.021863142
6.068073000	0.958259523	0.022843250
6.068074000	0.970603526	0.022184999
6.068075000	0.957297921	0.021059456
6.068076000	0.962420404	0.020515472
6.068077000	0.974240422	0.021240561
6.068078000	0.965528369	0.021938445
6.068079000	0.969335139	0.020025908
6.068080000	0.967505574	0.021241032
6.068081000	0.969407737	0.020888157
6.068082000	0.967522323	0.021971855
6.068083000	0.949718356	0.020882799
6.068084000	0.958703458	0.020181495
6.068085000	0.974281967	0.018756569
6.068086000	0.966255307	0.020981467
6.068087000	0.981438637	0.019854107
6.068088000	0.981445134	0.019913279
6.068089000	0.969850123	0.017936494
6.068090000	0.972534835	0.017912969
6.068091000	0.978441238	0.019216596
6.068092000	0.958173156	0.018988800
6.068093000	0.969854772	0.018066627
6.068094000	0.966255963	0.017246437
6.068095000	0.974704504	0.018117791
6.068096000	0.971303821	0.018040917
6.068097000	0.970136702	0.017968458
6.068098000	0.969694674	0.017943427
6.068099000	0.964724958	0.016844575
6.068100000	0.967495322	0.016748686
6.068101000	0.962721467	0.017554010
6.068102000	0.960949600	0.017331966
6.068103000	0.966285229	0.016032498
6.068104000	0.971349657	0.016168188
6.068105000	0.956496954	0.016129827
6.068106000	0.967992187	0.016877774
6.068107000	0.974368215	0.017155161
6.068108000	0.960962117	0.014342978
6.068109000	0.980126619	0.015358304
6.068110000	0.970875621	0.014225974
6.068111000	0.965537012	0.013058453
6.068112000	0.968690753	0.014653527
6.068113000	0.967831373	0.012773176
6.068114000	0.974888146	0.014218567
6.068115000	0.965461552	0.011856146
6.068116000	0.976488173	0.012434012
6.068117000	0.977531314	0.011427950
6.068118000	0.961002529	0.014023903
6.068119000	0.963253498	0.013531194
6.068120000	0.971779883	0.013008794
6.068121000	0.968705297	0.012353202
6.068122000	0.962352335	0.013410299
6.068123000	0.967786372	0.013049678
6.068124000	0.976408541	0.011971302
6.068125000	0.956807077	0.012020200
6.068126000	0.987315953	0.012050585
6.068127000	0.969872415	0.012136641
6.068128000	0.969631553	0.011383480
6.068129000	0.970964909	0.010676221
6.068130000	0.975641310	0.008956447
6.068131000	0.957931101	0.009600391
6.068132000	0.983178854	0.010192540
6.068133000	0.970229566	0.010655345
6.068134000	0.966823995	0.009813567
6.068135000	0.969119847	0.007906845
6.068136000	0.962421715	0.008709978
6.068137000	0.964751780	0.008439671
6.068138000	0.967404068	0.008074459
6.068139000	0.953491032	0.006742689
6.068140000	0.975633740	0.009061121
6.068141000	0.970732033	0.008931306
6.068142000	0.983259201	0.007909671
6.068143000	0.983150721	0.007945154
6.068144000	0.962222099	0.006182326
6.068145000	0.966992676	0.005028990
6.068146000	0.967627764	0.007246233
6.068147000	0.971082687	0.006861270
6.068148000	0.970506608	0.008472567
6.068149000	0.973932385	0.006125497
6.068150000	0.966210008	0.005998952
6.068151000	0.960764885	0.004735340
6.068152000	0.975224197	0.005979588
6.068153000	0.965072691	0.004957222
6.068154000	0.983252108	0.002658810
6.068155000	0.971755981	0.004640262
6.068156000	0.967709005	0.003833702
6.068157000	0.963664234	0.003758375
6.068158000	0.972943962	0.004868819
6.068159000	0.966220558	0.001608304
6.068160000	0.958888054	0.003088166
6.068161000	0.980089366	0.003811527
6.068162000	0.977043152	0.003557804
6.068163000	0.971624613	0.000667604
6.068164000	0.965480566	0.001413951
6.068165000	0.967197061	0.002778398
6.068166000	0.975536406	0.001140633
6.068167000	0.977522016	0.002257845
6.068168000	0.963574469	0.001483063
6.068169000	0.961050451	0.001467298
6.068170000	0.976731718	0.001779015
6.068171000	0.974352002	-0.001558030
6.068172000	0.978201509	-0.001068790
6.068173000	0.972216129	-0.001307237
6.068174000	0.976046562	0.000540982
6.068175000	0.969641149	-0.001849893
6.068176000	0.963845253	-0.001426139
6.068177000	0.965759456	-0.001692332
6.068178000	0.972356260	-0.001749575
6.068179000	0.961295962	-0.003166019
6.068180000	0.982603192	-0.000962334
6.068181000	0.967832863	-0.002095585
6.068182000	0.979748309	-0.003278734
6.068183000	0.960109949	-0.003684510
6.068184000	0.969124913	-0.003285104
6.068185000	0.978789210	-0.004271484
6.068186000	0.970775723	-0.003926554
6.068187000	0.970077574	-0.004761626
6.068188000	0.960669637	-0.004113479
6.068189000	0.977151394	-0.003675437
6.068190000	0.977636278	-0.004916204
6.068191000	0.975263059	-0.004657145
6.068192000	0.975259304	-0.005236708
6.068193000	0.975780427	-0.006765604
6.068194000	0.965780914	-0.005741988
6.068195000	0.977423191	-0.006754596
6.068196000	0.978672087	-0.007327188
6.068197000	0.973858416	-0.006230609
6.068198000	0.980765462	-0.006970658
6.068199000	0.982133985	-0.007396898
6.068200000	0.977875590	-0.008386298
6.068201000	0.980870545	-0.006794563
6.068202000	0.976888299	-0.007955404
6.068203000	0.974352360	-0.010484220
6.068204000	0.976781011	-0.010627589
6.068205000	0.974087000	-0.010354825
6.068206000	0.977988124	-0.011415638
6.068207000	0.978507996	-0.010928880
6.068208000	0.975652218	-0.011043094
6.068209000	0.978229940	-0.009335790
6.068210000	0.985680878	-0.010743782
6.068211000	0.972408354	-0.012089455
6.068212000	0.968547940	-0.010787038
6.068213000	0.968228161	-0.011325421
6.068214000	0.972627699	-0.011630416
6.068215000	0.975566208	-0.014629437
6.068216000	0.981591642	-0.012029264
6.068217000	0.940015018	-0.015252071
6.068218000	0.963535905	-0.012790829
6.068219000	0.976871848	-0.013918477
6.068220000	0.973211706	-0.015398903
6.068221000	0.966348946	-0.014471318
6.068222000	0.962110996	-0.014375411
6.068223000	0.962964773	-0.013938693
6.068224000	0.981123447	-0.016505475
6.068225000	0.976078868	-0.017718154
6.068226000	0.965612352	-0.016077640
6.068227000	0.960198879	-0.017711295
6.068228000	0.968145072	-0.016966315
6.068229000	0.981397331	-0.017592699
6.068230000	0.975281179	-0.017138627
6.068231000	0.973667562	-0.019684420
6.068232000	0.970853806	-0.019013734
6.068233000	0.984509230	-0.018362063
6.068234000	0.969657421	-0.019849253
6.068235000	0.977158248	-0.020102788
6.068236000	0.985862613	-0.018151282
6.068237000	0.987899363	-0.019747901
6.068238000	0.969833076	-0.019451054
6.068239000	0.984462857	-0.020995696
6.068240000	0.972796917	-0.021439951
6.068241000	0.971892834	-0.022166590
6.068242000	0.955653131	-0.022769884
6.068243000	0.959392071	-0.022670359
6.068244000	0.975050867	-0.023640656
6.068245000	0.968056858	-0.023766915
6.068246000	0.982799888	-0.023233028
6.068247000	0.981742620	-0.023745094
6.068248000	0.970805764	-0.025150671
6.068249000	0.983194828	-0.026676054
6.068250000	0.977081716	-0.025571596
6.068251000	0.970207155	-0.025773463
6.068252000	0.969431937	-0.026975028
6.068253000	0.980907619	-0.026614194
6.068254000	0.975074649	-0.027037404
6.068255000	0.969328284	-0.027581359
6.068256000	0.973834515	-0.029899863
6.068257000	0.978044033	-0.030204296
6.068258000	0.967520535	-0.029825500
6.068259000	0.977985620	-0.028673136
6.068260000	0.979734838	-0.027147089
6.068261000	0.970806420	-0.029547061
6.068262000	0.973224044	-0.030299229
6.068263000	0.974597216	-0.029514830
6.068264000	0.965085268	-0.030394277
6.068265000	0.978043497	-0.031733133
6.068266000	0.969601452	-0.032634888
6.068267000	0.964905620	-0.033634164
6.068268000	0.982007265	-0.034145233
6.068269000	0.962894797	-0.033242740
6.068270000	0.962679505	-0.033048999
6.068271000	0.971674263	-0.032518185
6.068272000	0.983034134	-0.032459960
6.068273000	0.960119724	-0.034481195
6.068274000	0.976824641	-0.034887870
6.068275000	0.965995371	-0.035031042
6.068276000	0.968319118	-0.036433887
6.068277000	0.969299078	-0.037754649
6.068278000	0.972168326	-0.037648609
6.068279000	0.978497922	-0.037346199
6.068280000	0.982906103	-0.038113401
6.068281000	0.965318978	-0.037486343
6.068282000	0.977293015	-0.037877599
6.068283000	0.987043917	-0.039836046
6.068284000	0.956926405	-0.040537847
6.068285000	0.977645099	-0.039967024
6.068286000	0.969182909	-0.039906995
6.068287000	0.965546787	-0.039986452
6.068288000	0.971482635	-0.041362179
6.068289000	0.976985335	-0.042805592
6.068290000	0.990149856	-0.043051659
6.068291000	0.970824122	-0.043511658
6.068292000	0.974129260	-0.042524799
6.068293000	0.962900519	-0.043382965
6.068294000	0.965774596	-0.042832727
6.068295000	0.975396693	-0.045997636
6.068296000	0.966556311	-0.045766249
6.068297000	0.956521213	-0.045647526
6.068298000	0.958390474	-0.043837254
6.068299000	0.966364205	-0.048042993
6.068300000	0.970449269	-0.048316192
6.068301000	0.984835744	-0.046646074
6.068302000	0.968327045	-0.048659615
6.068303000	0.975496054	-0.048383341
6.068304000	0.986106932	-0.048649586
6.068305000	0.975395441	-0.050452742
6.068306000	0.971085906	-0.052329509
6.068307000	0.972477496	-0.051660973
6.068308000	0.965256453	-0.051660049
6.068309000	0.973925531	-0.051826134
6.068310000	0.975893676	-0.051965301
6.068311000	0.967242301	-0.054507613
6.068312000	0.978238881	-0.054071928
6.068313000	0.972590029	-0.055707858
6.068314000	0.976883948	-0.054534602
6.068315000	0.970384955	-0.055314097
6.068316000	0.964884937	-0.055183311
6.068317000	0.965702713	-0.057741298
6.068318000	0.973960519	-0.058452191
6.068319000	0.961574972	-0.059179055
6.068320000	0.967086434	-0.057534204
6.068321000	0.964065731	-0.059355265
6.068322000	0.955808222	-0.060289219
6.068323000	0.949259281	-0.060709811
6.068324000	0.971250832	-0.060017011
6.068325000	0.948520839	-0.062042690
6.068326000	0.956761956	-0.063249448
6.068327000	0.972463787	-0.062693396
6.068328000	0.961542726	-0.062358379
6.068329000	0.956184626	-0.064655975
6.068330000	0.959327400	-0.065342838
6.068331000	0.971221149	-0.065758462
6.068332000	0.962714672	-0.066382519
6.068333000	0.969968379	-0.067218731
6.068334000	0.978354514	-0.066755557
6.068335000	0.957290590	-0.067607723
6.068336000	0.960210025	-0.069707089
6.068337000	0.974354804	-0.070499375
6.068338000	0.968958497	-0.070783426
6.068339000	0.969718933	-0.069744768
6.068340000	0.962219357	-0.071459819
6.068341000	0.970951498	-0.072010003
6.068342000	0.967152834	-0.071986185
6.068343000	0.959793508	-0.072931832
6.068344000	0.956051648	-0.075185498
6.068345000	0.961164176	-0.074673797
6.068346000	0.966216266	-0.074329167
6.068347000	0.961510777	-0.074803743
6.068348000	0.959540367	-0.075955252
6.068349000	0.963561356	-0.077186107
6.068350000	0.977256179	-0.079179308
6.068351000	0.961909473	-0.079825807
6.068352000	0.946662903	-0.079095302
6.068353000	0.964636505	-0.078710550
6.068354000	0.947281837	-0.081448854
6.068355000	0.956913352	-0.083291686
6.068356000	0.967628300	-0.084630083
6.068357000	0.973164856	-0.084533860
6.068358000	0.953518867	-0.084632014
6.068359000	0.955169022	-0.087466924
6.068360000	0.951217592	-0.087156224
6.068361000	0.963503301	-0.087900162
6.068362000	0.951029718	-0.087791388
6.068363000	0.956280351	-0.090482646
6.068364000	0.963286459	-0.088004516
6.068365000	0.947409332	-0.089467307
6.068366000	0.963336706	-0.090302957
6.068367000	0.950184941	-0.090789908
6.068368000	0.951392889	-0.093211454
6.068369000	0.962144732	-0.093608065
6.068370000	0.948574185	-0.097395438
6.068371000	0.949795246	-0.096957315
6.068372000	0.942880988	-0.094993949
6.068373000	0.955309987	-0.096238070
6.068374000	0.940043509	-0.098465171
6.068375000	0.945071161	-0.099940837
6.068376000	0.944571495	-0.099559331
6.068377000	0.946423113	-0.102204524
6.068378000	0.933670282	-0.102992171
6.068379000	0.931281924	-0.103197750
6.068380000	0.957790792	-0.103292842
6.068381000	0.946688235	-0.105164753
6.068382000	0.931120396	-0.107367062
6.068383000	0.950693250	-0.106314314
6.068384000	0.942748487	-0.105695596
6.068385000	0.933250308	-0.109814923
6.068386000	0.943269372	-0.111523949
6.068387000	0.940489650	-0.111134486
6.068388000	0.925188899	-0.111651214
6.068389000	0.924320698	-0.115688883
6.068390000	0.941425085	-0.114249186
6.068391000	0.933789253	-0.114027778
6.068392000	0.931861758	-0.117272856
6.068393000	0.927057564	-0.117331138
6.068394000	0.936701000	-0.119380290
6.068395000	0.918111145	-0.120818431
6.068396000	0.930457354	-0.120962957
6.068397000	0.935168684	-0.119988531
6.068398000	0.916939616	-0.123143670
6.068399000	0.932330072	-0.123826188
6.068400000	0.919739842	-0.123466453
6.068401000	0.926787198	-0.127014833
6.068402000	0.912111461	-0.126901149
6.068403000	0.918432057	-0.128975735
6.068404000	0.915209174	-0.131639054
6.068405000	0.914840937	-0.133922265
6.068406000	0.916528165	-0.135293427
6.068407000	0.919264197	-0.133663448
6.068408000	0.911894321	-0.137708872
6.068409000	0.923135877	-0.138980657
6.068410000	0.901854634	-0.138838294
6.068411000	0.912501514	-0.142373740
6.068412000	0.914522052	-0.141047969
6.068413000	0.899141133	-0.143113084
6.068414000	0.901372790	-0.142992609
6.068415000	0.891671777	-0.145706836
6.068416000	0.893654108	-0.145300521
6.068417000	0.880166650	-0.149534198
6.068418000	0.895309925	-0.150847936
6.068419000	0.895517945	-0.152191650
6.068420000	0.885186255	-0.153657937
6.068421000	0.875836670	-0.154676163
6.068422000	0.888302922	-0.156861586
6.068423000	0.887211919	-0.157907643
6.068424000	0.888811707	-0.158437861
6.068425000	0.876059294	-0.161939719
6.068426000	0.883738220	-0.161747522
6.068427000	0.882628441	-0.164076706
6.068428000	0.868184090	-0.168566612
6.068429000	0.868502319	-0.169556343
6.068430000	0.868181646	-0.172174297
6.068431000	0.863498509	-0.173950492
6.068432000	0.849213004	-0.173994018
6.068433000	0.860571980	-0.174151144
6.068434000	0.845872879	-0.178405478
6.068435000	0.842753410	-0.180034051
6.068436000	0.848349690	-0.183367862
6.068437000	0.862359405	-0.184748062
6.068438000	0.854599297	-0.184048450
6.068439000	0.839497685	-0.190993974
6.068440000	0.837032974	-0.190380615
6.068441000	0.829983115	-0.191951630
6.068442000	0.830175459	-0.194919939
6.068443000	0.821578920	-0.194466153
6.068444000	0.816585302	-0.198680473
6.068445000	0.823378265	-0.201037187
6.068446000	0.819071949	-0.203437694
6.068447000	0.805414379	-0.207630991
6.068448000	0.796386123	-0.206451577
6.068449000	0.785684824	-0.213836938
6.068450000	0.783794463	-0.215359734
6.068451000	0.771814227	-0.217379425
6.068452000	0.779843450	-0.219036727
6.068453000	0.771662712	-0.218653165
6.068454000	0.777944505	-0.224690418
6.068455000	0.775735915	-0.226813074
6.068456000	0.749323606	-0.230444128
6.068457000	0.751536489	-0.230188098
6.068458000	0.741070509	-0.235348988
6.068459000	0.740683675	-0.237930807
6.068460000	0.719561219	-0.242783652
6.068461000	0.724620461	-0.242862531
6.068462000	0.708047926	-0.247069560
6.068463000	0.712916315	-0.248204633
6.068464000	0.690559924	-0.248814463
6.068465000	0.683868289	-0.257053285
6.068466000	0.695717394	-0.255465425
6.068467000	0.683787405	-0.261501497
6.068468000	0.663983107	-0.269818432
6.068469000	0.651000023	-0.269749373
6.068470000	0.633913517	-0.275478632
6.068471000	0.624964595	-0.280268077
6.068472000	0.605718911	-0.284081258
6.068473000	0.595001519	-0.287140597
6.068474000	0.574072778	-0.295617938
6.068475000	0.574363530	-0.299539177
6.068476000	0.573525429	-0.304028734
6.068477000	0.540542722	-0.308291256
6.068478000	0.519897938	-0.314345021
6.068479000	0.489799887	-0.325568547
6.068480000	0.478513956	-0.322986879
6.068481000	0.451688230	-0.335890560
6.068482000	0.412205994	-0.338359244
6.068483000	0.403965741	-0.346288273
6.068484000	0.371856064	-0.355897258
6.068485000	0.353743106	-0.356804963
6.068486000	0.309025347	-0.372883698
6.068487000	0.265253931	-0.379729154
6.068488000	0.243568659	-0.386151833
6.068489000	0.195406944	-0.396896057
6.068490000	0.150770754	-0.402559902
6.068491000	0.049090508	-0.428329481
6.068492000	-0.048229530	-0.442698233
6.068493000	-0.110039651	-0.455195982
6.068494000	-0.227117926	-0.475560276
6.068495000	-0.366726875	-0.495892846
6.068496000	-0.562060058	-0.522347389
6.068497000	-7.353136539	-0.790172279
6.068498000	-10.312776566	-0.752409321
6.068499000	-11.511259079	-0.678356065
6.068500000	-12.088993073	-0.615671046
6.068501000	-12.387507439	-0.587285410
6.068502000	-12.992329597	-0.508016187
6.068503000	-13.260779381	-0.457850388
6.068504000	-13.641934395	-0.383422992
6.068505000	-14.038699150	-0.305384183
6.068506000	-14.284098625	-0.236281960
6.068507000	-14.328162193	-0.190065546
6.068508000	-14.454572678	-0.083672219
6.068509000	-14.511467934	0.013090455
6.068510000	-14.445546150	0.039012884
6.068511000	-14.310543060	0.076676519
6.068512000	-14.236555099	0.165054735
6.068513000	-14.069594383	0.201599563
6.068514000	-13.914118767	0.266871545
6.068515000	-13.679283142	0.321158519
6.068516000	-13.354988098	0.372398770
6.068517000	-13.365068436	0.385639874
6.068518000	-12.830679893	0.438627858
6.068519000	-12.603639603	0.489811184
6.068520000	-12.405241966	0.515431360
6.068521000	-12.069399834	0.538024487
6.068522000	-11.819590569	0.568551337
6.068523000	-11.789554596	0.567701922
6.068524000	-11.348402023	0.602647189
6.068525000	-11.287882805	0.606447587
6.068526000	-10.821817398	0.628375922
6.068527000	-10.583779335	0.645315291
6.068528000	-10.484968185	0.655463000
6.068529000	-10.314243317	0.664660493
6.068530000	-10.061095238	0.681137870
6.068531000	-9.862135887	0.690342221
6.068532000	-9.661675453	0.705138811
6.068533000	-9.502702713	0.710911012
6.068534000	-9.385433197	0.713010715
6.068535000	-9.080559731	0.718768336
6.068536000	-8.835299492	0.725203799
6.068537000	-8.645062447	0.734284845
6.068538000	-8.472464561	0.739535667
6.068539000	-8.370659828	0.736597268
6.068540000	-8.088424683	0.748365177
6.068541000	-8.036025047	0.745260398
6.068542000	-7.835350513	0.746079653
6.068543000	-7.656960487	0.753949493
6.068544000	-7.507398605	0.750379792
6.068545000	-7.412259102	0.756442612
6.068546000	-7.192081451	0.755243656
6.068547000	-7.145363808	0.754539184
6.068548000	-6.975770950	0.760118706
6.068549000	-6.906452179	0.758812825
6.068550000	-6.690317631	0.756924444
6.068551000	-6.636572361	0.756138345
6.068552000	-6.510613918	0.759736276
6.068553000	-6.334880829	0.754836193
6.068554000	-6.182764530	0.755128342
6.068555000	-6.172773361	0.751733144
6.068556000	-5.996506691	0.751148780
6.068557000	-5.882837772	0.751195718
6.068558000	-5.760961056	0.751095250
6.068559000	-5.665471554	0.749813804
6.068560000	-5.598158836	0.741825586
6.068561000	-5.388138294	0.742657890
6.068562000	-5.285354137	0.743817430
6.068563000	-5.262900829	0.738967415
6.068564000	-5.085548401	0.738527727
6.068565000	-5.032122612	0.734597034
6.068566000	-4.905845165	0.734570602
6.068567000	-4.800644875	0.731796520
6.068568000	-4.782024860	0.731693589
6.068569000	-4.753172398	0.728430884
6.068570000	-4.645804882	0.722773731
6.068571000	-4.533154964	0.723273007
6.068572000	-4.451336384	0.717831769
6.068573000	-4.424955368	0.717531365
6.068574000	-4.270914555	0.713457327
6.068575000	-4.168803215	0.711693649
6.068576000	-4.195192814	0.708044785
6.068577000	-4.098487377	0.707836792
6.068578000	-4.009307384	0.704252577
6.068579000	-3.927153111	0.702741366
6.068580000	-3.900288820	0.697235947
6.068581000	-3.817007303	0.693638615
6.068582000	-3.725190639	0.691199160
6.068583000	-3.695522547	0.687872405
6.068584000	-3.574344158	0.681563643
6.068585000	-3.468061924	0.677113567
6.068586000	-3.470398664	0.680073338
6.068587000	-3.371025085	0.672093043
6.068588000	-3.344268084	0.673447926
6.068589000	-3.261443377	0.667318794
6.068590000	-3.183627605	0.662955737
6.068591000	-3.140983820	0.661653318
6.068592000	-3.051181555	0.654446338
6.068593000	-3.018843889	0.655105803
6.068594000	-2.992659807	0.649527346
6.068595000	-2.913651705	0.647579976
6.068596000	-2.879271984	0.643856145
6.068597000	-2.823620796	0.641999322
6.068598000	-2.746494055	0.634420632
6.068599000	-2.707734108	0.636742109
6.068600000	-2.674610138	0.633777944
6.068601000	-2.601099968	0.629675611
6.068602000	-2.559624434	0.625162285
6.068603000	-2.480229855	0.620821333
6.068604000	-2.445164919	0.618505781
6.068605000	-2.454761505	0.619920385
6.068606000	-2.380361795	0.612531711
6.068607000	-2.316669703	0.609260151
6.068608000	-2.284956217	0.607244138
6.068609000	-2.276182890	0.603834426
6.068610000	-2.211334229	0.601745509
6.068611000	-2.173511744	0.596795092
6.068612000	-2.141820669	0.590823287
6.068613000	-2.069295406	0.588242084
6.068614000	-2.029245853	0.586085456
6.068615000	-2.015135765	0.582748449
6.068616000	-1.989577889	0.579182942
6.068617000	-1.946880579	0.577494298
6.068618000	-1.878696322	0.573307609
6.068619000	-1.881097436	0.571496327
6.068620000	-1.792949080	0.564973513
6.068621000	-1.803084970	0.564012179
6.068622000	-1.722900033	0.556923443
6.068623000	-1.687485099	0.555654280
6.068624000	-1.688609123	0.553330073
6.068625000	-1.630641103	0.551858610
6.068626000	-1.592536449	0.546609752
6.068627000	-1.556445837	0.542411645
6.068628000	-1.528614163	0.540831026
6.068629000	-1.500492334	0.534582318
6.068630000	-1.472485781	0.533659033
6.068631000	-1.424338341	0.525481364
6.068632000	-1.381933928	0.524703821
6.068633000	-1.342681408	0.520761444
6.068634000	-1.335377455	0.519062647
6.068635000	-1.297097683	0.515486787
6.068636000	-1.269436598	0.512407008
6.068637000	-1.253297806	0.511594178
6.068638000	-1.225640774	0.505759658
6.068639000	-1.198963165	0.503421535
6.068640000	-1.161759734	0.503271533
6.068641000	-1.135494947	0.498270216
6.068642000	-1.107457757	0.493766578
6.068643000	-1.089492559	0.490260792
6.068644000	-1.059725642	0.487848268
6.068645000	-1.050334811	0.487475625
6.068646000	-1.020866036	0.482934736
6.068647000	-0.976672530	0.477324088
6.068648000	-0.991007268	0.477720400
6.068649000	-0.940189898	0.473510674
6.068650000	-0.906667769	0.468722477
6.068651000	-0.879912913	0.467392261
6.068652000	-0.843609691	0.465019751
6.068653000	-0.827961385	0.458128389
6.068654000	-0.796464205	0.457349315
6.068655000	-0.787443697	0.456663917
6.068656000	-0.786421180	0.456178023
6.068657000	-0.744217992	0.448589678
6.068658000	-0.697197497	0.447513428
6.068659000	-0.700054407	0.445443620
6.068660000	-0.679789186	0.441480570
6.068661000	-0.678005219	0.436381648
6.068662000	-0.665119290	0.437700645
6.068663000	-0.630460739	0.432898367
6.068664000	-0.604031265	0.429936965
6.068665000	-0.594018042	0.427961132
6.068666000	-0.580131114	0.423264614
6.068667000	-0.538947582	0.422954489
6.068668000	-0.546104670	0.422525987
6.068669000	-0.539138913	0.420442829
6.068670000	-0.531642854	0.420215628
6.068671000	-0.516771376	0.415042404
6.068672000	-0.481900662	0.412725787
6.068673000	-0.461424470	0.407957497
6.068674000	-0.460554391	0.407123395
6.068675000	-0.449463993	0.404706876
6.068676000	-0.402395517	0.399535683
6.068677000	-0.387306601	0.397114536
6.068678000	-0.379557759	0.394666392
6.068679000	-0.365650535	0.394255866
6.068680000	-0.360726207	0.391278418
6.068681000	-0.346498668	0.390434496
6.068682000	-0.317895502	0.384859901
6.068683000	-0.306640834	0.384555867
6.068684000	-0.301978141	0.382943490
6.068685000	-0.301568925	0.379545163
6.068686000	-0.281028301	0.379380513
6.068687000	-0.246928886	0.376985899
6.068688000	-0.253042877	0.376485358
6.068689000	-0.250572920	0.373227513
6.068690000	-0.236829549	0.369622258
6.068691000	-0.231363788	0.370262349
6.068692000	-0.208663195	0.363523153
6.068693000	-0.203385070	0.365057667
6.068694000	-0.195071742	0.363466761
6.068695000	-0.176686332	0.359980084
6.068696000	-0.176541671	0.357182799
6.068697000	-0.179329783	0.356588348
6.068698000	-0.127886117	0.353558170
6.068699000	-0.135830611	0.352467306
6.068700000	-0.111799665	0.349498980
6.068701000	-0.105771415	0.349695888
6.068702000	-0.103050873	0.346428222
6.068703000	-0.090236112	0.343970291
6.068704000	-0.096595250	0.344196726
6.068705000	-0.093101561	0.342741941
6.068706000	-0.069677882	0.339823849
6.068707000	-0.058810435	0.339199238
6.068708000	-0.040055305	0.336326153
6.068709000	-0.039655991	0.333962565
6.068710000	-0.036489449	0.330890941
6.068711000	-0.027828051	0.330012764
6.068712000	0.012860093	0.329728005
6.068713000	-0.004007943	0.326238798
6.068714000	0.017499903	0.327070004
6.068715000	0.000648690	0.325938394
6.068716000	0.019494230	0.321956535
6.068717000	0.039288614	0.319656030
6.068718000	0.014647705	0.318727286
6.068719000	0.055422507	0.316178241
6.068720000	0.046352483	0.315922311
6.068721000	0.077699058	0.314886808
6.068722000	0.066212162	0.313000058
6.068723000	0.057520516	0.310534270
6.068724000	0.083321750	0.307884791
6.068725000	0.096379131	0.308304838
6.068726000	0.100874752	0.306014387
6.068727000	0.097743206	0.305856261
6.068728000	0.112518363	0.301979498
6.068729000	0.106018730	0.300963968
6.068730000	0.150159702	0.299065101
6.068731000	0.125792131	0.298266852
6.068732000	0.129329711	0.297286908
6.068733000	0.139362127	0.294557667
6.068734000	0.140188813	0.296657836
6.068735000	0.163153946	0.292670352
6.068736000	0.163294137	0.290868657
6.068737000	0.166449875	0.289736014
6.068738000	0.180880621	0.288111719
6.068739000	0.187057555	0.286475506
6.068740000	0.198781192	0.285943706
6.068741000	0.210419208	0.284032189
6.068742000	0.207834736	0.283704121
6.068743000	0.184260055	0.282445145
6.068744000	0.208126843	0.282275901
6.068745000	0.215503886	0.278549439
6.068746000	0.226482689	0.279348787
6.068747000	0.214702860	0.277276049
6.068748000	0.214286685	0.277734229
6.068749000	0.219076708	0.274894484
6.068750000	0.227742329	0.274041090
6.068751000	0.248574808	0.273442928
6.068752000	0.249184236	0.270982234
6.068753000	0.241696224	0.269574021
6.068754000	0.262087494	0.270320088
6.068755000	0.258155614	0.266789236
6.068756000	0.262832999	0.265540996
6.068757000	0.277062953	0.265740167
6.068758000	0.273626417	0.264432888
6.068759000	0.278917640	0.264518509
6.068760000	0.290886998	0.264730163
6.068761000	0.283311903	0.260262844
6.068762000	0.289484382	0.259936939
6.068763000	0.304151416	0.258089421
6.068764000	0.308754861	0.256624017
6.068765000	0.298139483	0.258628229
6.068766000	0.313340932	0.254798453
6.068767000	0.317580014	0.254627562
6.068768000	0.318980664	0.250519403
6.068769000	0.309441477	0.252178519
6.068770000	0.318172008	0.251697901
6.068771000	0.324709117	0.250994211
6.068772000	0.323895693	0.251036322
6.068773000	0.339831173	0.248534565
6.068774000	0.325373739	0.248676944
6.068775000	0.349701226	0.243855258
6.068776000	0.350741953	0.246149488
6.068777000	0.350952387	0.243296444
6.068778000	0.364748359	0.240633199
6.068779000	0.344878614	0.241190782
6.068780000	0.347587407	0.239164050
6.068781000	0.357316941	0.238982938
6.068782000	0.369717360	0.239332545
6.068783000	0.382073939	0.238738577
6.068784000	0.376271188	0.237654770
6.068785000	0.374728411	0.235506448
6.068786000	0.390905440	0.234715705
6.068787000	0.380369723	0.233938578
6.068788000	0.377610654	0.232146154
6.068789000	0.392781883	0.232991758
6.068790000	0.394896865	0.230616984
6.068791000	0.377245069	0.230910115
6.068792000	0.412436754	0.229522075
6.068793000	0.384647101	0.229084651
6.068794000	0.402750909	0.227175913
6.068795000	0.416357666	0.228221703
6.068796000	0.403360814	0.226855935
6.068797000	0.402509302	0.227060599
6.068798000	0.404583275	0.226363733
6.068799000	0.415312141	0.224494959
6.068800000	0.429698974	0.221010379
6.068801000	0.416547745	0.222540582
6.068802000	0.418619722	0.222026225
6.068803000	0.435662538	0.219600402
6.068804000	0.429125100	0.220368091
6.068805000	0.427341938	0.217753084
6.068806000	0.418149650	0.216906215
6.068807000	0.439461112	0.218422835
6.068808000	0.418635964	0.218159632
6.068809000	0.447308809	0.216743130
6.068810000	0.435986340	0.216068784
6.068811000	0.449463040	0.215701834
6.068812000	0.430893570	0.214088923
6.068813000	0.462689042	0.212347166
6.068814000	0.452430338	0.212770426
6.068815000	0.454385579	0.211140222
6.068816000	0.443877310	0.213004950
6.068817000	0.456634581	0.210470054
6.068818000	0.456500053	0.210503127
6.068819000	0.469364852	0.210662151
6.068820000	0.468889028	0.207562398
6.068821000	0.458929479	0.207119914
6.068822000	0.454673052	0.206188074
6.068823000	0.466395110	0.207951169
6.068824000	0.467051655	0.206239023
6.068825000	0.470661938	0.205104467
6.068826000	0.493810385	0.203968995
6.068827000	0.479218572	0.202959989
6.068828000	0.483063608	0.202208662
6.068829000	0.484967262	0.203610167
6.068830000	0.499831557	0.200857940
6.068831000	0.499837011	0.200456718
6.068832000	0.491765201	0.200693539
6.068833000	0.495189995	0.198755690
6.068834000	0.476689875	0.200903929
6.068835000	0.495886505	0.198844140
6.068836000	0.488754600	0.196106810
6.068837000	0.502827764	0.197071607
6.068838000	0.481050223	0.197600328
6.068839000	0.499626786	0.196128066
6.068840000	0.495183408	0.194888747
6.068841000	0.502465665	0.196847169
6.068842000	0.498291999	0.194656503
6.068843000	0.509765863	0.191915511
6.068844000	0.516614735	0.191024384
6.068845000	0.519736886	0.191559712
6.068846000	0.517722309	0.190101532
6.068847000	0.509681046	0.190449374
6.068848000	0.514671504	0.190063815
6.068849000	0.516467750	0.188350753
6.068850000	0.514339387	0.188677739
6.068851000	0.517063498	0.188012632
6.068852000	0.528412938	0.187518532
6.068853000	0.526588142	0.187573959
6.068854000	0.523697853	0.186312270
6.068855000	0.524835527	0.185128961
6.068856000	0.531743228	0.184660228
6.068857000	0.528725684	0.185700109
6.068858000	0.532496691	0.186490202
6.068859000	0.545181811	0.181937944
6.068860000	0.528580606	0.182578618
6.068861000	0.528468132	0.182549240
6.068862000	0.527035654	0.181285004
6.068863000	0.551828921	0.182383941
6.068864000	0.518826187	0.181928224
6.068865000	0.524463952	0.178281691
6.068866000	0.536057770	0.179481128
6.068867000	0.552617729	0.178839606
6.068868000	0.555663347	0.177799525
6.068869000	0.553439856	0.178004372
6.068870000	0.552906156	0.177156688
6.068871000	0.550400853	0.177079340
6.068872000	0.561945319	0.176671444
6.068873000	0.569474161	0.175345672
6.068874000	0.555856824	0.176299317
6.068875000	0.546341836	0.175728102
6.068876000	0.557126343	0.173239311
6.068877000	0.554087937	0.172467810
6.068878000	0.571420789	0.171523520
6.068879000	0.558874846	0.172824258
6.068880000	0.559707344	0.172932582
6.068881000	0.557861745	0.173608559
6.068882000	0.564814210	0.170670759
6.068883000	0.564152598	0.170689851
6.068884000	0.554535866	0.170375281
6.068885000	0.573244572	0.169281937
6.068886000	0.579244673	0.166617894
6.068887000	0.556108952	0.169580794
6.068888000	0.557193875	0.167867815
6.068889000	0.561374366	0.167898142
6.068890000	0.577400506	0.168674570
6.068891000	0.569203913	0.166135612
6.068892000	0.549236357	0.165544906
6.068893000	0.566745281	0.166775237
6.068894000	0.568175912	0.164384151
6.068895000	0.572562635	0.165846143
6.068896000	0.565817177	0.163994014
6.068897000	0.585778534	0.164460983
6.068898000	0.567269802	0.163402926
6.068899000	0.570053160	0.163595506
6.068900000	0.587974906	0.161804863
6.068901000	0.582794189	0.161057696
6.068902000	0.568661749	0.161412845
6.068903000	0.579936683	0.159948573
6.068904000	0.571755767	0.162759756
6.068905000	0.577342153	0.161388994
6.068906000	0.579747319	0.160018597
6.068907000	0.581407070	0.160576580
6.068908000	0.582010448	0.156865132
6.068909000	0.590603769	0.158374794
6.068910000	0.584916890	0.157157447
6.068911000	0.585678160	0.157439692
6.068912000	0.573870242	0.158111425
6.068913000	0.563091040	0.157331268
6.068914000	0.581566036	0.157958026
6.068915000	0.585965335	0.156870808
6.068916000	0.569315255	0.155721853
6.068917000	0.603445113	0.155541141
6.068918000	0.611379921	0.156073907
6.068919000	0.608885646	0.154207597
6.068920000	0.595305443	0.154859938
6.068921000	0.594863594	0.153308796
6.068922000	0.597515047	0.152736017
6.068923000	0.595801175	0.152917162
6.068924000	0.588622212	0.153929779
6.068925000	0.592750013	0.152114951
6.068926000	0.597803831	0.150875233
6.068927000	0.573240578	0.151566706
6.068928000	0.595686674	0.150743173
6.068929000	0.614165843	0.151108842
6.068930000	0.609537065	0.148644619
6.068931000	0.590982914	0.148704374
6.068932000	0.593681931	0.147684017
6.068933000	0.606314898	0.148767158
6.068934000	0.586219490	0.149531186
6.068935000	0.601136923	0.145447328
6.068936000	0.600111067	0.146778842
6.068937000	0.600080132	0.147560513
6.068938000	0.607813418	0.146474992
6.068939000	0.605871975	0.147092129
6.068940000	0.605714142	0.144747998
6.068941000	0.605913222	0.145696084
6.068942000	0.613278031	0.143112401
6.068943000	0.614378750	0.143402020
6.068944000	0.620082736	0.145291550
6.068945000	0.605931163	0.143676892
6.068946000	0.604098141	0.143808502
6.068947000	0.622514188	0.141456464
6.068948000	0.597004175	0.141380148
6.068949000	0.605984390	0.141164615
6.068950000	0.618054807	0.140935484
6.068951000	0.619787633	0.141869071
6.068952000	0.622163117	0.140604170
6.068953000	0.610296309	0.139683881
6.068954000	0.609931290	0.141634164
6.068955000	0.618095517	0.139088124
6.068956000	0.617376506	0.140723213
6.068957000	0.623552799	0.140417715
6.068958000	0.602112651	0.138777150
6.068959000	0.619231224	0.139285256
6.068960000	0.611978173	0.137269035
6.068961000	0.626143157	0.137812345
6.068962000	0.630144298	0.136927950
6.068963000	0.604553163	0.136329172
6.068964000	0.612171650	0.136721256
6.068965000	0.626443446	0.135979416
6.068966000	0.634288013	0.136762036
6.068967000	0.616155624	0.136616935
6.068968000	0.614949822	0.134269184
6.068969000	0.634560168	0.133856652
6.068970000	0.637560725	0.133468612
6.068971000	0.630641818	0.134770890
6.068972000	0.619802356	0.136237726
6.068973000	0.634069324	0.133164554
6.068974000	0.638106287	0.131878514
6.068975000	0.630917788	0.134074390
6.068976000	0.636346340	0.133360488
6.068977000	0.635097444	0.129892112
6.068978000	0.618771315	0.131726431
6.068979000	0.625443578	0.131843285
6.068980000	0.630247653	0.130359247
6.068981000	0.637452006	0.129452815
6.068982000	0.643353105	0.128598390
6.068983000	0.634257078	0.128988327
6.068984000	0.643493354	0.131036056
6.068985000	0.643177927	0.129232405
6.068986000	0.648678660	0.128771395
6.068987000	0.663312018	0.127310502
6.068988000	0.642266810	0.126975268
6.068989000	0.652356267	0.125876831
6.068990000	0.651319325	0.126602425
6.068991000	0.644067585	0.127560173
6.068992000	0.632888794	0.127598290
6.068993000	0.640468776	0.126692041
6.068994000	0.640230834	0.125368417
6.068995000	0.637203693	0.125673806
6.068996000	0.634190559	0.125068245
6.068997000	0.631682158	0.126231988
6.068998000	0.639853120	0.125481193
6.068999000	0.643191159	0.124978330
6.069000000	0.637648463	0.124261274
6.069001000	0.644895434	0.124160415
6.069002000	0.647978127	0.125216874
6.069003000	0.636798263	0.122964015
6.069004000	0.636729002	0.121622323
6.069005000	0.640129268	0.122091696
6.069006000	0.654890656	0.122343066
6.069007000	0.647197664	0.122062468
6.069008000	0.646893919	0.120118918
6.069009000	0.648502648	0.120868040
6.069010000	0.648467004	0.120233401
6.069011000	0.651169658	0.121246767
6.069012000	0.644145727	0.119801378
6.069013000	0.654330671	0.117020688
6.069014000	0.646799088	0.118820086
6.069015000	0.640682459	0.120862514
6.069016000	0.644800663	0.117850413
6.069017000	0.642063498	0.119703165
6.069018000	0.641934037	0.118495838
6.069019000	0.661327302	0.118461375
6.069020000	0.651511133	0.118073577
6.069021000	0.639572859	0.116694126
6.069022000	0.653808713	0.116437065
6.069023000	0.655411541	0.115974499
6.069024000	0.654932618	0.116495546
6.069025000	0.660081387	0.116170174
6.069026000	0.656936884	0.115551605
6.069027000	0.657554388	0.114167760
6.069028000	0.657845378	0.115031906
6.069029000	0.650564671	0.115120115
6.069030000	0.675038695	0.113280853
6.069031000	0.668140113	0.115034902
6.069032000	0.665253460	0.113557064
6.069033000	0.664987445	0.111833258
6.069034000	0.659019887	0.113746839
6.069035000	0.667236269	0.113224693
6.069036000	0.654843926	0.114044697
6.069037000	0.640758455	0.112779071
6.069038000	0.657767892	0.112880921
6.069039000	0.667800188	0.111971443
6.069040000	0.664153457	0.111728271
6.069041000	0.648678780	0.111840582
6.069042000	0.634505630	0.109776957
6.069043000	0.667833686	0.110743368
6.069044000	0.655013800	0.109934308
6.069045000	0.666264653	0.107934374
6.069046000	0.659621835	0.109125880
6.069047000	0.660174668	0.108925427
6.069048000	0.659587502	0.107103950
6.069049000	0.652961850	0.108915882
6.069050000	0.656821191	0.106414732
6.069051000	0.671579301	0.106683046
6.069052000	0.669864237	0.107955346
6.069053000	0.650124490	0.105525411
6.069054000	0.670023978	0.105361261
6.069055000	0.653366685	0.105898920
6.069056000	0.653651655	0.106196703
6.069057000	0.674809217	0.105035390
6.069058000	0.665785193	0.105415473
6.069059000	0.653437316	0.106221820
6.069060000	0.668480217	0.103201886
6.069061000	0.657006860	0.105062038
6.069062000	0.662099540	0.104870349
6.069063000	0.678649962	0.103994177
6.069064000	0.657102346	0.102629898
6.069065000	0.661690652	0.104823011
6.069066000	0.666263521	0.102856732
6.069067000	0.654788196	0.103164186
6.069068000	0.653642237	0.102164152
6.069069000	0.666663885	0.102087553
6.069070000	0.659988105	0.101877330
6.069071000	0.665808022	0.102298809
6.069072000	0.670957327	0.101817659
6.069073000	0.655747831	0.104192915
6.069074000	0.668695509	0.101898768
6.069075000	0.662838280	0.101432208
6.069076000	0.654086769	0.100412983
6.069077000	0.664658487	0.098729615
6.069078000	0.654375315	0.099587902
6.069079000	0.663020670	0.100990722
6.069080000	0.672285318	0.098946904
6.069081000	0.665330291	0.099136596
6.069082000	0.663549483	0.097816159
6.069083000	0.664136767	0.099114017
6.069084000	0.672148168	0.100130022
6.069085000	0.667447329	0.097709608
6.069086000	0.674601376	0.096992951
6.069087000	0.678603709	0.095547629
6.069088000	0.673355401	0.098982873
6.069089000	0.666752458	0.095981882
6.069090000	0.667418301	0.096933488
6.069091000	0.665195763	0.095630070
6.069092000	0.668314159	0.096596431
6.069093000	0.670516372	0.094959569
6.069094000	0.668777704	0.095505592
6.069095000	0.676580369	0.095095723
6.069096000	0.658138275	0.093676467
6.069097000	0.663587689	0.092932088
6.069098000	0.656930149	0.094558481
6.069099000	0.674693763	0.094886948
6.069100000	0.666113079	0.094111552
6.069101000	0.674901068	0.092729055
6.069102000	0.668155074	0.093510751
6.069103000	0.661152005	0.093214092
6.069104000	0.673766434	0.092794386
6.069105000	0.667706013	0.092140780
6.069106000	0.659650147	0.092794977
6.069107000	0.675579131	0.091511891
6.069108000	0.665899873	0.092617769
6.069109000	0.663149834	0.091399106
6.069110000	0.649718523	0.090293686
6.069111000	0.670527101	0.090158880
6.069112000	0.683875799	0.089727823
6.069113000	0.672323167	0.090428559
6.069114000	0.674540222	0.089865375
6.069115000	0.651864469	0.087988903
6.069116000	0.669456005	0.089235005
6.069117000	0.683250368	0.089636901
6.069118000	0.668746531	0.088272314
6.069119000	0.673707187	0.089013213
6.069120000	0.673495770	0.086681125
6.069121000	0.667908728	0.087584111
6.069122000	0.666986227	0.088743435
6.069123000	0.667216539	0.087236244
6.069124000	0.670343101	0.084912503
6.069125000	0.661353052	0.086878415
6.069126000	0.663821280	0.087826542
6.069127000	0.660592318	0.087672112
6.069128000	0.665559828	0.085311436
6.069129000	0.669987440	0.085790664
6.069130000	0.678780079	0.084592840
6.069131000	0.675112069	0.084875768
6.069132000	0.666739166	0.086049781
6.069133000	0.673766077	0.085962105
6.069134000	0.676953614	0.084728021
6.069135000	0.671188235	0.085121153
6.069136000	0.653337479	0.082685160
6.069137000	0.684197605	0.084173084
6.069138000	0.661758602	0.084659236
6.069139000	0.672896206	0.083234021
6.069140000	0.661776304	0.083539277
6.069141000	0.655388057	0.082875076
6.069142000	0.662933111	0.082417953
6.069143000	0.666106880	0.080864606
6.069144000	0.661873877	0.081779061
6.069145000	0.669690967	0.080014209
6.069146000	0.649616361	0.079954171
6.069147000	0.681639850	0.079128916
6.069148000	0.667429566	0.080783671
6.069149000	0.666605055	0.079831233
6.069150000	0.669948220	0.079446764
6.069151000	0.675407648	0.080174681
6.069152000	0.663688958	0.079853720
6.069153000	0.671060741	0.078908306
6.069154000	0.666768372	0.078280633
6.069155000	0.666024029	0.078700488
6.069156000	0.674525976	0.077307988
6.069157000	0.676460385	0.078494401
6.069158000	0.670595765	0.076531002
6.069159000	0.665501416	0.078766093
6.069160000	0.665166855	0.078041863
6.069161000	0.661767542	0.076762156
6.069162000	0.672948122	0.075736615
6.069163000	0.684858441	0.075522555
6.069164000	0.668819368	0.076210274
6.069165000	0.679359317	0.075523379
6.069166000	0.659717917	0.073521780
6.069167000	0.671962976	0.075343241
6.069168000	0.676729441	0.075951507
6.069169000	0.667185485	0.074924733
6.069170000	0.684189498	0.075556052
6.069171000	0.663823545	0.074648938
6.069172000	0.655107319	0.072841492
6.069173000	0.665163219	0.075198864
6.069174000	0.680865467	0.073222016
6.069175000	0.680756152	0.073321643
6.069176000	0.679337621	0.073835109
6.069177000	0.659378290	0.074407056
6.069178000	0.653868914	0.072989938
6.069179000	0.668337107	0.072313079
6.069180000	0.672861218	0.072089266
6.069181000	0.672656596	0.072612718
6.069182000	0.680768132	0.071242089
6.069183000	0.680748880	0.072825546
6.069184000	0.664643347	0.071089515
6.069185000	0.677994490	0.070514555
6.069186000	0.671873033	0.071409710
6.069187000	0.671748161	0.071856847
6.069188000	0.661827981	0.069149689
6.069189000	0.668810964	0.069716805
6.069190000	0.659918725	0.068225793
6.069191000	0.670063853	0.068324267
6.069192000	0.673697293	0.070322034
6.069193000	0.681249142	0.068172442
6.069194000	0.676656902	0.068375304
6.069195000	0.677514613	0.067981028
6.069196000	0.666025221	0.067776455
6.069197000	0.691214442	0.065136493
6.069198000	0.663328290	0.065848680
6.069199000	0.668949246	0.066651619
6.069200000	0.666373610	0.067240336
6.069201000	0.646577895	0.065411227
6.069202000	0.654889822	0.064853103
6.069203000	0.668622315	0.064829788
6.069204000	0.664333284	0.064834611
6.069205000	0.671790063	0.065808200
6.069206000	0.663718283	0.065115616
6.069207000	0.667268753	0.064889855
6.069208000	0.670729399	0.064007820
6.069209000	0.672493756	0.065000842
6.069210000	0.673005879	0.063702614
6.069211000	0.658028722	0.061450000
6.069212000	0.659181833	0.060769837
6.069213000	0.657532096	0.061733014
6.069214000	0.676348746	0.063174076
6.069215000	0.654558063	0.061595454
6.069216000	0.667760313	0.061818727
6.069217000	0.651844621	0.062349158
6.069218000	0.673908591	0.063210711
6.069219000	0.668665528	0.060542998
6.069220000	0.663313329	0.061852711
6.069221000	0.674514294	0.060749505
6.069222000	0.675929070	0.063213790
6.069223000	0.664998114	0.060507415
6.069224000	0.671393275	0.061757166
6.069225000	0.661339641	0.061762884
6.069226000	0.669086337	0.058705891
6.069227000	0.658623099	0.057808235
6.069228000	0.668430090	0.059089615
6.069229000	0.677262425	0.059497220
6.069230000	0.661446571	0.058070069
6.069231000	0.673997760	0.056770954
6.069232000	0.674737990	0.057153285
6.069233000	0.674090445	0.056393655
6.069234000	0.677701354	0.055992205
6.069235000	0.672699630	0.055864306
6.069236000	0.661863565	0.055992292
6.069237000	0.665588200	0.055462385
6.069238000	0.684248328	0.056290408
6.069239000	0.653244436	0.056648957
6.069240000	0.680206418	0.055102626
6.069241000	0.664061129	0.054433556
6.069242000	0.670738161	0.054531290
6.069243000	0.644492447	0.053742882
6.069244000	0.670744240	0.054568350
6.069245000	0.663972020	0.051554796
6.069246000	0.662990689	0.053837041
6.069247000	0.675887048	0.055059790
6.069248000	0.666021585	0.052312128
6.069249000	0.653143704	0.053730956
6.069250000	0.672450066	0.052633118
6.069251000	0.665077806	0.051807771
6.069252000	0.651449740	0.051130983
6.069253000	0.663591564	0.051661680
6.069254000	0.654647768	0.050777947
6.069255000	0.666109383	0.050935078
6.069256000	0.674175560	0.051546727
6.069257000	0.655523658	0.050828077
6.069258000	0.661012650	0.051763346
6.069259000	0.661731839	0.050517636
6.069260000	0.669375181	0.048897057
6.069261000	0.649235785	0.049386096
6.069262000	0.664713383	0.049035146
6.069263000	0.669801593	0.049064574
6.069264000	0.660673440	0.049642363
6.069265000	0.664930940	0.048415232
6.069266000	0.655200064	0.048458634
6.069267000	0.651792407	0.048504265
6.069268000	0.671079218	0.048626854
6.069269000	0.655993879	0.048318726
6.069270000	0.644378901	0.047523386
6.069271000	0.641750097	0.046965770
6.069272000	0.673341155	0.044439753
6.069273000	0.663339555	0.046546363
6.069274000	0.673802614	0.046911562
6.069275000	0.645985007	0.045964683
6.069276000	0.662339926	0.045778424
6.069277000	0.657420397	0.045244460
6.069278000	0.654717743	0.043545418
6.069279000	0.655375063	0.044387701
6.069280000	0.645747840	0.043360761
6.069281000	0.658730388	0.042279988
6.069282000	0.660641253	0.043311010
6.069283000	0.656330287	0.041862054
6.069284000	0.651423395	0.043219530
6.069285000	0.658036113	0.042044864
6.069286000	0.660551846	0.042361505
6.069287000	0.650282919	0.040807205
6.069288000	0.650078833	0.042522094
6.069289000	0.657710433	0.042128978
6.069290000	0.661915481	0.041928554
6.069291000	0.652983785	0.043708066
6.069292000	0.664078176	0.039473290
6.069293000	0.654464543	0.040896126
6.069294000	0.656416714	0.039981476
6.069295000	0.661839485	0.039333832
6.069296000	0.641778886	0.039368445
6.069297000	0.653273404	0.038404493
6.069298000	0.657511175	0.039053127
6.069299000	0.634450912	0.036693712
6.069300000	0.654197514	0.038789957
6.069301000	0.668089330	0.038215176
6.069302000	0.628449440	0.037548545
6.069303000	0.643825114	0.036691090
6.069304000	0.655149519	0.036892567
6.069305000	0.643193781	0.037017964
6.069306000	0.652455211	0.034722199
6.069307000	0.653899491	0.036013187
6.069308000	0.647166073	0.036169040
6.069309000	0.652773678	0.034907546
6.069310000	0.664431214	0.035097076
6.069311000	0.643748879	0.033672299
6.069312000	0.638889253	0.032216077
6.069313000	0.626213729	0.032358100
6.069314000	0.654239357	0.033666615
6.069315000	0.655087709	0.033587405
6.069316000	0.650623739	0.032675624
6.069317000	0.627932847	0.033282872
6.069318000	0.652293921	0.030971717
6.069319000	0.641382933	0.032405128
6.069320000	0.642108858	0.030934753
6.069321000	0.645462275	0.030712483
6.069322000	0.642137051	0.030546743
6.069323000	0.641010523	0.030764132
6.069324000	0.639651656	0.031738393
6.069325000	0.658602118	0.028968017
6.069326000	0.647718728	0.028334467
6.069327000	0.649670899	0.029004824
6.069328000	0.655161202	0.028823786
6.069329000	0.636145651	0.028682470
6.069330000	0.646562517	0.028057524
6.069331000	0.656881750	0.028329726
6.069332000	0.641926527	0.027675558
6.069333000	0.669313669	0.027586358
6.069334000	0.634480953	0.029119490
6.069335000	0.646239996	0.027814283
6.069336000	0.657703459	0.026787897
6.069337000	0.663049698	0.026932498
6.069338000	0.635065794	0.027456013
6.069339000	0.638300955	0.024787742
6.069340000	0.637301326	0.025205958
6.069341000	0.649540663	0.025650869
6.069342000	0.621512055	0.025317401
6.069343000	0.639012277	0.024419365
6.069344000	0.633740246	0.022203777
6.069345000	0.631535411	0.022285218
6.069346000	0.638845921	0.022975800
6.069347000	0.640479326	0.021663890
6.069348000	0.634999514	0.022867695
6.069349000	0.635965526	0.022370484
6.069350000	0.625796258	0.021065604
6.069351000	0.640452504	0.023900389
6.069352000	0.610821068	0.021253343
6.069353000	0.651521087	0.022120932
6.069354000	0.626407444	0.020860716
6.069355000	0.615066588	0.019469640
6.069356000	0.637834847	0.019969863
6.069357000	0.640289128	0.020084431
6.069358000	0.635661185	0.020573648
6.069359000	0.627658665	0.019743954
6.069360000	0.615805447	0.019508402
6.069361000	0.628063798	0.018791279
6.069362000	0.607600868	0.019705108
6.069363000	0.633499980	0.017863557
6.069364000	0.629230797	0.018297735
6.069365000	0.632167697	0.018288499
6.069366000	0.623228669	0.016124737
6.069367000	0.635552168	0.016100732
6.069368000	0.632505119	0.017236592
6.069369000	0.628528774	0.014741214
6.069370000	0.624125421	0.014489980
6.069371000	0.631421804	0.016600829
6.069372000	0.615779161	0.014964446
6.069373000	0.620556056	0.016664023
6.069374000	0.618876576	0.016234089
6.069375000	0.628877699	0.014136570
6.069376000	0.625629723	0.015170751
6.069377000	0.622080743	0.013145810
6.069378000	0.624519587	0.012579951
6.069379000	0.616717041	0.013466979
6.069380000	0.612598956	0.013957951
6.069381000	0.627064466	0.012851968
6.069382000	0.614388525	0.011541500
6.069383000	0.607374966	0.013424397
6.069384000	0.608751416	0.012032752
6.069385000	0.613511264	0.011227284
6.069386000	0.610846817	0.011481517
6.069387000	0.603584886	0.010037614
6.069388000	0.616194367	0.012186723
6.069389000	0.612801552	0.007996992
6.069390000	0.616729617	0.009035837
6.069391000	0.610966682	0.008358493
6.069392000	0.626642644	0.009238631
6.069393000	0.605459869	0.009493277
6.069394000	0.611089468	0.007911418
6.069395000	0.599747121	0.008833905
6.069396000	0.606031120	0.006732266
6.069397000	0.595458865	0.005687178
6.069398000	0.611175537	0.006528297
6.069399000	0.593054593	0.006586988
6.069400000	0.610054314	0.005122990
6.069401000	0.604483962	0.005053670
6.069402000	0.618689656	0.004854805
6.069403000	0.613006413	0.005144893
6.069404000	0.600843549	0.004256050
6.069405000	0.607240617	0.001595458
6.069406000	0.597553670	0.002221753
6.069407000	0.607285321	0.002043603
6.069408000	0.588462234	0.003517651
6.069409000	0.604923666	0.002544354
6.069410000	0.584496498	0.000053402
6.069411000	0.585686684	0.001735405
6.069412000	0.601708889	0.001252933
6.069413000	0.598036230	0.000314846
6.069414000	0.588163674	0.000008569
6.069415000	0.597810149	-0.000749108
6.069416000	0.588259339	0.001234758
6.069417000	0.585627317	-0.001900328
6.069418000	0.591650307	-0.001328171
6.069419000	0.574986994	-0.003925861
6.069420000	0.592056811	-0.002636136
6.069421000	0.593000710	-0.004251121
6.069422000	0.595791638	-0.002284455
6.069423000	0.584934056	-0.004061170
6.069424000	0.574799895	-0.003167900
6.069425000	0.593963861	-0.004649471
6.069426000	0.579500318	-0.003820112
6.069427000	0.580323577	-0.006200802
6.069428000	0.585730076	-0.005553826
6.069429000	0.571742177	-0.006275724
6.069430000	0.572726488	-0.006728496
6.069431000	0.576616466	-0.004618365
6.069432000	0.583391964	-0.005842251
6.069433000	0.571857631	-0.007016478
6.069434000	0.592978477	-0.007508238
6.069435000	0.575273812	-0.007946422
6.069436000	0.567478538	-0.006576481
6.069437000	0.587487698	-0.007485176
6.069438000	0.585904419	-0.008975860
6.069439000	0.562362075	-0.009433927
6.069440000	0.573202193	-0.009143128
6.069441000	0.588808298	-0.011151833
6.069442000	0.577952504	-0.010440014
6.069443000	0.578251362	-0.011684685
6.069444000	0.578910291	-0.013285158
6.069445000	0.577656448	-0.013224875
6.069446000	0.574353039	-0.012254661
6.069447000	0.575735390	-0.013119178
6.069448000	0.584047675	-0.011984787
6.069449000	0.572146714	-0.013997578
6.069450000	0.560764313	-0.014223541
6.069451000	0.578924775	-0.016073194
6.069452000	0.561948717	-0.013858099
6.069453000	0.561525106	-0.014783670
6.069454000	0.560766041	-0.014087659
6.069455000	0.567160010	-0.016421020
6.069456000	0.553063750	-0.015591466
6.069457000	0.583104968	-0.018671110
6.069458000	0.558721304	-0.017778111
6.069459000	0.565207005	-0.016724696
6.069460000	0.572735965	-0.017324206
6.069461000	0.566443682	-0.016755173
6.069462000	0.549981236	-0.018330750
6.069463000	0.545087159	-0.020454230
6.069464000	0.557720244	-0.020868657
6.069465000	0.546788514	-0.020963921
6.069466000	0.547497451	-0.021276891
6.069467000	0.549262941	-0.021359584
6.069468000	0.557645321	-0.021349855
6.069469000	0.572092950	-0.020987802
6.069470000	0.563737214	-0.023513024
6.069471000	0.557422161	-0.024059734
6.069472000	0.558188319	-0.023346477
6.069473000	0.548617780	-0.023074593
6.069474000	0.556634843	-0.025862852
6.069475000	0.540735602	-0.025098446
6.069476000	0.545954704	-0.022661050
6.069477000	0.546258688	-0.026629318
6.069478000	0.548189819	-0.025361747
6.069479000	0.557377696	-0.026653393
6.069480000	0.541508794	-0.027958984
6.069481000	0.529424131	-0.026688958
6.069482000	0.529985070	-0.027273493
6.069483000	0.552684963	-0.028961024
6.069484000	0.541029334	-0.028531622
6.069485000	0.538485229	-0.030119397
6.069486000	0.534624934	-0.031459589
6.069487000	0.547431886	-0.030340161
6.069488000	0.537391603	-0.030462870
6.069489000	0.543691158	-0.029314787
6.069490000	0.524220526	-0.030279436
6.069491000	0.541084290	-0.032221313
6.069492000	0.529040456	-0.031842192
6.069493000	0.536023796	-0.033193800
6.069494000	0.546282947	-0.031050736
6.069495000	0.529243052	-0.033667162
6.069496000	0.528377593	-0.033410234
6.069497000	0.538364947	-0.034605269
6.069498000	0.527454376	-0.035167521
6.069499000	0.549162090	-0.035044366
6.069500000	0.516879678	-0.034215932
6.069501000	0.516106367	-0.037153149
6.069502000	0.527626932	-0.036415203
6.069503000	0.520714581	-0.036129305
6.069504000	0.519031644	-0.038758694
6.069505000	0.529031157	-0.038462637
6.069506000	0.522763550	-0.038972633
6.069507000	0.518255949	-0.041111363
6.069508000	0.511715174	-0.040554883
6.069509000	0.515696466	-0.038980914
6.069510000	0.505779505	-0.042794648
6.069511000	0.504228115	-0.042221436
6.069512000	0.496108234	-0.042496873
6.069513000	0.486720771	-0.042934414
6.069514000	0.498971462	-0.041196306
6.069515000	0.517395198	-0.040863003
6.069516000	0.495215267	-0.042739474
6.069517000	0.505583227	-0.043200817
6.069518000	0.497026294	-0.044129599
6.069519000	0.493583322	-0.045663222
6.069520000	0.496907979	-0.045618127
6.069521000	0.502120674	-0.046545581
6.069522000	0.492211044	-0.048466340
6.069523000	0.488793880	-0.048228861
6.069524000	0.496024728	-0.049873288
6.069525000	0.484634668	-0.048748902
6.069526000	0.484989733	-0.047817315
6.069527000	0.499009848	-0.051287140
6.069528000	0.491850734	-0.050142089
6.069529000	0.499128044	-0.050648122
6.069530000	0.476157278	-0.051517570
6.069531000	0.489148885	-0.052904394
6.069532000	0.479622364	-0.053243560
6.069533000	0.478424251	-0.054166271
6.069534000	0.471183091	-0.055376157
6.069535000	0.485046238	-0.055062836
6.069536000	0.481441677	-0.054162442
6.069537000	0.469892859	-0.057182201
6.069538000	0.469502956	-0.057468357
6.069539000	0.474940598	-0.056766053
6.069540000	0.483721882	-0.057208441
6.069541000	0.484055489	-0.055837562
6.069542000	0.461697191	-0.058441023
6.069543000	0.456744701	-0.059086045
6.069544000	0.479991615	-0.060258376
6.069545000	0.455720782	-0.061528896
6.069546000	0.459127426	-0.060539727
6.069547000	0.457829356	-0.062078780
6.069548000	0.468810439	-0.063001790
6.069549000	0.452594846	-0.061185685
6.069550000	0.458952248	-0.064945332
6.069551000	0.455692619	-0.063697137
6.069552000	0.459802508	-0.066520184
6.069553000	0.456444174	-0.065762914
6.069554000	0.447300166	-0.066544781
6.069555000	0.453951746	-0.065341227
6.069556000	0.466141373	-0.067506856
6.069557000	0.453785807	-0.065213741
6.069558000	0.450285047	-0.068318450
6.069559000	0.440840423	-0.069904958
6.069560000	0.454109401	-0.069852102
6.069561000	0.451981574	-0.069364427
6.069562000	0.423418313	-0.072017277
6.069563000	0.438183665	-0.069225968
6.069564000	0.443209648	-0.072192779
6.069565000	0.445098877	-0.070188651
6.069566000	0.436141133	-0.072003412
6.069567000	0.419478923	-0.072477804
6.069568000	0.433406502	-0.071041054
6.069569000	0.436193407	-0.073290368
6.069570000	0.414499402	-0.074177509
6.069571000	0.415792406	-0.074972554
6.069572000	0.423285842	-0.075078273
6.069573000	0.427350581	-0.077850449
6.069574000	0.430763841	-0.077143970
6.069575000	0.416925043	-0.079491214
6.069576000	0.414877146	-0.078919134
6.069577000	0.395796865	-0.079267350
6.069578000	0.424850672	-0.081135441
6.069579000	0.420272261	-0.082081671
6.069580000	0.424130559	-0.082060440
6.069581000	0.410706848	-0.081871939
6.069582000	0.411023140	-0.080397746
6.069583000	0.399787158	-0.083687132
6.069584000	0.404507279	-0.084132297
6.069585000	0.396802366	-0.085587581
6.069586000	0.385084212	-0.087994155
6.069587000	0.385452598	-0.086609710
6.069588000	0.380469710	-0.088136401
6.069589000	0.403087765	-0.091600766
6.069590000	0.389834166	-0.088824304
6.069591000	0.379002422	-0.091920653
6.069592000	0.396355808	-0.090446552
6.069593000	0.377136737	-0.091592959
6.069594000	0.376755238	-0.091359084
6.069595000	0.385222822	-0.091204978
6.069596000	0.381152749	-0.092566536
6.069597000	0.381027430	-0.093568442
6.069598000	0.371434897	-0.096338063
6.069599000	0.365253359	-0.097239685
6.069600000	0.375123203	-0.096022104
6.069601000	0.357162535	-0.098101742
6.069602000	0.360893697	-0.098272592
6.069603000	0.357154220	-0.100031959
6.069604000	0.344733119	-0.101673831
6.069605000	0.339286298	-0.102512536
6.069606000	0.351836920	-0.100923843
6.069607000	0.351539433	-0.104186133
6.069608000	0.347173274	-0.102748924
6.069609000	0.338791877	-0.103578166
6.069610000	0.323901922	-0.106223218
6.069611000	0.340791911	-0.106436653
6.069612000	0.340829104	-0.106514459
6.069613000	0.334482223	-0.106446990
6.069614000	0.322190970	-0.108046909
6.069615000	0.320792198	-0.109536040
6.069616000	0.322274834	-0.107582087
6.069617000	0.329933196	-0.107336860
6.069618000	0.313064814	-0.110881727
6.069619000	0.322406232	-0.111226199
6.069620000	0.297652006	-0.111171571
6.069621000	0.311779916	-0.114902560
6.069622000	0.305935115	-0.114793578
6.069623000	0.298603892	-0.113394586
6.069624000	0.285579264	-0.117542168
6.069625000	0.287270546	-0.116910600
6.069626000	0.283381313	-0.115067051
6.069627000	0.296317548	-0.117157450
6.069628000	0.303475201	-0.116834442
6.069629000	0.295417666	-0.119101033
6.069630000	0.284245729	-0.119636154
6.069631000	0.275887400	-0.123442194
6.069632000	0.289905190	-0.121488299
6.069633000	0.272601545	-0.121334560
6.069634000	0.269804657	-0.123409437
6.069635000	0.274484396	-0.122743289
6.069636000	0.269791603	-0.124029471
6.069637000	0.262844175	-0.124765485
6.069638000	0.266289592	-0.125998512
6.069639000	0.261193812	-0.127452973
6.069640000	0.263570845	-0.127940506
6.069641000	0.258119404	-0.127847046
6.069642000	0.242592931	-0.129401882
6.069643000	0.255126178	-0.131367728
6.069644000	0.238157198	-0.129618946
6.069645000	0.237950742	-0.133289282
6.069646000	0.236254752	-0.135125323
6.069647000	0.234205604	-0.135549473
6.069648000	0.240465581	-0.136203646
6.069649000	0.223994479	-0.134724809
6.069650000	0.226861775	-0.139844703
6.069651000	0.203714326	-0.138517233
6.069652000	0.200155243	-0.140036534
6.069653000	0.226912379	-0.140299437
6.069654000	0.207112879	-0.142496512
6.069655000	0.205530509	-0.145782237
6.069656000	0.195508152	-0.143751593
6.069657000	0.216937616	-0.143700211
6.069658000	0.187076122	-0.144686047
6.069659000	0.203606591	-0.147833520
6.069660000	0.203888059	-0.148725945
6.069661000	0.175575629	-0.149321761
6.069662000	0.170836970	-0.152828612
6.069663000	0.180709377	-0.151734918
6.069664000	0.172061414	-0.152331899
6.069665000	0.180024147	-0.151581953
6.069666000	0.149457902	-0.153864648
6.069667000	0.153660193	-0.155857941
6.069668000	0.157458141	-0.155685118
6.069669000	0.161981910	-0.158987405
6.069670000	0.168860853	-0.157615977
6.069671000	0.152993605	-0.159952185
6.069672000	0.138039500	-0.160592675
6.069673000	0.143771857	-0.163187693
6.069674000	0.118027516	-0.164031399
6.069675000	0.142893657	-0.165949324
6.069676000	0.120277613	-0.165709473
6.069677000	0.122089408	-0.166387248
6.069678000	0.113295548	-0.168198813
6.069679000	0.113452353	-0.169941918
6.069680000	0.101540059	-0.169699271
