D:\KID metingen\Entropy ADR\LT343chip5_BF_20240530_mapping\S21\Power\KID84_96dBm_.dat
Power at KID:96dBm
resonance Frequency in GHz :6.052946
Q=30882.377553, Qc=39086.206699, Qi=147135.559611  S21min=-13.560138


Temperature in K:0.099968
GHz	dB	Rad
6.052141000	-1.167690277	-0.259437380
6.052142000	-1.184642673	-0.259923074
6.052143000	-1.172468543	-0.261200643
6.052144000	-1.183967710	-0.260719592
6.052145000	-1.180819631	-0.259710404
6.052146000	-1.180251837	-0.261115172
6.052147000	-1.180422783	-0.262159081
6.052148000	-1.186382294	-0.259636585
6.052149000	-1.180504441	-0.260273363
6.052150000	-1.177457809	-0.260945179
6.052151000	-1.186253071	-0.261422900
6.052152000	-1.188120127	-0.262346900
6.052153000	-1.183290124	-0.261128255
6.052154000	-1.184614182	-0.261019498
6.052155000	-1.183879256	-0.260074375
6.052156000	-1.178576469	-0.261568908
6.052157000	-1.189016938	-0.261268437
6.052158000	-1.184237003	-0.262734357
6.052159000	-1.185373783	-0.261914470
6.052160000	-1.188246489	-0.262946378
6.052161000	-1.183517814	-0.262431356
6.052162000	-1.192393899	-0.263464330
6.052163000	-1.189243913	-0.262142236
6.052164000	-1.185532808	-0.262330855
6.052165000	-1.176775932	-0.262352859
6.052166000	-1.197082162	-0.262348066
6.052167000	-1.188895822	-0.262656892
6.052168000	-1.182564259	-0.262814202
6.052169000	-1.187566280	-0.262950722
6.052170000	-1.189047933	-0.263971595
6.052171000	-1.184304953	-0.263973359
6.052172000	-1.182590008	-0.262624618
6.052173000	-1.178032517	-0.264086511
6.052174000	-1.183957219	-0.263353109
6.052175000	-1.186489940	-0.264198596
6.052176000	-1.186126351	-0.264078288
6.052177000	-1.182905197	-0.263989954
6.052178000	-1.197014213	-0.264216689
6.052179000	-1.182029009	-0.265072346
6.052180000	-1.193760037	-0.263505675
6.052181000	-1.190559387	-0.264090122
6.052182000	-1.175121427	-0.264406656
6.052183000	-1.194043159	-0.264834859
6.052184000	-1.196626067	-0.264464746
6.052185000	-1.182027102	-0.264488615
6.052186000	-1.195742965	-0.264439263
6.052187000	-1.193095088	-0.265026923
6.052188000	-1.198696733	-0.264433004
6.052189000	-1.191928983	-0.266385501
6.052190000	-1.187363386	-0.266080269
6.052191000	-1.193197250	-0.265418707
6.052192000	-1.194111705	-0.265124361
6.052193000	-1.186793327	-0.265813887
6.052194000	-1.197383523	-0.265714917
6.052195000	-1.192652345	-0.266578680
6.052196000	-1.188897252	-0.265005651
6.052197000	-1.191226125	-0.266596773
6.052198000	-1.191774249	-0.265422136
6.052199000	-1.191530585	-0.265435435
6.052200000	-1.199375153	-0.267194037
6.052201000	-1.193341494	-0.267260732
6.052202000	-1.193599582	-0.265558240
6.052203000	-1.189331651	-0.267875440
6.052204000	-1.193559289	-0.266995248
6.052205000	-1.203583002	-0.268779932
6.052206000	-1.200783491	-0.267789569
6.052207000	-1.189029574	-0.266570774
6.052208000	-1.192961216	-0.267650220
6.052209000	-1.199032187	-0.268028239
6.052210000	-1.195304990	-0.267297983
6.052211000	-1.196666241	-0.268080170
6.052212000	-1.196645260	-0.269248133
6.052213000	-1.182177663	-0.268297767
6.052214000	-1.204998732	-0.268839188
6.052215000	-1.190887332	-0.268936809
6.052216000	-1.195774555	-0.268853586
6.052217000	-1.195839524	-0.267496622
6.052218000	-1.191091776	-0.269403944
6.052219000	-1.185793757	-0.268599270
6.052220000	-1.194263577	-0.269477215
6.052221000	-1.199333549	-0.269864438
6.052222000	-1.193678975	-0.268232620
6.052223000	-1.199891090	-0.269434371
6.052224000	-1.190050483	-0.268770761
6.052225000	-1.196496725	-0.269501866
6.052226000	-1.189822912	-0.269527166
6.052227000	-1.197963476	-0.269760192
6.052228000	-1.198562860	-0.270053456
6.052229000	-1.201198697	-0.270746943
6.052230000	-1.203633070	-0.269948611
6.052231000	-1.204971671	-0.271296353
6.052232000	-1.195144415	-0.270593762
6.052233000	-1.207005739	-0.270529180
6.052234000	-1.199955702	-0.270407107
6.052235000	-1.208115816	-0.272033300
6.052236000	-1.217810392	-0.270875224
6.052237000	-1.209006429	-0.271272035
6.052238000	-1.200440168	-0.271330658
6.052239000	-1.193221450	-0.272439848
6.052240000	-1.210949898	-0.271323118
6.052241000	-1.197366476	-0.272469942
6.052242000	-1.201903939	-0.271074595
6.052243000	-1.199679375	-0.271663903
6.052244000	-1.207833529	-0.272688488
6.052245000	-1.200596333	-0.272220171
6.052246000	-1.208541512	-0.272391262
6.052247000	-1.206702232	-0.272338149
6.052248000	-1.205293298	-0.271853121
6.052249000	-1.200752139	-0.274174781
6.052250000	-1.199455261	-0.273463484
6.052251000	-1.207045674	-0.272746262
6.052252000	-1.208291173	-0.273427698
6.052253000	-1.210980773	-0.274164944
6.052254000	-1.200285792	-0.274714704
6.052255000	-1.202423811	-0.273172617
6.052256000	-1.211706281	-0.272833880
6.052257000	-1.204131484	-0.273574238
6.052258000	-1.203417301	-0.273467629
6.052259000	-1.210432768	-0.273908831
6.052260000	-1.209294319	-0.273873811
6.052261000	-1.202205658	-0.273351764
6.052262000	-1.206375718	-0.275208054
6.052263000	-1.205917001	-0.274148416
6.052264000	-1.207213402	-0.275526668
6.052265000	-1.210179925	-0.273746911
6.052266000	-1.210202694	-0.275404130
6.052267000	-1.214293957	-0.274536938
6.052268000	-1.204949141	-0.275413634
6.052269000	-1.216580868	-0.274929771
6.052270000	-1.215281010	-0.274616150
6.052271000	-1.213883281	-0.275864990
6.052272000	-1.218218207	-0.276751872
6.052273000	-1.212672353	-0.275908532
6.052274000	-1.215514183	-0.276168224
6.052275000	-1.211767912	-0.276713889
6.052276000	-1.224899173	-0.275372804
6.052277000	-1.208605528	-0.276699524
6.052278000	-1.209654093	-0.276915041
6.052279000	-1.210410833	-0.278403581
6.052280000	-1.203692675	-0.276386536
6.052281000	-1.213405252	-0.277699658
6.052282000	-1.224577546	-0.276247802
6.052283000	-1.217582822	-0.276564868
6.052284000	-1.215123057	-0.278276798
6.052285000	-1.211940050	-0.277200016
6.052286000	-1.211313128	-0.278280676
6.052287000	-1.212527156	-0.277699541
6.052288000	-1.226347804	-0.277836777
6.052289000	-1.212375164	-0.277485373
6.052290000	-1.201485634	-0.278655982
6.052291000	-1.207991362	-0.278542732
6.052292000	-1.218455315	-0.279527385
6.052293000	-1.219767094	-0.278576520
6.052294000	-1.208033681	-0.279153561
6.052295000	-1.214398742	-0.279778788
6.052296000	-1.214518070	-0.278861412
6.052297000	-1.217117786	-0.278458576
6.052298000	-1.222379684	-0.279523724
6.052299000	-1.214135408	-0.280571045
6.052300000	-1.211797595	-0.279785346
6.052301000	-1.212789297	-0.280384790
6.052302000	-1.214375973	-0.281570363
6.052303000	-1.217108488	-0.280783299
6.052304000	-1.222373366	-0.281659745
6.052305000	-1.222027421	-0.280300068
6.052306000	-1.231648564	-0.281351584
6.052307000	-1.223469853	-0.281003942
6.052308000	-1.231752396	-0.281628486
6.052309000	-1.223002911	-0.281875961
6.052310000	-1.218915701	-0.281251416
6.052311000	-1.231943965	-0.281726990
6.052312000	-1.211911917	-0.281985383
6.052313000	-1.226857066	-0.281743635
6.052314000	-1.227414012	-0.282236053
6.052315000	-1.229557276	-0.282198136
6.052316000	-1.227090120	-0.282969088
6.052317000	-1.229050636	-0.282807268
6.052318000	-1.220380902	-0.282393013
6.052319000	-1.228082299	-0.283699793
6.052320000	-1.230032086	-0.282999348
6.052321000	-1.215525389	-0.282632698
6.052322000	-1.226121664	-0.282511824
6.052323000	-1.234695077	-0.282494147
6.052324000	-1.227893114	-0.282592118
6.052325000	-1.218574047	-0.283477086
6.052326000	-1.239659429	-0.284621580
6.052327000	-1.224911332	-0.284336755
6.052328000	-1.222398639	-0.283453784
6.052329000	-1.226441622	-0.284319677
6.052330000	-1.227757692	-0.284551272
6.052331000	-1.227717757	-0.285001946
6.052332000	-1.226671576	-0.285108805
6.052333000	-1.225391507	-0.285455649
6.052334000	-1.226080894	-0.285849463
6.052335000	-1.231757045	-0.285867440
6.052336000	-1.233148813	-0.285225784
6.052337000	-1.220239997	-0.285452020
6.052338000	-1.236689568	-0.286088183
6.052339000	-1.240476131	-0.286453369
6.052340000	-1.234930873	-0.285576356
6.052341000	-1.235833645	-0.286714691
6.052342000	-1.228038549	-0.287417732
6.052343000	-1.237104177	-0.286688326
6.052344000	-1.233467579	-0.286597778
6.052345000	-1.235450268	-0.286530966
6.052346000	-1.232170343	-0.287211038
6.052347000	-1.240529418	-0.286415718
6.052348000	-1.235329270	-0.288742788
6.052349000	-1.233578682	-0.287387339
6.052350000	-1.240119576	-0.287196690
6.052351000	-1.240721703	-0.287765874
6.052352000	-1.240799665	-0.288825013
6.052353000	-1.236002922	-0.289551590
6.052354000	-1.244388461	-0.288352003
6.052355000	-1.231900573	-0.289420796
6.052356000	-1.240039825	-0.289346593
6.052357000	-1.244862080	-0.288677175
6.052358000	-1.235862136	-0.288006824
6.052359000	-1.247509837	-0.289740908
6.052360000	-1.245238543	-0.290819887
6.052361000	-1.246708870	-0.289262338
6.052362000	-1.244143486	-0.288995456
6.052363000	-1.252517819	-0.290890262
6.052364000	-1.243845105	-0.289249688
6.052365000	-1.239226818	-0.290873317
6.052366000	-1.246989369	-0.291017361
6.052367000	-1.241652250	-0.290756105
6.052368000	-1.244102955	-0.291732653
6.052369000	-1.241328359	-0.291032874
6.052370000	-1.253693223	-0.292341485
6.052371000	-1.241157055	-0.291317333
6.052372000	-1.235438108	-0.291501590
6.052373000	-1.254540563	-0.291305648
6.052374000	-1.247901201	-0.293216067
6.052375000	-1.249199748	-0.291746967
6.052376000	-1.249282598	-0.291990280
6.052377000	-1.248720407	-0.292329267
6.052378000	-1.242758632	-0.293997238
6.052379000	-1.237194896	-0.292069509
6.052380000	-1.248114467	-0.292406066
6.052381000	-1.248206377	-0.292951016
6.052382000	-1.246758461	-0.293866810
6.052383000	-1.258617282	-0.293541305
6.052384000	-1.242052555	-0.293997305
6.052385000	-1.243712306	-0.294262722
6.052386000	-1.253023028	-0.294142314
6.052387000	-1.258418798	-0.294378437
6.052388000	-1.254884481	-0.295667906
6.052389000	-1.248543859	-0.295207845
6.052390000	-1.249384403	-0.295222659
6.052391000	-1.249431133	-0.295436244
6.052392000	-1.249676824	-0.295994509
6.052393000	-1.248758197	-0.295928197
6.052394000	-1.259424686	-0.296084158
6.052395000	-1.266133666	-0.296525111
6.052396000	-1.258943677	-0.295583284
6.052397000	-1.257331133	-0.296945691
6.052398000	-1.260033607	-0.296677544
6.052399000	-1.255882859	-0.297067963
6.052400000	-1.253386855	-0.296902081
6.052401000	-1.263061881	-0.297473363
6.052402000	-1.258416176	-0.298169080
6.052403000	-1.265222311	-0.297985921
6.052404000	-1.254928589	-0.296842593
6.052405000	-1.252851248	-0.299225656
6.052406000	-1.250564694	-0.296960671
6.052407000	-1.258229613	-0.297524629
6.052408000	-1.256327748	-0.299662148
6.052409000	-1.262461305	-0.298966098
6.052410000	-1.255722404	-0.299712915
6.052411000	-1.264842033	-0.299965848
6.052412000	-1.269213915	-0.300140286
6.052413000	-1.260910511	-0.300371614
6.052414000	-1.258338451	-0.300007460
6.052415000	-1.254495740	-0.300150705
6.052416000	-1.264087319	-0.299879928
6.052417000	-1.265660882	-0.300469186
6.052418000	-1.268002272	-0.300861436
6.052419000	-1.267503262	-0.300451043
6.052420000	-1.260197401	-0.301512646
6.052421000	-1.264176369	-0.302391456
6.052422000	-1.272231698	-0.300982543
6.052423000	-1.265348792	-0.301694240
6.052424000	-1.262766600	-0.302477442
6.052425000	-1.264710188	-0.302103568
6.052426000	-1.259106994	-0.302050604
6.052427000	-1.266803622	-0.303306518
6.052428000	-1.273059845	-0.302851250
6.052429000	-1.268983006	-0.302952351
6.052430000	-1.271703482	-0.304048075
6.052431000	-1.265312076	-0.303368969
6.052432000	-1.270771503	-0.303879996
6.052433000	-1.269243956	-0.303458351
6.052434000	-1.272875667	-0.303136275
6.052435000	-1.266779780	-0.304725650
6.052436000	-1.284323096	-0.305810455
6.052437000	-1.268789053	-0.305098226
6.052438000	-1.275759339	-0.305755294
6.052439000	-1.273675799	-0.306729612
6.052440000	-1.275241137	-0.304692660
6.052441000	-1.273114920	-0.305275126
6.052442000	-1.273162603	-0.306660170
6.052443000	-1.273834944	-0.306661235
6.052444000	-1.274584532	-0.306285130
6.052445000	-1.279878736	-0.306220549
6.052446000	-1.273151755	-0.305764382
6.052447000	-1.276060700	-0.306721855
6.052448000	-1.280035019	-0.306547751
6.052449000	-1.273448706	-0.307382219
6.052450000	-1.284747720	-0.307531523
6.052451000	-1.271854401	-0.308856046
6.052452000	-1.281917572	-0.307780762
6.052453000	-1.291946411	-0.308858676
6.052454000	-1.285293698	-0.309110977
6.052455000	-1.282156825	-0.309786488
6.052456000	-1.286908746	-0.309310448
6.052457000	-1.284338713	-0.308643692
6.052458000	-1.284653306	-0.309094665
6.052459000	-1.277116776	-0.309492741
6.052460000	-1.301123977	-0.310729513
6.052461000	-1.277105927	-0.309576231
6.052462000	-1.286927462	-0.310917166
6.052463000	-1.291552305	-0.310327809
6.052464000	-1.285086155	-0.310152739
6.052465000	-1.290252209	-0.312073711
6.052466000	-1.298683167	-0.311418939
6.052467000	-1.292964935	-0.311426329
6.052468000	-1.296783686	-0.312119650
6.052469000	-1.292341948	-0.312092220
6.052470000	-1.286886215	-0.311701900
6.052471000	-1.294544220	-0.312834409
6.052472000	-1.296143055	-0.313490945
6.052473000	-1.293020010	-0.312437598
6.052474000	-1.293610930	-0.313826603
6.052475000	-1.282345533	-0.313545074
6.052476000	-1.295306802	-0.313961659
6.052477000	-1.300574183	-0.314124212
6.052478000	-1.307624578	-0.314729781
6.052479000	-1.296838045	-0.314835941
6.052480000	-1.298522711	-0.314601417
6.052481000	-1.302902579	-0.315821577
6.052482000	-1.300271392	-0.315533623
6.052483000	-1.299415112	-0.316905883
6.052484000	-1.310249686	-0.317193138
6.052485000	-1.304847240	-0.315473069
6.052486000	-1.305971503	-0.316336832
6.052487000	-1.297973752	-0.316571890
6.052488000	-1.308356524	-0.315804167
6.052489000	-1.296269655	-0.316163128
6.052490000	-1.304942727	-0.317085680
6.052491000	-1.307661891	-0.318646093
6.052492000	-1.289599776	-0.316841834
6.052493000	-1.296267033	-0.318732279
6.052494000	-1.309775710	-0.317954237
6.052495000	-1.301537395	-0.318173348
6.052496000	-1.308948517	-0.317117538
6.052497000	-1.307531357	-0.318357539
6.052498000	-1.321536422	-0.319228226
6.052499000	-1.313292980	-0.320731215
6.052500000	-1.312063336	-0.319817118
6.052501000	-1.304348826	-0.320546358
6.052502000	-1.315256119	-0.321236949
6.052503000	-1.312401652	-0.320489366
6.052504000	-1.310286522	-0.321562420
6.052505000	-1.310491323	-0.320007700
6.052506000	-1.311449289	-0.321900808
6.052507000	-1.316821694	-0.322024679
6.052508000	-1.311781287	-0.323236717
6.052509000	-1.312428594	-0.322585374
6.052510000	-1.320578218	-0.322439865
6.052511000	-1.320541143	-0.323050728
6.052512000	-1.325483799	-0.323008517
6.052513000	-1.333481789	-0.324015125
6.052514000	-1.322453022	-0.324552285
6.052515000	-1.313111186	-0.324111032
6.052516000	-1.313873529	-0.325140644
6.052517000	-1.326969981	-0.324577918
6.052518000	-1.326023221	-0.324592399
6.052519000	-1.315321922	-0.325919618
6.052520000	-1.328569293	-0.325454464
6.052521000	-1.317676783	-0.324308805
6.052522000	-1.330056787	-0.325826874
6.052523000	-1.332701802	-0.326726989
6.052524000	-1.325786591	-0.325839757
6.052525000	-1.324300408	-0.326631681
6.052526000	-1.325622916	-0.326612373
6.052527000	-1.331261396	-0.328821498
6.052528000	-1.321090817	-0.327946783
6.052529000	-1.339602709	-0.328583379
6.052530000	-1.331098676	-0.329433493
6.052531000	-1.332386255	-0.329363086
6.052532000	-1.340390801	-0.328973931
6.052533000	-1.338057518	-0.328993272
6.052534000	-1.340109110	-0.330347456
6.052535000	-1.330809474	-0.330443630
6.052536000	-1.336996078	-0.330509576
6.052537000	-1.335435987	-0.331745816
6.052538000	-1.344952345	-0.331588257
6.052539000	-1.342242956	-0.331776043
6.052540000	-1.345884204	-0.331181425
6.052541000	-1.344475269	-0.331389252
6.052542000	-1.339196444	-0.333198137
6.052543000	-1.350257397	-0.333403534
6.052544000	-1.349533796	-0.332736279
6.052545000	-1.341363192	-0.333185088
6.052546000	-1.348616958	-0.333760397
6.052547000	-1.351202965	-0.333746116
6.052548000	-1.351812243	-0.334967708
6.052549000	-1.354214072	-0.335816724
6.052550000	-1.349313021	-0.335832503
6.052551000	-1.348840356	-0.334269361
6.052552000	-1.356624842	-0.336038232
6.052553000	-1.357692838	-0.335036118
6.052554000	-1.352421522	-0.337419980
6.052555000	-1.356522083	-0.335754173
6.052556000	-1.363147378	-0.335975382
6.052557000	-1.351534486	-0.337033489
6.052558000	-1.362595797	-0.338330648
6.052559000	-1.359718561	-0.338852761
6.052560000	-1.368489742	-0.338283177
6.052561000	-1.365679502	-0.337435060
6.052562000	-1.370671034	-0.338809851
6.052563000	-1.359894872	-0.339727243
6.052564000	-1.366878033	-0.340071490
6.052565000	-1.381506085	-0.340839945
6.052566000	-1.374245644	-0.340179814
6.052567000	-1.367290854	-0.340834252
6.052568000	-1.376370072	-0.340246593
6.052569000	-1.365148902	-0.342064233
6.052570000	-1.371561170	-0.341045308
6.052571000	-1.369999051	-0.342184708
6.052572000	-1.379700780	-0.341966529
6.052573000	-1.375347257	-0.341061620
6.052574000	-1.378492594	-0.342856091
6.052575000	-1.392719388	-0.343002299
6.052576000	-1.386291862	-0.342602591
6.052577000	-1.379071712	-0.344942645
6.052578000	-1.391398907	-0.345600013
6.052579000	-1.386023998	-0.344977798
6.052580000	-1.382176757	-0.345044810
6.052581000	-1.373592019	-0.345317651
6.052582000	-1.378924489	-0.346187772
6.052583000	-1.383805633	-0.347249042
6.052584000	-1.377934337	-0.347279036
6.052585000	-1.391538262	-0.346698899
6.052586000	-1.387449384	-0.346539576
6.052587000	-1.380868793	-0.348381318
6.052588000	-1.390166998	-0.347841396
6.052589000	-1.403269053	-0.348826232
6.052590000	-1.395709395	-0.349742793
6.052591000	-1.399863124	-0.348420999
6.052592000	-1.391493917	-0.350447465
6.052593000	-1.393695474	-0.350546834
6.052594000	-1.388643503	-0.350687582
6.052595000	-1.396330357	-0.351693725
6.052596000	-1.400773644	-0.351304637
6.052597000	-1.402454615	-0.352484950
6.052598000	-1.404976010	-0.352420668
6.052599000	-1.412508130	-0.352589845
6.052600000	-1.402426243	-0.352229153
6.052601000	-1.407960534	-0.352705526
6.052602000	-1.397644520	-0.353208531
6.052603000	-1.405819535	-0.353623285
6.052604000	-1.412665009	-0.354796074
6.052605000	-1.421508551	-0.354782426
6.052606000	-1.420851469	-0.355943431
6.052607000	-1.419795036	-0.356035709
6.052608000	-1.418316007	-0.355784407
6.052609000	-1.412311435	-0.356826435
6.052610000	-1.418971181	-0.356893380
6.052611000	-1.420907855	-0.358615746
6.052612000	-1.415619612	-0.358042567
6.052613000	-1.427870274	-0.358989454
6.052614000	-1.422781110	-0.358063274
6.052615000	-1.426550150	-0.359730978
6.052616000	-1.425436258	-0.360667546
6.052617000	-1.434509635	-0.361536202
6.052618000	-1.446894050	-0.361762271
6.052619000	-1.439306140	-0.360754664
6.052620000	-1.431414962	-0.362526998
6.052621000	-1.440623283	-0.361642895
6.052622000	-1.432215929	-0.361701218
6.052623000	-1.442989945	-0.363067653
6.052624000	-1.444712400	-0.363847992
6.052625000	-1.448430300	-0.362902603
6.052626000	-1.448864698	-0.364688286
6.052627000	-1.452392101	-0.365121150
6.052628000	-1.448489547	-0.366074595
6.052629000	-1.458058834	-0.366585189
6.052630000	-1.450168610	-0.365867734
6.052631000	-1.458494186	-0.367092988
6.052632000	-1.455506444	-0.367273117
6.052633000	-1.459817767	-0.367989740
6.052634000	-1.458623528	-0.368985763
6.052635000	-1.458900094	-0.368763722
6.052636000	-1.456368446	-0.370015407
6.052637000	-1.475045800	-0.371214263
6.052638000	-1.468020320	-0.369423420
6.052639000	-1.469724059	-0.368553931
6.052640000	-1.457620502	-0.371246387
6.052641000	-1.473533630	-0.368753901
6.052642000	-1.471101165	-0.370860395
6.052643000	-1.473736525	-0.372226730
6.052644000	-1.468989015	-0.372775607
6.052645000	-1.489525080	-0.373122551
6.052646000	-1.467660189	-0.372131821
6.052647000	-1.467591047	-0.373119521
6.052648000	-1.475972295	-0.374435323
6.052649000	-1.484025240	-0.374741653
6.052650000	-1.483354092	-0.374864658
6.052651000	-1.472451329	-0.376457294
6.052652000	-1.486376405	-0.376749210
6.052653000	-1.486014009	-0.377565369
6.052654000	-1.488514662	-0.377968039
6.052655000	-1.487974882	-0.376643982
6.052656000	-1.493592381	-0.377906154
6.052657000	-1.489228249	-0.379084004
6.052658000	-1.505328774	-0.378298404
6.052659000	-1.506132126	-0.379641703
6.052660000	-1.495068669	-0.378648543
6.052661000	-1.498815179	-0.380291148
6.052662000	-1.498162985	-0.382123170
6.052663000	-1.496529579	-0.381993640
6.052664000	-1.517162919	-0.382617885
6.052665000	-1.508211136	-0.382127930
6.052666000	-1.511380076	-0.383426554
6.052667000	-1.511110067	-0.383260473
6.052668000	-1.512449741	-0.382876578
6.052669000	-1.501545191	-0.384872051
6.052670000	-1.505345106	-0.385886982
6.052671000	-1.516409874	-0.387022620
6.052672000	-1.517759442	-0.386236289
6.052673000	-1.526899219	-0.386976481
6.052674000	-1.521321774	-0.386522312
6.052675000	-1.537697077	-0.387926564
6.052676000	-1.525624633	-0.389565307
6.052677000	-1.523373008	-0.390620018
6.052678000	-1.537053585	-0.392093545
6.052679000	-1.538680077	-0.391892543
6.052680000	-1.534779668	-0.390926548
6.052681000	-1.533149958	-0.390848418
6.052682000	-1.543426037	-0.391711748
6.052683000	-1.540573239	-0.394353804
6.052684000	-1.541613698	-0.393973138
6.052685000	-1.551393390	-0.395517638
6.052686000	-1.559031367	-0.395249991
6.052687000	-1.550244451	-0.394812067
6.052688000	-1.554153919	-0.395941480
6.052689000	-1.546418071	-0.396135059
6.052690000	-1.555010438	-0.396825716
6.052691000	-1.566582680	-0.398278338
6.052692000	-1.580545068	-0.399537247
6.052693000	-1.571173549	-0.398173709
6.052694000	-1.580913901	-0.400401376
6.052695000	-1.586020350	-0.399920110
6.052696000	-1.582917929	-0.401824803
6.052697000	-1.589267969	-0.402821624
6.052698000	-1.585432649	-0.403387346
6.052699000	-1.589246392	-0.403684488
6.052700000	-1.587131858	-0.404059861
6.052701000	-1.587061048	-0.404387097
6.052702000	-1.590484619	-0.405926004
6.052703000	-1.593130469	-0.406959277
6.052704000	-1.589429021	-0.405598136
6.052705000	-1.610992193	-0.408523818
6.052706000	-1.601995945	-0.407366575
6.052707000	-1.599903464	-0.408205803
6.052708000	-1.611507893	-0.408925256
6.052709000	-1.614720583	-0.411743380
6.052710000	-1.613891363	-0.410618860
6.052711000	-1.621214151	-0.411558690
6.052712000	-1.613004565	-0.413438582
6.052713000	-1.619125724	-0.412557475
6.052714000	-1.629648209	-0.412892467
6.052715000	-1.621975541	-0.414777353
6.052716000	-1.636726737	-0.416790603
6.052717000	-1.629852891	-0.416254475
6.052718000	-1.643075228	-0.419018404
6.052719000	-1.636897683	-0.419111182
6.052720000	-1.634788632	-0.418203676
6.052721000	-1.643699408	-0.419580131
6.052722000	-1.645230412	-0.418597358
6.052723000	-1.651760697	-0.419541382
6.052724000	-1.657664895	-0.420196253
6.052725000	-1.646041632	-0.422007103
6.052726000	-1.655134201	-0.422344492
6.052727000	-1.657836080	-0.422964809
6.052728000	-1.662648559	-0.424311270
6.052729000	-1.662642002	-0.425127629
6.052730000	-1.674883842	-0.425518348
6.052731000	-1.692038536	-0.426935216
6.052732000	-1.679807305	-0.427652239
6.052733000	-1.684095860	-0.427180992
6.052734000	-1.687398791	-0.429115812
6.052735000	-1.678623438	-0.429554002
6.052736000	-1.685538292	-0.430144558
6.052737000	-1.692705274	-0.430277816
6.052738000	-1.708056569	-0.431818388
6.052739000	-1.703727841	-0.432706219
6.052740000	-1.711821914	-0.433812297
6.052741000	-1.709225535	-0.434100917
6.052742000	-1.716001391	-0.434358611
6.052743000	-1.727480650	-0.435668287
6.052744000	-1.705449700	-0.435356597
6.052745000	-1.725113988	-0.437165350
6.052746000	-1.734465003	-0.439123972
6.052747000	-1.734772921	-0.438376822
6.052748000	-1.742800593	-0.440310510
6.052749000	-1.744777918	-0.441259294
6.052750000	-1.741770387	-0.440536379
6.052751000	-1.759367466	-0.443871189
6.052752000	-1.740398049	-0.442668140
6.052753000	-1.757749557	-0.443020975
6.052754000	-1.757971883	-0.446056346
6.052755000	-1.763872623	-0.446482252
6.052756000	-1.779900193	-0.448886155
6.052757000	-1.767595053	-0.449123010
6.052758000	-1.783181548	-0.450517907
6.052759000	-1.790862322	-0.449937338
6.052760000	-1.794017673	-0.451727814
6.052761000	-1.793312550	-0.450149359
6.052762000	-1.792958260	-0.453847624
6.052763000	-1.802123427	-0.454020663
6.052764000	-1.806201458	-0.454348465
6.052765000	-1.811339617	-0.454997777
6.052766000	-1.816776991	-0.456544507
6.052767000	-1.804945588	-0.458010145
6.052768000	-1.826571465	-0.458317207
6.052769000	-1.820801377	-0.458245269
6.052770000	-1.828094244	-0.459558174
6.052771000	-1.844009280	-0.461905517
6.052772000	-1.832340479	-0.460481558
6.052773000	-1.843717217	-0.465917270
6.052774000	-1.834223390	-0.461783611
6.052775000	-1.836148024	-0.464312216
6.052776000	-1.849808931	-0.465892169
6.052777000	-1.868898153	-0.466311418
6.052778000	-1.875188828	-0.468778104
6.052779000	-1.869227529	-0.468997382
6.052780000	-1.888250709	-0.470063945
6.052781000	-1.873672724	-0.471795166
6.052782000	-1.891429305	-0.472559992
6.052783000	-1.897446632	-0.474959434
6.052784000	-1.896946669	-0.475062931
6.052785000	-1.921949744	-0.477964711
6.052786000	-1.903694034	-0.478499940
6.052787000	-1.923803091	-0.478008121
6.052788000	-1.931450367	-0.479167994
6.052789000	-1.942685127	-0.482099469
6.052790000	-1.954658747	-0.482915694
6.052791000	-1.943422675	-0.484733568
6.052792000	-1.953161120	-0.486039516
6.052793000	-1.953433275	-0.485751295
6.052794000	-1.964068413	-0.486340886
6.052795000	-1.952291131	-0.487251720
6.052796000	-1.976218700	-0.487927697
6.052797000	-1.973406911	-0.490858173
6.052798000	-1.980288148	-0.490111955
6.052799000	-1.996544123	-0.490631871
6.052800000	-2.001362324	-0.496365890
6.052801000	-2.015567064	-0.496365823
6.052802000	-2.027428150	-0.499058179
6.052803000	-2.017257214	-0.498925620
6.052804000	-2.028170347	-0.500071845
6.052805000	-2.030203819	-0.500928484
6.052806000	-2.035010338	-0.502503344
6.052807000	-2.048823833	-0.504009861
6.052808000	-2.059196949	-0.504446619
6.052809000	-2.052230835	-0.504714134
6.052810000	-2.070852518	-0.507218204
6.052811000	-2.081597567	-0.510319655
6.052812000	-2.099197149	-0.511246036
6.052813000	-2.101070166	-0.513377131
6.052814000	-2.112738371	-0.514468727
6.052815000	-2.136533260	-0.517570078
6.052816000	-2.136848211	-0.517954905
6.052817000	-2.140487432	-0.517511189
6.052818000	-2.119674683	-0.518494861
6.052819000	-2.144833088	-0.518587938
6.052820000	-2.162238359	-0.522404315
6.052821000	-2.171705484	-0.523767254
6.052822000	-2.181768179	-0.525420078
6.052823000	-2.194903374	-0.527869820
6.052824000	-2.208503485	-0.530268030
6.052825000	-2.230545521	-0.532563442
6.052826000	-2.242629051	-0.533324740
6.052827000	-2.239502430	-0.533970656
6.052828000	-2.251584768	-0.536033874
6.052829000	-2.252165079	-0.536449726
6.052830000	-2.269588709	-0.540164303
6.052831000	-2.271335363	-0.540579790
6.052832000	-2.301839352	-0.543859972
6.052833000	-2.298626423	-0.545112124
6.052834000	-2.312512159	-0.546896242
6.052835000	-2.332186937	-0.549609903
6.052836000	-2.326229572	-0.547506472
6.052837000	-2.358755350	-0.551892998
6.052838000	-2.373240709	-0.555309767
6.052839000	-2.369703054	-0.556215109
6.052840000	-2.388561487	-0.556905100
6.052841000	-2.419950485	-0.562373136
6.052842000	-2.441710472	-0.563996399
6.052843000	-2.431838274	-0.563944734
6.052844000	-2.447632790	-0.566690986
6.052845000	-2.459581852	-0.568199800
6.052846000	-2.480202198	-0.568613122
6.052847000	-2.508738518	-0.573421393
6.052848000	-2.503259659	-0.574245308
6.052849000	-2.533876181	-0.578085054
6.052850000	-2.544029951	-0.580722715
6.052851000	-2.564833879	-0.581579920
6.052852000	-2.593591213	-0.584667723
6.052853000	-2.597501993	-0.585631521
6.052854000	-2.601891518	-0.587555122
6.052855000	-2.630360603	-0.589289772
6.052856000	-2.624186993	-0.591072425
6.052857000	-2.677345753	-0.596259398
6.052858000	-2.678754568	-0.595526762
6.052859000	-2.675041914	-0.599240207
6.052860000	-2.680396080	-0.598983212
6.052861000	-2.730775595	-0.602332603
6.052862000	-2.758593082	-0.605807962
6.052863000	-2.800930738	-0.609481260
6.052864000	-2.799086809	-0.611000460
6.052865000	-2.869375706	-0.618166760
6.052866000	-2.861730099	-0.618441931
6.052867000	-2.899086237	-0.622591203
6.052868000	-2.913272381	-0.623003460
6.052869000	-2.915910721	-0.626965645
6.052870000	-2.927244902	-0.629351837
6.052871000	-2.904377222	-0.626735614
6.052872000	-2.985951900	-0.632669137
6.052873000	-3.019592524	-0.636506153
6.052874000	-3.066911459	-0.640845308
6.052875000	-3.063421965	-0.641780011
6.052876000	-3.105365992	-0.645648519
6.052877000	-3.153547764	-0.650274496
6.052878000	-3.180392504	-0.652748773
6.052879000	-3.240479231	-0.658698474
6.052880000	-3.273472071	-0.660932733
6.052881000	-3.281438351	-0.663500287
6.052882000	-3.333716631	-0.666546743
6.052883000	-3.373052359	-0.671525590
6.052884000	-3.394895792	-0.675741507
6.052885000	-3.444741249	-0.677855524
6.052886000	-3.535408974	-0.684806241
6.052887000	-3.599940300	-0.688808040
6.052888000	-3.634775639	-0.693683423
6.052889000	-3.668334246	-0.696211295
6.052890000	-3.707816601	-0.700337597
6.052891000	-3.795108795	-0.705982833
6.052892000	-3.815830231	-0.711739522
6.052893000	-3.889750004	-0.715116077
6.052894000	-3.922255516	-0.716216762
6.052895000	-3.942630053	-0.720630152
6.052896000	-4.101945877	-0.730487111
6.052897000	-4.211554050	-0.737939834
6.052898000	-4.233525276	-0.739459766
6.052899000	-4.217412472	-0.741516526
6.052900000	-4.378286839	-0.748404659
6.052901000	-4.449684143	-0.752243139
6.052902000	-4.489242077	-0.755762707
6.052903000	-4.675663948	-0.765443497
6.052904000	-4.765363693	-0.769738377
6.052905000	-4.803985596	-0.775817774
6.052906000	-5.019215584	-0.784303271
6.052907000	-5.099818707	-0.788049007
6.052908000	-5.130404949	-0.789242703
6.052909000	-5.387978077	-0.799017170
6.052910000	-5.483780384	-0.803423703
6.052911000	-5.582108974	-0.809787526
6.052912000	-5.697500706	-0.813703038
6.052913000	-5.937612534	-0.819028229
6.052914000	-6.341226101	-0.829495317
6.052915000	-6.498631001	-0.832436046
6.052916000	-6.648915768	-0.836449364
6.052917000	-6.935907364	-0.839213126
6.052918000	-6.944259167	-0.839616994
6.052919000	-7.331780434	-0.844188243
6.052920000	-7.757852554	-0.846339345
6.052921000	-8.017669678	-0.851404944
6.052922000	-8.331283569	-0.853023547
6.052923000	-8.771089554	-0.845647323
6.052924000	-9.247014999	-0.828391837
6.052925000	-9.420719147	-0.825334994
6.052926000	-9.768699646	-0.814013097
6.052927000	-10.021298409	-0.805126528
6.052928000	-10.409584045	-0.793727000
6.052929000	-10.587813377	-0.782390389
6.052930000	-11.101864815	-0.755585806
6.052931000	-11.475651741	-0.732891279
6.052932000	-11.825413704	-0.705757995
6.052933000	-12.100513458	-0.679270661
6.052934000	-12.306555748	-0.669782617
6.052935000	-12.576493263	-0.646632291
6.052936000	-12.867525101	-0.590118148
6.052937000	-13.249349594	-0.562665285
6.052938000	-13.442331314	-0.523546877
6.052939000	-13.722280502	-0.473631848
6.052940000	-13.937952995	-0.439533566
6.052941000	-14.081040382	-0.411740883
6.052942000	-14.343404770	-0.353578943
6.052943000	-14.351971626	-0.326357908
6.052944000	-14.462616920	-0.287473160
6.052945000	-14.532291412	-0.250864482
6.052946000	-14.646773338	-0.201389507
6.052947000	-14.580564499	-0.146437874
6.052948000	-14.587938309	-0.103926383
6.052949000	-14.645235062	-0.045464800
6.052950000	-14.493142128	-0.000302986
6.052951000	-14.591472626	0.004616339
6.052952000	-14.485933304	0.011954908
6.052953000	-14.505298615	0.017782376
6.052954000	-14.488135338	0.088438154
6.052955000	-14.280548096	0.129406335
6.052956000	-14.132615089	0.145388705
6.052957000	-13.926115036	0.186211319
6.052958000	-13.810522079	0.207061241
6.052959000	-13.698724747	0.227388883
6.052960000	-13.536630630	0.255206083
6.052961000	-13.258247375	0.292316384
6.052962000	-13.281330109	0.324575255
6.052963000	-12.979187965	0.356826335
6.052964000	-12.876536369	0.371781116
6.052965000	-12.721274376	0.372889391
6.052966000	-12.625084877	0.373774459
6.052967000	-12.397315979	0.400102470
6.052968000	-12.327696800	0.407702299
6.052969000	-12.108171463	0.422959216
6.052970000	-12.018772125	0.435639492
6.052971000	-11.704680443	0.457039489
6.052972000	-11.669510841	0.465275514
6.052973000	-11.557472229	0.471034334
6.052974000	-11.430824280	0.482347342
6.052975000	-11.229026794	0.502084928
6.052976000	-11.172863007	0.508532641
6.052977000	-10.988249779	0.522809281
6.052978000	-10.835656166	0.517399602
6.052979000	-10.634346008	0.524434342
6.052980000	-10.607652664	0.534964748
6.052981000	-10.397198677	0.536696135
6.052982000	-10.307788849	0.534732753
6.052983000	-10.190743446	0.543657472
6.052984000	-10.164372444	0.555967102
6.052985000	-10.053427696	0.557262130
6.052986000	-9.860995293	0.555669960
6.052987000	-9.748044014	0.559844398
6.052988000	-9.667382240	0.561005004
6.052989000	-9.504082680	0.571083404
6.052990000	-9.421234131	0.571734347
6.052991000	-9.309360504	0.573201482
6.052992000	-9.222759247	0.573127313
6.052993000	-9.108303070	0.580669452
6.052994000	-9.037209511	0.580743621
6.052995000	-8.871644974	0.578911899
6.052996000	-8.736564636	0.590082728
6.052997000	-8.652716637	0.585091764
6.052998000	-8.539060593	0.584587894
6.052999000	-8.505729675	0.591774102
6.053000000	-8.404919624	0.591524231
6.053001000	-8.305006981	0.589832125
6.053002000	-8.240948677	0.588152802
6.053003000	-8.141600609	0.588017646
6.053004000	-8.070608139	0.590437661
6.053005000	-8.009291649	0.590025403
6.053006000	-7.930137634	0.589797503
6.053007000	-7.794528961	0.588369583
6.053008000	-7.697995663	0.589269598
6.053009000	-7.672222614	0.588184227
6.053010000	-7.584819317	0.591133545
6.053011000	-7.543313503	0.588342086
6.053012000	-7.436761856	0.590061822
6.053013000	-7.359221935	0.589286709
6.053014000	-7.274661541	0.589008209
6.053015000	-7.281701088	0.588368851
6.053016000	-7.094218254	0.586288522
6.053017000	-7.095211983	0.585166732
6.053018000	-7.005771160	0.586285327
6.053019000	-6.983207226	0.587867244
6.053020000	-6.839739323	0.584334295
6.053021000	-6.834997654	0.587351590
6.053022000	-6.741823673	0.579784217
6.053023000	-6.671263218	0.585491105
6.053024000	-6.571623325	0.576588890
6.053025000	-6.555675983	0.578361024
6.053026000	-6.473201752	0.575349921
6.053027000	-6.421632767	0.575951529
6.053028000	-6.380205631	0.575378217
6.053029000	-6.275843143	0.570446176
6.053030000	-6.219861031	0.570738525
6.053031000	-6.189549446	0.571863843
6.053032000	-6.120116234	0.567885081
6.053033000	-6.074452877	0.566647243
6.053034000	-6.026043892	0.568665587
6.053035000	-6.003057957	0.566412952
6.053036000	-5.917805195	0.563303445
6.053037000	-5.865767479	0.560806132
6.053038000	-5.806737900	0.560886693
6.053039000	-5.765769005	0.563622958
6.053040000	-5.741950035	0.558270237
6.053041000	-5.695921421	0.555174412
6.053042000	-5.631331921	0.554069533
6.053043000	-5.606749058	0.551556408
6.053044000	-5.555318356	0.550786388
6.053045000	-5.508811951	0.549204171
6.053046000	-5.451398373	0.547187259
6.053047000	-5.435727119	0.547057863
6.053048000	-5.390739441	0.541893560
6.053049000	-5.308405876	0.542925469
6.053050000	-5.285748005	0.541385962
6.053051000	-5.233265400	0.539460496
6.053052000	-5.189466000	0.538000884
6.053053000	-5.132022381	0.534326787
6.053054000	-5.104798317	0.530049917
6.053055000	-5.052426338	0.530359643
6.053056000	-5.000449657	0.528219959
6.053057000	-4.972334385	0.526327317
6.053058000	-4.942124844	0.525697646
6.053059000	-4.876185417	0.523437088
6.053060000	-4.861626148	0.520647893
6.053061000	-4.840163708	0.524538172
6.053062000	-4.764019966	0.515112480
6.053063000	-4.734709263	0.513641183
6.053064000	-4.707524776	0.513389414
6.053065000	-4.654919624	0.511520674
6.053066000	-4.580292225	0.508219120
6.053067000	-4.559422493	0.505046563
6.053068000	-4.533492088	0.501862288
6.053069000	-4.507226944	0.501420802
6.053070000	-4.453388214	0.500088623
6.053071000	-4.427568436	0.497405155
6.053072000	-4.415776730	0.495163073
6.053073000	-4.356238842	0.493730359
6.053074000	-4.338409901	0.489841811
6.053075000	-4.313995361	0.490238855
6.053076000	-4.273627758	0.488384329
6.053077000	-4.231811523	0.487268032
6.053078000	-4.214944839	0.484616256
6.053079000	-4.201699734	0.483657351
6.053080000	-4.137360573	0.479080310
6.053081000	-4.107423306	0.481729655
6.053082000	-4.090390682	0.476951978
6.053083000	-4.065515041	0.472392646
6.053084000	-4.067991734	0.475945469
6.053085000	-3.987280369	0.466952440
6.053086000	-3.953143597	0.467091058
6.053087000	-3.961075306	0.466927140
6.053088000	-3.913586617	0.466846646
6.053089000	-3.892970324	0.462345272
6.053090000	-3.832359076	0.457640997
6.053091000	-3.782536030	0.450280286
6.053092000	-3.788735628	0.453668360
6.053093000	-3.745739460	0.449685303
6.053094000	-3.740503550	0.449386829
6.053095000	-3.704199314	0.445869992
6.053096000	-3.667073011	0.443796687
6.053097000	-3.649943590	0.442010838
6.053098000	-3.650264740	0.441216251
6.053099000	-3.623454809	0.438042196
6.053100000	-3.594199657	0.437148439
6.053101000	-3.568923712	0.434918707
6.053102000	-3.545135260	0.433860999
6.053103000	-3.514729261	0.430167328
6.053104000	-3.486674547	0.427182690
6.053105000	-3.459255219	0.427249302
6.053106000	-3.496439457	0.429602438
6.053107000	-3.440043211	0.425887528
6.053108000	-3.412638664	0.422066724
6.053109000	-3.396157980	0.419785660
6.053110000	-3.365714073	0.418266027
6.053111000	-3.318170786	0.416944001
6.053112000	-3.295620441	0.409453760
6.053113000	-3.298180580	0.411586753
6.053114000	-3.242831230	0.406672122
6.053115000	-3.234828949	0.406893464
6.053116000	-3.206570625	0.403110810
6.053117000	-3.202829599	0.402517790
6.053118000	-3.192402840	0.402376077
6.053119000	-3.176612854	0.398333032
6.053120000	-3.151893616	0.396726314
6.053121000	-3.100203276	0.390945324
6.053122000	-3.086516380	0.391114601
6.053123000	-3.080290556	0.388392218
6.053124000	-3.060190678	0.389824499
6.053125000	-3.028671980	0.385838080
6.053126000	-3.044764757	0.384789060
6.053127000	-2.990235806	0.380399738
6.053128000	-2.977158070	0.378496777
6.053129000	-2.956628323	0.376225133
6.053130000	-2.973018408	0.376695814
6.053131000	-2.939125776	0.373183937
6.053132000	-2.922060966	0.372027359
6.053133000	-2.886021852	0.368138278
6.053134000	-2.892543554	0.368609525
6.053135000	-2.876345396	0.367170486
6.053136000	-2.855166435	0.365017819
6.053137000	-2.810920000	0.362139941
6.053138000	-2.825459242	0.360586852
6.053139000	-2.792200565	0.357782909
6.053140000	-2.790403843	0.355169316
6.053141000	-2.766751289	0.354242536
6.053142000	-2.741444826	0.351507969
6.053143000	-2.734145641	0.349478474
6.053144000	-2.716884851	0.348345765
6.053145000	-2.704021215	0.346272328
6.053146000	-2.672915936	0.345201570
6.053147000	-2.656873941	0.344898003
6.053148000	-2.648789406	0.340460944
6.053149000	-2.623514414	0.340054279
6.053150000	-2.614807844	0.335592586
6.053151000	-2.595552206	0.335822683
6.053152000	-2.586090326	0.332016892
6.053153000	-2.558882713	0.328897632
6.053154000	-2.541288614	0.327544613
6.053155000	-2.530903339	0.325535724
6.053156000	-2.527913332	0.323584159
6.053157000	-2.513783216	0.322518462
6.053158000	-2.500849485	0.319791485
6.053159000	-2.499566317	0.319240976
6.053160000	-2.474443436	0.318004504
6.053161000	-2.481366873	0.317171700
6.053162000	-2.446550846	0.312205237
6.053163000	-2.427269459	0.311511850
6.053164000	-2.428255796	0.315446504
6.053165000	-2.415885448	0.310841300
6.053166000	-2.414507389	0.308877285
6.053167000	-2.388740063	0.307490610
6.053168000	-2.384838104	0.304356569
6.053169000	-2.369475126	0.301315305
6.053170000	-2.366883516	0.300732273
6.053171000	-2.321184397	0.295522531
6.053172000	-2.314949274	0.295425392
6.053173000	-2.318437338	0.294678442
6.053174000	-2.296934843	0.292451273
6.053175000	-2.285261154	0.291216599
6.053176000	-2.270604849	0.288210888
6.053177000	-2.250601292	0.283996203
6.053178000	-2.251944304	0.284411989
6.053179000	-2.247575760	0.283979758
6.053180000	-2.230562687	0.282541951
6.053181000	-2.242795229	0.281316397
6.053182000	-2.211809397	0.277909815
6.053183000	-2.205120325	0.276542698
6.053184000	-2.189221382	0.276062879
6.053185000	-2.174823761	0.271977457
6.053186000	-2.182574749	0.274193823
6.053187000	-2.170078039	0.270525402
6.053188000	-2.156530857	0.269288213
6.053189000	-2.138652086	0.267849241
6.053190000	-2.132012129	0.265531192
6.053191000	-2.117003918	0.263273547
6.053192000	-2.112231970	0.261021612
6.053193000	-2.100686073	0.262872575
6.053194000	-2.075780869	0.259850869
6.053195000	-2.080459118	0.258792729
6.053196000	-2.079886675	0.257966217
6.053197000	-2.072610855	0.257713499
6.053198000	-2.051865339	0.251979148
6.053199000	-2.034158230	0.248015066
6.053200000	-2.036834478	0.247753094
6.053201000	-2.026887178	0.247685500
6.053202000	-2.020704269	0.246620302
6.053203000	-2.000314474	0.242614724
6.053204000	-2.010620594	0.242432464
6.053205000	-1.992206335	0.241630786
6.053206000	-1.985911369	0.239266748
6.053207000	-1.974176049	0.238738876
6.053208000	-1.975455880	0.237385774
6.053209000	-1.947594166	0.234680868
6.053210000	-1.935505271	0.232347872
6.053211000	-1.939345479	0.233399222
6.053212000	-1.937985778	0.231888460
6.053213000	-1.935299993	0.230514469
6.053214000	-1.916847825	0.228979756
6.053215000	-1.919570684	0.227807815
6.053216000	-1.903273582	0.226631830
6.053217000	-1.888620138	0.220736190
6.053218000	-1.872699857	0.219345238
6.053219000	-1.873676538	0.219025126
6.053220000	-1.864773989	0.218894847
6.053221000	-1.859586120	0.217428977
6.053222000	-1.864634037	0.216988274
6.053223000	-1.852148533	0.213301810
6.053224000	-1.828424692	0.210492241
6.053225000	-1.825673580	0.212219151
6.053226000	-1.830116272	0.210413561
6.053227000	-1.828609228	0.209776134
6.053228000	-1.813122869	0.208259830
6.053229000	-1.810652375	0.206477726
6.053230000	-1.813537717	0.204849419
6.053231000	-1.797606111	0.201480737
6.053232000	-1.803140879	0.201666625
6.053233000	-1.797991514	0.202666093
6.053234000	-1.799558640	0.200791061
6.053235000	-1.778925896	0.199030762
6.053236000	-1.767246008	0.195024385
6.053237000	-1.761359453	0.196104913
6.053238000	-1.747455001	0.191721300
6.053239000	-1.757421255	0.193582350
6.053240000	-1.752365828	0.191624178
6.053241000	-1.736956358	0.188401586
6.053242000	-1.730254292	0.187133306
6.053243000	-1.729184389	0.186165530
6.053244000	-1.724068999	0.186278731
6.053245000	-1.723041296	0.185089296
6.053246000	-1.704274654	0.183660028
6.053247000	-1.702604651	0.185028976
6.053248000	-1.708505273	0.181667817
6.053249000	-1.701437235	0.181397706
6.053250000	-1.699417472	0.180376317
6.053251000	-1.694354534	0.178652153
6.053252000	-1.681781054	0.176787258
6.053253000	-1.670474648	0.175952873
6.053254000	-1.680831313	0.175890871
6.053255000	-1.669957757	0.173841385
6.053256000	-1.661262274	0.172557492
6.053257000	-1.659621477	0.172649438
6.053258000	-1.649357080	0.170551416
6.053259000	-1.652739882	0.168905300
6.053260000	-1.642846823	0.167957647
6.053261000	-1.639476895	0.168199329
6.053262000	-1.628912449	0.165562633
6.053263000	-1.627909899	0.164025540
6.053264000	-1.622540236	0.162311862
6.053265000	-1.631223083	0.161281052
6.053266000	-1.609795690	0.159514461
6.053267000	-1.614593983	0.159409000
6.053268000	-1.608650327	0.158971093
6.053269000	-1.606398106	0.156280135
6.053270000	-1.600863814	0.154846306
6.053271000	-1.579653859	0.153331899
6.053272000	-1.585390449	0.153116400
6.053273000	-1.585753560	0.151809487
6.053274000	-1.576257229	0.151062020
6.053275000	-1.576182246	0.150869774
6.053276000	-1.573661327	0.150273858
6.053277000	-1.572713852	0.148909970
6.053278000	-1.566930652	0.148593736
6.053279000	-1.563712955	0.146390586
6.053280000	-1.560595632	0.144437740
6.053281000	-1.546690345	0.144906473
6.053282000	-1.545066357	0.143889978
6.053283000	-1.541876197	0.141149435
6.053284000	-1.542434573	0.140556066
6.053285000	-1.530981660	0.139116703
6.053286000	-1.539111972	0.138836205
6.053287000	-1.530562043	0.136995095
6.053288000	-1.533025265	0.135119140
6.053289000	-1.525097847	0.137069972
6.053290000	-1.523832917	0.134726140
6.053291000	-1.518712401	0.133167625
6.053292000	-1.514786839	0.132672993
6.053293000	-1.520041704	0.132156107
6.053294000	-1.509752989	0.129230483
6.053295000	-1.495193124	0.128507484
6.053296000	-1.504571199	0.129122292
6.053297000	-1.501281500	0.128769115
6.053298000	-1.499001741	0.130430578
6.053299000	-1.501583934	0.126551717
6.053300000	-1.487460852	0.125637504
6.053301000	-1.481856465	0.124710241
6.053302000	-1.481002808	0.120604030
6.053303000	-1.470082283	0.120270735
6.053304000	-1.455757499	0.122177292
6.053305000	-1.463654280	0.118249379
6.053306000	-1.466458559	0.119526173
6.053307000	-1.461458683	0.116961033
6.053308000	-1.455487251	0.116865376
6.053309000	-1.462547421	0.114796483
6.053310000	-1.463558555	0.115246798
6.053311000	-1.463402152	0.114420361
6.053312000	-1.451323032	0.113845418
6.053313000	-1.441103935	0.113195091
6.053314000	-1.439787626	0.112809606
6.053315000	-1.441997409	0.113294984
6.053316000	-1.442358613	0.110281476
6.053317000	-1.444688678	0.111285895
6.053318000	-1.429713011	0.107003416
6.053319000	-1.440267563	0.107219764
6.053320000	-1.430583596	0.106442462
6.053321000	-1.426918983	0.104488476
6.053322000	-1.411166549	0.103711491
6.053323000	-1.417297840	0.104030662
6.053324000	-1.410363078	0.102618196
6.053325000	-1.415572882	0.101865412
6.053326000	-1.419099808	0.101104189
6.053327000	-1.414149165	0.098815594
6.053328000	-1.413894296	0.099259085
6.053329000	-1.400173306	0.098059880
6.053330000	-1.401120543	0.095255272
6.053331000	-1.397753477	0.095195367
6.053332000	-1.398174167	0.094255571
6.053333000	-1.392937541	0.094366533
6.053334000	-1.383143425	0.091743719
6.053335000	-1.392341018	0.091853083
6.053336000	-1.382148027	0.092183349
6.053337000	-1.383793473	0.091826652
6.053338000	-1.385290265	0.090301576
6.053339000	-1.388347864	0.090453517
6.053340000	-1.366018295	0.089131366
6.053341000	-1.367178798	0.087717502
6.053342000	-1.378057957	0.087321099
6.053343000	-1.372001886	0.086928682
6.053344000	-1.375683546	0.085166227
6.053345000	-1.369869590	0.086228263
6.053346000	-1.362316012	0.084686284
6.053347000	-1.365729570	0.084256267
6.053348000	-1.369497776	0.083064577
6.053349000	-1.363207459	0.082480721
6.053350000	-1.357406259	0.079617298
6.053351000	-1.355161190	0.080272169
6.053352000	-1.337091208	0.079591307
6.053353000	-1.354229689	0.077805832
6.053354000	-1.348497987	0.078297935
6.053355000	-1.352786183	0.077177535
6.053356000	-1.348505020	0.076894682
6.053357000	-1.342873216	0.076489940
6.053358000	-1.341226339	0.074595733
6.053359000	-1.338254690	0.074705422
6.053360000	-1.341661215	0.074019600
6.053361000	-1.334740281	0.073185098
6.053362000	-1.326246738	0.071592370
6.053363000	-1.324367642	0.072276170
6.053364000	-1.338014483	0.072440636
6.053365000	-1.336052179	0.070127481
6.053366000	-1.341707826	0.069722648
6.053367000	-1.316916227	0.068345048
6.053368000	-1.331167459	0.067465673
6.053369000	-1.320421457	0.067862446
6.053370000	-1.320017576	0.067589231
6.053371000	-1.310320854	0.064617905
6.053372000	-1.315160751	0.065695332
6.053373000	-1.318629622	0.065315686
6.053374000	-1.310124755	0.064198099
6.053375000	-1.300169230	0.062850806
6.053376000	-1.307311893	0.062618599
6.053377000	-1.297996163	0.060961409
6.053378000	-1.298880458	0.061199329
6.053379000	-1.311826468	0.061397048
6.053380000	-1.303017378	0.059525429
6.053381000	-1.294076920	0.059942188
6.053382000	-1.298097253	0.057852539
6.053383000	-1.295537114	0.058768017
6.053384000	-1.294186115	0.058428244
6.053385000	-1.283284783	0.056948300
6.053386000	-1.291820288	0.056340629
6.053387000	-1.286569834	0.055535535
6.053388000	-1.284306049	0.055347724
6.053389000	-1.288225055	0.054147554
6.053390000	-1.298808932	0.054126019
6.053391000	-1.280251980	0.053685254
6.053392000	-1.280569077	0.053850045
6.053393000	-1.276187420	0.050522072
6.053394000	-1.270870447	0.049911941
6.053395000	-1.281863451	0.049504453
6.053396000	-1.281144619	0.051185515
6.053397000	-1.276647329	0.049719936
6.053398000	-1.281643033	0.048254581
6.053399000	-1.267329216	0.049288421
6.053400000	-1.270413041	0.048014922
6.053401000	-1.272314429	0.047112306
6.053402000	-1.278589964	0.046668028
6.053403000	-1.268589258	0.045432326
6.053404000	-1.260613680	0.046150534
6.053405000	-1.261853456	0.044334275
6.053406000	-1.262495995	0.044106375
6.053407000	-1.267515182	0.042357923
6.053408000	-1.254346371	0.042854947
6.053409000	-1.258399010	0.042608896
6.053410000	-1.254315734	0.041371617
6.053411000	-1.269717693	0.040248000
6.053412000	-1.261882663	0.039381927
6.053413000	-1.257249594	0.039385352
6.053414000	-1.251452208	0.039300701
6.053415000	-1.255783319	0.039146337
6.053416000	-1.261283755	0.038551658
6.053417000	-1.252022743	0.037083973
6.053418000	-1.252407432	0.037060342
6.053419000	-1.255814433	0.035775733
6.053420000	-1.245533109	0.036243284
6.053421000	-1.245091081	0.036866676
6.053422000	-1.249469876	0.034240137
6.053423000	-1.242947459	0.035287209
6.053424000	-1.260913610	0.034022809
6.053425000	-1.251104712	0.034320977
6.053426000	-1.255684018	0.034290600
6.053427000	-1.244042516	0.032722015
6.053428000	-1.239776969	0.031679325
6.053429000	-1.253568411	0.032666960
6.053430000	-1.239321470	0.030654397
6.053431000	-1.250575900	0.030677119
6.053432000	-1.236533642	0.030874114
6.053433000	-1.225243807	0.028797656
6.053434000	-1.226164937	0.027578922
6.053435000	-1.234234571	0.029427202
6.053436000	-1.224804997	0.028517052
6.053437000	-1.227307439	0.026946032
6.053438000	-1.238257766	0.028433595
6.053439000	-1.230776310	0.026363100
6.053440000	-1.219741583	0.025432167
6.053441000	-1.226138115	0.024146848
6.053442000	-1.226607919	0.025663571
6.053443000	-1.231784701	0.023883657
6.053444000	-1.229842782	0.025011758
6.053445000	-1.229423285	0.024258922
6.053446000	-1.217516541	0.022689933
6.053447000	-1.214450836	0.022800312
6.053448000	-1.221963763	0.021007454
6.053449000	-1.220801711	0.021462424
6.053450000	-1.219951510	0.021319911
6.053451000	-1.209102154	0.020764220
6.053452000	-1.218894482	0.020817970
6.053453000	-1.211635947	0.019684547
6.053454000	-1.211505651	0.019090275
6.053455000	-1.216753125	0.019632763
6.053456000	-1.211446643	0.017808974
6.053457000	-1.212095380	0.016755594
6.053458000	-1.211498260	0.017067284
6.053459000	-1.201145887	0.017376519
6.053460000	-1.218897581	0.016012797
6.053461000	-1.209718943	0.015308429
6.053462000	-1.217173457	0.015101287
6.053463000	-1.204737663	0.015241148
6.053464000	-1.207769513	0.015136661
6.053465000	-1.211709857	0.013114895
6.053466000	-1.203562498	0.013141632
6.053467000	-1.206828594	0.012501820
6.053468000	-1.193269014	0.012389306
6.053469000	-1.197239876	0.011191114
6.053470000	-1.203454018	0.010949959
6.053471000	-1.197132111	0.009916209
6.053472000	-1.198018432	0.009279875
6.053473000	-1.205626011	0.010253090
6.053474000	-1.198310375	0.009793924
6.053475000	-1.198482513	0.009991325
6.053476000	-1.187619090	0.008297339
6.053477000	-1.209950924	0.008337790
6.053478000	-1.205292583	0.008109595
6.053479000	-1.199933290	0.007576780
6.053480000	-1.192152500	0.007285809
6.053481000	-1.191800117	0.006722053
6.053482000	-1.200321078	0.005439370
6.053483000	-1.201115370	0.005611995
6.053484000	-1.203011632	0.005618814
6.053485000	-1.198668003	0.005155368
6.053486000	-1.197546005	0.002749613
6.053487000	-1.185524344	0.004513582
6.053488000	-1.189220190	0.004126886
6.053489000	-1.192582965	0.003593504
6.053490000	-1.180513144	0.002861693
6.053491000	-1.193837404	0.002347776
6.053492000	-1.195064306	0.002369394
6.053493000	-1.190701365	0.003677571
6.053494000	-1.188882589	0.002225749
6.053495000	-1.188919663	0.001418879
6.053496000	-1.187467456	-0.000067161
6.053497000	-1.189825654	-0.000313430
6.053498000	-1.180312991	-0.000456410
6.053499000	-1.186720371	-0.000611220
6.053500000	-1.184681296	-0.001472732
6.053501000	-1.182772875	-0.001064954
6.053502000	-1.177387476	-0.001112008
6.053503000	-1.183490515	-0.002759373
6.053504000	-1.179548025	-0.001930559
6.053505000	-1.182034731	-0.002606943
6.053506000	-1.174926639	-0.002796728
6.053507000	-1.169608831	-0.002719092
6.053508000	-1.182619810	-0.003776096
6.053509000	-1.182224512	-0.003361958
6.053510000	-1.186607480	-0.004677487
6.053511000	-1.172789812	-0.004494462
6.053512000	-1.182439089	-0.005677812
6.053513000	-1.172656059	-0.004668774
6.053514000	-1.170905590	-0.006093150
6.053515000	-1.164713860	-0.006332818
6.053516000	-1.173672795	-0.006930320
6.053517000	-1.171731353	-0.006753364
6.053518000	-1.171445608	-0.008507679
6.053519000	-1.172743082	-0.008590142
6.053520000	-1.177367687	-0.009560097
6.053521000	-1.174024582	-0.009095890
6.053522000	-1.168377638	-0.008666635
6.053523000	-1.171203494	-0.009425793
6.053524000	-1.161687016	-0.008973981
6.053525000	-1.170315027	-0.010201785
6.053526000	-1.164934516	-0.011268585
6.053527000	-1.167751193	-0.011325627
6.053528000	-1.173519015	-0.012119633
6.053529000	-1.175872564	-0.011556525
6.053530000	-1.170624137	-0.012644643
6.053531000	-1.165621996	-0.012738355
6.053532000	-1.168983102	-0.013064657
6.053533000	-1.169379950	-0.013282218
6.053534000	-1.166400790	-0.014075175
6.053535000	-1.174000978	-0.013155116
6.053536000	-1.166914105	-0.013964570
6.053537000	-1.172529340	-0.014393915
6.053538000	-1.166273952	-0.015753465
6.053539000	-1.163101435	-0.014868232
6.053540000	-1.168207049	-0.014880807
6.053541000	-1.169329286	-0.015820774
6.053542000	-1.157080173	-0.017252175
6.053543000	-1.163060784	-0.016750837
6.053544000	-1.166784406	-0.017512082
6.053545000	-1.174040198	-0.017773756
6.053546000	-1.165112019	-0.019254979
6.053547000	-1.160678983	-0.018877125
6.053548000	-1.156792164	-0.018260559
6.053549000	-1.147800446	-0.019710411
6.053550000	-1.153417706	-0.020512364
6.053551000	-1.164912462	-0.020120941
6.053552000	-1.155845165	-0.019757605
6.053553000	-1.154939771	-0.019948419
6.053554000	-1.161707282	-0.019212015
6.053555000	-1.151201725	-0.020381942
6.053556000	-1.160892487	-0.021830753
6.053557000	-1.155197263	-0.020548930
6.053558000	-1.158100963	-0.020860820
6.053559000	-1.168160439	-0.020976763
6.053560000	-1.149641514	-0.021845788
6.053561000	-1.151898861	-0.021499643
6.053562000	-1.161828041	-0.022188256
6.053563000	-1.153125286	-0.023301164
6.053564000	-1.154514909	-0.022420808
6.053565000	-1.148561835	-0.022955945
6.053566000	-1.162542820	-0.024007305
6.053567000	-1.150981665	-0.024173330
6.053568000	-1.148336291	-0.023225569
6.053569000	-1.153410673	-0.024540226
6.053570000	-1.151255608	-0.024242595
6.053571000	-1.152770877	-0.024832138
6.053572000	-1.148534775	-0.025357521
6.053573000	-1.146828651	-0.027049398
6.053574000	-1.151621938	-0.027189676
6.053575000	-1.152572155	-0.027597656
6.053576000	-1.157935619	-0.027705712
6.053577000	-1.151592374	-0.027332262
6.053578000	-1.163684607	-0.027763402
6.053579000	-1.153501511	-0.027359313
6.053580000	-1.151922226	-0.028055104
6.053581000	-1.148064852	-0.028966978
6.053582000	-1.146912575	-0.029120501
6.053583000	-1.147214293	-0.029686042
6.053584000	-1.150627136	-0.029942386
6.053585000	-1.154960036	-0.029942973
6.053586000	-1.159595728	-0.029334642
6.053587000	-1.151708007	-0.031468134
6.053588000	-1.154283166	-0.030910302
6.053589000	-1.148567319	-0.030484872
6.053590000	-1.148484230	-0.031515287
6.053591000	-1.152536511	-0.031925661
6.053592000	-1.151221991	-0.031792361
6.053593000	-1.142307758	-0.031715469
6.053594000	-1.137800694	-0.032189776
6.053595000	-1.141317129	-0.033827364
6.053596000	-1.153804779	-0.033875295
6.053597000	-1.136057138	-0.033826326
6.053598000	-1.148508787	-0.033587996
6.053599000	-1.148234606	-0.032650688
6.053600000	-1.128378987	-0.034159125
6.053601000	-1.141099691	-0.035337202
6.053602000	-1.141869903	-0.035114000
6.053603000	-1.143434286	-0.035673867
6.053604000	-1.136402369	-0.033398304
6.053605000	-1.146849751	-0.035744977
6.053606000	-1.144162297	-0.035283073
6.053607000	-1.146338105	-0.035583789
6.053608000	-1.144385695	-0.035868103
6.053609000	-1.145320892	-0.035861861
6.053610000	-1.139175415	-0.036167246
6.053611000	-1.128714919	-0.037560575
6.053612000	-1.146356225	-0.037269050
6.053613000	-1.140294194	-0.038354821
6.053614000	-1.140590310	-0.037113010
6.053615000	-1.142520785	-0.037906565
6.053616000	-1.126188159	-0.039328439
6.053617000	-1.138630390	-0.038727822
6.053618000	-1.134802103	-0.038533686
6.053619000	-1.141384721	-0.040013875
6.053620000	-1.142570257	-0.039579584
6.053621000	-1.141043901	-0.040035937
6.053622000	-1.135949016	-0.039294293
6.053623000	-1.143064737	-0.039985208
6.053624000	-1.138034463	-0.039538721
6.053625000	-1.131356120	-0.040660120
6.053626000	-1.142358422	-0.041042887
6.053627000	-1.137268305	-0.040414556
6.053628000	-1.141069889	-0.040754433
6.053629000	-1.142671943	-0.041807231
6.053630000	-1.147394061	-0.041747809
6.053631000	-1.137778163	-0.041715110
6.053632000	-1.127046824	-0.041758316
6.053633000	-1.137562037	-0.042016797
6.053634000	-1.138514400	-0.042399738
6.053635000	-1.137150168	-0.043032110
6.053636000	-1.127634406	-0.042644891
6.053637000	-1.133229852	-0.044479859
6.053638000	-1.137153506	-0.044614652
6.053639000	-1.131265998	-0.044680041
6.053640000	-1.126590371	-0.043299720
6.053641000	-1.129613161	-0.044180565
6.053642000	-1.132238984	-0.044571850
6.053643000	-1.137350202	-0.044425493
6.053644000	-1.138739586	-0.044120261
6.053645000	-1.130360842	-0.044065367
6.053646000	-1.132613182	-0.046592831
6.053647000	-1.136116982	-0.045604112
6.053648000	-1.131318331	-0.045162997
6.053649000	-1.127149105	-0.046717580
6.053650000	-1.140475988	-0.046427328
6.053651000	-1.141121268	-0.046899865
6.053652000	-1.136400700	-0.047611357
6.053653000	-1.136022806	-0.048343494
6.053654000	-1.131591439	-0.047158736
6.053655000	-1.135471940	-0.047136998
6.053656000	-1.127253056	-0.047594226
6.053657000	-1.137764573	-0.048374236
6.053658000	-1.130277872	-0.047714135
6.053659000	-1.131470561	-0.048818701
6.053660000	-1.125405192	-0.049011352
6.053661000	-1.124946237	-0.049055644
6.053662000	-1.123782754	-0.048921341
6.053663000	-1.134215951	-0.049414929
6.053664000	-1.130373836	-0.050799194
6.053665000	-1.130935311	-0.049268118
6.053666000	-1.124250889	-0.050590299
6.053667000	-1.138701439	-0.051600768
6.053668000	-1.122985125	-0.050059610
6.053669000	-1.128992319	-0.050138493
6.053670000	-1.121473074	-0.052376893
6.053671000	-1.130340099	-0.051797763
6.053672000	-1.124556899	-0.051782837
6.053673000	-1.134305596	-0.051702639
6.053674000	-1.122051477	-0.052352841
6.053675000	-1.140288711	-0.052918209
6.053676000	-1.126125693	-0.052354560
6.053677000	-1.116518140	-0.052897907
6.053678000	-1.123814344	-0.052942045
6.053679000	-1.116914272	-0.053401814
6.053680000	-1.120976925	-0.052774548
6.053681000	-1.119387746	-0.052329892
6.053682000	-1.119616032	-0.053891803
6.053683000	-1.109896779	-0.053501958
6.053684000	-1.132030964	-0.054880597
6.053685000	-1.129208207	-0.054822120
6.053686000	-1.122601986	-0.052836637
6.053687000	-1.111652374	-0.054422858
6.053688000	-1.135185957	-0.055981223
6.053689000	-1.116237164	-0.055236503
6.053690000	-1.119826555	-0.055557860
6.053691000	-1.125213742	-0.056113520
6.053692000	-1.111416936	-0.056189378
6.053693000	-1.117225051	-0.056816802
6.053694000	-1.121247172	-0.055762511
6.053695000	-1.120935440	-0.055515445
6.053696000	-1.121762991	-0.056856534
6.053697000	-1.123899102	-0.057521325
6.053698000	-1.131081939	-0.057532161
6.053699000	-1.122252584	-0.057798997
6.053700000	-1.126628160	-0.058028749
6.053701000	-1.113319516	-0.058291557
6.053702000	-1.125538588	-0.057636128
6.053703000	-1.122149587	-0.057818397
6.053704000	-1.119424820	-0.058354782
6.053705000	-1.124661922	-0.058820840
6.053706000	-1.124813080	-0.060002247
6.053707000	-1.120428205	-0.059225249
6.053708000	-1.115391731	-0.060126829
6.053709000	-1.119958401	-0.058382009
6.053710000	-1.118116379	-0.058707043
6.053711000	-1.115475893	-0.060183500
6.053712000	-1.125924349	-0.061162961
6.053713000	-1.123916149	-0.061329620
6.053714000	-1.110800147	-0.060219220
6.053715000	-1.124591231	-0.060473011
6.053716000	-1.133026361	-0.060514573
6.053717000	-1.124612212	-0.060638405
6.053718000	-1.129916668	-0.061311007
6.053719000	-1.115448833	-0.060457631
6.053720000	-1.123844266	-0.061046618
6.053721000	-1.109881639	-0.061885689
6.053722000	-1.116402745	-0.063251070
6.053723000	-1.118053079	-0.062059784
6.053724000	-1.114557147	-0.063705081
6.053725000	-1.108685970	-0.063260862
6.053726000	-1.120869040	-0.063900911
6.053727000	-1.128954411	-0.062104559
6.053728000	-1.119581580	-0.064465701
6.053729000	-1.119036317	-0.064103686
6.053730000	-1.118538380	-0.064026134
6.053731000	-1.118595839	-0.064686776
6.053732000	-1.126832128	-0.064309223
6.053733000	-1.115515947	-0.064631233
6.053734000	-1.117825389	-0.064487913
6.053735000	-1.121238112	-0.064699418
6.053736000	-1.124367833	-0.065451624
6.053737000	-1.116574407	-0.065207778
6.053738000	-1.121315598	-0.064324774
6.053739000	-1.108483434	-0.065186123
6.053740000	-1.123023748	-0.065866503
6.053741000	-1.121044397	-0.065661647
6.053742000	-1.114872336	-0.064554721
6.053743000	-1.116130352	-0.066073409
6.053744000	-1.115978122	-0.064588934
6.053745000	-1.110619664	-0.066330583
6.053746000	-1.114048243	-0.067663933
6.053747000	-1.115883589	-0.067129752
6.053748000	-1.117935777	-0.066391254
6.053749000	-1.102618098	-0.067778582
6.053750000	-1.124679685	-0.068937481
6.053751000	-1.112882376	-0.069292293
6.053752000	-1.119395494	-0.068103104
6.053753000	-1.121250629	-0.068502167
6.053754000	-1.111679554	-0.068973750
6.053755000	-1.113716960	-0.068478494
6.053756000	-1.101261258	-0.069564539
6.053757000	-1.109061480	-0.068451346
6.053758000	-1.116335869	-0.068147042
6.053759000	-1.106169224	-0.070152781
6.053760000	-1.119582891	-0.068632657
6.053761000	-1.119594097	-0.069592939
6.053762000	-1.109581113	-0.070637244
6.053763000	-1.120415926	-0.069258721
6.053764000	-1.102164745	-0.069612734
6.053765000	-1.117566466	-0.069471004
6.053766000	-1.116949677	-0.070988523
6.053767000	-1.103809714	-0.070261022
6.053768000	-1.113616467	-0.069275232
6.053769000	-1.112162709	-0.071815942
6.053770000	-1.106241107	-0.072189251
6.053771000	-1.107431531	-0.071097688
6.053772000	-1.107348561	-0.071915328
6.053773000	-1.109100223	-0.071366101
6.053774000	-1.105605483	-0.072353326
6.053775000	-1.115509629	-0.071720393
6.053776000	-1.110711694	-0.071935352
6.053777000	-1.113689303	-0.071603746
6.053778000	-1.105901241	-0.073344280
6.053779000	-1.107109547	-0.071119584
6.053780000	-1.108464003	-0.073015613
6.053781000	-1.111256361	-0.072641331
6.053782000	-1.112002373	-0.071949608
6.053783000	-1.111985326	-0.073079953
6.053784000	-1.111308575	-0.073355158
6.053785000	-1.100855589	-0.073412848
6.053786000	-1.109037995	-0.073393149
6.053787000	-1.110273719	-0.073662420
6.053788000	-1.100880742	-0.074584556
6.053789000	-1.115703940	-0.074895047
6.053790000	-1.107990503	-0.074551341
6.053791000	-1.112300992	-0.074801421
6.053792000	-1.113723159	-0.074138485
6.053793000	-1.103776336	-0.075105262
6.053794000	-1.102018476	-0.074997895
6.053795000	-1.098810434	-0.074960703
6.053796000	-1.107743859	-0.074747500
6.053797000	-1.101660967	-0.076007566
6.053798000	-1.101526141	-0.075032425
6.053799000	-1.098136187	-0.075566372
6.053800000	-1.112124085	-0.074970548
6.053801000	-1.113761544	-0.076201969
6.053802000	-1.104435205	-0.075703999
6.053803000	-1.109998345	-0.076963907
6.053804000	-1.106164813	-0.077059432
6.053805000	-1.103623867	-0.076249881
6.053806000	-1.103501201	-0.077919649
6.053807000	-1.100333333	-0.077126876
6.053808000	-1.101411223	-0.077004995
6.053809000	-1.104804516	-0.078421439
6.053810000	-1.111382008	-0.077205173
6.053811000	-1.109717846	-0.077449002
6.053812000	-1.110244274	-0.077825232
6.053813000	-1.106416821	-0.077964099
6.053814000	-1.109616637	-0.078326805
6.053815000	-1.118364453	-0.077919117
6.053816000	-1.111061215	-0.079081770
6.053817000	-1.106387615	-0.078553532
6.053818000	-1.113397956	-0.078988418
6.053819000	-1.110894203	-0.079618372
6.053820000	-1.097442746	-0.078919691
6.053821000	-1.106070876	-0.078713779
6.053822000	-1.112421751	-0.078399626
6.053823000	-1.103312135	-0.079793208
6.053824000	-1.116844535	-0.079504804
6.053825000	-1.104290485	-0.080392969
6.053826000	-1.110505819	-0.078961653
6.053827000	-1.097456098	-0.078749906
6.053828000	-1.100061178	-0.079933657
6.053829000	-1.097600698	-0.080232463
6.053830000	-1.109252572	-0.080784595
6.053831000	-1.118338704	-0.079136414
6.053832000	-1.110971689	-0.080462702
6.053833000	-1.105995059	-0.080107886
6.053834000	-1.094329000	-0.080718199
6.053835000	-1.102869630	-0.081569420
6.053836000	-1.101911068	-0.081476692
6.053837000	-1.108033180	-0.082436171
6.053838000	-1.109955788	-0.081104091
6.053839000	-1.102664351	-0.081723842
6.053840000	-1.103318214	-0.081214271
6.053841000	-1.099728942	-0.082465607
6.053842000	-1.095261931	-0.083943204
6.053843000	-1.104185343	-0.082634377
6.053844000	-1.113722205	-0.082134884
6.053845000	-1.097261786	-0.082405628
6.053846000	-1.098232865	-0.082636715
6.053847000	-1.103320837	-0.082971974
6.053848000	-1.111521602	-0.084015650
6.053849000	-1.108343363	-0.083511813
6.053850000	-1.102507472	-0.083254768
6.053851000	-1.101795316	-0.083024571
6.053852000	-1.095337987	-0.084362235
6.053853000	-1.098857045	-0.083440208
6.053854000	-1.101860523	-0.084029732
6.053855000	-1.101443887	-0.082861053
6.053856000	-1.114332318	-0.084203311
6.053857000	-1.108115315	-0.084760278
6.053858000	-1.115966439	-0.083981229
6.053859000	-1.103666425	-0.083922947
6.053860000	-1.106270671	-0.084702055
6.053861000	-1.108193040	-0.084796530
6.053862000	-1.112833142	-0.084309805
6.053863000	-1.113816142	-0.084278096
6.053864000	-1.094112515	-0.085593273
6.053865000	-1.111904860	-0.084649299
6.053866000	-1.103329778	-0.085537971
6.053867000	-1.110436797	-0.085452367
6.053868000	-1.107154131	-0.085571635
6.053869000	-1.105793834	-0.084593248
6.053870000	-1.099458098	-0.085713374
6.053871000	-1.107774019	-0.085758273
6.053872000	-1.101435661	-0.086296265
6.053873000	-1.102811456	-0.085005289
6.053874000	-1.100728393	-0.087267470
6.053875000	-1.104490161	-0.086646637
6.053876000	-1.107461214	-0.086666444
6.053877000	-1.104204178	-0.088058320
6.053878000	-1.109470129	-0.087531822
6.053879000	-1.095531702	-0.087438686
6.053880000	-1.102496982	-0.087769226
6.053881000	-1.094748974	-0.086627862
6.053882000	-1.109809995	-0.087062980
6.053883000	-1.109799862	-0.087207865
6.053884000	-1.113901258	-0.087740097
6.053885000	-1.104613662	-0.088741588
6.053886000	-1.099237084	-0.088213316
6.053887000	-1.104478717	-0.087452834
6.053888000	-1.106119752	-0.087156665
6.053889000	-1.102904677	-0.088311196
6.053890000	-1.106304407	-0.087672478
6.053891000	-1.101104617	-0.088369169
6.053892000	-1.106337428	-0.088626938
6.053893000	-1.101072073	-0.088932511
6.053894000	-1.098833203	-0.088295874
6.053895000	-1.103051782	-0.089610569
6.053896000	-1.107570767	-0.089696905
6.053897000	-1.103785276	-0.088690139
6.053898000	-1.100831389	-0.090305321
6.053899000	-1.103488088	-0.088553660
6.053900000	-1.112225533	-0.088753638
6.053901000	-1.104125261	-0.090488230
6.053902000	-1.102365375	-0.089413769
6.053903000	-1.108450174	-0.091022002
6.053904000	-1.107037425	-0.091761745
6.053905000	-1.107099414	-0.090469238
6.053906000	-1.105788708	-0.091157266
6.053907000	-1.109513998	-0.091361872
6.053908000	-1.104369402	-0.090629236
6.053909000	-1.105669856	-0.090986383
6.053910000	-1.107186198	-0.091585070
6.053911000	-1.110071659	-0.091001896
6.053912000	-1.114418864	-0.090882403
6.053913000	-1.099490762	-0.090990003
6.053914000	-1.100630999	-0.091496045
6.053915000	-1.100920916	-0.091362529
6.053916000	-1.105509877	-0.091382486
6.053917000	-1.105273485	-0.090825478
6.053918000	-1.103537560	-0.092228298
6.053919000	-1.109939218	-0.093605410
6.053920000	-1.102325439	-0.092083763
6.053921000	-1.108339310	-0.092212727
6.053922000	-1.106613636	-0.091478784
6.053923000	-1.103539348	-0.091801909
6.053924000	-1.098920465	-0.092443107
6.053925000	-1.097976327	-0.092869462
6.053926000	-1.109088898	-0.092693219
6.053927000	-1.109255075	-0.092882994
6.053928000	-1.102124810	-0.092909992
6.053929000	-1.098115563	-0.093627872
6.053930000	-1.102412343	-0.093471437
6.053931000	-1.103689551	-0.093195242
6.053932000	-1.107457161	-0.093535311
6.053933000	-1.104143262	-0.092997660
6.053934000	-1.109683394	-0.093327484
6.053935000	-1.117311835	-0.093585045
6.053936000	-1.106352210	-0.093630028
6.053937000	-1.102904558	-0.095171008
6.053938000	-1.102667332	-0.095191431
6.053939000	-1.101700306	-0.094720933
6.053940000	-1.091185212	-0.094582682
6.053941000	-1.105492234	-0.094077181
6.053942000	-1.102492571	-0.095441027
6.053943000	-1.108589530	-0.093918856
6.053944000	-1.114867687	-0.095399648
6.053945000	-1.109353423	-0.095075958
6.053946000	-1.102373719	-0.094604512
6.053947000	-1.094449162	-0.095288478
6.053948000	-1.103814602	-0.096408612
6.053949000	-1.101920485	-0.094658050
6.053950000	-1.100373030	-0.095974051
6.053951000	-1.102658749	-0.097088209
6.053952000	-1.099068642	-0.095896095
6.053953000	-1.099478483	-0.095063666
6.053954000	-1.099281073	-0.095608216
6.053955000	-1.110031605	-0.094703057
6.053956000	-1.104619622	-0.096250994
6.053957000	-1.104272962	-0.097066488
6.053958000	-1.101157069	-0.096465629
6.053959000	-1.109775782	-0.096860176
6.053960000	-1.097518444	-0.095813861
6.053961000	-1.103760600	-0.096883645
6.053962000	-1.102664232	-0.097270794
6.053963000	-1.106042027	-0.097415462
6.053964000	-1.100811243	-0.097894323
6.053965000	-1.098967910	-0.098287247
6.053966000	-1.104927659	-0.097749072
6.053967000	-1.103348494	-0.096919864
6.053968000	-1.103703380	-0.097575925
6.053969000	-1.097473621	-0.098384611
6.053970000	-1.099370360	-0.097049244
6.053971000	-1.109514952	-0.097990438
6.053972000	-1.101607323	-0.098074061
6.053973000	-1.095650911	-0.097873933
6.053974000	-1.097643495	-0.098683742
6.053975000	-1.093798995	-0.098426090
6.053976000	-1.098893642	-0.098526058
6.053977000	-1.103469372	-0.097924916
6.053978000	-1.097686410	-0.098310525
6.053979000	-1.104467869	-0.099726861
6.053980000	-1.102641702	-0.098533016
6.053981000	-1.101431966	-0.099176269
6.053982000	-1.100110412	-0.099869165
6.053983000	-1.099056721	-0.099292491
6.053984000	-1.086634994	-0.099750837
6.053985000	-1.100720286	-0.099842259
6.053986000	-1.096872211	-0.099790693
6.053987000	-1.095415711	-0.098841634
6.053988000	-1.095066071	-0.099926839
6.053989000	-1.103774905	-0.099413590
6.053990000	-1.097892165	-0.099090507
6.053991000	-1.107584834	-0.100291517
6.053992000	-1.102554917	-0.099472903
6.053993000	-1.090986133	-0.099489715
6.053994000	-1.107027531	-0.101285992
6.053995000	-1.095328212	-0.100676943
6.053996000	-1.097383857	-0.100597573
6.053997000	-1.101254463	-0.102080205
6.053998000	-1.094958067	-0.100965822
6.053999000	-1.100143075	-0.102317759
6.054000000	-1.104726791	-0.100080212
6.054001000	-1.102024198	-0.100517786
6.054002000	-1.097980380	-0.101191624
6.054003000	-1.107012391	-0.099898826
6.054004000	-1.100613117	-0.100791742
6.054005000	-1.101958513	-0.101289795
6.054006000	-1.113764524	-0.101379410
6.054007000	-1.106456757	-0.101799299
6.054008000	-1.097671270	-0.101849275
6.054009000	-1.097413182	-0.103078432
6.054010000	-1.106563568	-0.101846737
6.054011000	-1.101262331	-0.101916470
6.054012000	-1.103595734	-0.101305166
6.054013000	-1.096921325	-0.101863190
6.054014000	-1.095737100	-0.103737040
6.054015000	-1.100324512	-0.101857631
6.054016000	-1.098063946	-0.103415896
6.054017000	-1.090953231	-0.102800523
6.054018000	-1.093539357	-0.101890330
6.054019000	-1.092275381	-0.102108393
6.054020000	-1.095159054	-0.103212040
6.054021000	-1.095476151	-0.104605031
6.054022000	-1.101794958	-0.103911918
6.054023000	-1.099980474	-0.103299583
6.054024000	-1.094185948	-0.103267300
6.054025000	-1.101229906	-0.103556611
6.054026000	-1.094111443	-0.104114502
6.054027000	-1.095494032	-0.103047639
6.054028000	-1.100752473	-0.103947239
6.054029000	-1.101335526	-0.103259727
6.054030000	-1.105252028	-0.105387992
6.054031000	-1.099264383	-0.104955278
6.054032000	-1.090892076	-0.102985238
6.054033000	-1.108108640	-0.103468669
6.054034000	-1.097609162	-0.104148366
6.054035000	-1.101047277	-0.103550777
6.054036000	-1.105388522	-0.103727694
6.054037000	-1.113808632	-0.104776364
6.054038000	-1.100059628	-0.103245055
6.054039000	-1.110185027	-0.104626220
6.054040000	-1.109126449	-0.106021949
6.054041000	-1.104544282	-0.104461961
6.054042000	-1.097186089	-0.104316910
6.054043000	-1.104327440	-0.104986903
6.054044000	-1.096424222	-0.104979230
6.054045000	-1.108662605	-0.106160808
6.054046000	-1.102123141	-0.105489583
6.054047000	-1.095083356	-0.105374252
6.054048000	-1.106766105	-0.106108036
6.054049000	-1.101895928	-0.106889208
6.054050000	-1.089426398	-0.106086889
6.054051000	-1.110222220	-0.105876358
6.054052000	-1.112141371	-0.106473696
6.054053000	-1.117137313	-0.106258763
6.054054000	-1.096573114	-0.106769016
6.054055000	-1.101301193	-0.107302114
6.054056000	-1.098579645	-0.107030139
6.054057000	-1.092674971	-0.106586889
6.054058000	-1.106437683	-0.107432168
6.054059000	-1.100029588	-0.107221387
6.054060000	-1.092784524	-0.106413609
6.054061000	-1.103192329	-0.107425885
6.054062000	-1.097348094	-0.106253827
6.054063000	-1.093039751	-0.107395974
6.054064000	-1.097263932	-0.106752288
6.054065000	-1.100453973	-0.108464676
6.054066000	-1.108434319	-0.107635068
6.054067000	-1.097145557	-0.106994669
6.054068000	-1.105771780	-0.106692175
6.054069000	-1.101779699	-0.108390581
6.054070000	-1.102871299	-0.108760769
6.054071000	-1.104966283	-0.108622501
6.054072000	-1.106654406	-0.107283455
6.054073000	-1.098044634	-0.107858557
6.054074000	-1.105674982	-0.107559376
6.054075000	-1.100818872	-0.108012404
6.054076000	-1.100017905	-0.108560766
6.054077000	-1.103156805	-0.108374827
6.054078000	-1.109265804	-0.107933941
6.054079000	-1.107747316	-0.108369634
6.054080000	-1.101182461	-0.108671820
6.054081000	-1.093623161	-0.108346739
6.054082000	-1.097749114	-0.109128477
6.054083000	-1.092168689	-0.108752072
6.054084000	-1.108168483	-0.109194806
6.054085000	-1.109190464	-0.109705118
6.054086000	-1.091425300	-0.107910605
6.054087000	-1.096393466	-0.109337477
6.054088000	-1.106353283	-0.110095795
6.054089000	-1.101410866	-0.109277539
6.054090000	-1.093514681	-0.109631190
6.054091000	-1.090270281	-0.110212874
6.054092000	-1.098357916	-0.110273095
6.054093000	-1.103417993	-0.110428033
6.054094000	-1.096210361	-0.110927825
6.054095000	-1.100288510	-0.108709403
6.054096000	-1.099764705	-0.110163789
6.054097000	-1.094147563	-0.109242918
6.054098000	-1.100664616	-0.110155159
6.054099000	-1.097171187	-0.109867978
6.054100000	-1.106895089	-0.110057712
6.054101000	-1.102069378	-0.110647219
6.054102000	-1.091605783	-0.110501719
6.054103000	-1.103908181	-0.111024156
6.054104000	-1.098808527	-0.111189972
6.054105000	-1.097778082	-0.110859082
6.054106000	-1.100090981	-0.110726756
6.054107000	-1.092236876	-0.111610776
6.054108000	-1.097073913	-0.110681974
6.054109000	-1.096305609	-0.110785279
6.054110000	-1.092547536	-0.112030057
6.054111000	-1.096007824	-0.110456354
6.054112000	-1.092183352	-0.111108745
6.054113000	-1.104794025	-0.112155101
6.054114000	-1.098733902	-0.111946418
6.054115000	-1.102564812	-0.112419653
6.054116000	-1.097425818	-0.111606082
6.054117000	-1.099952817	-0.111455722
6.054118000	-1.092676163	-0.111992191
6.054119000	-1.092440128	-0.113014753
6.054120000	-1.100112081	-0.112309947
6.054121000	-1.089656115	-0.112695848
6.054122000	-1.100130439	-0.112642052
6.054123000	-1.099905133	-0.113147045
6.054124000	-1.094648004	-0.112728380
6.054125000	-1.092330694	-0.112354281
6.054126000	-1.101287127	-0.112071819
6.054127000	-1.094792724	-0.110989502
6.054128000	-1.091992617	-0.113167111
6.054129000	-1.095733047	-0.112926086
6.054130000	-1.099570632	-0.113775402
6.054131000	-1.097761035	-0.112695082
6.054132000	-1.099058628	-0.113519330
6.054133000	-1.093554139	-0.113456796
6.054134000	-1.094720960	-0.113080941
6.054135000	-1.088392258	-0.113137084
6.054136000	-1.089514971	-0.114050398
6.054137000	-1.096601725	-0.114357053
6.054138000	-1.093650222	-0.114399513
6.054139000	-1.104256988	-0.112938953
6.054140000	-1.091534734	-0.113718760
6.054141000	-1.104541898	-0.113860456
