D:\KID metingen\Entropy ADR\LT343chip5_BF_20240530_mapping\S21\Power\KID81_114dBm_.dat
Power at KID:114dBm
resonance Frequency in GHz :6.029885
Q=28177.032709, Qc=29839.243631, Qi=505821.092032  S21min=-25.082034


Temperature in K:0.099964
GHz	dB	Rad
6.028969000	0.723528326	0.122865453
6.028970000	0.669850647	0.122200387
6.028971000	0.611040950	0.126326663
6.028972000	0.655457973	0.124323916
6.028973000	0.627421081	0.131239447
6.028974000	0.662978709	0.125802220
6.028975000	0.652004778	0.117719427
6.028976000	0.642388046	0.121199529
6.028977000	0.624282420	0.122963632
6.028978000	0.682130218	0.123837207
6.028979000	0.703040540	0.121899025
6.028980000	0.568930984	0.119199021
6.028981000	0.635849178	0.121121282
6.028982000	0.634049118	0.128458907
6.028983000	0.742851734	0.127817351
6.028984000	0.668691635	0.115618517
6.028985000	0.687005877	0.121280206
6.028986000	0.694984615	0.123422911
6.028987000	0.662359893	0.117801286
6.028988000	0.647725105	0.122250171
6.028989000	0.693775296	0.116120889
6.028990000	0.659601927	0.121065281
6.028991000	0.661278963	0.123176252
6.028992000	0.593198121	0.120955941
6.028993000	0.648734570	0.122251628
6.028994000	0.650797367	0.118729164
6.028995000	0.682212710	0.112646837
6.028996000	0.649162471	0.119143444
6.028997000	0.651907384	0.122818748
6.028998000	0.675093651	0.115737577
6.028999000	0.685187399	0.125665442
6.029000000	0.651805162	0.117209506
6.029001000	0.613153994	0.120143877
6.029002000	0.592200279	0.117772657
6.029003000	0.665086269	0.120992543
6.029004000	0.656613588	0.112908634
6.029005000	0.698629797	0.119171632
6.029006000	0.706582785	0.117766540
6.029007000	0.697470069	0.120297874
6.029008000	0.642896414	0.119985552
6.029009000	0.642067432	0.113984085
6.029010000	0.683929980	0.118205112
6.029011000	0.671626985	0.120741083
6.029012000	0.679354846	0.115713967
6.029013000	0.682107031	0.121509063
6.029014000	0.618295312	0.116005375
6.029015000	0.666015148	0.115353424
6.029016000	0.573595285	0.121776079
6.029017000	0.619108200	0.114839443
6.029018000	0.664609373	0.118530651
6.029019000	0.657625616	0.112483560
6.029020000	0.661716938	0.116431905
6.029021000	0.685063243	0.116723538
6.029022000	0.662667453	0.117282635
6.029023000	0.671124339	0.117455691
6.029024000	0.627759874	0.117716822
6.029025000	0.576663435	0.116839294
6.029026000	0.629439890	0.121274572
6.029027000	0.652204156	0.113379256
6.029028000	0.669610798	0.118529028
6.029029000	0.691551864	0.111678911
6.029030000	0.649004042	0.122999926
6.029031000	0.657599568	0.113175641
6.029032000	0.654577553	0.106662639
6.029033000	0.651366115	0.114699286
6.029034000	0.649906874	0.111752440
6.029035000	0.677744627	0.111606249
6.029036000	0.586238503	0.115885457
6.029037000	0.598831892	0.112025838
6.029038000	0.656360090	0.112491575
6.029039000	0.632032156	0.108755410
6.029040000	0.661359072	0.106363075
6.029041000	0.651753902	0.118119550
6.029042000	0.550730884	0.110588671
6.029043000	0.628127396	0.111187591
6.029044000	0.584676147	0.108925120
6.029045000	0.680245578	0.116109562
6.029046000	0.632689834	0.112262876
6.029047000	0.668150246	0.120801961
6.029048000	0.648018539	0.108872198
6.029049000	0.553253353	0.116495496
6.029050000	0.617980838	0.111350519
6.029051000	0.694711804	0.111905521
6.029052000	0.602189302	0.115934485
6.029053000	0.661797225	0.107125205
6.029054000	0.580630958	0.114111027
6.029055000	0.658594131	0.108239081
6.029056000	0.616729856	0.108593381
6.029057000	0.668251693	0.116180910
6.029058000	0.624014676	0.108998922
6.029059000	0.651003718	0.114260904
6.029060000	0.606666028	0.108428024
6.029061000	0.556750834	0.102995017
6.029062000	0.606626451	0.106096068
6.029063000	0.561769307	0.107745897
6.029064000	0.664842844	0.109680517
6.029065000	0.590805709	0.111175965
6.029066000	0.617682099	0.110459874
6.029067000	0.670319319	0.105595477
6.029068000	0.641501129	0.110908367
6.029069000	0.624042034	0.113260804
6.029070000	0.621924400	0.106050861
6.029071000	0.677756250	0.114816456
6.029072000	0.601162553	0.107447773
6.029073000	0.664809585	0.112219183
6.029074000	0.614796221	0.106222128
6.029075000	0.604475975	0.113959035
6.029076000	0.575122178	0.107803146
6.029077000	0.591630697	0.108212374
6.029078000	0.651042044	0.104465623
6.029079000	0.615351677	0.106191310
6.029080000	0.602875888	0.102870722
6.029081000	0.587241888	0.099806722
6.029082000	0.613007069	0.107228445
6.029083000	0.591451108	0.107600688
6.029084000	0.637656271	0.108201805
6.029085000	0.626403332	0.107499396
6.029086000	0.629168570	0.103846538
6.029087000	0.612977386	0.110694890
6.029088000	0.652200937	0.109194748
6.029089000	0.665417314	0.112280977
6.029090000	0.554457903	0.103951932
6.029091000	0.589796364	0.103810044
6.029092000	0.619149327	0.102005287
6.029093000	0.631053090	0.106640327
6.029094000	0.591183603	0.108651263
6.029095000	0.593833327	0.107602635
6.029096000	0.604273438	0.102046873
6.029097000	0.654271066	0.102925950
6.029098000	0.559380054	0.108542224
6.029099000	0.552134216	0.099956716
6.029100000	0.570405245	0.094780888
6.029101000	0.663159192	0.102779934
6.029102000	0.591611207	0.098985928
6.029103000	0.623713434	0.097731221
6.029104000	0.563828707	0.104986537
6.029105000	0.606756687	0.097897935
6.029106000	0.602708638	0.102121550
6.029107000	0.557942033	0.096977746
6.029108000	0.606751621	0.107435430
6.029109000	0.556045294	0.097269537
6.029110000	0.549610078	0.100207145
6.029111000	0.595173895	0.105694555
6.029112000	0.617996573	0.098045890
6.029113000	0.642522275	0.097968484
6.029114000	0.581476748	0.106636882
6.029115000	0.660987794	0.096951206
6.029116000	0.618170142	0.103610399
6.029117000	0.619284093	0.098205430
6.029118000	0.598721445	0.100965738
6.029119000	0.655061960	0.097749122
6.029120000	0.587253988	0.093073003
6.029121000	0.653494775	0.097433446
6.029122000	0.613400757	0.109109036
6.029123000	0.613481045	0.098582401
6.029124000	0.630279481	0.096957231
6.029125000	0.623418868	0.104956036
6.029126000	0.628679216	0.104785452
6.029127000	0.584864199	0.093576024
6.029128000	0.631945848	0.105550611
6.029129000	0.639776766	0.104280583
6.029130000	0.598742306	0.089774644
6.029131000	0.631094217	0.100281023
6.029132000	0.619492173	0.105134792
6.029133000	0.560272276	0.105876324
6.029134000	0.555126786	0.096445963
6.029135000	0.590672493	0.097679481
6.029136000	0.604552150	0.097747699
6.029137000	0.627892792	0.104806624
6.029138000	0.623576999	0.096262612
6.029139000	0.614930809	0.103790012
6.029140000	0.600096285	0.093560894
6.029141000	0.624910295	0.088403757
6.029142000	0.646437883	0.098840652
6.029143000	0.610310018	0.101619070
6.029144000	0.620894969	0.095720959
6.029145000	0.596742451	0.098374274
6.029146000	0.553544700	0.096434245
6.029147000	0.574966133	0.094880881
6.029148000	0.630747914	0.097738744
6.029149000	0.566048265	0.095645308
6.029150000	0.619505107	0.091632765
6.029151000	0.612282932	0.098896096
6.029152000	0.566236675	0.091882145
6.029153000	0.635676682	0.100321345
6.029154000	0.536977410	0.091251475
6.029155000	0.624047160	0.092801876
6.029156000	0.548343956	0.096233193
6.029157000	0.591565192	0.097225595
6.029158000	0.590325475	0.099186763
6.029159000	0.528195918	0.093958187
6.029160000	0.582943261	0.095363346
6.029161000	0.622209668	0.104959523
6.029162000	0.618192673	0.099585721
6.029163000	0.553148866	0.091345069
6.029164000	0.601387382	0.092658066
6.029165000	0.580774486	0.094954418
6.029166000	0.568888843	0.091839360
6.029167000	0.567083955	0.099021298
6.029168000	0.616038501	0.088602654
6.029169000	0.555863082	0.092600857
6.029170000	0.624003410	0.091913829
6.029171000	0.611418724	0.094269977
6.029172000	0.560980380	0.092915477
6.029173000	0.535175264	0.091271682
6.029174000	0.590496600	0.093893639
6.029175000	0.562797368	0.081235659
6.029176000	0.599505484	0.083467272
6.029177000	0.596932828	0.090344453
6.029178000	0.611326456	0.088330063
6.029179000	0.482755601	0.090509743
6.029180000	0.559329689	0.092256486
6.029181000	0.538313270	0.087404181
6.029182000	0.638935387	0.092219709
6.029183000	0.598722160	0.088263017
6.029184000	0.605736911	0.081965599
6.029185000	0.496500731	0.081777579
6.029186000	0.578386724	0.095855865
6.029187000	0.596192896	0.088680609
6.029188000	0.633149981	0.089110111
6.029189000	0.538966298	0.094026281
6.029190000	0.581823826	0.092403526
6.029191000	0.565768659	0.088320392
6.029192000	0.628809690	0.087248262
6.029193000	0.527398229	0.092537682
6.029194000	0.555247128	0.084260960
6.029195000	0.550122082	0.082658220
6.029196000	0.535937369	0.093556824
6.029197000	0.543012440	0.089444995
6.029198000	0.533720732	0.092476912
6.029199000	0.569061220	0.089508952
6.029200000	0.613284469	0.086955938
6.029201000	0.621736705	0.078435878
6.029202000	0.582563519	0.088203912
6.029203000	0.566682398	0.079471232
6.029204000	0.623441815	0.080881068
6.029205000	0.575040638	0.086269150
6.029206000	0.542086542	0.082247686
6.029207000	0.645194113	0.078129581
6.029208000	0.579706490	0.082383257
6.029209000	0.550682306	0.084109676
6.029210000	0.517458618	0.088127837
6.029211000	0.523007393	0.084018396
6.029212000	0.560575366	0.083186192
6.029213000	0.621626794	0.079893018
6.029214000	0.517837048	0.084124007
6.029215000	0.516635954	0.076301962
6.029216000	0.582770705	0.082932010
6.029217000	0.510181665	0.084615768
6.029218000	0.607400894	0.084996351
6.029219000	0.513290107	0.085057146
6.029220000	0.586265326	0.084199633
6.029221000	0.554860294	0.084121544
6.029222000	0.648079693	0.077105213
6.029223000	0.578014374	0.082053358
6.029224000	0.537476361	0.069511742
6.029225000	0.512541473	0.079937352
6.029226000	0.552868605	0.076722525
6.029227000	0.557444334	0.081267268
6.029228000	0.584863007	0.075332605
6.029229000	0.508241713	0.081174107
6.029230000	0.500264227	0.076439431
6.029231000	0.541267693	0.082997024
6.029232000	0.616287231	0.065258853
6.029233000	0.560829282	0.083526660
6.029234000	0.576820910	0.076923361
6.029235000	0.537176490	0.078477415
6.029236000	0.552832365	0.076030303
6.029237000	0.578845322	0.075497296
6.029238000	0.566548645	0.076507666
6.029239000	0.579342425	0.072158649
6.029240000	0.536029220	0.082663355
6.029241000	0.639805198	0.077727070
6.029242000	0.555215657	0.076451940
6.029243000	0.583429635	0.080123690
6.029244000	0.523013234	0.069206431
6.029245000	0.581340253	0.072381672
6.029246000	0.518485844	0.065835098
6.029247000	0.534371555	0.071565605
6.029248000	0.517109215	0.070558839
6.029249000	0.510214150	0.079289413
6.029250000	0.650039494	0.082618755
6.029251000	0.495732486	0.075577407
6.029252000	0.519440770	0.074605270
6.029253000	0.450374126	0.073153864
6.029254000	0.563179374	0.070456282
6.029255000	0.524539351	0.074046831
6.029256000	0.575879574	0.085913027
6.029257000	0.594035566	0.071888422
6.029258000	0.613215744	0.071898542
6.029259000	0.606966853	0.075979029
6.029260000	0.591298580	0.065032030
6.029261000	0.524355590	0.070180903
6.029262000	0.518395424	0.074352054
6.029263000	0.517517984	0.067643784
6.029264000	0.478656352	0.072702816
6.029265000	0.534502923	0.062132351
6.029266000	0.550397813	0.071228216
6.029267000	0.502412319	0.067966880
6.029268000	0.550908625	0.073135297
6.029269000	0.537237287	0.066934214
6.029270000	0.498562247	0.070647497
6.029271000	0.489484906	0.063746206
6.029272000	0.532703161	0.075835118
6.029273000	0.519029260	0.070629512
6.029274000	0.489829868	0.067886519
6.029275000	0.489354938	0.063980102
6.029276000	0.512960434	0.064442843
6.029277000	0.583616078	0.061498977
6.029278000	0.478946686	0.067683436
6.029279000	0.564976871	0.067079568
6.029280000	0.555608749	0.073565339
6.029281000	0.606233418	0.074364929
6.029282000	0.502051651	0.056098381
6.029283000	0.495826215	0.066374309
6.029284000	0.533261776	0.071319296
6.029285000	0.552109241	0.064249872
6.029286000	0.434823573	0.057258871
6.029287000	0.484904259	0.068889565
6.029288000	0.549425364	0.060459037
6.029289000	0.521762967	0.058519948
6.029290000	0.525954306	0.061646557
6.029291000	0.554874659	0.062861704
6.029292000	0.520227671	0.062380645
6.029293000	0.542647302	0.062861475
6.029294000	0.547572315	0.064271914
6.029295000	0.428702384	0.062529104
6.029296000	0.509333074	0.072119792
6.029297000	0.530292094	0.057304148
6.029298000	0.474469781	0.060344867
6.029299000	0.542651772	0.064211802
6.029300000	0.490408391	0.054912076
6.029301000	0.488669991	0.055952261
6.029302000	0.525546491	0.070682859
6.029303000	0.526298523	0.062814774
6.029304000	0.479033679	0.054715660
6.029305000	0.523743331	0.063944691
6.029306000	0.477225363	0.055817709
6.029307000	0.523569763	0.060434632
6.029308000	0.587317586	0.060546892
6.029309000	0.514653325	0.046957610
6.029310000	0.521480680	0.055983254
6.029311000	0.512024879	0.057280267
6.029312000	0.459381759	0.053323517
6.029313000	0.535605311	0.055967916
6.029314000	0.479955286	0.056219651
6.029315000	0.490129054	0.049391880
6.029316000	0.515840352	0.057374510
6.029317000	0.522195816	0.057433499
6.029318000	0.480648965	0.060370146
6.029319000	0.519317329	0.051479844
6.029320000	0.541134715	0.058627361
6.029321000	0.530278087	0.051081623
6.029322000	0.492173582	0.046896532
6.029323000	0.477521032	0.052115703
6.029324000	0.494674236	0.060415624
6.029325000	0.504923046	0.055511571
6.029326000	0.481312841	0.057794324
6.029327000	0.540134907	0.055290441
6.029328000	0.441886932	0.052214074
6.029329000	0.482141107	0.049275983
6.029330000	0.470644325	0.060896566
6.029331000	0.488860458	0.052463013
6.029332000	0.417668223	0.046842440
6.029333000	0.515867174	0.047756362
6.029334000	0.477778792	0.053031781
6.029335000	0.511789382	0.053171696
6.029336000	0.437371671	0.052368379
6.029337000	0.473314673	0.045735447
6.029338000	0.472046643	0.052462443
6.029339000	0.510128260	0.046773831
6.029340000	0.477011681	0.052540685
6.029341000	0.438365430	0.043225714
6.029342000	0.438452870	0.042401507
6.029343000	0.473481953	0.056470109
6.029344000	0.490567595	0.046996180
6.029345000	0.455488980	0.040999415
6.029346000	0.535869539	0.045874036
6.029347000	0.475920618	0.046283418
6.029348000	0.495881438	0.049213190
6.029349000	0.468475014	0.040710628
6.029350000	0.516412675	0.044427224
6.029351000	0.486531615	0.041746690
6.029352000	0.483453184	0.049113081
6.029353000	0.481963933	0.048438506
6.029354000	0.398991495	0.041732508
6.029355000	0.471404433	0.039485316
6.029356000	0.512078047	0.036423426
6.029357000	0.378554642	0.037295270
6.029358000	0.437497914	0.042248471
6.029359000	0.443998188	0.038300726
6.029360000	0.453659624	0.039554821
6.029361000	0.420293570	0.041761707
6.029362000	0.476012260	0.037466565
6.029363000	0.389552087	0.038523749
6.029364000	0.442621350	0.036219677
6.029365000	0.492411613	0.033703215
6.029366000	0.446839035	0.037168811
6.029367000	0.411274701	0.039843208
6.029368000	0.466106594	0.037941007
6.029369000	0.406011283	0.039545279
6.029370000	0.416802496	0.044863645
6.029371000	0.439446479	0.032053062
6.029372000	0.457891971	0.043844599
6.029373000	0.444185853	0.037039436
6.029374000	0.455091417	0.043320364
6.029375000	0.487896085	0.033442860
6.029376000	0.457644939	0.043094453
6.029377000	0.485386580	0.033547745
6.029378000	0.404987186	0.038205963
6.029379000	0.418644279	0.041782921
6.029380000	0.453752577	0.027957253
6.029381000	0.462550819	0.029758591
6.029382000	0.440930009	0.033156460
6.029383000	0.437137306	0.034234349
6.029384000	0.371246696	0.034886324
6.029385000	0.478258938	0.033445858
6.029386000	0.381398022	0.032367573
6.029387000	0.397786289	0.035696807
6.029388000	0.399684876	0.031441413
6.029389000	0.404645085	0.031912019
6.029390000	0.362648010	0.030718712
6.029391000	0.401717305	0.026058557
6.029392000	0.449752688	0.033411749
6.029393000	0.435126007	0.023793622
6.029394000	0.443120331	0.027016704
6.029395000	0.424142987	0.031949985
6.029396000	0.446515709	0.028391159
6.029397000	0.381537378	0.029102642
6.029398000	0.382154763	0.030722869
6.029399000	0.456469476	0.030574090
6.029400000	0.460102975	0.026280257
6.029401000	0.454959780	0.019023116
6.029402000	0.359956682	0.030965989
6.029403000	0.390906543	0.025494911
6.029404000	0.372465640	0.027719602
6.029405000	0.338423580	0.027314972
6.029406000	0.415848494	0.025695441
6.029407000	0.379131049	0.025995611
6.029408000	0.377555281	0.023397807
6.029409000	0.418075651	0.019442755
6.029410000	0.458545446	0.025256090
6.029411000	0.405174196	0.025332750
6.029412000	0.413897455	0.019211341
6.029413000	0.373259336	0.020162678
6.029414000	0.399260044	0.016548492
6.029415000	0.405888170	0.026493199
6.029416000	0.356373876	0.018233952
6.029417000	0.452005744	0.016917817
6.029418000	0.418922782	0.018791208
6.029419000	0.369689941	0.016011950
6.029420000	0.387048125	0.022639162
6.029421000	0.395129621	0.018766874
6.029422000	0.427358150	0.014288959
6.029423000	0.417068481	0.020298258
6.029424000	0.382326037	0.010273188
6.029425000	0.347744972	0.015652614
6.029426000	0.354075193	0.024293247
6.029427000	0.365900904	0.011278270
6.029428000	0.432144821	0.018035507
6.029429000	0.384247154	0.010632922
6.029430000	0.419904858	0.015189015
6.029431000	0.380350411	0.018177991
6.029432000	0.300675780	0.011681228
6.029433000	0.376477480	0.010214597
6.029434000	0.403752506	0.018918836
6.029435000	0.407038778	0.007924944
6.029436000	0.423103839	0.008795794
6.029437000	0.359123677	0.007715672
6.029438000	0.283361733	0.009587012
6.029439000	0.398226410	0.014232754
6.029440000	0.352999777	0.010322268
6.029441000	0.389721215	0.007760962
6.029442000	0.327272981	0.009376184
6.029443000	0.347255349	0.005465759
6.029444000	0.431627423	0.011487663
6.029445000	0.302462518	0.005010650
6.029446000	0.347855568	-0.002126660
6.029447000	0.380643040	0.013334849
6.029448000	0.340935618	0.011119369
6.029449000	0.337508380	0.004430083
6.029450000	0.331309438	0.002184935
6.029451000	0.350269616	0.004458240
6.029452000	0.340273708	0.007379263
6.029453000	0.332836628	0.005948256
6.029454000	0.332315862	0.007050660
6.029455000	0.335121572	0.003264447
6.029456000	0.332795590	0.004838908
6.029457000	0.419047594	-0.004386220
6.029458000	0.359623402	0.003034255
6.029459000	0.338370681	-0.003499105
6.029460000	0.321457833	-0.004208283
6.029461000	0.353995264	-0.000638018
6.029462000	0.330344945	0.006286099
6.029463000	0.305720896	-0.006400766
6.029464000	0.316986352	0.001353237
6.029465000	0.308833182	-0.000481614
6.029466000	0.295121729	-0.003506589
6.029467000	0.254294127	-0.002969168
6.029468000	0.261722952	-0.005268115
6.029469000	0.217139617	-0.000129512
6.029470000	0.306947649	-0.000726477
6.029471000	0.311692923	-0.003435662
6.029472000	0.316726118	-0.001875757
6.029473000	0.305079401	-0.007233476
6.029474000	0.345216066	-0.004057110
6.029475000	0.248786062	-0.007255825
6.029476000	0.317201495	-0.006754453
6.029477000	0.258172601	-0.008896380
6.029478000	0.252128005	-0.012505151
6.029479000	0.267924249	-0.010615374
6.029480000	0.267350674	-0.006785580
6.029481000	0.335255086	-0.004941762
6.029482000	0.239184916	-0.007668527
6.029483000	0.391870737	-0.008496128
6.029484000	0.271198213	-0.010759957
6.029485000	0.284582645	-0.010219177
6.029486000	0.266240329	-0.016743021
6.029487000	0.263479382	-0.011813384
6.029488000	0.260698467	-0.010409529
6.029489000	0.358797878	-0.017783133
6.029490000	0.183419585	-0.014255109
6.029491000	0.270239115	-0.016621812
6.029492000	0.260707140	-0.012861679
6.029493000	0.245292217	-0.017455981
6.029494000	0.319004476	-0.015323581
6.029495000	0.243255660	-0.013556257
6.029496000	0.228723228	-0.020263260
6.029497000	0.247053117	-0.014594524
6.029498000	0.321666121	-0.011885064
6.029499000	0.289994448	-0.024752609
6.029500000	0.216643274	-0.014407455
6.029501000	0.259759247	-0.011070919
6.029502000	0.216277570	-0.026965288
6.029503000	0.167088524	-0.028335963
6.029504000	0.282704830	-0.020867962
6.029505000	0.215892389	-0.019381330
6.029506000	0.282979816	-0.017573715
6.029507000	0.266751170	-0.022208323
6.029508000	0.251833767	-0.027026913
6.029509000	0.200738728	-0.027393758
6.029510000	0.237040788	-0.023686650
6.029511000	0.169827417	-0.018838478
6.029512000	0.221944973	-0.029161081
6.029513000	0.202691630	-0.025657861
6.029514000	0.171623036	-0.026092774
6.029515000	0.224494874	-0.028551731
6.029516000	0.214443028	-0.035838629
6.029517000	0.201934710	-0.030049037
6.029518000	0.241038188	-0.031606577
6.029519000	0.178703591	-0.025800865
6.029520000	0.194085211	-0.031591944
6.029521000	0.180462688	-0.036454531
6.029522000	0.192800879	-0.040062523
6.029523000	0.194155514	-0.035007223
6.029524000	0.196819291	-0.037939605
6.029525000	0.157810315	-0.034907496
6.029526000	0.205316901	-0.040155251
6.029527000	0.220013782	-0.037269146
6.029528000	0.199613228	-0.035445367
6.029529000	0.195115015	-0.029415756
6.029530000	0.130459368	-0.037875402
6.029531000	0.204267159	-0.044539035
6.029532000	0.205496758	-0.031990399
6.029533000	0.140793920	-0.043726146
6.029534000	0.205331221	-0.038089928
6.029535000	0.240518451	-0.044925264
6.029536000	0.197244138	-0.042723966
6.029537000	0.197959185	-0.036659636
6.029538000	0.212486207	-0.041167623
6.029539000	0.201591507	-0.048997233
6.029540000	0.179358944	-0.044723604
6.029541000	0.145059362	-0.043827388
6.029542000	0.127280369	-0.041431787
6.029543000	0.181130528	-0.047002925
6.029544000	0.135358661	-0.042958898
6.029545000	0.205859199	-0.045656426
6.029546000	0.162512049	-0.041745733
6.029547000	0.127306923	-0.041181484
6.029548000	0.126325116	-0.048600235
6.029549000	0.132657468	-0.060842324
6.029550000	0.101460166	-0.056556641
6.029551000	0.107555367	-0.051329384
6.029552000	0.045049239	-0.054805242
6.029553000	0.052453268	-0.054984639
6.029554000	0.108607270	-0.043565845
6.029555000	0.141611174	-0.055826510
6.029556000	0.070038356	-0.059282844
6.029557000	0.164946020	-0.060544558
6.029558000	0.084677145	-0.053234547
6.029559000	0.088310622	-0.061066850
6.029560000	0.121898718	-0.055249112
6.029561000	0.100911461	-0.061807475
6.029562000	0.055346079	-0.060660131
6.029563000	0.085957475	-0.050242203
6.029564000	-0.026788155	-0.057914944
6.029565000	0.028912127	-0.067000302
6.029566000	0.081162207	-0.068441326
6.029567000	0.057144973	-0.072555519
6.029568000	0.061752118	-0.073471030
6.029569000	0.121765554	-0.064817696
6.029570000	0.041544646	-0.077332322
6.029571000	0.079234883	-0.070055951
6.029572000	0.024288237	-0.065951104
6.029573000	0.066974409	-0.074874757
6.029574000	-0.052987877	-0.062320000
6.029575000	0.145043805	-0.075554454
6.029576000	0.046299040	-0.067589006
6.029577000	0.057293057	-0.075411518
6.029578000	0.014114255	-0.078736666
6.029579000	-0.045937255	-0.077636064
6.029580000	0.040077619	-0.078634267
6.029581000	0.046177182	-0.079604690
6.029582000	-0.018762512	-0.085780860
6.029583000	-0.040075745	-0.081913076
6.029584000	0.032979134	-0.079368392
6.029585000	-0.113497019	-0.073180379
6.029586000	-0.068688914	-0.078047523
6.029587000	-0.083825603	-0.081738456
6.029588000	0.010775872	-0.080586322
6.029589000	-0.060010217	-0.088565927
6.029590000	-0.038600359	-0.092161128
6.029591000	-0.038980115	-0.099315061
6.029592000	-0.071587615	-0.093656876
6.029593000	-0.072031483	-0.099660506
6.029594000	-0.094636180	-0.096000557
6.029595000	0.022527173	-0.094302443
6.029596000	-0.065705888	-0.087925146
6.029597000	-0.100447431	-0.092943032
6.029598000	-0.003472002	-0.090717811
6.029599000	-0.035135251	-0.090968215
6.029600000	-0.146695808	-0.087936547
6.029601000	-0.030981036	-0.085744092
6.029602000	-0.030840429	-0.096604429
6.029603000	-0.033599548	-0.100241616
6.029604000	-0.117440239	-0.110571477
6.029605000	-0.119216673	-0.097691906
6.029606000	-0.056614920	-0.099901098
6.029607000	-0.011550204	-0.103513102
6.029608000	-0.145730913	-0.102104298
6.029609000	-0.131823197	-0.092997885
6.029610000	-0.102537423	-0.095134697
6.029611000	-0.087451182	-0.098815643
6.029612000	-0.185475409	-0.102280125
6.029613000	-0.113686152	-0.109428723
6.029614000	-0.200699419	-0.111151439
6.029615000	-0.146310121	-0.102786300
6.029616000	-0.014397072	-0.104533542
6.029617000	-0.172031105	-0.111034268
6.029618000	-0.232146636	-0.113460225
6.029619000	-0.155661494	-0.114018324
6.029620000	-0.233168304	-0.117274446
6.029621000	-0.180779234	-0.119433337
6.029622000	-0.143775553	-0.114052628
6.029623000	-0.164107770	-0.118262670
6.029624000	-0.177059889	-0.122808861
6.029625000	-0.246073589	-0.110646087
6.029626000	-0.227362782	-0.120296018
6.029627000	-0.218703479	-0.123544293
6.029628000	-0.108433232	-0.122887823
6.029629000	-0.167791694	-0.126560065
6.029630000	-0.238128811	-0.124760492
6.029631000	-0.200354934	-0.132238482
6.029632000	-0.254342139	-0.136058736
6.029633000	-0.226963848	-0.134321065
6.029634000	-0.249784872	-0.133977834
6.029635000	-0.247592792	-0.144381331
6.029636000	-0.250311404	-0.139582265
6.029637000	-0.221028551	-0.138745641
6.029638000	-0.322403729	-0.135806618
6.029639000	-0.330011994	-0.133682581
6.029640000	-0.281469971	-0.137824088
6.029641000	-0.263651878	-0.133993630
6.029642000	-0.218226656	-0.132803263
6.029643000	-0.192364991	-0.136799278
6.029644000	-0.286030471	-0.143063899
6.029645000	-0.301423043	-0.142507398
6.029646000	-0.314235002	-0.138740972
6.029647000	-0.275109380	-0.139905806
6.029648000	-0.383686781	-0.144167729
6.029649000	-0.366684765	-0.155638596
6.029650000	-0.314584434	-0.157999339
6.029651000	-0.309348851	-0.153844724
6.029652000	-0.371192724	-0.154047224
6.029653000	-0.333283544	-0.160333982
6.029654000	-0.409799129	-0.156428839
6.029655000	-0.324549407	-0.168394955
6.029656000	-0.372006714	-0.158950237
6.029657000	-0.396376312	-0.162376410
6.029658000	-0.409302503	-0.162916017
6.029659000	-0.387651533	-0.171389513
6.029660000	-0.393801689	-0.168312147
6.029661000	-0.406311244	-0.165169018
6.029662000	-0.436051100	-0.165577447
6.029663000	-0.495170027	-0.165730529
6.029664000	-0.383060783	-0.167512966
6.029665000	-0.551583350	-0.175957250
6.029666000	-0.467414230	-0.172376048
6.029667000	-0.428871751	-0.176806383
6.029668000	-0.495600194	-0.170633625
6.029669000	-0.588644028	-0.181947332
6.029670000	-0.536123157	-0.182766437
6.029671000	-0.558308840	-0.186221889
6.029672000	-0.487101376	-0.182896133
6.029673000	-0.513442636	-0.182471958
6.029674000	-0.554960728	-0.185267761
6.029675000	-0.505705476	-0.180762292
6.029676000	-0.512926280	-0.180080190
6.029677000	-0.450420678	-0.191250836
6.029678000	-0.600887179	-0.195851863
6.029679000	-0.603109181	-0.192183208
6.029680000	-0.618493319	-0.203828180
6.029681000	-0.497575760	-0.184034718
6.029682000	-0.548208714	-0.187882952
6.029683000	-0.658593714	-0.208299677
6.029684000	-0.691424966	-0.196258427
6.029685000	-0.645549595	-0.199056977
6.029686000	-0.637515247	-0.205775933
6.029687000	-0.654089630	-0.203684136
6.029688000	-0.696241438	-0.202143048
6.029689000	-0.585532308	-0.205791662
6.029690000	-0.650078833	-0.207196779
6.029691000	-0.702698350	-0.213902685
6.029692000	-0.687111557	-0.213585003
6.029693000	-0.691565692	-0.222227910
6.029694000	-0.705321670	-0.233682432
6.029695000	-0.816532850	-0.219822460
6.029696000	-0.720910251	-0.229529898
6.029697000	-0.767121971	-0.229536789
6.029698000	-0.792248428	-0.228901525
6.029699000	-0.792191029	-0.232199185
6.029700000	-0.816182971	-0.229263882
6.029701000	-0.812171221	-0.237317763
6.029702000	-0.784187853	-0.251051785
6.029703000	-0.804057419	-0.237003993
6.029704000	-0.783995628	-0.235395893
6.029705000	-0.975593507	-0.242974484
6.029706000	-0.822744548	-0.237112950
6.029707000	-0.859544814	-0.242167230
6.029708000	-0.820767641	-0.241643153
6.029709000	-0.916382372	-0.245377538
6.029710000	-0.927950263	-0.243245810
6.029711000	-0.909443319	-0.245583833
6.029712000	-0.917535007	-0.252810953
6.029713000	-0.912326932	-0.252670138
6.029714000	-0.980644584	-0.261222031
6.029715000	-0.994456649	-0.271505179
6.029716000	-1.105519176	-0.260650733
6.029717000	-1.148954511	-0.268682744
6.029718000	-1.005253792	-0.279869535
6.029719000	-1.137208700	-0.273570693
6.029720000	-0.949922979	-0.269320171
6.029721000	-1.049366355	-0.276451151
6.029722000	-1.085825920	-0.274693016
6.029723000	-1.183624744	-0.271756148
6.029724000	-1.119202852	-0.287084271
6.029725000	-1.161065221	-0.283685812
6.029726000	-1.207944751	-0.285849031
6.029727000	-1.220736384	-0.306943464
6.029728000	-1.258649349	-0.297336476
6.029729000	-1.241887927	-0.288997220
6.029730000	-1.218662262	-0.302339591
6.029731000	-1.238833308	-0.301051320
6.029732000	-1.277070999	-0.303502826
6.029733000	-1.361375093	-0.308533970
6.029734000	-1.443707705	-0.306698719
6.029735000	-1.353788018	-0.300098141
6.029736000	-1.392248631	-0.314808244
6.029737000	-1.408814669	-0.306885007
6.029738000	-1.423163772	-0.318983282
6.029739000	-1.504777551	-0.325439151
6.029740000	-1.536077142	-0.323968720
6.029741000	-1.454395413	-0.317768281
6.029742000	-1.568832397	-0.340583616
6.029743000	-1.513998508	-0.330925396
6.029744000	-1.542738080	-0.338785782
6.029745000	-1.623687506	-0.342007308
6.029746000	-1.615039706	-0.329814658
6.029747000	-1.628175855	-0.341634765
6.029748000	-1.769734263	-0.348830427
6.029749000	-1.647635698	-0.346435679
6.029750000	-1.593869090	-0.344280216
6.029751000	-1.682017088	-0.353816996
6.029752000	-1.689056277	-0.357433935
6.029753000	-1.695884347	-0.343725680
6.029754000	-1.800127745	-0.367731247
6.029755000	-1.767580628	-0.354793311
6.029756000	-1.835687518	-0.358384651
6.029757000	-1.828240991	-0.370328762
6.029758000	-1.934330225	-0.359106267
6.029759000	-1.870923281	-0.372643082
6.029760000	-1.861014485	-0.373532844
6.029761000	-1.934888005	-0.374613355
6.029762000	-1.866128206	-0.377030740
6.029763000	-1.994569659	-0.372009316
6.029764000	-1.988010049	-0.384140581
6.029765000	-2.040616274	-0.375736244
6.029766000	-2.126776457	-0.395326157
6.029767000	-2.191457748	-0.398492489
6.029768000	-2.263496637	-0.408656810
6.029769000	-2.206185341	-0.399260412
6.029770000	-2.245701075	-0.402140221
6.029771000	-2.249705076	-0.414182902
6.029772000	-2.318605185	-0.407045131
6.029773000	-2.350045681	-0.421660559
6.029774000	-2.430217743	-0.422772396
6.029775000	-2.519083500	-0.433193079
6.029776000	-2.531637907	-0.439566190
6.029777000	-2.528417349	-0.443019710
6.029778000	-2.592701912	-0.436145892
6.029779000	-2.702518940	-0.439034789
6.029780000	-2.692531586	-0.453953817
6.029781000	-2.719795227	-0.455098744
6.029782000	-2.849590540	-0.462081485
6.029783000	-2.830049276	-0.455869429
6.029784000	-3.036613464	-0.470432992
6.029785000	-2.927410364	-0.473722229
6.029786000	-2.833815813	-0.473718734
6.029787000	-3.027907848	-0.473390033
6.029788000	-3.077385902	-0.477333076
6.029789000	-3.186127663	-0.485883787
6.029790000	-3.112315416	-0.495321797
6.029791000	-3.238008261	-0.490504105
6.029792000	-3.251984835	-0.512492495
6.029793000	-3.412497759	-0.504531042
6.029794000	-3.309103727	-0.500150807
6.029795000	-3.421763659	-0.503172763
6.029796000	-3.383130789	-0.502653912
6.029797000	-3.559061766	-0.516478848
6.029798000	-3.628284216	-0.515640518
6.029799000	-3.625994682	-0.522670797
6.029800000	-3.737528324	-0.541875384
6.029801000	-3.716225624	-0.526847499
6.029802000	-3.815216541	-0.530148920
6.029803000	-3.870878935	-0.552015670
6.029804000	-3.927246809	-0.550896876
6.029805000	-3.996134996	-0.549095347
6.029806000	-4.145457745	-0.570354896
6.029807000	-4.219873905	-0.557472653
6.029808000	-4.310044289	-0.561991705
6.029809000	-4.250293255	-0.571214232
6.029810000	-4.345208645	-0.570551504
6.029811000	-4.379566193	-0.568730568
6.029812000	-4.797476292	-0.594255236
6.029813000	-4.737623692	-0.600677848
6.029814000	-4.930837154	-0.603404259
6.029815000	-4.847524166	-0.595183747
6.029816000	-4.973017693	-0.603469773
6.029817000	-5.068430424	-0.623957871
6.029818000	-5.144754410	-0.613817752
6.029819000	-5.123973370	-0.614945268
6.029820000	-5.357828140	-0.634868842
6.029821000	-5.500261307	-0.621713425
6.029822000	-5.337213516	-0.640331451
6.029823000	-5.609719276	-0.649581342
6.029824000	-5.593050003	-0.628576258
6.029825000	-5.712152958	-0.645925221
6.029826000	-6.000164032	-0.651682576
6.029827000	-5.883092880	-0.634301655
6.029828000	-6.039172649	-0.644984926
6.029829000	-6.222161293	-0.651034762
6.029830000	-6.290367603	-0.655457474
6.029831000	-6.747231483	-0.684124272
6.029832000	-6.946854115	-0.697053453
6.029833000	-7.221782684	-0.698232435
6.029834000	-7.055544853	-0.710524455
6.029835000	-7.129827023	-0.691380321
6.029836000	-7.288995266	-0.706070185
6.029837000	-7.613748074	-0.712729752
6.029838000	-7.839217186	-0.713927708
6.029839000	-7.663634777	-0.738404489
6.029840000	-7.812062740	-0.699966486
6.029841000	-8.330574036	-0.736802531
6.029842000	-8.349533081	-0.720506848
6.029843000	-8.561395645	-0.731017146
6.029844000	-8.438514709	-0.722958421
6.029845000	-9.000830650	-0.729504537
6.029846000	-8.768637657	-0.734599098
6.029847000	-9.060090065	-0.735897522
6.029848000	-9.593217850	-0.747450448
6.029849000	-9.676669121	-0.754972081
6.029850000	-10.196768761	-0.754151561
6.029851000	-10.238544464	-0.748346602
6.029852000	-10.486068726	-0.758339381
6.029853000	-11.090400696	-0.716105442
6.029854000	-11.471310616	-0.786389525
6.029855000	-10.811962128	-0.737103734
6.029856000	-11.229052544	-0.738145363
6.029857000	-11.332187653	-0.756863990
6.029858000	-11.860583305	-0.766215081
6.029859000	-12.033631325	-0.756881634
6.029860000	-13.055578232	-0.742728131
6.029861000	-12.585572243	-0.737559335
6.029862000	-13.941252708	-0.671663009
6.029863000	-13.878112793	-0.771153048
6.029864000	-13.866955757	-0.733097341
6.029865000	-14.651609421	-0.687305685
6.029866000	-14.991896629	-0.672719884
6.029867000	-14.913186073	-0.703892052
6.029868000	-15.427711487	-0.746384118
6.029869000	-15.106200218	-0.717978176
6.029870000	-18.044902802	-0.608537036
6.029871000	-18.387849808	-0.573412338
6.029872000	-18.181961060	-0.478759532
6.029873000	-19.250320435	-0.494487296
6.029874000	-18.082693100	-0.508873692
6.029875000	-19.562000275	-0.386283194
6.029876000	-21.137401581	-0.369110931
6.029877000	-21.466934204	-0.233970137
6.029878000	-22.232532501	-0.269807280
6.029879000	-21.653121948	-0.232906304
6.029880000	-22.400133133	-0.134651647
6.029881000	-23.482965469	0.253253737
6.029882000	-23.574731827	0.534559548
6.029883000	-22.987211227	0.704447654
6.029884000	-22.489501953	0.819652540
6.029885000	-24.114196777	0.604730114
6.029886000	-20.600807190	0.981545304
6.029887000	-21.152463913	0.975053050
6.029888000	-20.279375076	1.146751839
6.029889000	-18.390983582	1.198672695
6.029890000	-19.193128586	1.014556517
6.029891000	-18.140583038	1.149016458
6.029892000	-17.573148727	1.255864212
6.029893000	-16.675235748	1.293802806
6.029894000	-16.073398590	1.259656420
6.029895000	-16.369726181	1.315584667
6.029896000	-15.991339684	1.354629272
6.029897000	-16.317161560	1.271467140
6.029898000	-14.474100113	1.333446089
6.029899000	-13.564064026	1.394333675
6.029900000	-13.616168976	1.383518312
6.029901000	-13.287959099	1.400855623
6.029902000	-13.671582222	1.371340209
6.029903000	-12.941963196	1.361818609
6.029904000	-12.368522644	1.380266059
6.029905000	-12.257785797	1.388061931
6.029906000	-11.801993370	1.428292042
6.029907000	-11.232109070	1.402193596
6.029908000	-10.643833160	1.408637646
6.029909000	-10.648027420	1.425411433
6.029910000	-10.240398407	1.380174047
6.029911000	-9.707780838	1.410414508
6.029912000	-9.677896500	1.391909266
6.029913000	-9.434585571	1.388593231
6.029914000	-8.688646317	1.383905136
6.029915000	-8.941017151	1.380958481
6.029916000	-8.647861481	1.367993015
6.029917000	-8.873067856	1.371741547
6.029918000	-8.548351288	1.376369189
6.029919000	-8.222563744	1.365595237
6.029920000	-7.965068340	1.344851210
6.029921000	-7.708391190	1.366368486
6.029922000	-7.686707973	1.365567274
6.029923000	-7.490060329	1.359572499
6.029924000	-7.198778152	1.352066246
6.029925000	-7.105593681	1.335795663
6.029926000	-6.797684669	1.328211380
6.029927000	-6.565800190	1.315182397
6.029928000	-6.552041531	1.319519488
6.029929000	-6.395066738	1.316049522
6.029930000	-6.396991253	1.316710119
6.029931000	-6.265652180	1.318461414
6.029932000	-6.156474113	1.326136911
6.029933000	-5.749747276	1.302969407
6.029934000	-5.761749268	1.295710295
6.029935000	-5.599173069	1.285025427
6.029936000	-5.779147625	1.304536410
6.029937000	-5.279603004	1.252488123
6.029938000	-5.351973534	1.274787836
6.029939000	-5.211806297	1.263359280
6.029940000	-4.972450733	1.257422428
6.029941000	-4.768871784	1.234407523
6.029942000	-4.505997181	1.239986446
6.029943000	-4.593659878	1.235584906
6.029944000	-4.652513981	1.222846607
6.029945000	-4.438614845	1.230829433
6.029946000	-4.466998577	1.223011057
6.029947000	-4.349627495	1.218322562
6.029948000	-4.222158432	1.214312374
6.029949000	-3.886734009	1.184899757
6.029950000	-3.938534975	1.200209338
6.029951000	-3.830330133	1.191589219
6.029952000	-3.842717409	1.174107031
6.029953000	-3.559580088	1.166633935
6.029954000	-3.493716955	1.154665289
6.029955000	-3.272876024	1.145666734
6.029956000	-3.291496277	1.161880325
6.029957000	-3.458365440	1.148561457
6.029958000	-3.144303560	1.143269223
6.029959000	-3.308031321	1.136381490
6.029960000	-3.101889133	1.129157266
6.029961000	-3.102682829	1.112228017
6.029962000	-2.930306435	1.117787565
6.029963000	-2.686608791	1.109887498
6.029964000	-2.836449623	1.105309524
6.029965000	-2.776382208	1.089019101
6.029966000	-2.694766998	1.101852408
6.029967000	-2.545728207	1.091441512
6.029968000	-2.495894194	1.078409533
6.029969000	-2.377591610	1.070242683
6.029970000	-2.330565453	1.067538842
6.029971000	-2.236689329	1.067073255
6.029972000	-2.183283091	1.047841903
6.029973000	-2.249783516	1.060563824
6.029974000	-2.215787649	1.054165512
6.029975000	-2.137415171	1.046629299
6.029976000	-2.054566145	1.042841352
6.029977000	-2.038022518	1.036808959
6.029978000	-1.850755692	1.017640990
6.029979000	-1.896060705	1.022687548
6.029980000	-1.812599063	1.016189568
6.029981000	-1.782339215	1.008777857
6.029982000	-1.717537284	1.000042356
6.029983000	-1.702255845	0.993986061
6.029984000	-1.524337649	0.977890914
6.029985000	-1.675709009	0.989684257
6.029986000	-1.591402054	0.990502580
6.029987000	-1.494394541	0.981399163
6.029988000	-1.529530406	0.971975501
6.029989000	-1.400620341	0.960596413
6.029990000	-1.374152780	0.962650908
6.029991000	-1.457287192	0.954013145
6.029992000	-1.398720264	0.956265381
6.029993000	-1.312388062	0.937202207
6.029994000	-1.238355041	0.934365674
6.029995000	-1.315177560	0.944496139
6.029996000	-1.177990198	0.936968648
6.029997000	-1.171212316	0.925621185
6.029998000	-1.154935360	0.930924337
6.029999000	-1.129805326	0.929128368
6.030000000	-1.077848077	0.916535944
6.030001000	-1.000480771	0.911651840
6.030002000	-0.994971931	0.920841077
6.030003000	-0.997266233	0.912342198
6.030004000	-0.854264617	0.901846879
6.030005000	-0.943643868	0.899675138
6.030006000	-0.924125791	0.895994583
6.030007000	-0.903340995	0.883874137
6.030008000	-0.773299754	0.886287827
6.030009000	-0.757066429	0.882496950
6.030010000	-0.815746963	0.872854509
6.030011000	-0.822783828	0.878360994
6.030012000	-0.699759305	0.862427102
6.030013000	-0.771177590	0.869520298
6.030014000	-0.755848944	0.874142880
6.030015000	-0.629424691	0.864584728
6.030016000	-0.641991138	0.849481809
6.030017000	-0.655326843	0.854614652
6.030018000	-0.628055513	0.850486020
6.030019000	-0.650748670	0.847895963
6.030020000	-0.626225173	0.847195618
6.030021000	-0.508689761	0.843159864
6.030022000	-0.542676747	0.838089138
6.030023000	-0.512382627	0.837332201
6.030024000	-0.556620538	0.829341586
6.030025000	-0.518479109	0.831516257
6.030026000	-0.423862576	0.818074617
6.030027000	-0.455021948	0.833039652
6.030028000	-0.508377075	0.821116946
6.030029000	-0.427123278	0.813132123
6.030030000	-0.412453383	0.819339219
6.030031000	-0.391790032	0.808447357
6.030032000	-0.385157645	0.805231523
6.030033000	-0.301029116	0.799503130
6.030034000	-0.317113340	0.802329010
6.030035000	-0.301557899	0.791826968
6.030036000	-0.322385132	0.793501563
6.030037000	-0.218395233	0.792453010
6.030038000	-0.331627250	0.792685571
6.030039000	-0.269905239	0.787859590
6.030040000	-0.293273479	0.781551227
6.030041000	-0.224164292	0.772760865
6.030042000	-0.207584545	0.778158160
6.030043000	-0.166124493	0.771790409
6.030044000	-0.143542171	0.762906703
6.030045000	-0.114506498	0.765587707
6.030046000	-0.064197123	0.753363531
6.030047000	-0.134349719	0.755009498
6.030048000	-0.107881784	0.747181336
6.030049000	-0.172582835	0.749275046
6.030050000	-0.132659256	0.757034499
6.030051000	-0.006977769	0.740595871
6.030052000	-0.010211304	0.754093304
6.030053000	-0.081278235	0.730298159
6.030054000	-0.037966631	0.741188091
6.030055000	0.023962790	0.731617756
6.030056000	-0.035623871	0.729856408
6.030057000	-0.004069204	0.733773984
6.030058000	0.074901707	0.722954959
6.030059000	0.042563219	0.722818405
6.030060000	0.092747845	0.712781550
6.030061000	0.062428422	0.718612142
6.030062000	0.011352479	0.724106709
6.030063000	0.142600626	0.713189680
6.030064000	0.107940383	0.711249833
6.030065000	0.091743477	0.705134616
6.030066000	0.068227619	0.710307407
6.030067000	0.145870566	0.702325314
6.030068000	0.072885968	0.706623523
6.030069000	0.087529473	0.702003471
6.030070000	0.106961586	0.695389910
6.030071000	0.129135594	0.695703031
6.030072000	0.170455694	0.691412679
6.030073000	0.139696464	0.695190839
6.030074000	0.215821356	0.690868794
6.030075000	0.147290811	0.681802595
6.030076000	0.168024391	0.683899036
6.030077000	0.170953214	0.682021041
6.030078000	0.242701977	0.678990630
6.030079000	0.206542790	0.675934120
6.030080000	0.163451865	0.678205197
6.030081000	0.222217619	0.671076048
6.030082000	0.246894196	0.669861447
6.030083000	0.233378470	0.670165713
6.030084000	0.278906226	0.659764871
6.030085000	0.229264170	0.662489218
6.030086000	0.257722765	0.669485342
6.030087000	0.245747581	0.670965527
6.030088000	0.305673927	0.664641119
6.030089000	0.286120355	0.650381023
6.030090000	0.304377586	0.653243521
6.030091000	0.361869246	0.656035580
6.030092000	0.278324246	0.645980815
6.030093000	0.321654290	0.654055519
6.030094000	0.317570508	0.639815131
6.030095000	0.279420108	0.649922493
6.030096000	0.360734671	0.649430474
6.030097000	0.342099786	0.642886488
6.030098000	0.333666205	0.648068600
6.030099000	0.317441612	0.640073990
6.030100000	0.242138788	0.634367835
6.030101000	0.388378263	0.649047511
6.030102000	0.361488521	0.633742724
6.030103000	0.390172064	0.621543515
6.030104000	0.371062875	0.626974300
6.030105000	0.405706346	0.631650611
6.030106000	0.373262137	0.625928144
6.030107000	0.363551855	0.619027294
6.030108000	0.402897298	0.615417646
6.030109000	0.440955609	0.622119957
6.030110000	0.417064071	0.617637124
6.030111000	0.444485098	0.613610558
6.030112000	0.364684969	0.615151463
6.030113000	0.407565296	0.623892890
6.030114000	0.439139932	0.613676138
6.030115000	0.415155858	0.613843784
6.030116000	0.422477394	0.603037808
6.030117000	0.430193752	0.611400534
6.030118000	0.468849152	0.611001792
6.030119000	0.431517750	0.603601267
6.030120000	0.504814029	0.601876404
6.030121000	0.405866504	0.607448602
6.030122000	0.427680075	0.597880730
6.030123000	0.495931655	0.592938702
6.030124000	0.498901635	0.599758858
6.030125000	0.445395797	0.597088173
6.030126000	0.496381640	0.596665663
6.030127000	0.470850825	0.597644574
6.030128000	0.487708837	0.589708887
6.030129000	0.460433573	0.587805925
6.030130000	0.563435555	0.583905260
6.030131000	0.525495350	0.584699614
6.030132000	0.456274152	0.573284373
6.030133000	0.515326679	0.587116100
6.030134000	0.562144518	0.586373011
6.030135000	0.452603728	0.578873749
6.030136000	0.567310214	0.571579085
6.030137000	0.529425204	0.572009984
6.030138000	0.547951162	0.573560543
6.030139000	0.535496891	0.566052693
6.030140000	0.577723742	0.570857701
6.030141000	0.481152266	0.563576619
6.030142000	0.589081228	0.573283108
6.030143000	0.580518961	0.577341832
6.030144000	0.534238100	0.582640924
6.030145000	0.616033971	0.575281611
6.030146000	0.571757734	0.568044671
6.030147000	0.593547344	0.561658277
6.030148000	0.524608672	0.556658691
6.030149000	0.605709672	0.567800925
6.030150000	0.632687092	0.566918353
6.030151000	0.618821025	0.556995149
6.030152000	0.569293976	0.565634243
6.030153000	0.633425474	0.546077986
6.030154000	0.590249956	0.553001772
6.030155000	0.565273702	0.553046280
6.030156000	0.625083268	0.548637583
6.030157000	0.572924197	0.551709107
6.030158000	0.700561345	0.550963222
6.030159000	0.608462393	0.544330786
6.030160000	0.630438268	0.546258881
6.030161000	0.628976703	0.542635817
6.030162000	0.583487511	0.551649918
6.030163000	0.687757075	0.547425412
6.030164000	0.626271248	0.539606404
6.030165000	0.652565002	0.538877198
6.030166000	0.659759700	0.542977267
6.030167000	0.616348088	0.542898171
6.030168000	0.639097810	0.534748665
6.030169000	0.604538023	0.533505502
6.030170000	0.675637364	0.531076965
6.030171000	0.627718687	0.534740443
6.030172000	0.627125263	0.526394595
6.030173000	0.611546159	0.533636563
6.030174000	0.667882919	0.537659833
6.030175000	0.657666445	0.529384327
6.030176000	0.667088151	0.520220389
6.030177000	0.638054669	0.524314633
6.030178000	0.639405847	0.522976761
6.030179000	0.622005761	0.522903025
6.030180000	0.692297816	0.524037365
6.030181000	0.614202380	0.514893068
6.030182000	0.679121375	0.519049664
6.030183000	0.638100088	0.519911296
6.030184000	0.689779818	0.518052809
6.030185000	0.702566326	0.516810711
6.030186000	0.744054794	0.518846465
6.030187000	0.665133357	0.514031469
6.030188000	0.683533251	0.510602882
6.030189000	0.674996316	0.507450166
6.030190000	0.646319628	0.510663702
6.030191000	0.707744360	0.511115607
6.030192000	0.727905810	0.508402645
6.030193000	0.696386993	0.506035528
6.030194000	0.701955914	0.503702998
6.030195000	0.681647539	0.502070247
6.030196000	0.646719575	0.503981998
6.030197000	0.719456434	0.505087742
6.030198000	0.677689850	0.509518743
6.030199000	0.671204865	0.503322732
6.030200000	0.646519721	0.509802336
6.030201000	0.684083343	0.501716846
6.030202000	0.778623223	0.506301544
6.030203000	0.755018890	0.500717062
6.030204000	0.683582306	0.494036656
6.030205000	0.661571443	0.500448116
6.030206000	0.717587829	0.491950801
6.030207000	0.772055805	0.494313757
6.030208000	0.744757235	0.491736849
6.030209000	0.742711782	0.500649751
6.030210000	0.742000282	0.494841396
6.030211000	0.711875796	0.495584651
6.030212000	0.740842342	0.492816029
6.030213000	0.738378704	0.495771905
6.030214000	0.659852564	0.482461659
6.030215000	0.751675010	0.490343184
6.030216000	0.659491420	0.488795288
6.030217000	0.742425203	0.489175987
6.030218000	0.745879352	0.488331965
6.030219000	0.714564919	0.504041086
6.030220000	0.686575055	0.485587344
6.030221000	0.780603111	0.483974667
6.030222000	0.757289231	0.486830075
6.030223000	0.701790214	0.486090082
6.030224000	0.654822409	0.482909103
6.030225000	0.731461346	0.486043610
6.030226000	0.695519030	0.482451106
6.030227000	0.662667453	0.478903642
6.030228000	0.718026280	0.488326272
6.030229000	0.767736852	0.480154396
6.030230000	0.716379821	0.475453850
6.030231000	0.747234941	0.478955041
6.030232000	0.762181520	0.467442063
6.030233000	0.710997403	0.474233922
6.030234000	0.808776021	0.473463603
6.030235000	0.690962553	0.473029008
6.030236000	0.769765258	0.473888777
6.030237000	0.724861622	0.477964012
6.030238000	0.795514047	0.461245819
6.030239000	0.729795456	0.473280511
6.030240000	0.723230302	0.473421558
6.030241000	0.778797090	0.466830434
6.030242000	0.736999571	0.469900660
6.030243000	0.711916566	0.469120087
6.030244000	0.780214369	0.467347953
6.030245000	0.804518223	0.470528766
6.030246000	0.799533308	0.467225880
6.030247000	0.732387125	0.461079538
6.030248000	0.742372274	0.460816151
6.030249000	0.786217332	0.458883096
6.030250000	0.779217780	0.464440314
6.030251000	0.804433227	0.461724589
6.030252000	0.726898849	0.462231022
6.030253000	0.783053339	0.454488747
6.030254000	0.796607554	0.455880614
6.030255000	0.793011069	0.453403775
6.030256000	0.744800925	0.457626849
6.030257000	0.752040565	0.461458073
6.030258000	0.750853717	0.452016068
6.030259000	0.763950348	0.458784226
6.030260000	0.773455560	0.452235945
6.030261000	0.760752916	0.451654145
6.030262000	0.761087120	0.448671537
6.030263000	0.776101291	0.450576463
6.030264000	0.807044208	0.447340023
6.030265000	0.830239296	0.455398249
6.030266000	0.789582670	0.448745207
6.030267000	0.767988145	0.449599050
6.030268000	0.714822114	0.447263391
6.030269000	0.770032227	0.438278817
6.030270000	0.769786060	0.451969030
6.030271000	0.790759444	0.444584218
6.030272000	0.775299668	0.439728010
6.030273000	0.781796873	0.442866212
6.030274000	0.801989853	0.445087022
6.030275000	0.780539215	0.445290055
6.030276000	0.763398528	0.440178017
6.030277000	0.786885142	0.443699582
6.030278000	0.818965256	0.437389788
6.030279000	0.825932920	0.440791110
6.030280000	0.804897428	0.442652028
6.030281000	0.788154483	0.434062168
6.030282000	0.848292232	0.443359696
6.030283000	0.821925819	0.442192133
6.030284000	0.810278833	0.435085621
6.030285000	0.708788037	0.435015912
6.030286000	0.715649307	0.439687263
6.030287000	0.850057602	0.430821900
6.030288000	0.796471953	0.435376371
6.030289000	0.826722980	0.430448358
6.030290000	0.820760965	0.423953607
6.030291000	0.793571413	0.436391468
6.030292000	0.793268323	0.432780522
6.030293000	0.846768677	0.431889761
6.030294000	0.802432060	0.429566286
6.030295000	0.777897120	0.439813697
6.030296000	0.821687758	0.430932887
6.030297000	0.749700427	0.431163750
6.030298000	0.839020193	0.430759782
6.030299000	0.827034414	0.426552853
6.030300000	0.801951528	0.431421777
6.030301000	0.801738918	0.429921885
6.030302000	0.764190257	0.427849046
6.030303000	0.796499014	0.424748494
6.030304000	0.784001172	0.425648210
6.030305000	0.803178549	0.420353613
6.030306000	0.806183040	0.422806085
6.030307000	0.826092660	0.424045020
6.030308000	0.897098601	0.423236418
6.030309000	0.842958510	0.421164146
6.030310000	0.780152380	0.426171022
6.030311000	0.802456379	0.418837042
6.030312000	0.763720572	0.421131089
6.030313000	0.819631100	0.421632396
6.030314000	0.806441128	0.417536887
6.030315000	0.806687117	0.416088460
6.030316000	0.825501025	0.422779786
6.030317000	0.803021193	0.423964859
6.030318000	0.822738647	0.417801872
6.030319000	0.839959860	0.418704051
6.030320000	0.860133827	0.406843230
6.030321000	0.866360664	0.414028039
6.030322000	0.823528409	0.417927806
6.030323000	0.841012359	0.414630147
6.030324000	0.833709836	0.409418274
6.030325000	0.772484839	0.412267856
6.030326000	0.817376137	0.411664484
6.030327000	0.829516888	0.416086629
6.030328000	0.804273248	0.416816868
6.030329000	0.826156914	0.412347418
6.030330000	0.744044065	0.405449565
6.030331000	0.903318107	0.416207703
6.030332000	0.822951078	0.412943300
6.030333000	0.839045823	0.409272333
6.030334000	0.884811938	0.411759326
6.030335000	0.785114765	0.409583523
6.030336000	0.819478333	0.407220900
6.030337000	0.810250819	0.402059294
6.030338000	0.855305254	0.407706627
6.030339000	0.837544024	0.410234400
6.030340000	0.878037691	0.408406273
6.030341000	0.849927604	0.403226624
6.030342000	0.872946441	0.407161911
6.030343000	0.838109612	0.396878846
6.030344000	0.810974777	0.403380655
6.030345000	0.775220811	0.409978203
6.030346000	0.777232647	0.402889068
6.030347000	0.842459500	0.400353872
6.030348000	0.788826942	0.402687933
6.030349000	0.793090284	0.402785738
6.030350000	0.792245209	0.401002918
6.030351000	0.846746981	0.397727862
6.030352000	0.789875329	0.399102153
6.030353000	0.770970643	0.399205084
6.030354000	0.876286328	0.397280484
6.030355000	0.797748625	0.399564145
6.030356000	0.826991618	0.398407834
6.030357000	0.868697047	0.395851865
6.030358000	0.859338164	0.395435014
6.030359000	0.840657592	0.390179165
6.030360000	0.853159904	0.398321381
6.030361000	0.801501155	0.394432766
6.030362000	0.818536878	0.399132447
6.030363000	0.837200761	0.394504905
6.030364000	0.839002192	0.392149372
6.030365000	0.824099541	0.383837846
6.030366000	0.893459201	0.396371747
6.030367000	0.891400278	0.385845636
6.030368000	0.784722567	0.392584066
6.030369000	0.782536924	0.390618820
6.030370000	0.832665563	0.388133691
6.030371000	0.885048211	0.393842610
6.030372000	0.878589571	0.390274873
6.030373000	0.866443396	0.392538926
6.030374000	0.825603127	0.392870390
6.030375000	0.833587646	0.383617802
6.030376000	0.885403812	0.388406266
6.030377000	0.822147071	0.388968725
6.030378000	0.858162761	0.392963267
6.030379000	0.800760090	0.392152468
6.030380000	0.892907560	0.386929010
6.030381000	0.819945097	0.382632066
6.030382000	0.831255078	0.380791922
6.030383000	0.846294999	0.389075318
6.030384000	0.854454279	0.386327302
6.030385000	0.842280388	0.385820703
6.030386000	0.796757579	0.380878508
6.030387000	0.783730626	0.396811036
6.030388000	0.894713044	0.388286124
6.030389000	0.873172760	0.379572261
6.030390000	0.863094032	0.383790941
6.030391000	0.855490923	0.376137316
6.030392000	0.825193942	0.378402933
6.030393000	0.832008898	0.375364932
6.030394000	0.899026275	0.387572563
6.030395000	0.862039745	0.377183239
6.030396000	0.825562179	0.381332344
6.030397000	0.814916492	0.377144190
6.030398000	0.839847565	0.375758781
6.030399000	0.871544719	0.376627437
6.030400000	0.896260262	0.376573175
6.030401000	0.863587320	0.374896116
6.030402000	0.862418056	0.373991107
6.030403000	0.877489746	0.379994638
6.030404000	0.859903097	0.374554399
6.030405000	0.880606294	0.371259104
6.030406000	0.814008594	0.378889260
6.030407000	0.891574562	0.374903773
6.030408000	0.839534760	0.376802374
6.030409000	0.844622314	0.377121786
6.030410000	0.848565757	0.379435374
6.030411000	0.808466077	0.375889575
6.030412000	0.837527037	0.381897933
6.030413000	0.781347752	0.376076695
6.030414000	0.872206807	0.371569295
6.030415000	0.842217982	0.373113330
6.030416000	0.874315560	0.369163662
6.030417000	0.901019275	0.370306025
6.030418000	0.857358217	0.371793334
6.030419000	0.853181124	0.362686155
6.030420000	0.934471190	0.370463751
6.030421000	0.774190545	0.372576969
6.030422000	0.891999722	0.368771145
6.030423000	0.855020165	0.369093088
6.030424000	0.803078830	0.371039060
6.030425000	0.824032366	0.370048098
6.030426000	0.889416635	0.373132038
6.030427000	0.863881886	0.372145004
6.030428000	0.836265326	0.361907147
6.030429000	0.795418620	0.369288165
6.030430000	0.857320487	0.365475483
6.030431000	0.901558340	0.363832047
6.030432000	0.922683120	0.362622605
6.030433000	0.876709700	0.376135684
6.030434000	0.861225069	0.370372105
6.030435000	0.899194479	0.366829068
6.030436000	0.832985163	0.358849339
6.030437000	0.873775721	0.360665814
6.030438000	0.839060485	0.364529229
6.030439000	0.876559973	0.361678814
6.030440000	0.868126571	0.365695694
6.030441000	0.883555830	0.362424899
6.030442000	0.804944754	0.371878555
6.030443000	0.861465394	0.368044169
6.030444000	0.841527939	0.365513300
6.030445000	0.882648945	0.357179803
6.030446000	0.804448783	0.361707110
6.030447000	0.817106187	0.356233382
6.030448000	0.881302416	0.363039723
6.030449000	0.858649969	0.362471637
6.030450000	0.865377307	0.356483786
6.030451000	0.840064824	0.362616347
6.030452000	0.820440471	0.361145883
6.030453000	0.845189512	0.362907996
6.030454000	0.876688659	0.359696324
6.030455000	0.837817311	0.361008630
6.030456000	0.879752159	0.354940517
6.030457000	0.815054893	0.355910341
6.030458000	0.822146773	0.357295950
6.030459000	0.814490914	0.356067068
6.030460000	0.828987300	0.347568987
6.030461000	0.895498991	0.355030932
6.030462000	0.880833328	0.360881630
6.030463000	0.902015269	0.358267372
6.030464000	0.828039050	0.347717159
6.030465000	0.847768128	0.353401210
6.030466000	0.861192465	0.352264373
6.030467000	0.837080836	0.360490678
6.030468000	0.857454956	0.351005031
6.030469000	0.882051170	0.360181618
6.030470000	0.769588113	0.349162623
6.030471000	0.886532724	0.350079117
6.030472000	0.834792256	0.346074222
6.030473000	0.877643406	0.349359797
6.030474000	0.866387367	0.349168782
6.030475000	0.936193526	0.349513228
6.030476000	0.835674047	0.352588979
6.030477000	0.875801742	0.347604075
6.030478000	0.905480921	0.348212773
6.030479000	0.911177635	0.352720473
6.030480000	0.904971242	0.344624097
6.030481000	0.867282569	0.347142049
6.030482000	0.858732283	0.345645120
6.030483000	0.890303075	0.352333682
6.030484000	0.838172972	0.344513243
6.030485000	0.862006009	0.343806973
6.030486000	0.835836887	0.344328453
6.030487000	0.863432944	0.344315071
6.030488000	0.885207653	0.347503840
6.030489000	0.850102901	0.339595982
6.030490000	0.900843859	0.338929027
6.030491000	0.840255737	0.344422995
6.030492000	0.808919907	0.346819108
6.030493000	0.892096341	0.347361394
6.030494000	0.866201580	0.345162522
6.030495000	0.915178835	0.343811667
6.030496000	0.848998129	0.342037069
6.030497000	0.941079199	0.343533832
6.030498000	0.811382711	0.345122008
6.030499000	0.868451178	0.338235473
6.030500000	0.878746331	0.350289739
6.030501000	0.841689408	0.346705258
6.030502000	0.886044323	0.341279167
6.030503000	0.893278122	0.341921788
6.030504000	0.877977014	0.342867742
6.030505000	0.806965053	0.341592122
6.030506000	0.861252785	0.342267233
6.030507000	0.865978062	0.338494632
6.030508000	0.916983426	0.337219211
6.030509000	0.874625146	0.343763597
6.030510000	0.846846163	0.333113049
6.030511000	0.852562666	0.333521478
6.030512000	0.838120699	0.339290451
6.030513000	0.923069894	0.335673346
6.030514000	0.860150218	0.341606935
6.030515000	0.849377096	0.333425605
6.030516000	0.852312326	0.335581500
6.030517000	0.860815763	0.340325123
6.030518000	0.858869553	0.330921101
6.030519000	0.816784263	0.333764026
6.030520000	0.870202303	0.329256592
6.030521000	0.832636118	0.332783383
6.030522000	0.847056687	0.336772965
6.030523000	0.899145424	0.335057457
6.030524000	0.842095554	0.340790643
6.030525000	0.866459370	0.331695682
6.030526000	0.832907438	0.333442749
6.030527000	0.853814125	0.329857002
6.030528000	0.832814574	0.328655517
6.030529000	0.872846007	0.329151564
6.030530000	0.911161840	0.337567319
6.030531000	0.845850945	0.329529666
6.030532000	0.890663922	0.332403816
6.030533000	0.864802063	0.333089946
6.030534000	0.892962873	0.330809881
6.030535000	0.915014148	0.325695147
6.030536000	0.889922678	0.336164899
6.030537000	0.877856851	0.324648791
6.030538000	0.866085410	0.327404630
6.030539000	0.905752480	0.331253863
6.030540000	0.967836797	0.331085319
6.030541000	0.910270333	0.337118044
6.030542000	0.856056571	0.326915607
6.030543000	0.902762949	0.333742787
6.030544000	0.881236017	0.319864689
6.030545000	0.872619033	0.330373722
6.030546000	0.853494525	0.328632148
6.030547000	0.885871172	0.329013146
6.030548000	0.803868592	0.324530713
6.030549000	0.871424019	0.335698013
6.030550000	0.881776869	0.327191644
6.030551000	0.885588765	0.329655933
6.030552000	0.851598740	0.325185185
6.030553000	0.885827720	0.324195455
6.030554000	0.872419417	0.337317149
6.030555000	0.864942133	0.334426088
6.030556000	0.818348885	0.328054541
6.030557000	0.839606166	0.331085984
6.030558000	0.859451473	0.326578950
6.030559000	0.876869202	0.330925096
6.030560000	0.872318745	0.331037382
6.030561000	0.806398213	0.329626439
6.030562000	0.830823302	0.329780703
6.030563000	0.846643090	0.331475705
6.030564000	0.886972785	0.325529498
6.030565000	0.962442756	0.321577567
6.030566000	0.833705604	0.328261902
6.030567000	0.872095346	0.319959331
6.030568000	0.863605320	0.320856350
6.030569000	0.848001122	0.322417761
6.030570000	0.876583338	0.324569895
6.030571000	0.856534779	0.319522239
6.030572000	0.904583216	0.324662140
6.030573000	0.831973195	0.320600487
6.030574000	0.907933712	0.320037561
6.030575000	0.843494833	0.324662473
6.030576000	0.857751846	0.331137117
6.030577000	0.858018219	0.321092905
6.030578000	0.863444746	0.320940006
6.030579000	0.876170576	0.324138762
6.030580000	0.851167619	0.323239713
6.030581000	0.843774140	0.323860429
6.030582000	0.856336772	0.316777918
6.030583000	0.890540123	0.318266226
6.030584000	0.864267945	0.323901841
6.030585000	0.961695015	0.318570059
6.030586000	0.866651177	0.320009598
6.030587000	0.868842959	0.312585071
6.030588000	0.841763616	0.312980850
6.030589000	0.906090856	0.317735991
6.030590000	0.869449794	0.319258320
6.030591000	0.838573754	0.318363664
6.030592000	0.894734383	0.319676936
6.030593000	0.876359761	0.315939555
6.030594000	0.945072889	0.312330473
6.030595000	0.861099958	0.312499483
6.030596000	0.841535985	0.325134119
6.030597000	0.845130682	0.317416378
6.030598000	0.899615645	0.326021151
6.030599000	0.803651571	0.317987792
6.030600000	0.826371074	0.319371305
6.030601000	0.905220747	0.321956335
6.030602000	0.839894593	0.317661921
6.030603000	0.843168855	0.312729081
6.030604000	0.843132615	0.316240892
6.030605000	0.856339216	0.313165041
6.030606000	0.844727159	0.316769063
6.030607000	0.835011482	0.317915787
6.030608000	0.861149013	0.311985294
6.030609000	0.912801504	0.318906383
6.030610000	0.876874745	0.313596673
6.030611000	0.842424929	0.306569356
6.030612000	0.805808902	0.311039206
6.030613000	0.930195868	0.317647341
6.030614000	0.847545981	0.314084431
6.030615000	0.837820470	0.311412914
6.030616000	0.873288572	0.313050425
6.030617000	0.855000317	0.316367559
6.030618000	0.950608790	0.312824356
6.030619000	0.895889461	0.306624251
6.030620000	0.797647357	0.311061377
6.030621000	0.842177868	0.309271100
6.030622000	0.845438480	0.310873457
6.030623000	0.915230811	0.310350812
6.030624000	0.913418889	0.310550582
6.030625000	0.793920815	0.318540498
6.030626000	0.896078646	0.311896744
6.030627000	0.800356567	0.310278940
6.030628000	0.835134268	0.315285050
6.030629000	0.875926673	0.313206386
6.030630000	0.869509578	0.312233134
6.030631000	0.894056261	0.308043416
6.030632000	0.912769616	0.314005867
6.030633000	0.841615021	0.314268555
6.030634000	0.886228561	0.308989504
6.030635000	0.874932230	0.312171149
6.030636000	0.829087675	0.314613467
6.030637000	0.840739608	0.306987273
6.030638000	0.830855429	0.312323615
6.030639000	0.830312967	0.307958028
6.030640000	0.919689119	0.306564629
6.030641000	0.920611084	0.312363063
6.030642000	0.876867414	0.311795610
6.030643000	0.847593009	0.312190623
6.030644000	0.919690788	0.308104668
6.030645000	0.857876837	0.306075906
6.030646000	0.875832379	0.311739917
6.030647000	0.857623637	0.308632141
6.030648000	0.862929404	0.305887920
6.030649000	0.891408205	0.314134032
6.030650000	0.868935823	0.302563196
6.030651000	0.845542669	0.306179769
6.030652000	0.832595944	0.303578460
6.030653000	0.951816082	0.314844330
6.030654000	0.869393289	0.299734653
6.030655000	0.859677851	0.306322681
6.030656000	0.933157921	0.305128486
6.030657000	0.895904422	0.308355904
6.030658000	0.844848871	0.302613164
6.030659000	0.877407730	0.308233965
6.030660000	0.885021031	0.303593207
6.030661000	0.881816089	0.307824071
6.030662000	0.878381968	0.304371682
6.030663000	0.848273814	0.309541377
6.030664000	0.904878438	0.309095830
6.030665000	0.850214005	0.306595022
6.030666000	0.905797303	0.303823670
6.030667000	0.905178249	0.309650800
6.030668000	0.863764822	0.300406369
6.030669000	0.816829026	0.308345119
6.030670000	0.824680865	0.298953115
6.030671000	0.865102232	0.305850070
6.030672000	0.872320831	0.299540408
6.030673000	0.782936037	0.296636597
6.030674000	0.861581147	0.301130449
6.030675000	0.927991807	0.301782491
6.030676000	0.868077397	0.295830159
6.030677000	0.921262264	0.298535132
6.030678000	0.922243893	0.302217884
6.030679000	0.923940957	0.298493520
6.030680000	0.869581759	0.299893943
6.030681000	0.865263283	0.295799633
6.030682000	0.872129440	0.295753160
6.030683000	0.852744699	0.304786436
6.030684000	0.874537826	0.300281500
6.030685000	0.893405735	0.302982944
6.030686000	0.853241682	0.296676578
6.030687000	0.858479500	0.298512695
6.030688000	0.873840392	0.302534501
6.030689000	0.855989873	0.297013268
6.030690000	0.832581401	0.300532136
6.030691000	0.853762925	0.301538478
6.030692000	0.922860742	0.299945542
6.030693000	0.897145271	0.293620434
6.030694000	0.881548107	0.299948638
6.030695000	0.873417854	0.292709034
6.030696000	0.884005189	0.296546916
6.030697000	0.907642901	0.295465040
6.030698000	0.912718236	0.301532020
6.030699000	0.868449748	0.295328453
6.030700000	0.801908970	0.292913631
6.030701000	0.832466125	0.302183762
6.030702000	0.857607424	0.294456501
6.030703000	0.851078570	0.296999287
6.030704000	0.856384635	0.295072124
6.030705000	0.840705574	0.294288655
6.030706000	0.865400076	0.294324474
6.030707000	0.872834921	0.299076985
6.030708000	0.807282805	0.296667457
6.030709000	0.846524894	0.301125156
6.030710000	0.927887201	0.298086456
6.030711000	0.821509004	0.300868061
6.030712000	0.861588776	0.299840380
6.030713000	0.808122575	0.299479921
6.030714000	0.865769565	0.295569535
6.030715000	0.848608077	0.299109209
6.030716000	0.825510502	0.288642986
6.030717000	0.755710363	0.292117346
6.030718000	0.870512962	0.295896671
6.030719000	0.863028526	0.293152018
6.030720000	0.866558015	0.295550228
6.030721000	0.856249213	0.298217516
6.030722000	0.838203549	0.297529456
6.030723000	0.864908695	0.292408763
6.030724000	0.891853929	0.291310375
6.030725000	0.895158172	0.297481286
6.030726000	0.856221080	0.293546199
6.030727000	0.882723808	0.299459016
6.030728000	0.862298250	0.293389938
6.030729000	0.870598912	0.292983972
6.030730000	0.867838442	0.295053981
6.030731000	0.943867266	0.297231415
6.030732000	0.908843458	0.292782404
6.030733000	0.901556015	0.291902929
6.030734000	0.837228537	0.285639873
6.030735000	0.886029065	0.284731735
6.030736000	0.835917950	0.292325472
6.030737000	0.831198335	0.292765959
6.030738000	0.914306581	0.287866375
6.030739000	0.879482567	0.297147791
6.030740000	0.873395860	0.294725213
6.030741000	0.854235947	0.285820269
6.030742000	0.848065853	0.286912764
6.030743000	0.897559702	0.288104462
6.030744000	0.873520911	0.290597580
6.030745000	0.830197394	0.285989712
6.030746000	0.881622136	0.294899551
6.030747000	0.894209385	0.288882305
6.030748000	0.854859412	0.292089450
6.030749000	0.856181562	0.290200170
6.030750000	0.836240113	0.283644865
6.030751000	0.880191267	0.292479203
6.030752000	0.898650169	0.285866508
6.030753000	0.904861987	0.288568318
6.030754000	0.868426740	0.286958837
6.030755000	0.882264972	0.289981025
6.030756000	0.935647428	0.286414753
6.030757000	0.862861931	0.292081460
6.030758000	0.783404350	0.289041162
6.030759000	0.874470532	0.281270225
6.030760000	0.844977975	0.289432514
6.030761000	0.877328277	0.281796831
6.030762000	0.909563065	0.282108388
6.030763000	0.816294432	0.283212634
6.030764000	0.887624323	0.286692154
6.030765000	0.875537276	0.284739192
6.030766000	0.862209260	0.284606533
6.030767000	0.857928336	0.286627639
6.030768000	0.906213701	0.285831654
6.030769000	0.890459180	0.285046953
6.030770000	0.818157732	0.277848928
6.030771000	0.927488923	0.290744387
6.030772000	0.855850995	0.286468316
6.030773000	0.846676528	0.281611409
6.030774000	0.785728395	0.285482313
6.030775000	0.830760956	0.282049532
6.030776000	0.817416906	0.287221391
6.030777000	0.852802575	0.280004690
6.030778000	0.827237070	0.285943040
6.030779000	0.897481918	0.281633413
6.030780000	0.835062146	0.289608049
6.030781000	0.838948488	0.286361256
6.030782000	0.878509879	0.282071337
6.030783000	0.914038837	0.281476020
6.030784000	0.863516152	0.280258623
6.030785000	0.823573232	0.286238019
6.030786000	0.863895774	0.291997837
6.030787000	0.827612519	0.279788076
6.030788000	0.872936964	0.285078512
6.030789000	0.850748777	0.278983768
6.030790000	0.843903422	0.281045021
6.030791000	0.839051962	0.280278164
6.030792000	0.851503074	0.280881869
6.030793000	0.891975522	0.280293111
6.030794000	0.785268068	0.279898497
6.030795000	0.903000593	0.281000247
6.030796000	0.882325172	0.274366712
6.030797000	0.884047925	0.274144055
6.030798000	0.890415788	0.284619050
6.030799000	0.883052468	0.276256408
6.030800000	0.841218114	0.277760811
6.030801000	0.852224946	0.279155075
6.030802000	0.803349376	0.271183202
6.030803000	0.851199567	0.281939843
6.030804000	0.835472167	0.278244358
6.030805000	0.876874387	0.278718001
6.030806000	0.840716779	0.275866571
6.030807000	0.933089614	0.279282441
6.030808000	0.904157400	0.277271755
6.030809000	0.937099695	0.272090591
6.030810000	0.852302194	0.281286636
6.030811000	0.837154686	0.275607412
6.030812000	0.904801667	0.273151079
6.030813000	0.865085304	0.276486288
6.030814000	0.853366971	0.269798758
6.030815000	0.853721440	0.273012611
6.030816000	0.881706119	0.273568546
6.030817000	0.893706143	0.278945152
6.030818000	0.827750802	0.277870183
6.030819000	0.887738407	0.281069922
6.030820000	0.859328628	0.272401299
6.030821000	0.868281007	0.276794233
6.030822000	0.821609795	0.276028841
6.030823000	0.881051719	0.274262782
6.030824000	0.918163180	0.275967421
6.030825000	0.835446715	0.270161298
6.030826000	0.892056167	0.284537357
6.030827000	0.845434606	0.278012879
6.030828000	0.835259974	0.270968585
6.030829000	0.866672814	0.275208204
6.030830000	0.915379047	0.278360305
6.030831000	0.843049228	0.275813341
6.030832000	0.865408063	0.277434673
6.030833000	0.881563246	0.270995766
6.030834000	0.884552717	0.273810028
6.030835000	0.821388125	0.269817184
6.030836000	0.845442295	0.277235452
6.030837000	0.891946495	0.269599970
6.030838000	0.912740171	0.279862211
6.030839000	0.905926526	0.270896147
6.030840000	0.796922207	0.267529695
6.030841000	0.804491997	0.274280708
6.030842000	0.914537072	0.261988822
6.030843000	0.887326658	0.273371522
6.030844000	0.954757571	0.272498438
6.030845000	0.902305841	0.270916670
6.030846000	0.850521266	0.273249449
6.030847000	0.852187097	0.270294339
6.030848000	0.891389728	0.274005837
6.030849000	0.804353118	0.272710176
6.030850000	0.903097987	0.275326998
6.030851000	0.884930968	0.269294206
6.030852000	0.890265346	0.261870028
6.030853000	0.865160584	0.270703917
6.030854000	0.837539256	0.276031354
6.030855000	0.797624648	0.267289827
6.030856000	0.882924020	0.273741302
6.030857000	0.832381785	0.267951140
6.030858000	0.880675673	0.262513015
6.030859000	0.854991734	0.264995131
6.030860000	0.868002653	0.270348851
6.030861000	0.850220382	0.272941421
6.030862000	0.876711190	0.271628350
6.030863000	0.843523502	0.274542813
6.030864000	0.885721147	0.267807063
6.030865000	0.844507933	0.271058766
6.030866000	0.851970315	0.269508640
6.030867000	0.833090425	0.275784379
6.030868000	0.793087244	0.263321551
6.030869000	0.861866236	0.269288546
6.030870000	0.866821468	0.269056019
6.030871000	0.837799430	0.268717348
6.030872000	0.821167469	0.266014872
6.030873000	0.850690007	0.265065222
6.030874000	0.864604414	0.261686037
6.030875000	0.922307253	0.272200580
6.030876000	0.884694159	0.262450764
6.030877000	0.877025187	0.271501866
6.030878000	0.823794425	0.266978237
6.030879000	0.841156721	0.264523868
6.030880000	0.898382187	0.264400880
6.030881000	0.822507560	0.266052672
6.030882000	0.848053217	0.267416144
6.030883000	0.866901457	0.271088893
6.030884000	0.847909927	0.269671243
6.030885000	0.877590775	0.261601415
6.030886000	0.813253641	0.265219419
6.030887000	0.856678963	0.264043833
6.030888000	0.836038291	0.266622789
6.030889000	0.845986366	0.264586003
6.030890000	0.843145847	0.259014254
6.030891000	0.931811273	0.265446371
6.030892000	0.848140895	0.257900870
6.030893000	0.805631697	0.268342325
6.030894000	0.913152516	0.263203057
6.030895000	0.891527236	0.272059982
6.030896000	0.876140237	0.261513481
6.030897000	0.889952540	0.266670626
6.030898000	0.805610955	0.265716016
6.030899000	0.847557306	0.259067151
6.030900000	0.852845013	0.258639048
6.030901000	0.814896226	0.262033696
6.030902000	0.854669690	0.260098943
6.030903000	0.905801058	0.262342157
6.030904000	0.868775070	0.263687319
6.030905000	0.838224351	0.263595740
6.030906000	0.875731885	0.263438980
6.030907000	0.858410776	0.264300346
6.030908000	0.897658169	0.257499514
6.030909000	0.822580636	0.261092135
6.030910000	0.898319006	0.261897276
6.030911000	0.858074665	0.261927369
6.030912000	0.861314118	0.269958265
6.030913000	0.798517048	0.266795428
6.030914000	0.852113962	0.257864717
6.030915000	0.887159288	0.264277010
6.030916000	0.856725156	0.261878367
6.030917000	0.835702598	0.255771556
6.030918000	0.914444566	0.256459334
6.030919000	0.803572774	0.260097328
6.030920000	0.882265329	0.259665164
6.030921000	0.850728989	0.257325660
6.030922000	0.907233477	0.253140685
6.030923000	0.862274706	0.259519905
6.030924000	0.822167397	0.261543808
6.030925000	0.839645803	0.256724801
6.030926000	0.797598064	0.260988272
6.030927000	0.852244735	0.259845909
6.030928000	0.818938136	0.263193786
6.030929000	0.796885610	0.259791647
6.030930000	0.829712808	0.264645724
6.030931000	0.840061605	0.263548319
6.030932000	0.844186783	0.255111075
6.030933000	0.796534359	0.257618158
6.030934000	0.907586217	0.254433284
6.030935000	0.878280580	0.256233814
6.030936000	0.858459413	0.265862972
6.030937000	0.896033347	0.255852516
6.030938000	0.847164452	0.255164305
6.030939000	0.863516152	0.255239573
6.030940000	0.877463102	0.253593839
6.030941000	0.840217054	0.258398182
6.030942000	0.914611101	0.258369303
6.030943000	0.916642547	0.262951055
6.030944000	0.863628864	0.257250492
6.030945000	0.861407697	0.266200611
6.030946000	0.822075546	0.251027351
6.030947000	0.877886236	0.256346233
6.030948000	0.840488195	0.260693610
6.030949000	0.945106030	0.259918547
6.030950000	0.813241720	0.247228717
6.030951000	0.786532760	0.257298862
6.030952000	0.842635870	0.254311095
6.030953000	0.877539277	0.251165602
6.030954000	0.906886220	0.259709955
6.030955000	0.844312251	0.259364093
6.030956000	0.872941077	0.255741429
6.030957000	0.828912556	0.250786784
6.030958000	0.867715418	0.258927501
6.030959000	0.922610641	0.249418668
6.030960000	0.844479322	0.247507034
6.030961000	0.888848066	0.250963485
6.030962000	0.915672600	0.255548716
6.030963000	0.748843908	0.246774432
6.030964000	0.812487602	0.247961220
6.030965000	0.875773251	0.251881193
6.030966000	0.875402153	0.253848770
6.030967000	0.790802121	0.258510084
6.030968000	0.861167908	0.251214621
6.030969000	0.861358285	0.252769740
