D:\KID metingen\Entropy ADR\LT343chip5_BF_20240530_mapping\S21\Power\KID96_108dBm_.dat
Power at KID:108dBm
resonance Frequency in GHz :6.120086
Q=19742.212902, Qc=20886.433324, Qi=360371.485962  S21min=-25.227092


Temperature in K:0.099953
GHz	dB	Rad
6.119180000	0.359430879	-0.032392211
6.119181000	0.356915474	-0.031546660
6.119182000	0.429328680	-0.031205143
6.119183000	0.373086721	-0.030116524
6.119184000	0.398058265	-0.030511470
6.119185000	0.396071911	-0.029241207
6.119186000	0.357994109	-0.029168224
6.119187000	0.351333797	-0.025621486
6.119188000	0.360219806	-0.027049426
6.119189000	0.356733412	-0.030719153
6.119190000	0.344045997	-0.033184816
6.119191000	0.356426567	-0.034787469
6.119192000	0.357803702	-0.031822518
6.119193000	0.358294159	-0.028340037
6.119194000	0.357690901	-0.029716090
6.119195000	0.380513519	-0.030501361
6.119196000	0.350614369	-0.036715995
6.119197000	0.346389502	-0.030657226
6.119198000	0.365100741	-0.037386213
6.119199000	0.369312555	-0.030923642
6.119200000	0.355209649	-0.034288139
6.119201000	0.345558405	-0.026967398
6.119202000	0.356348485	-0.030752129
6.119203000	0.339212030	-0.033827749
6.119204000	0.360966474	-0.031660173
6.119205000	0.376028508	-0.033055247
6.119206000	0.373129666	-0.035794475
6.119207000	0.348279893	-0.031781008
6.119208000	0.350566417	-0.030156762
6.119209000	0.375083625	-0.035880124
6.119210000	0.334255815	-0.031760343
6.119211000	0.386669815	-0.031650521
6.119212000	0.344551951	-0.035494470
6.119213000	0.318629324	-0.032164003
6.119214000	0.329425812	-0.038100140
6.119215000	0.330139518	-0.034222454
6.119216000	0.358035445	-0.031581194
6.119217000	0.348885149	-0.034627390
6.119218000	0.368381590	-0.037841701
6.119219000	0.342739761	-0.033923760
6.119220000	0.353314519	-0.037733214
6.119221000	0.353498250	-0.034816177
6.119222000	0.320961863	-0.036692963
6.119223000	0.332825273	-0.034483544
6.119224000	0.320037037	-0.038826188
6.119225000	0.350134343	-0.032215833
6.119226000	0.357978463	-0.034901637
6.119227000	0.323150754	-0.039024552
6.119228000	0.358822465	-0.035175627
6.119229000	0.367060930	-0.035469740
6.119230000	0.362623811	-0.037554787
6.119231000	0.324104637	-0.033961394
6.119232000	0.337785900	-0.037496318
6.119233000	0.336011976	-0.035588679
6.119234000	0.336062461	-0.039057559
6.119235000	0.360980213	-0.036842362
6.119236000	0.327967256	-0.039864767
6.119237000	0.360561550	-0.036174404
6.119238000	0.327728391	-0.040133542
6.119239000	0.349932909	-0.037008814
6.119240000	0.360917687	-0.038545071
6.119241000	0.360337138	-0.035485540
6.119242000	0.329247385	-0.033050466
6.119243000	0.353389353	-0.044128109
6.119244000	0.296289623	-0.039822464
6.119245000	0.315316409	-0.041165530
6.119246000	0.354129821	-0.036576437
6.119247000	0.318121165	-0.038495852
6.119248000	0.351885945	-0.040477427
6.119249000	0.337370723	-0.043200114
6.119250000	0.306373388	-0.033252254
6.119251000	0.327626318	-0.040306864
6.119252000	0.302754283	-0.041324820
6.119253000	0.302199721	-0.039935715
6.119254000	0.346913129	-0.036334905
6.119255000	0.366664678	-0.039892847
6.119256000	0.356553167	-0.038629231
6.119257000	0.309530854	-0.043991635
6.119258000	0.369740963	-0.039118175
6.119259000	0.297469944	-0.037283877
6.119260000	0.328954935	-0.039893134
6.119261000	0.351307303	-0.042136814
6.119262000	0.373331487	-0.041787694
6.119263000	0.316802323	-0.037659087
6.119264000	0.364747643	-0.042527250
6.119265000	0.307739347	-0.041183589
6.119266000	0.313791484	-0.041333525
6.119267000	0.306598127	-0.039418904
6.119268000	0.307808667	-0.040286008
6.119269000	0.283297628	-0.045772445
6.119270000	0.311996847	-0.035379712
6.119271000	0.321147740	-0.041413129
6.119272000	0.301216811	-0.036170396
6.119273000	0.323075861	-0.040839954
6.119274000	0.324114233	-0.040316302
6.119275000	0.309388816	-0.040019430
6.119276000	0.325718790	-0.039789828
6.119277000	0.290491492	-0.038252431
6.119278000	0.328397334	-0.046553400
6.119279000	0.264075816	-0.045092294
6.119280000	0.299404591	-0.044593064
6.119281000	0.271907359	-0.041286013
6.119282000	0.298174143	-0.046105643
6.119283000	0.271511406	-0.045582861
6.119284000	0.309479684	-0.044197409
6.119285000	0.283055961	-0.042609745
6.119286000	0.317235202	-0.042436798
6.119287000	0.287601709	-0.043818130
6.119288000	0.308604449	-0.046932771
6.119289000	0.282927424	-0.043531253
6.119290000	0.287961423	-0.043378250
6.119291000	0.280753225	-0.045426196
6.119292000	0.330190063	-0.044328412
6.119293000	0.325995833	-0.043537665
6.119294000	0.286685169	-0.042768029
6.119295000	0.292615116	-0.042491497
6.119296000	0.277698874	-0.045030251
6.119297000	0.324000150	-0.044786384
6.119298000	0.281261414	-0.050382385
6.119299000	0.333442420	-0.044105614
6.119300000	0.309831440	-0.049224696
6.119301000	0.290408880	-0.045017979
6.119302000	0.273280472	-0.045719847
6.119303000	0.255592257	-0.044683678
6.119304000	0.299535781	-0.047332778
6.119305000	0.280089468	-0.049500208
6.119306000	0.272766680	-0.051619415
6.119307000	0.263925582	-0.052700313
6.119308000	0.324053109	-0.047700661
6.119309000	0.278234154	-0.045576386
6.119310000	0.294668883	-0.044362376
6.119311000	0.282167763	-0.050345779
6.119312000	0.283119619	-0.052508482
6.119313000	0.277881891	-0.048878206
6.119314000	0.265768856	-0.048259180
6.119315000	0.290437907	-0.049703187
6.119316000	0.270659149	-0.051329076
6.119317000	0.278400958	-0.046658670
6.119318000	0.280207247	-0.047157188
6.119319000	0.273876131	-0.050700716
6.119320000	0.270081520	-0.052523075
6.119321000	0.283643723	-0.049610830
6.119322000	0.233526960	-0.048542066
6.119323000	0.294355899	-0.051919049
6.119324000	0.268032700	-0.048643324
6.119325000	0.250494748	-0.047859918
6.119326000	0.314655513	-0.053507479
6.119327000	0.258127362	-0.053646168
6.119328000	0.264657557	-0.048387802
6.119329000	0.257321328	-0.049775488
6.119330000	0.274561852	-0.051882539
6.119331000	0.285065502	-0.054142806
6.119332000	0.261661887	-0.049256130
6.119333000	0.275891632	-0.049259542
6.119334000	0.268252850	-0.049158849
6.119335000	0.299486369	-0.050502210
6.119336000	0.270217359	-0.050777552
6.119337000	0.259880096	-0.053603994
6.119338000	0.249022052	-0.049168649
6.119339000	0.263940305	-0.051372198
6.119340000	0.293310195	-0.052360751
6.119341000	0.257389158	-0.055936124
6.119342000	0.264182836	-0.054308617
6.119343000	0.259701610	-0.055341532
6.119344000	0.274978459	-0.054719667
6.119345000	0.246730179	-0.054989920
6.119346000	0.267969012	-0.053994189
6.119347000	0.229319260	-0.053107090
6.119348000	0.217157647	-0.054951824
6.119349000	0.252690822	-0.053467994
6.119350000	0.220614925	-0.058183241
6.119351000	0.258009106	-0.052254533
6.119352000	0.228410214	-0.055657537
6.119353000	0.277795702	-0.056125704
6.119354000	0.252343148	-0.055583855
6.119355000	0.283311963	-0.053492237
6.119356000	0.234282136	-0.058995168
6.119357000	0.238759011	-0.054516135
6.119358000	0.271977752	-0.057584796
6.119359000	0.237662554	-0.056247498
6.119360000	0.212994859	-0.059753375
6.119361000	0.265561283	-0.060930958
6.119362000	0.239905417	-0.056053174
6.119363000	0.235897258	-0.055129811
6.119364000	0.246595800	-0.058495330
6.119365000	0.243343323	-0.059524305
6.119366000	0.262481570	-0.062347780
6.119367000	0.195947215	-0.055978231
6.119368000	0.271337122	-0.058825604
6.119369000	0.235735893	-0.060218208
6.119370000	0.246363282	-0.058194035
6.119371000	0.221537784	-0.059269628
6.119372000	0.264317304	-0.059619230
6.119373000	0.236074015	-0.059609722
6.119374000	0.211159587	-0.062509010
6.119375000	0.218075231	-0.059099177
6.119376000	0.217116222	-0.064453238
6.119377000	0.234336883	-0.059800920
6.119378000	0.212848172	-0.061566787
6.119379000	0.249897495	-0.058865705
6.119380000	0.242771566	-0.058162523
6.119381000	0.221432909	-0.059565680
6.119382000	0.233283266	-0.059638684
6.119383000	0.201498717	-0.062747496
6.119384000	0.248990521	-0.063611196
6.119385000	0.230065018	-0.061029823
6.119386000	0.191179812	-0.061032695
6.119387000	0.175325423	-0.062169199
6.119388000	0.199347809	-0.060800696
6.119389000	0.193386585	-0.061169968
6.119390000	0.230831191	-0.059860392
6.119391000	0.170349434	-0.064402342
6.119392000	0.213772476	-0.063557604
6.119393000	0.191108361	-0.065460071
6.119394000	0.242287114	-0.066689640
6.119395000	0.171046928	-0.061217239
6.119396000	0.211577043	-0.062427554
6.119397000	0.210573003	-0.065148011
6.119398000	0.196880743	-0.059890361
6.119399000	0.218187109	-0.064209625
6.119400000	0.210374653	-0.066725293
6.119401000	0.207461506	-0.061254590
6.119402000	0.176327541	-0.064550410
6.119403000	0.194848076	-0.066823281
6.119404000	0.201203078	-0.067786246
6.119405000	0.198937491	-0.062626101
6.119406000	0.162980825	-0.063843220
6.119407000	0.168825388	-0.063497142
6.119408000	0.178142056	-0.062121778
6.119409000	0.207132250	-0.063623593
6.119410000	0.193103358	-0.064601763
6.119411000	0.168414116	-0.068098935
6.119412000	0.181916475	-0.067611739
6.119413000	0.191959411	-0.066034132
6.119414000	0.195523456	-0.063941470
6.119415000	0.192046523	-0.068181277
6.119416000	0.191756383	-0.064108142
6.119417000	0.146539599	-0.069742280
6.119418000	0.162466407	-0.065724286
6.119419000	0.196349889	-0.067759461
6.119420000	0.175104231	-0.070673621
6.119421000	0.188490227	-0.067277275
6.119422000	0.159493521	-0.069363275
6.119423000	0.173275054	-0.070205662
6.119424000	0.195393160	-0.067618347
6.119425000	0.174998254	-0.065554538
6.119426000	0.164423943	-0.067733429
6.119427000	0.193014339	-0.070270393
6.119428000	0.150361225	-0.073724979
6.119429000	0.166191354	-0.070614465
6.119430000	0.185886681	-0.073582475
6.119431000	0.185651049	-0.072201551
6.119432000	0.143924937	-0.070267780
6.119433000	0.174101889	-0.072352652
6.119434000	0.182176366	-0.070353193
6.119435000	0.148684546	-0.070263194
6.119436000	0.143488571	-0.071196216
6.119437000	0.128826350	-0.072840477
6.119438000	0.157857820	-0.073987675
6.119439000	0.209154606	-0.070921328
6.119440000	0.149797827	-0.073673888
6.119441000	0.163407221	-0.072314269
6.119442000	0.142220795	-0.068625005
6.119443000	0.127552137	-0.074103764
6.119444000	0.182694882	-0.073660023
6.119445000	0.151937231	-0.074790102
6.119446000	0.170553058	-0.071226743
6.119447000	0.183900237	-0.076245278
6.119448000	0.143632993	-0.078482816
6.119449000	0.127515465	-0.071908928
6.119450000	0.135000616	-0.076861808
6.119451000	0.133212775	-0.074151867
6.119452000	0.137493804	-0.078341619
6.119453000	0.120701738	-0.072926122
6.119454000	0.120068498	-0.076728251
6.119455000	0.152211636	-0.078035389
6.119456000	0.182949290	-0.076799108
6.119457000	0.130743474	-0.073406881
6.119458000	0.124250174	-0.075402496
6.119459000	0.148580208	-0.076309369
6.119460000	0.090649553	-0.075410011
6.119461000	0.166304842	-0.077112653
6.119462000	0.181911826	-0.077668763
6.119463000	0.121175624	-0.076576268
6.119464000	0.100838341	-0.079091049
6.119465000	0.137376323	-0.082421806
6.119466000	0.130199924	-0.078676004
6.119467000	0.134352282	-0.078546241
6.119468000	0.108288169	-0.082590434
6.119469000	0.054808594	-0.081583818
6.119470000	0.117504463	-0.081701163
6.119471000	0.089306772	-0.075271119
6.119472000	0.102068208	-0.081752820
6.119473000	0.096175998	-0.078100170
6.119474000	0.114260241	-0.082849768
6.119475000	0.127580866	-0.081321546
6.119476000	0.109558754	-0.083876566
6.119477000	0.086209655	-0.083103276
6.119478000	0.118290521	-0.080589793
6.119479000	0.140958086	-0.084427774
6.119480000	0.092276275	-0.082096951
6.119481000	0.073283352	-0.083011297
6.119482000	0.082757592	-0.083376134
6.119483000	0.113930397	-0.081707846
6.119484000	0.093759902	-0.085577411
6.119485000	0.100599155	-0.083004955
6.119486000	0.079022013	-0.083974238
6.119487000	0.073751740	-0.084054865
6.119488000	0.093859464	-0.081267709
6.119489000	0.109392166	-0.083307882
6.119490000	0.057740629	-0.080890073
6.119491000	0.097737506	-0.086209238
6.119492000	0.048656303	-0.086747204
6.119493000	0.092054881	-0.086833283
6.119494000	0.082002066	-0.084586740
6.119495000	0.073044747	-0.083831875
6.119496000	0.047966994	-0.087721613
6.119497000	0.086338982	-0.087386496
6.119498000	0.066367067	-0.083916231
6.119499000	0.065896370	-0.087120754
6.119500000	0.112979151	-0.087420177
6.119501000	0.035242133	-0.088989237
6.119502000	0.081295170	-0.087704386
6.119503000	0.101303145	-0.089010683
6.119504000	0.058980923	-0.087286037
6.119505000	0.080854990	-0.089426295
6.119506000	0.032883577	-0.086941615
6.119507000	0.037391290	-0.090213666
6.119508000	0.069889247	-0.086616094
6.119509000	0.047965646	-0.093393622
6.119510000	0.034642808	-0.090570647
6.119511000	0.062098574	-0.086348887
6.119512000	0.050166748	-0.086902408
6.119513000	0.042537075	-0.089447076
6.119514000	0.074993290	-0.087293793
6.119515000	0.040945318	-0.089449056
6.119516000	0.047509480	-0.094980692
6.119517000	0.054035939	-0.090140105
6.119518000	0.042900302	-0.088363727
6.119519000	0.040675372	-0.088682182
6.119520000	0.046700653	-0.095169468
6.119521000	0.016164133	-0.093669018
6.119522000	0.044646643	-0.094815434
6.119523000	0.052150201	-0.096837231
6.119524000	0.011255579	-0.094223338
6.119525000	0.052876197	-0.097013657
6.119526000	0.046321969	-0.092957630
6.119527000	0.011317343	-0.094464038
6.119528000	-0.010962132	-0.094061477
6.119529000	0.053432498	-0.097794596
6.119530000	0.039199445	-0.094334800
6.119531000	0.052041620	-0.094359343
6.119532000	0.057936911	-0.090348264
6.119533000	0.006057961	-0.099823034
6.119534000	-0.007310427	-0.094619950
6.119535000	0.000527478	-0.100200154
6.119536000	-0.001555874	-0.093134214
6.119537000	0.012509028	-0.097225894
6.119538000	0.005850375	-0.097568718
6.119539000	0.051382661	-0.102599621
6.119540000	0.024020838	-0.098108657
6.119541000	0.018215276	-0.103082602
6.119542000	-0.011537885	-0.095768904
6.119543000	0.006456632	-0.098691723
6.119544000	-0.024272628	-0.097406007
6.119545000	-0.011445735	-0.098665591
6.119546000	0.019301690	-0.097982848
6.119547000	0.012385660	-0.099599021
6.119548000	0.005606218	-0.102090308
6.119549000	-0.009070159	-0.100162421
6.119550000	-0.051070403	-0.102409147
6.119551000	0.002676337	-0.099625819
6.119552000	0.015423440	-0.102338456
6.119553000	-0.021532318	-0.104652860
6.119554000	-0.006918392	-0.101760758
6.119555000	0.022030173	-0.101610664
6.119556000	-0.025618277	-0.101179657
6.119557000	-0.026735235	-0.104417378
6.119558000	-0.004105378	-0.103774316
6.119559000	-0.002261667	-0.103427123
6.119560000	-0.018199425	-0.106432492
6.119561000	-0.053702559	-0.103970075
6.119562000	-0.029148187	-0.106625330
6.119563000	-0.018030375	-0.104507451
6.119564000	-0.021968173	-0.106492888
6.119565000	-0.039615609	-0.105252654
6.119566000	-0.008552143	-0.105751439
6.119567000	-0.032612327	-0.104610890
6.119568000	-0.031689662	-0.107165261
6.119569000	-0.036617532	-0.106379670
6.119570000	-0.034601122	-0.107669256
6.119571000	-0.009875254	-0.106092531
6.119572000	-0.023844583	-0.104600645
6.119573000	-0.038865209	-0.112401177
6.119574000	-0.094594397	-0.107131039
6.119575000	-0.042303972	-0.106363866
6.119576000	-0.051969472	-0.109053833
6.119577000	-0.066298716	-0.109013794
6.119578000	-0.094911024	-0.106605365
6.119579000	-0.039038185	-0.110511448
6.119580000	-0.049184717	-0.111628578
6.119581000	-0.088334955	-0.110932685
6.119582000	-0.065349087	-0.112172811
6.119583000	-0.073521987	-0.113600132
6.119584000	-0.098850071	-0.112231401
6.119585000	-0.082835615	-0.108206732
6.119586000	-0.044123825	-0.110207049
6.119587000	-0.075671397	-0.112344810
6.119588000	-0.108718216	-0.110472732
6.119589000	-0.083006620	-0.115104427
6.119590000	-0.078320518	-0.113486157
6.119591000	-0.034877833	-0.114277399
6.119592000	-0.072038710	-0.114614031
6.119593000	-0.107447043	-0.113770450
6.119594000	-0.098022155	-0.117138433
6.119595000	-0.101677030	-0.116722281
6.119596000	-0.083866477	-0.120536560
6.119597000	-0.112022609	-0.121586994
6.119598000	-0.105547309	-0.115282152
6.119599000	-0.086474612	-0.116737386
6.119600000	-0.140649825	-0.118549451
6.119601000	-0.134124681	-0.116231843
6.119602000	-0.084122382	-0.117370444
6.119603000	-0.066529453	-0.114922217
6.119604000	-0.140996754	-0.118136053
6.119605000	-0.123199992	-0.115330688
6.119606000	-0.098338105	-0.124587178
6.119607000	-0.097727895	-0.125347619
6.119608000	-0.171209440	-0.116425572
6.119609000	-0.128743187	-0.116171032
6.119610000	-0.158681974	-0.116921236
6.119611000	-0.136643276	-0.122524418
6.119612000	-0.146078557	-0.117628080
6.119613000	-0.138459504	-0.119503728
6.119614000	-0.113937110	-0.121169918
6.119615000	-0.129587352	-0.119483546
6.119616000	-0.166151553	-0.124439348
6.119617000	-0.206175223	-0.123570666
6.119618000	-0.104099654	-0.123538841
6.119619000	-0.195806742	-0.127391087
6.119620000	-0.123091616	-0.121057400
6.119621000	-0.159716159	-0.126030145
6.119622000	-0.138875961	-0.126850008
6.119623000	-0.168908373	-0.126690193
6.119624000	-0.152141854	-0.128324692
6.119625000	-0.136016160	-0.124200063
6.119626000	-0.186156601	-0.125615167
6.119627000	-0.136287689	-0.126174480
6.119628000	-0.113018408	-0.127391861
6.119629000	-0.156167746	-0.128632279
6.119630000	-0.180901632	-0.128063827
6.119631000	-0.181210324	-0.123702418
6.119632000	-0.187412009	-0.130072300
6.119633000	-0.160544872	-0.127703934
6.119634000	-0.156967133	-0.128118413
6.119635000	-0.211287171	-0.129345182
6.119636000	-0.209391445	-0.124879910
6.119637000	-0.192665488	-0.126944800
6.119638000	-0.201885536	-0.129026368
6.119639000	-0.184118390	-0.132996517
6.119640000	-0.189981297	-0.134846574
6.119641000	-0.162839264	-0.135508020
6.119642000	-0.211656213	-0.132394867
6.119643000	-0.217030942	-0.130350592
6.119644000	-0.162735373	-0.137501213
6.119645000	-0.233110860	-0.130670088
6.119646000	-0.219209105	-0.132946674
6.119647000	-0.167840615	-0.134913286
6.119648000	-0.186110035	-0.135141103
6.119649000	-0.235649154	-0.136347323
6.119650000	-0.249493942	-0.134999922
6.119651000	-0.230406150	-0.139151290
6.119652000	-0.210897952	-0.137480007
6.119653000	-0.178149521	-0.128845764
6.119654000	-0.244017422	-0.138931796
6.119655000	-0.245398760	-0.138415043
6.119656000	-0.237422600	-0.137020071
6.119657000	-0.255008310	-0.139980291
6.119658000	-0.224073380	-0.141628738
6.119659000	-0.243258074	-0.140890593
6.119660000	-0.278682888	-0.141071688
6.119661000	-0.264591634	-0.140461091
6.119662000	-0.272975564	-0.140250985
6.119663000	-0.279892564	-0.144557100
6.119664000	-0.269268155	-0.142015362
6.119665000	-0.263098925	-0.141863445
6.119666000	-0.300077647	-0.143288486
6.119667000	-0.291862905	-0.143574593
6.119668000	-0.276438087	-0.147080495
6.119669000	-0.312608927	-0.140315699
6.119670000	-0.300202012	-0.144667288
6.119671000	-0.320482522	-0.144266466
6.119672000	-0.276616603	-0.142946037
6.119673000	-0.302784443	-0.146827145
6.119674000	-0.278773338	-0.144406431
6.119675000	-0.283571541	-0.150135274
6.119676000	-0.335070580	-0.145647331
6.119677000	-0.295778066	-0.145719087
6.119678000	-0.305344224	-0.146811166
6.119679000	-0.348298401	-0.147922137
6.119680000	-0.382716775	-0.145612594
6.119681000	-0.342455894	-0.147570333
6.119682000	-0.326714963	-0.153793591
6.119683000	-0.319973975	-0.151167382
6.119684000	-0.357894033	-0.152726646
6.119685000	-0.346241564	-0.155553841
6.119686000	-0.349774837	-0.155126470
6.119687000	-0.371148795	-0.152628791
6.119688000	-0.366480321	-0.154159626
6.119689000	-0.323411614	-0.155442105
6.119690000	-0.338580340	-0.153626794
6.119691000	-0.343593985	-0.149574745
6.119692000	-0.343141198	-0.156071260
6.119693000	-0.374200821	-0.161628561
6.119694000	-0.327651918	-0.156742493
6.119695000	-0.394138485	-0.153836335
6.119696000	-0.328389943	-0.159642825
6.119697000	-0.388048053	-0.155812484
6.119698000	-0.369043052	-0.157445068
6.119699000	-0.376938760	-0.159404805
6.119700000	-0.386608988	-0.162013804
6.119701000	-0.406283081	-0.158548116
6.119702000	-0.421599299	-0.159489943
6.119703000	-0.415676922	-0.162305021
6.119704000	-0.412787169	-0.162412846
6.119705000	-0.442118317	-0.162229604
6.119706000	-0.456698209	-0.162319968
6.119707000	-0.431127697	-0.161995994
6.119708000	-0.408410639	-0.163244518
6.119709000	-0.402815014	-0.159621570
6.119710000	-0.426244706	-0.155187823
6.119711000	-0.395760268	-0.165264708
6.119712000	-0.460297436	-0.164188459
6.119713000	-0.465619445	-0.168206836
6.119714000	-0.489416182	-0.165689832
6.119715000	-0.453931808	-0.168746592
6.119716000	-0.427951038	-0.165659456
6.119717000	-0.442278028	-0.168956482
6.119718000	-0.440373093	-0.160402126
6.119719000	-0.461614817	-0.172529579
6.119720000	-0.449372381	-0.164589431
6.119721000	-0.458810598	-0.170074061
6.119722000	-0.501705050	-0.168322766
6.119723000	-0.463638783	-0.171043435
6.119724000	-0.440121204	-0.172740102
6.119725000	-0.477093101	-0.169552181
6.119726000	-0.473222584	-0.173515648
6.119727000	-0.491639644	-0.171934163
6.119728000	-0.456391633	-0.171985129
6.119729000	-0.535469294	-0.172432091
6.119730000	-0.515893042	-0.177413250
6.119731000	-0.542540550	-0.181651854
6.119732000	-0.499837518	-0.171415412
6.119733000	-0.538003981	-0.178574222
6.119734000	-0.512689650	-0.179011264
6.119735000	-0.532343507	-0.173597740
6.119736000	-0.591863275	-0.186431263
6.119737000	-0.593513846	-0.182563405
6.119738000	-0.536424100	-0.186892057
6.119739000	-0.557881296	-0.178494927
6.119740000	-0.523550570	-0.184674109
6.119741000	-0.589038193	-0.183195006
6.119742000	-0.562927902	-0.178553483
6.119743000	-0.582510769	-0.186307909
6.119744000	-0.596454978	-0.184461439
6.119745000	-0.555028141	-0.182176913
6.119746000	-0.552916050	-0.182493313
6.119747000	-0.567875028	-0.182905271
6.119748000	-0.559544444	-0.184256176
6.119749000	-0.632991314	-0.190393681
6.119750000	-0.627610862	-0.189952561
6.119751000	-0.615944564	-0.184479299
6.119752000	-0.594238818	-0.186036450
6.119753000	-0.616430521	-0.186882819
6.119754000	-0.570568025	-0.187041144
6.119755000	-0.572850585	-0.192127149
6.119756000	-0.602788329	-0.190878160
6.119757000	-0.576469243	-0.195529287
6.119758000	-0.634347379	-0.191066412
6.119759000	-0.595378578	-0.191424407
6.119760000	-0.611349344	-0.191332112
6.119761000	-0.639839649	-0.191008338
6.119762000	-0.674709737	-0.199217050
6.119763000	-0.612276495	-0.195317100
6.119764000	-0.622492373	-0.194486160
6.119765000	-0.660647452	-0.195793506
6.119766000	-0.600434661	-0.194540272
6.119767000	-0.694900870	-0.195660881
6.119768000	-0.706299186	-0.200438109
6.119769000	-0.696695089	-0.205114936
6.119770000	-0.672094524	-0.201072224
6.119771000	-0.678831816	-0.199244896
6.119772000	-0.679500580	-0.199945125
6.119773000	-0.695480049	-0.196446846
6.119774000	-0.708531320	-0.200528823
6.119775000	-0.752192616	-0.204093797
6.119776000	-0.748811126	-0.203942280
6.119777000	-0.725841165	-0.205848104
6.119778000	-0.756412506	-0.205478458
6.119779000	-0.761458158	-0.207524115
6.119780000	-0.802319884	-0.205037355
6.119781000	-0.739761531	-0.206673751
6.119782000	-0.808418930	-0.206613630
6.119783000	-0.760056078	-0.210392040
6.119784000	-0.743126810	-0.211640330
6.119785000	-0.777836680	-0.216197897
6.119786000	-0.789048791	-0.211886473
6.119787000	-0.799639225	-0.206159628
6.119788000	-0.813582659	-0.216299963
6.119789000	-0.797325552	-0.214861556
6.119790000	-0.826204419	-0.211146413
6.119791000	-0.851421416	-0.209882327
6.119792000	-0.817269862	-0.218490313
6.119793000	-0.784194469	-0.216934711
6.119794000	-0.813985229	-0.216243055
6.119795000	-0.847365797	-0.215412132
6.119796000	-0.867772400	-0.222572806
6.119797000	-0.845288396	-0.217042685
6.119798000	-0.847500622	-0.219542611
6.119799000	-0.939346254	-0.222373918
6.119800000	-0.890889406	-0.221637038
6.119801000	-0.854639828	-0.225286617
6.119802000	-0.867831409	-0.221939723
6.119803000	-0.837929845	-0.220351447
6.119804000	-0.894923449	-0.225861144
6.119805000	-0.914357543	-0.225956652
6.119806000	-0.906400144	-0.228983983
6.119807000	-0.889014840	-0.227800475
6.119808000	-0.917442262	-0.229984466
6.119809000	-0.919871271	-0.228076029
6.119810000	-0.974671483	-0.227952175
6.119811000	-0.925359130	-0.225026110
6.119812000	-0.951002061	-0.233556897
6.119813000	-0.981267154	-0.231505265
6.119814000	-0.959159315	-0.231539919
6.119815000	-0.943421423	-0.233561541
6.119816000	-0.989857018	-0.234906604
6.119817000	-0.942228377	-0.236710030
6.119818000	-1.006895423	-0.231692984
6.119819000	-0.996011972	-0.232293976
6.119820000	-1.029679418	-0.239110703
6.119821000	-1.006133914	-0.240662511
6.119822000	-0.986571014	-0.238413671
6.119823000	-0.998129666	-0.238708966
6.119824000	-1.023994803	-0.236077712
6.119825000	-1.114577174	-0.239066046
6.119826000	-1.013581872	-0.244189967
6.119827000	-1.049652219	-0.243736664
6.119828000	-1.096943974	-0.238324705
6.119829000	-1.052632093	-0.245620934
6.119830000	-1.095562458	-0.245989299
6.119831000	-1.091877103	-0.245304817
6.119832000	-1.087828398	-0.252734969
6.119833000	-1.084117770	-0.249486262
6.119834000	-1.117709279	-0.248687114
6.119835000	-1.122562885	-0.248367768
6.119836000	-1.121529937	-0.250343900
6.119837000	-1.139119625	-0.251485298
6.119838000	-1.158460259	-0.251389008
6.119839000	-1.199639320	-0.258113573
6.119840000	-1.145181060	-0.254583070
6.119841000	-1.154873610	-0.262769910
6.119842000	-1.176933765	-0.255222828
6.119843000	-1.182791948	-0.253394302
6.119844000	-1.214241982	-0.257831095
6.119845000	-1.208039880	-0.260539080
6.119846000	-1.232894421	-0.255039852
6.119847000	-1.212215662	-0.260280104
6.119848000	-1.214347959	-0.266475266
6.119849000	-1.217843413	-0.265752817
6.119850000	-1.224092007	-0.262634339
6.119851000	-1.265397072	-0.269379177
6.119852000	-1.268792272	-0.265815501
6.119853000	-1.270325541	-0.270277561
6.119854000	-1.333411217	-0.265395254
6.119855000	-1.267088890	-0.269805466
6.119856000	-1.283800483	-0.272025860
6.119857000	-1.320680737	-0.263850222
6.119858000	-1.273939252	-0.272157137
6.119859000	-1.257818222	-0.275925527
6.119860000	-1.374792099	-0.279141693
6.119861000	-1.363222122	-0.279838909
6.119862000	-1.389857292	-0.280908933
6.119863000	-1.376796365	-0.283171821
6.119864000	-1.400061488	-0.276473489
6.119865000	-1.346195579	-0.287759349
6.119866000	-1.397487879	-0.284527537
6.119867000	-1.390793562	-0.282794918
6.119868000	-1.392530322	-0.281607581
6.119869000	-1.474508166	-0.292072106
6.119870000	-1.490810037	-0.295840612
6.119871000	-1.509709597	-0.296329069
6.119872000	-1.533390284	-0.291118827
6.119873000	-1.544141769	-0.291862482
6.119874000	-1.560270429	-0.299940216
6.119875000	-1.556888461	-0.293897170
6.119876000	-1.508333802	-0.291057009
6.119877000	-1.529957175	-0.293777927
6.119878000	-1.582992077	-0.297321230
6.119879000	-1.565699100	-0.301506620
6.119880000	-1.551376581	-0.296018211
6.119881000	-1.568066120	-0.299874069
6.119882000	-1.600133657	-0.300737599
6.119883000	-1.595655560	-0.306764066
6.119884000	-1.710487843	-0.307623635
6.119885000	-1.657947183	-0.303879763
6.119886000	-1.661522985	-0.314456940
6.119887000	-1.703455687	-0.310235064
6.119888000	-1.728560090	-0.304377275
6.119889000	-1.758627176	-0.309259881
6.119890000	-1.753793001	-0.319317942
6.119891000	-1.740251780	-0.312578446
6.119892000	-1.782417417	-0.318765402
6.119893000	-1.760253429	-0.318281373
6.119894000	-1.836836338	-0.325034417
6.119895000	-1.802273870	-0.320629781
6.119896000	-1.828549027	-0.324885446
6.119897000	-1.756996751	-0.326615336
6.119898000	-1.826421022	-0.323491514
6.119899000	-1.825043082	-0.318646958
6.119900000	-1.841184855	-0.329870950
6.119901000	-1.827066779	-0.325947848
6.119902000	-1.829230666	-0.328591901
6.119903000	-1.827750921	-0.327860697
6.119904000	-1.852254033	-0.333115380
6.119905000	-1.863934278	-0.329755402
6.119906000	-1.952138066	-0.337810266
6.119907000	-1.940044880	-0.337472544
6.119908000	-1.939372540	-0.341636363
6.119909000	-1.981392264	-0.341294014
6.119910000	-2.027367115	-0.342223990
6.119911000	-2.052780628	-0.349385996
6.119912000	-2.009061813	-0.345921256
6.119913000	-2.004963398	-0.343897187
6.119914000	-2.089546680	-0.349368086
6.119915000	-2.099968910	-0.354822772
6.119916000	-2.103250742	-0.350049655
6.119917000	-2.121263742	-0.354375594
6.119918000	-2.112775803	-0.353781510
6.119919000	-2.145417929	-0.350883891
6.119920000	-2.222552538	-0.352719141
6.119921000	-2.218834877	-0.359415360
6.119922000	-2.177877188	-0.355489462
6.119923000	-2.245220184	-0.362044400
6.119924000	-2.226402521	-0.364568377
6.119925000	-2.289682865	-0.360566945
6.119926000	-2.276250124	-0.362934828
6.119927000	-2.221529961	-0.374826241
6.119928000	-2.245770931	-0.369253211
6.119929000	-2.329250574	-0.369191758
6.119930000	-2.371691942	-0.375802989
6.119931000	-2.430740356	-0.379555217
6.119932000	-2.355005026	-0.373805918
6.119933000	-2.406664848	-0.373094821
6.119934000	-2.465172052	-0.383852493
6.119935000	-2.465907812	-0.374154060
6.119936000	-2.465846062	-0.379171222
6.119937000	-2.549448490	-0.383623262
6.119938000	-2.520889997	-0.390499610
6.119939000	-2.518749714	-0.394427773
6.119940000	-2.592327833	-0.393669970
6.119941000	-2.542211294	-0.392526010
6.119942000	-2.662301064	-0.392977815
6.119943000	-2.615544319	-0.395030513
6.119944000	-2.706683874	-0.407638017
6.119945000	-2.718677521	-0.403933793
6.119946000	-2.802109718	-0.407350296
6.119947000	-2.760429621	-0.405334849
6.119948000	-2.765506983	-0.407703365
6.119949000	-2.814760685	-0.408063890
6.119950000	-2.810125351	-0.411505959
6.119951000	-2.815710306	-0.413909762
6.119952000	-2.870104790	-0.414271652
6.119953000	-2.956897974	-0.418803886
6.119954000	-2.930656672	-0.416865271
6.119955000	-2.961963654	-0.424329479
6.119956000	-3.072239637	-0.426102645
6.119957000	-3.174133778	-0.430840708
6.119958000	-3.104101419	-0.430903060
6.119959000	-3.194963694	-0.435310158
6.119960000	-3.181791067	-0.431190148
6.119961000	-3.221688032	-0.435926214
6.119962000	-3.307509661	-0.436513774
6.119963000	-3.346442938	-0.433170109
6.119964000	-3.247791529	-0.439124637
6.119965000	-3.284211874	-0.434958089
6.119966000	-3.336258888	-0.446596535
6.119967000	-3.335252285	-0.445768026
6.119968000	-3.438836575	-0.443371680
6.119969000	-3.451208115	-0.453534869
6.119970000	-3.388740778	-0.453813535
6.119971000	-3.509984016	-0.453304339
6.119972000	-3.491677284	-0.448830927
6.119973000	-3.520921946	-0.458802768
6.119974000	-3.464856148	-0.463222916
6.119975000	-3.602083683	-0.463436236
6.119976000	-3.713232517	-0.467702753
6.119977000	-3.669405699	-0.462560455
6.119978000	-3.636954784	-0.470175931
6.119979000	-3.829054594	-0.474542050
6.119980000	-3.829075336	-0.472408958
6.119981000	-3.999827385	-0.482954477
6.119982000	-4.006667137	-0.479123353
6.119983000	-3.952998638	-0.482802810
6.119984000	-4.089164734	-0.494047608
6.119985000	-4.076207638	-0.492527908
6.119986000	-4.108648777	-0.501866715
6.119987000	-4.135743141	-0.494984641
6.119988000	-4.131483078	-0.496500845
6.119989000	-4.329158306	-0.500131033
6.119990000	-4.252707958	-0.501191138
6.119991000	-4.333034515	-0.502297648
6.119992000	-4.340620041	-0.506286997
6.119993000	-4.506608486	-0.510155638
6.119994000	-4.492941856	-0.520590602
6.119995000	-4.541433334	-0.515672443
6.119996000	-4.692613125	-0.525383127
6.119997000	-4.754926682	-0.522552852
6.119998000	-4.708990574	-0.527042043
6.119999000	-4.648311138	-0.530964846
6.120000000	-4.735792160	-0.527843788
6.120001000	-4.721116543	-0.530730122
6.120002000	-4.957134247	-0.527048235
6.120003000	-5.027200699	-0.542472898
6.120004000	-4.967405319	-0.539832607
6.120005000	-5.025836945	-0.548344369
6.120006000	-5.232800007	-0.546543540
6.120007000	-5.214116573	-0.544415008
6.120008000	-5.205251694	-0.553675352
6.120009000	-5.375250340	-0.558550834
6.120010000	-5.414776325	-0.557009630
6.120011000	-5.464853764	-0.561158934
6.120012000	-5.521981716	-0.568305194
6.120013000	-5.568057060	-0.569377583
6.120014000	-5.679424763	-0.571220956
6.120015000	-5.710180283	-0.582134590
6.120016000	-5.868221760	-0.574789392
6.120017000	-5.864480972	-0.570600240
6.120018000	-6.054451466	-0.574971553
6.120019000	-6.085088730	-0.579490937
6.120020000	-6.105753899	-0.587611647
6.120021000	-6.258799076	-0.589870541
6.120022000	-6.502922058	-0.593804762
6.120023000	-6.681715012	-0.599414578
6.120024000	-6.718810081	-0.611666450
6.120025000	-6.719251156	-0.619875112
6.120026000	-6.770488739	-0.605703766
6.120027000	-6.796634674	-0.604548287
6.120028000	-7.002040863	-0.606699522
6.120029000	-6.865038872	-0.604962275
6.120030000	-7.293181419	-0.619971784
6.120031000	-7.293357849	-0.626092461
6.120032000	-7.250113964	-0.615299801
6.120033000	-7.384461880	-0.623006989
6.120034000	-7.589470863	-0.624668535
6.120035000	-7.573624134	-0.632600295
6.120036000	-7.850758553	-0.625560894
6.120037000	-7.857864857	-0.632405551
6.120038000	-7.880353451	-0.638177886
6.120039000	-8.256325722	-0.638251256
6.120040000	-8.320485115	-0.648214075
6.120041000	-8.231973648	-0.647366191
6.120042000	-8.626507759	-0.648435450
6.120043000	-8.810764313	-0.643223578
6.120044000	-8.904717445	-0.665502318
6.120045000	-9.169621468	-0.651824523
6.120046000	-9.475261688	-0.667361538
6.120047000	-9.332878113	-0.645863702
6.120048000	-9.518543243	-0.662381227
6.120049000	-9.725510597	-0.648802367
6.120050000	-10.201574326	-0.651682177
6.120051000	-10.172415733	-0.669736944
6.120052000	-10.350752831	-0.667702489
6.120053000	-10.624878883	-0.675644168
6.120054000	-10.849966049	-0.672978344
6.120055000	-10.886819839	-0.671305812
6.120056000	-11.424031258	-0.676355898
6.120057000	-11.274035454	-0.688432734
6.120058000	-11.559298515	-0.652533722
6.120059000	-11.780652046	-0.660790720
6.120060000	-12.066185951	-0.672999050
6.120061000	-12.432668686	-0.643661002
6.120062000	-12.492458344	-0.659488301
6.120063000	-13.077716827	-0.666612191
6.120064000	-13.451981544	-0.639830910
6.120065000	-13.428330421	-0.620813943
6.120066000	-13.715433121	-0.645884741
6.120067000	-14.400690079	-0.637687132
6.120068000	-14.617874146	-0.599180486
6.120069000	-15.277192116	-0.604653881
6.120070000	-15.287429810	-0.597959160
6.120071000	-15.525229454	-0.604404543
6.120072000	-16.223541260	-0.533269413
6.120073000	-17.112125397	-0.521435323
6.120074000	-16.897192001	-0.542496933
6.120075000	-17.126792908	-0.504420354
6.120076000	-17.984727859	-0.467394725
6.120077000	-18.610773087	-0.443599747
6.120078000	-19.818523407	-0.360738086
6.120079000	-19.667974472	-0.345229467
6.120080000	-20.583990097	-0.281831819
6.120081000	-20.709796906	-0.283845834
6.120082000	-21.638217926	-0.176513984
6.120083000	-22.287210464	-0.043184863
6.120084000	-22.622423172	0.098352503
6.120085000	-23.162036896	0.089426170
6.120086000	-23.696804047	0.200893493
6.120087000	-23.258049011	0.202622217
6.120088000	-23.114761353	0.623082556
6.120089000	-22.951848984	0.619379564
6.120090000	-22.999202728	0.718067925
6.120091000	-21.618497849	1.093622241
6.120092000	-21.743721008	1.069626960
6.120093000	-22.175737381	0.961744502
6.120094000	-20.217147827	1.180592627
6.120095000	-19.564226151	1.286917336
6.120096000	-18.982393265	1.330297301
6.120097000	-18.264038086	1.335082735
6.120098000	-17.474584579	1.384608210
6.120099000	-16.897794724	1.446378634
6.120100000	-16.960676193	1.424115140
6.120101000	-16.037435532	1.449215034
6.120102000	-15.950075150	1.474557674
6.120103000	-15.491788864	1.475472337
6.120104000	-15.510746002	1.493462390
6.120105000	-14.346368790	1.493059320
6.120106000	-13.704526901	1.537349154
6.120107000	-13.260931969	1.539683415
6.120108000	-13.331750870	1.542853509
6.120109000	-12.490781784	1.526855767
6.120110000	-11.979936600	1.530744381
6.120111000	-11.695012093	1.536143674
6.120112000	-11.679231644	1.544210123
6.120113000	-10.989509583	1.538041043
6.120114000	-10.751393318	1.552804144
6.120115000	-10.504220009	1.555291403
6.120116000	-10.328017235	1.531452782
6.120117000	-10.074028015	1.552656738
6.120118000	-9.656539917	1.541958287
6.120119000	-9.155393600	1.535307841
6.120120000	-8.931080818	1.518351894
6.120121000	-8.800209045	1.527009431
6.120122000	-8.733497620	1.508280218
6.120123000	-8.163708687	1.512601330
6.120124000	-7.819514751	1.509685968
6.120125000	-7.781685352	1.499367950
6.120126000	-7.417683601	1.496497594
6.120127000	-7.249357224	1.491801243
6.120128000	-7.162015915	1.491365949
6.120129000	-7.086331367	1.496365502
6.120130000	-6.688971043	1.483153826
6.120131000	-6.552792549	1.472478545
6.120132000	-6.312368870	1.468960775
6.120133000	-6.267965317	1.456999587
6.120134000	-6.134369850	1.453814845
6.120135000	-5.903589249	1.442917190
6.120136000	-5.821835041	1.449618502
6.120137000	-5.494602203	1.428304026
6.120138000	-5.352840424	1.422575167
6.120139000	-5.199699879	1.422427228
6.120140000	-5.293522835	1.423496088
6.120141000	-5.090819359	1.415931246
6.120142000	-4.972692013	1.416437779
6.120143000	-4.884711266	1.402329150
6.120144000	-4.589973450	1.397627206
6.120145000	-4.375761509	1.389854105
6.120146000	-4.347405910	1.374243320
6.120147000	-4.264473438	1.377693312
6.120148000	-4.309098244	1.376284367
6.120149000	-3.941401005	1.358031727
6.120150000	-3.862499237	1.361356284
6.120151000	-3.783768654	1.348023035
6.120152000	-3.637278080	1.336471973
6.120153000	-3.493383884	1.329343090
6.120154000	-3.363814354	1.321372915
6.120155000	-3.222213268	1.307706504
6.120156000	-3.254615068	1.309857406
6.120157000	-3.110227585	1.306204748
6.120158000	-3.046586275	1.291769616
6.120159000	-2.857079983	1.288282339
6.120160000	-2.780785084	1.283550834
6.120161000	-2.859832048	1.289393543
6.120162000	-2.670421362	1.269114504
6.120163000	-2.576268196	1.261359246
6.120164000	-2.552168608	1.260607701
6.120165000	-2.337059021	1.244042573
6.120166000	-2.235172510	1.228694509
6.120167000	-2.248829126	1.241296455
6.120168000	-2.159918070	1.227158398
6.120169000	-2.110963583	1.224266338
6.120170000	-1.977850199	1.207804541
6.120171000	-1.913501978	1.202059969
6.120172000	-1.947216153	1.205638725
6.120173000	-1.873408079	1.202542933
6.120174000	-1.733842850	1.191381359
6.120175000	-1.766430140	1.185376596
6.120176000	-1.626416445	1.173364408
6.120177000	-1.642810822	1.177053952
6.120178000	-1.459303379	1.161744637
6.120179000	-1.453599691	1.158452704
6.120180000	-1.387088537	1.144924644
6.120181000	-1.236811399	1.142795181
6.120182000	-1.266365528	1.135810508
6.120183000	-1.202312946	1.134739118
6.120184000	-1.103359342	1.118368933
6.120185000	-1.062458515	1.114697100
6.120186000	-0.985797763	1.101173635
6.120187000	-0.946964145	1.103540053
6.120188000	-0.892522275	1.092400117
6.120189000	-0.785595894	1.083485518
6.120190000	-0.738364041	1.074030031
6.120191000	-0.645390749	1.066403736
6.120192000	-0.577678382	1.064053430
6.120193000	-0.596272588	1.055919670
6.120194000	-0.572499096	1.054817188
6.120195000	-0.546395540	1.051270124
6.120196000	-0.587168932	1.059456015
6.120197000	-0.374172300	1.035810474
6.120198000	-0.355855793	1.026844609
6.120199000	-0.389547765	1.019040348
6.120200000	-0.374934644	1.032433386
6.120201000	-0.267680317	1.019778510
6.120202000	-0.244891495	1.009022469
6.120203000	-0.226551175	1.008223520
6.120204000	-0.199579075	0.995823909
6.120205000	-0.110758103	0.984039687
6.120206000	-0.050625365	0.979406719
6.120207000	-0.046553858	0.975688014
6.120208000	-0.024157058	0.973844907
6.120209000	-0.007163831	0.968380433
6.120210000	0.025706500	0.962129195
6.120211000	0.043364458	0.955400186
6.120212000	0.097489588	0.953421457
6.120213000	0.127105772	0.945848026
6.120214000	0.190511391	0.942199030
6.120215000	0.153751686	0.942484387
6.120216000	0.140094042	0.941711938
6.120217000	0.257848859	0.931109627
6.120218000	0.231174409	0.924345997
6.120219000	0.223268628	0.921359994
6.120220000	0.292547137	0.918005876
6.120221000	0.330174357	0.911940193
6.120222000	0.342174649	0.907683130
6.120223000	0.370306820	0.901232488
6.120224000	0.416016340	0.895784060
6.120225000	0.445335686	0.893754199
6.120226000	0.482697189	0.885396866
6.120227000	0.450133473	0.891062542
6.120228000	0.500228703	0.876504838
6.120229000	0.507790208	0.876292850
6.120230000	0.479363114	0.876063086
6.120231000	0.540618896	0.862915792
6.120232000	0.587539792	0.864493049
6.120233000	0.606893420	0.852775740
6.120234000	0.605268836	0.854048531
6.120235000	0.640023589	0.850083150
6.120236000	0.701944768	0.833002701
6.120237000	0.729284465	0.822560979
6.120238000	0.749047160	0.822817907
6.120239000	0.763208866	0.817331396
6.120240000	0.755402863	0.822045391
6.120241000	0.796012402	0.815374105
6.120242000	0.809399366	0.808877923
6.120243000	0.773311973	0.809517148
6.120244000	0.845227659	0.796937973
6.120245000	0.831706464	0.799694678
6.120246000	0.824093223	0.791192869
6.120247000	0.851674497	0.792002004
6.120248000	0.855217516	0.786435531
6.120249000	0.913008869	0.778592522
6.120250000	0.920615852	0.774870222
6.120251000	0.901815295	0.772737429
6.120252000	0.916368961	0.771155977
6.120253000	0.923317194	0.765548625
6.120254000	0.957247972	0.756994352
6.120255000	0.994237304	0.754650437
6.120256000	0.956367493	0.755825024
6.120257000	1.011879921	0.754647175
6.120258000	1.013501525	0.751117887
6.120259000	1.043795586	0.740706792
6.120260000	1.002894640	0.740286478
6.120261000	1.025503278	0.735268683
6.120262000	1.085785627	0.733277105
6.120263000	1.036190271	0.733710268
6.120264000	1.087282419	0.724137469
6.120265000	1.082606435	0.728214369
6.120266000	1.090615988	0.726870738
6.120267000	1.111241460	0.717858268
6.120268000	1.104327917	0.714106207
6.120269000	1.097687721	0.711726273
6.120270000	1.081790328	0.712673492
6.120271000	1.095614791	0.703364147
6.120272000	1.134114504	0.702902022
6.120273000	1.122538567	0.696463297
6.120274000	1.159631729	0.693442207
6.120275000	1.179150224	0.695548634
6.120276000	1.195880532	0.688216486
6.120277000	1.219816804	0.685685883
6.120278000	1.168024421	0.684268349
6.120279000	1.181892514	0.679858155
6.120280000	1.197627187	0.675851362
6.120281000	1.198556542	0.675532316
6.120282000	1.179855943	0.671456214
6.120283000	1.239316344	0.662311185
6.120284000	1.230216861	0.663069587
6.120285000	1.240362048	0.658649872
6.120286000	1.273817897	0.657333604
6.120287000	1.240276933	0.655485903
6.120288000	1.268414140	0.656061545
6.120289000	1.248110652	0.653032799
6.120290000	1.259642601	0.646836555
6.120291000	1.286599636	0.643931113
6.120292000	1.271846294	0.643541226
6.120293000	1.281629920	0.639033959
6.120294000	1.268469095	0.637557636
6.120295000	1.286815286	0.630470298
6.120296000	1.301518440	0.628377320
6.120297000	1.269899845	0.625262953
6.120298000	1.288730145	0.622846001
6.120299000	1.328263879	0.617858899
6.120300000	1.316406369	0.615423438
6.120301000	1.325401306	0.616094621
6.120302000	1.340654850	0.606808844
6.120303000	1.354696631	0.607922978
6.120304000	1.356032133	0.604198148
6.120305000	1.354535341	0.605235049
6.120306000	1.367972612	0.596612266
6.120307000	1.368940234	0.600795227
6.120308000	1.357619047	0.599748471
6.120309000	1.345344067	0.588244548
6.120310000	1.371278167	0.585655289
6.120311000	1.363858938	0.593464144
6.120312000	1.347965837	0.590667492
6.120313000	1.397726417	0.586076601
6.120314000	1.376724839	0.582055761
6.120315000	1.390299082	0.582396312
6.120316000	1.411785960	0.583540939
6.120317000	1.367559910	0.580392816
6.120318000	1.382497191	0.570857302
6.120319000	1.379022956	0.572960600
6.120320000	1.401319385	0.569509209
6.120321000	1.422348499	0.571250784
6.120322000	1.391168833	0.562378529
6.120323000	1.441573262	0.563658910
6.120324000	1.388061166	0.559023479
6.120325000	1.392660975	0.557016088
6.120326000	1.395992517	0.555350979
6.120327000	1.404969454	0.554572404
6.120328000	1.425918221	0.551837704
6.120329000	1.417004466	0.550411781
6.120330000	1.444287777	0.547111026
6.120331000	1.434534907	0.545083994
6.120332000	1.423735976	0.541148608
6.120333000	1.424638987	0.540134210
6.120334000	1.463451505	0.537009722
6.120335000	1.439131618	0.537841627
6.120336000	1.424298525	0.535816027
6.120337000	1.443019390	0.527971620
6.120338000	1.438845873	0.527759865
6.120339000	1.408526421	0.525949481
6.120340000	1.462682247	0.528496395
6.120341000	1.453982830	0.522231342
6.120342000	1.458500862	0.522543065
6.120343000	1.462761760	0.516117224
6.120344000	1.450170279	0.516075079
6.120345000	1.460693955	0.519858499
6.120346000	1.460818172	0.513864589
6.120347000	1.458249569	0.508190991
6.120348000	1.474793792	0.510015555
6.120349000	1.467193484	0.509664351
6.120350000	1.482357383	0.509001157
6.120351000	1.464003921	0.503857129
6.120352000	1.496084571	0.501904965
6.120353000	1.484137058	0.500465693
6.120354000	1.472134352	0.499613415
6.120355000	1.497811317	0.498034160
6.120356000	1.480222702	0.496837735
6.120357000	1.427804351	0.493798869
6.120358000	1.451760411	0.490850849
6.120359000	1.471069813	0.495315272
6.120360000	1.492531776	0.489457683
6.120361000	1.495212913	0.487164102
6.120362000	1.481281519	0.485112136
6.120363000	1.471176982	0.482961068
6.120364000	1.480787158	0.475758915
6.120365000	1.460157633	0.476429066
6.120366000	1.453157306	0.473452384
6.120367000	1.461739421	0.471174716
6.120368000	1.500029683	0.474664888
6.120369000	1.492960572	0.474880505
6.120370000	1.490538955	0.471149915
6.120371000	1.484888554	0.472407060
6.120372000	1.497287750	0.467204642
6.120373000	1.497512221	0.468138080
6.120374000	1.450825572	0.466985763
6.120375000	1.473953366	0.461581311
6.120376000	1.478968263	0.463391028
6.120377000	1.476503611	0.459568160
6.120378000	1.505407333	0.459936642
6.120379000	1.511008263	0.460583091
6.120380000	1.489257216	0.458436217
6.120381000	1.469687104	0.456731761
6.120382000	1.486373663	0.455534071
6.120383000	1.476486444	0.455079003
6.120384000	1.491917133	0.454337080
6.120385000	1.474006295	0.455082964
6.120386000	1.473999858	0.449049074
6.120387000	1.495462656	0.450241837
6.120388000	1.491597414	0.445115252
6.120389000	1.495375037	0.443273077
6.120390000	1.494528890	0.439397345
6.120391000	1.470125794	0.439231164
6.120392000	1.465221763	0.437237754
6.120393000	1.504610896	0.435777909
6.120394000	1.481650472	0.434959587
6.120395000	1.503228426	0.433030093
6.120396000	1.493390560	0.431205628
6.120397000	1.481636286	0.427475938
6.120398000	1.481262922	0.432550258
6.120399000	1.505796671	0.428378849
6.120400000	1.501447320	0.429746848
6.120401000	1.469948292	0.424086865
6.120402000	1.471400619	0.422599756
6.120403000	1.474853635	0.424404647
6.120404000	1.475137711	0.421061581
6.120405000	1.476281047	0.422869368
6.120406000	1.469171643	0.420160367
6.120407000	1.467477679	0.425580233
6.120408000	1.496555686	0.416508108
6.120409000	1.470829248	0.418482476
6.120410000	1.481263280	0.415780532
6.120411000	1.460690618	0.414118786
6.120412000	1.483392000	0.413182985
6.120413000	1.466539383	0.412728616
6.120414000	1.488270044	0.409550300
6.120415000	1.514656663	0.408255604
6.120416000	1.483393669	0.405390709
6.120417000	1.480128646	0.405459119
6.120418000	1.492642879	0.404362496
6.120419000	1.497260213	0.404498350
6.120420000	1.488785028	0.404535901
6.120421000	1.470614672	0.405886623
6.120422000	1.462853193	0.405259681
6.120423000	1.483763695	0.404093217
6.120424000	1.485085845	0.401648302
6.120425000	1.488839269	0.399064936
6.120426000	1.453944445	0.394086156
6.120427000	1.470326781	0.395506553
6.120428000	1.530287743	0.394655773
6.120429000	1.472942352	0.394122907
6.120430000	1.503692269	0.395017430
6.120431000	1.473090410	0.394052800
6.120432000	1.499496460	0.390760766
6.120433000	1.487618327	0.389763013
6.120434000	1.473931670	0.386406997
6.120435000	1.464460850	0.385244295
6.120436000	1.483065844	0.385731320
6.120437000	1.435622454	0.386054328
6.120438000	1.464673758	0.380005158
6.120439000	1.480464339	0.383702324
6.120440000	1.448098421	0.379294826
6.120441000	1.472794175	0.381005341
6.120442000	1.451283574	0.380937797
6.120443000	1.470111966	0.385121157
6.120444000	1.462231398	0.376721047
6.120445000	1.467643261	0.376346207
6.120446000	1.469423175	0.374227929
6.120447000	1.454801440	0.374672644
6.120448000	1.453891516	0.374994387
6.120449000	1.451928377	0.371310436
6.120450000	1.478146434	0.370752271
6.120451000	1.484499574	0.371013494
6.120452000	1.479657888	0.372666651
6.120453000	1.513151526	0.370950676
6.120454000	1.487546921	0.364805898
6.120455000	1.453879833	0.367159134
6.120456000	1.454600692	0.366486153
6.120457000	1.434407473	0.364687021
6.120458000	1.455058932	0.366558891
6.120459000	1.439929008	0.364721376
6.120460000	1.483848810	0.364016138
6.120461000	1.449503779	0.363887507
6.120462000	1.455014944	0.359285898
6.120463000	1.422134280	0.362587152
6.120464000	1.481540561	0.356543441
6.120465000	1.465286255	0.355326975
6.120466000	1.456753850	0.357008961
6.120467000	1.464021802	0.354905464
6.120468000	1.422674417	0.355645989
6.120469000	1.448709130	0.355076905
6.120470000	1.459808350	0.350132713
6.120471000	1.472867608	0.354189073
6.120472000	1.457787633	0.348678161
6.120473000	1.469898582	0.351983943
6.120474000	1.447953582	0.348653327
6.120475000	1.476378798	0.354173694
6.120476000	1.461964011	0.350387744
6.120477000	1.457847118	0.349586765
6.120478000	1.421877265	0.349787001
6.120479000	1.439225912	0.343439190
6.120480000	1.454584479	0.344699465
6.120481000	1.456114292	0.347793292
6.120482000	1.439833879	0.345084924
6.120483000	1.451425195	0.346047723
6.120484000	1.396807432	0.339334493
6.120485000	1.444443226	0.342655289
6.120486000	1.484668732	0.340576725
6.120487000	1.438154340	0.342884021
6.120488000	1.412498593	0.337021904
6.120489000	1.447321415	0.337623978
6.120490000	1.446726441	0.337415386
6.120491000	1.429658651	0.332323888
6.120492000	1.434062600	0.332127147
6.120493000	1.435834289	0.331985167
6.120494000	1.433879018	0.334846767
6.120495000	1.398522973	0.331988563
6.120496000	1.438255668	0.332917673
6.120497000	1.424956441	0.327227463
6.120498000	1.427270889	0.332893738
6.120499000	1.430867434	0.331823980
6.120500000	1.454965115	0.329812194
6.120501000	1.430564284	0.331282492
6.120502000	1.389768362	0.326352515
6.120503000	1.401106477	0.328213432
6.120504000	1.433485150	0.327342445
6.120505000	1.435116172	0.326634677
6.120506000	1.428910851	0.324979622
6.120507000	1.431408763	0.323965291
6.120508000	1.431088924	0.328300717
6.120509000	1.432322741	0.321739055
6.120510000	1.429131985	0.324115959
6.120511000	1.435597897	0.319371837
6.120512000	1.433249950	0.321339214
6.120513000	1.428879023	0.316924492
6.120514000	1.451386213	0.316026408
6.120515000	1.412078619	0.316001607
6.120516000	1.403252363	0.314337597
6.120517000	1.422766209	0.318284768
6.120518000	1.436900854	0.315159615
6.120519000	1.412045836	0.315798275
6.120520000	1.410854101	0.316843332
6.120521000	1.385845542	0.315529961
6.120522000	1.398509383	0.310035826
6.120523000	1.444842815	0.315142072
6.120524000	1.381154060	0.310324680
6.120525000	1.443320394	0.311622305
6.120526000	1.403602242	0.313687387
6.120527000	1.426581979	0.312370320
6.120528000	1.384020448	0.309879965
6.120529000	1.388750196	0.306754013
6.120530000	1.401803613	0.309483653
6.120531000	1.414970517	0.307861688
6.120532000	1.422313213	0.305373497
6.120533000	1.398837924	0.306600848
6.120534000	1.443780899	0.306053269
6.120535000	1.413071156	0.303816513
6.120536000	1.361993670	0.298637397
6.120537000	1.401428223	0.303172727
6.120538000	1.403835535	0.306988072
6.120539000	1.352838635	0.302351508
6.120540000	1.392220974	0.302087023
6.120541000	1.385621786	0.301659452
6.120542000	1.442069888	0.305018265
6.120543000	1.375734806	0.299957127
6.120544000	1.394281864	0.301191235
6.120545000	1.411173224	0.299913251
6.120546000	1.381386876	0.296031893
6.120547000	1.406742930	0.295678192
6.120548000	1.376612663	0.297823269
6.120549000	1.389249802	0.296748184
6.120550000	1.405906439	0.297504555
6.120551000	1.391865492	0.293458880
6.120552000	1.414431572	0.292686996
6.120553000	1.375005484	0.295812582
6.120554000	1.371357799	0.297483083
6.120555000	1.384842873	0.294521448
6.120556000	1.421395421	0.292417618
6.120557000	1.400720954	0.292642122
6.120558000	1.376610279	0.289511942
6.120559000	1.412159085	0.293860885
6.120560000	1.386801958	0.291761148
6.120561000	1.394286156	0.290229731
6.120562000	1.374727011	0.283793037
6.120563000	1.360524416	0.285381912
6.120564000	1.368315697	0.289949467
6.120565000	1.351490974	0.290275604
6.120566000	1.355364561	0.286111385
6.120567000	1.404167652	0.285497893
6.120568000	1.381970286	0.285520929
6.120569000	1.388556242	0.287034637
6.120570000	1.355251789	0.285151382
6.120571000	1.396968484	0.283044323
6.120572000	1.387867808	0.281741171
6.120573000	1.334269285	0.285250519
6.120574000	1.379938245	0.285785215
6.120575000	1.328521490	0.285058771
6.120576000	1.349260211	0.279487238
6.120577000	1.376935005	0.282023866
6.120578000	1.354921222	0.283294227
6.120579000	1.348609924	0.280777040
6.120580000	1.354364753	0.273897147
6.120581000	1.377021432	0.278721280
6.120582000	1.390697002	0.279072501
6.120583000	1.318668365	0.275466298
6.120584000	1.369777203	0.281345459
6.120585000	1.382164001	0.277942272
6.120586000	1.346816421	0.277208055
6.120587000	1.344470263	0.276367811
6.120588000	1.372430205	0.274902190
6.120589000	1.366726398	0.274426317
6.120590000	1.376796007	0.275655965
6.120591000	1.355455637	0.269616215
6.120592000	1.319096446	0.273736159
6.120593000	1.351071835	0.271232304
6.120594000	1.338873982	0.271592330
6.120595000	1.334191322	0.272064326
6.120596000	1.360911489	0.269514183
6.120597000	1.364848971	0.269094951
6.120598000	1.332729101	0.270882631
6.120599000	1.360547900	0.271441013
6.120600000	1.326770067	0.267782212
6.120601000	1.357402444	0.267347401
6.120602000	1.341952205	0.269920648
6.120603000	1.346925378	0.269490364
6.120604000	1.350828171	0.265677599
6.120605000	1.351833463	0.267090956
6.120606000	1.349988461	0.266481308
6.120607000	1.346670985	0.264217288
6.120608000	1.354177237	0.266825821
6.120609000	1.343753815	0.270438050
6.120610000	1.345266700	0.264236213
6.120611000	1.324773431	0.259182033
6.120612000	1.340610266	0.262321800
6.120613000	1.319392681	0.264031050
6.120614000	1.323599219	0.265232236
6.120615000	1.300565958	0.260068000
6.120616000	1.318567038	0.262302692
6.120617000	1.321564555	0.259779996
6.120618000	1.361018300	0.260035793
6.120619000	1.328046322	0.261225310
6.120620000	1.348640203	0.261162110
6.120621000	1.346122742	0.260254688
6.120622000	1.316587090	0.259364992
6.120623000	1.353234649	0.253640178
6.120624000	1.323224425	0.257529225
6.120625000	1.380190969	0.259382602
6.120626000	1.315404296	0.254719074
6.120627000	1.353352666	0.254418736
6.120628000	1.321775913	0.252039518
6.120629000	1.333852887	0.252994961
6.120630000	1.320263863	0.255019196
6.120631000	1.331518769	0.257917381
6.120632000	1.328691363	0.257088955
6.120633000	1.330977678	0.251897122
6.120634000	1.308906198	0.254944960
6.120635000	1.331900358	0.250872621
6.120636000	1.341324568	0.251004015
6.120637000	1.309030652	0.251739114
6.120638000	1.305042148	0.250344882
6.120639000	1.302868247	0.249397796
6.120640000	1.314185858	0.250718441
6.120641000	1.302714229	0.248674048
6.120642000	1.309350252	0.250033292
6.120643000	1.354100823	0.247615974
6.120644000	1.318128586	0.246122873
6.120645000	1.339818716	0.251037387
6.120646000	1.299628496	0.249034024
6.120647000	1.314718366	0.247672017
6.120648000	1.318380952	0.244343066
6.120649000	1.294275641	0.250874618
6.120650000	1.282992482	0.244378752
6.120651000	1.324603081	0.244575976
6.120652000	1.332023263	0.247411727
6.120653000	1.297825933	0.248173957
6.120654000	1.350444436	0.248503606
6.120655000	1.352169394	0.246660765
6.120656000	1.303182960	0.243728358
6.120657000	1.299286962	0.242603040
6.120658000	1.324382186	0.239564140
6.120659000	1.315463781	0.246195361
6.120660000	1.269566059	0.241182093
6.120661000	1.295228839	0.242041379
6.120662000	1.309827685	0.242135838
6.120663000	1.343115330	0.240484079
6.120664000	1.317665100	0.241684416
6.120665000	1.259595633	0.240717605
6.120666000	1.287242770	0.237794836
6.120667000	1.323763132	0.236909035
6.120668000	1.310647011	0.238904891
6.120669000	1.295996070	0.238837097
6.120670000	1.317360520	0.234568100
6.120671000	1.284544349	0.239089964
6.120672000	1.307303190	0.233583895
6.120673000	1.326734781	0.238606700
6.120674000	1.326831222	0.231608346
6.120675000	1.303241014	0.240103896
6.120676000	1.316543818	0.238807736
6.120677000	1.281085134	0.239053762
6.120678000	1.264558196	0.231653353
6.120679000	1.310112357	0.237018924
6.120680000	1.274472475	0.233506697
6.120681000	1.269013166	0.234351834
6.120682000	1.278062344	0.236816540
6.120683000	1.272669077	0.237960151
6.120684000	1.314229131	0.234564305
6.120685000	1.310825825	0.233733515
6.120686000	1.284081697	0.230981704
6.120687000	1.279305100	0.232193925
6.120688000	1.281405091	0.234335239
6.120689000	1.282243609	0.237250069
6.120690000	1.281729102	0.232375369
6.120691000	1.282599330	0.232638223
6.120692000	1.301946402	0.233999997
6.120693000	1.275958061	0.230797346
6.120694000	1.271576047	0.231303464
6.120695000	1.292187929	0.229278046
6.120696000	1.268537164	0.231504898
6.120697000	1.287443042	0.230830003
6.120698000	1.295737028	0.227460522
6.120699000	1.283756018	0.225678235
6.120700000	1.265208364	0.228422772
6.120701000	1.263896823	0.226411353
6.120702000	1.250275493	0.226761193
6.120703000	1.293802142	0.227287766
6.120704000	1.296081781	0.226583493
6.120705000	1.299229980	0.226485739
6.120706000	1.277134657	0.225383939
6.120707000	1.249121189	0.223288980
6.120708000	1.281366467	0.224078491
6.120709000	1.269193172	0.224542696
6.120710000	1.302171707	0.227201962
6.120711000	1.263550162	0.223807847
6.120712000	1.271021008	0.222919034
6.120713000	1.247023582	0.225451916
6.120714000	1.314176321	0.225219489
6.120715000	1.249044538	0.226377115
6.120716000	1.267416716	0.224548439
6.120717000	1.274757862	0.220745495
6.120718000	1.253657699	0.225079939
6.120719000	1.281554341	0.221522938
6.120720000	1.228779197	0.222613952
6.120721000	1.255142689	0.222022048
6.120722000	1.262307525	0.221010196
6.120723000	1.238526106	0.220293922
6.120724000	1.218071818	0.222909746
6.120725000	1.254119039	0.218944931
6.120726000	1.271913409	0.222855717
6.120727000	1.238195419	0.216418008
6.120728000	1.251382232	0.218478079
6.120729000	1.245684028	0.221592330
6.120730000	1.253072023	0.215993766
6.120731000	1.263779521	0.215728865
6.120732000	1.259901047	0.219047729
6.120733000	1.247863412	0.214967434
6.120734000	1.263177872	0.215621722
6.120735000	1.248651266	0.215298831
6.120736000	1.240849853	0.213569257
6.120737000	1.259485483	0.215603480
6.120738000	1.284598589	0.211777383
6.120739000	1.247652650	0.213362413
6.120740000	1.217554331	0.212750519
6.120741000	1.270715356	0.213603596
6.120742000	1.273084164	0.211851585
6.120743000	1.240900397	0.216957714
6.120744000	1.222772241	0.216699054
6.120745000	1.226642370	0.211601414
6.120746000	1.260692000	0.213523185
6.120747000	1.256435394	0.210699851
6.120748000	1.212752938	0.210518107
6.120749000	1.252447367	0.211502911
6.120750000	1.227009654	0.211547386
6.120751000	1.263901711	0.210747305
6.120752000	1.235821605	0.214054569
6.120753000	1.229501843	0.209573367
6.120754000	1.232097745	0.212951354
6.120755000	1.233665347	0.210028368
6.120756000	1.244505167	0.210323796
6.120757000	1.223560214	0.210680943
6.120758000	1.257096648	0.209537598
6.120759000	1.228276014	0.209488862
6.120760000	1.241192698	0.209888869
6.120761000	1.233867407	0.210731143
6.120762000	1.263744235	0.207532404
6.120763000	1.245049477	0.208604726
6.120764000	1.203198671	0.208869810
6.120765000	1.250226140	0.205613630
6.120766000	1.234956026	0.209321499
6.120767000	1.206955791	0.206240738
6.120768000	1.222162127	0.207391656
6.120769000	1.227212191	0.208294734
6.120770000	1.214702249	0.209443572
6.120771000	1.248495817	0.205059126
6.120772000	1.223810315	0.203812617
6.120773000	1.232804537	0.201750398
6.120774000	1.227176189	0.205562647
6.120775000	1.227563381	0.202678710
6.120776000	1.179847360	0.207149957
6.120777000	1.232372642	0.203745655
6.120778000	1.228716493	0.206321964
6.120779000	1.217371464	0.202937619
6.120780000	1.235435605	0.203904147
6.120781000	1.235972047	0.203070094
6.120782000	1.202533722	0.202009158
6.120783000	1.203194976	0.200485547
6.120784000	1.244871497	0.203516990
6.120785000	1.221858263	0.199536080
6.120786000	1.245694160	0.203754993
6.120787000	1.250555873	0.201436045
6.120788000	1.225657344	0.203689562
6.120789000	1.227360606	0.199976983
6.120790000	1.210493922	0.199987419
6.120791000	1.224810243	0.201298077
6.120792000	1.215873957	0.201273310
6.120793000	1.210662603	0.198618537
6.120794000	1.222090602	0.197975284
6.120795000	1.181251168	0.202080247
6.120796000	1.194264412	0.197064084
6.120797000	1.222317100	0.201152419
6.120798000	1.204133749	0.196383846
6.120799000	1.216384530	0.198456617
6.120800000	1.214595914	0.196338372
6.120801000	1.230464458	0.195116214
6.120802000	1.220736504	0.195710732
6.120803000	1.197673559	0.197845655
6.120804000	1.201949835	0.198109075
6.120805000	1.238564491	0.197470116
6.120806000	1.200407028	0.195750762
6.120807000	1.224854827	0.193795153
6.120808000	1.170489430	0.197207445
6.120809000	1.190484166	0.196553789
6.120810000	1.226731896	0.193807221
6.120811000	1.219774008	0.193194094
6.120812000	1.218617439	0.191805922
6.120813000	1.219197631	0.196624546
6.120814000	1.217085719	0.194120941
6.120815000	1.223075867	0.196285475
6.120816000	1.200083017	0.194538292
6.120817000	1.184680343	0.194875548
6.120818000	1.207766294	0.191026365
6.120819000	1.212349892	0.192246209
6.120820000	1.205825806	0.194456083
6.120821000	1.200197577	0.192411042
6.120822000	1.169535041	0.192952479
6.120823000	1.205724359	0.190900730
6.120824000	1.187412739	0.190114298
6.120825000	1.226685286	0.193233559
6.120826000	1.201191664	0.191630436
6.120827000	1.183760524	0.191180195
6.120828000	1.198676825	0.192960302
6.120829000	1.189585209	0.191484328
6.120830000	1.202541828	0.187998500
6.120831000	1.196256757	0.190668685
6.120832000	1.193785667	0.185968389
6.120833000	1.195283771	0.190996820
6.120834000	1.193301320	0.189610978
6.120835000	1.196323037	0.187643750
6.120836000	1.213599205	0.186536441
6.120837000	1.227580070	0.189908869
6.120838000	1.166843534	0.191756137
6.120839000	1.197145700	0.187920187
6.120840000	1.185876727	0.188872666
6.120841000	1.170669913	0.184347356
6.120842000	1.200687766	0.187756169
6.120843000	1.164445519	0.187065628
6.120844000	1.193701506	0.186821916
6.120845000	1.203115344	0.187827409
6.120846000	1.193518043	0.185358575
6.120847000	1.172617674	0.185312702
6.120848000	1.165370107	0.188794369
6.120849000	1.192762494	0.189076365
6.120850000	1.211474538	0.184392164
6.120851000	1.223660350	0.188438238
6.120852000	1.199036717	0.184611708
6.120853000	1.202079773	0.181575338
6.120854000	1.163068056	0.185168642
6.120855000	1.185331702	0.185092509
6.120856000	1.131695390	0.180968038
6.120857000	1.190911770	0.183451203
6.120858000	1.189011812	0.187502104
6.120859000	1.181831837	0.181736909
6.120860000	1.176820278	0.180430179
6.120861000	1.192659497	0.182406178
6.120862000	1.188082695	0.181960199
6.120863000	1.172754526	0.184841023
6.120864000	1.192290902	0.181501935
6.120865000	1.167466283	0.178623108
6.120866000	1.168653131	0.178660242
6.120867000	1.178977728	0.180026943
6.120868000	1.174163699	0.182346257
6.120869000	1.179005980	0.181457410
6.120870000	1.179863334	0.178531645
6.120871000	1.155203223	0.181902558
6.120872000	1.159861922	0.179992039
6.120873000	1.186745286	0.180084501
6.120874000	1.175704122	0.182334722
6.120875000	1.181630254	0.179393111
6.120876000	1.194736719	0.182302232
6.120877000	1.173850656	0.184077445
6.120878000	1.216376066	0.180992789
6.120879000	1.129901171	0.183720398
6.120880000	1.154259324	0.179285236
6.120881000	1.164062738	0.181984933
6.120882000	1.186703444	0.178567781
6.120883000	1.124004483	0.179773760
6.120884000	1.178541541	0.176981202
6.120885000	1.141943216	0.176122433
6.120886000	1.182287097	0.174668813
6.120887000	1.171720862	0.173460087
6.120888000	1.194260478	0.176730166
6.120889000	1.160784006	0.174823443
6.120890000	1.168755054	0.180501302
6.120891000	1.160108566	0.174965439
6.120892000	1.151951551	0.176542413
6.120893000	1.178631663	0.178523539
6.120894000	1.158478975	0.174384271
6.120895000	1.171465993	0.176807165
6.120896000	1.117003322	0.176293025
6.120897000	1.185060382	0.174517745
6.120898000	1.141747713	0.174121101
6.120899000	1.131885171	0.176995317
6.120900000	1.203512669	0.174806149
6.120901000	1.170154214	0.174810427
6.120902000	1.165645719	0.171700637
6.120903000	1.125339031	0.177650804
6.120904000	1.181438327	0.176680548
6.120905000	1.142914653	0.173418076
6.120906000	1.145225286	0.176586289
6.120907000	1.159281969	0.173201794
6.120908000	1.158112764	0.169076458
6.120909000	1.155160785	0.169820645
6.120910000	1.149530649	0.172962076
6.120911000	1.162619472	0.174787740
6.120912000	1.151597023	0.173593262
6.120913000	1.140977025	0.175487319
6.120914000	1.163215399	0.175111181
6.120915000	1.145871520	0.172231505
6.120916000	1.132035017	0.168628464
6.120917000	1.178539515	0.172495607
6.120918000	1.168816805	0.170975541
6.120919000	1.134080529	0.171679748
6.120920000	1.128482461	0.172436135
6.120921000	1.153065324	0.169422918
6.120922000	1.148653984	0.170251394
6.120923000	1.142152071	0.167509653
6.120924000	1.158144474	0.168850988
6.120925000	1.116827011	0.166660005
6.120926000	1.139898896	0.171358138
6.120927000	1.145429134	0.171465180
6.120928000	1.152851701	0.166979651
6.120929000	1.131190062	0.170175128
6.120930000	1.182227850	0.166687136
6.120931000	1.159727931	0.167470339
6.120932000	1.162074327	0.167418324
6.120933000	1.128717899	0.166183233
6.120934000	1.118446231	0.168168852
6.120935000	1.146183372	0.167297932
6.120936000	1.138145447	0.167669160
6.120937000	1.145140052	0.164741997
6.120938000	1.112085462	0.170334968
6.120939000	1.130200624	0.165145782
6.120940000	1.099300981	0.169343673
6.120941000	1.160462260	0.168607924
6.120942000	1.138326883	0.162905930
6.120943000	1.142357826	0.165812021
6.120944000	1.138954520	0.167244752
6.120945000	1.102066278	0.166163442
6.120946000	1.165741801	0.165084745
6.120947000	1.131796956	0.168582225
6.120948000	1.114788294	0.170435985
6.120949000	1.129900455	0.165734490
6.120950000	1.110471845	0.168097829
6.120951000	1.130698323	0.167752101
6.120952000	1.152427316	0.166689516
6.120953000	1.120343566	0.166533272
6.120954000	1.165765524	0.163380472
6.120955000	1.117158175	0.165819844
6.120956000	1.091543794	0.162772223
6.120957000	1.120851636	0.163147595
6.120958000	1.144494057	0.161494405
6.120959000	1.102122188	0.165181967
6.120960000	1.127481341	0.159176522
6.120961000	1.120542645	0.162757525
6.120962000	1.123660564	0.164163325
6.120963000	1.095974684	0.163118334
6.120964000	1.137908816	0.164578162
6.120965000	1.097433209	0.160669557
6.120966000	1.150528431	0.160896142
6.120967000	1.073485851	0.161908243
6.120968000	1.134453893	0.164011092
6.120969000	1.101154685	0.164103387
6.120970000	1.140728831	0.163104901
6.120971000	1.114338279	0.158742527
6.120972000	1.118855000	0.156220014
6.120973000	1.113349915	0.159267453
6.120974000	1.113510370	0.164914153
6.120975000	1.140085697	0.163321833
6.120976000	1.082491159	0.161367738
6.120977000	1.126384258	0.161553610
6.120978000	1.145924091	0.159311745
6.120979000	1.117406011	0.159041733
6.120980000	1.106453538	0.157631573
6.120981000	1.098574996	0.163030782
6.120982000	1.117280841	0.161235479
6.120983000	1.128934979	0.159145097
6.120984000	1.115452766	0.157716178
6.120985000	1.120492697	0.159389426
6.120986000	1.134093046	0.158936289
6.120987000	1.096615195	0.156964451
6.120988000	1.127640009	0.156807141
6.120989000	1.111724019	0.160392938
6.120990000	1.124255180	0.155246962
6.120991000	1.147850037	0.154959673
6.120992000	1.145834208	0.159648035
6.120993000	1.106519341	0.157641193
6.120994000	1.129314661	0.161939452
6.120995000	1.096406102	0.157326807
6.120996000	1.104992747	0.154700847
6.120997000	1.115697980	0.157075355
6.120998000	1.092155933	0.160410548
6.120999000	1.130101204	0.156411612
6.121000000	1.084817410	0.151612912
6.121001000	1.132781148	0.155598366
6.121002000	1.114035368	0.157479623
6.121003000	1.084468961	0.151969892
6.121004000	1.110671759	0.155663530
6.121005000	1.098992944	0.156551861
6.121006000	1.072952628	0.155435713
6.121007000	1.115946174	0.160046677
6.121008000	1.125808477	0.152358331
6.121009000	1.109594107	0.155602311
6.121010000	1.072010398	0.154713148
6.121011000	1.131950974	0.155008825
6.121012000	1.089277267	0.152083210
6.121013000	1.103074312	0.150463791
6.121014000	1.118441701	0.155496650
6.121015000	1.089255214	0.153725814
6.121016000	1.107450962	0.151557036
6.121017000	1.072658896	0.147945090
6.121018000	1.080358982	0.150268465
6.121019000	1.090839624	0.153481402
6.121020000	1.098067164	0.149865545
6.121021000	1.078185201	0.154912236
6.121022000	1.146499634	0.150404503
6.121023000	1.083534002	0.151557768
6.121024000	1.074437499	0.151240569
6.121025000	1.119724751	0.154350592
6.121026000	1.101604104	0.152149855
6.121027000	1.108647108	0.150781057
6.121028000	1.118223906	0.159138273
6.121029000	1.112399697	0.149340620
6.121030000	1.106452107	0.152475893
6.121031000	1.108319402	0.150438807
6.121032000	1.101245880	0.149713612
6.121033000	1.082850099	0.153030712
6.121034000	1.082990885	0.149231230
6.121035000	1.085236907	0.148868624
6.121036000	1.072389245	0.148988267
6.121037000	1.132380962	0.154029414
6.121038000	1.098090649	0.150333696
6.121039000	1.108188748	0.150011237
6.121040000	1.109670401	0.152837417
6.121041000	1.111048818	0.155433200
6.121042000	1.077948809	0.151046541
6.121043000	1.103275895	0.153194297
6.121044000	1.116835356	0.149283645
6.121045000	1.119184852	0.150680822
6.121046000	1.090608597	0.149692174
6.121047000	1.102708220	0.153306283
6.121048000	1.098783612	0.148595434
6.121049000	1.123043060	0.149071857
6.121050000	1.092673063	0.148173040
6.121051000	1.067754745	0.144915012
6.121052000	1.097877264	0.150786683
6.121053000	1.064330697	0.146462758
6.121054000	1.064906359	0.145214401
6.121055000	1.103763461	0.149368084
6.121056000	1.102756858	0.144848499
6.121057000	1.077255368	0.147455684
6.121058000	1.072740197	0.145261955
6.121059000	1.083618283	0.147807338
6.121060000	1.088827252	0.142072504
6.121061000	1.103611350	0.146130362
6.121062000	1.084068418	0.146058124
6.121063000	1.069610953	0.145755672
6.121064000	1.078519344	0.144038166
6.121065000	1.087354541	0.144413406
6.121066000	1.077675343	0.146317632
6.121067000	1.101641536	0.144262354
6.121068000	1.056410193	0.141007156
6.121069000	1.096475005	0.144508464
6.121070000	1.072910905	0.141757318
6.121071000	1.088264346	0.143815526
6.121072000	1.054161429	0.147438224
6.121073000	1.080638051	0.145330432
6.121074000	1.098960042	0.147242864
6.121075000	1.052332878	0.143050699
6.121076000	1.090395570	0.144334892
6.121077000	1.108351946	0.142709948
6.121078000	1.084740043	0.144562126
6.121079000	1.106690288	0.144237071
6.121080000	1.060763121	0.145687711
6.121081000	1.070768714	0.143819587
6.121082000	1.096220613	0.142967442
6.121083000	1.062764168	0.144639724
6.121084000	1.063843250	0.143576690
6.121085000	1.085246205	0.144151184
6.121086000	1.061200500	0.140827093
6.121087000	1.098829269	0.140566453
6.121088000	1.062565684	0.147213203
6.121089000	1.121827364	0.143515438
6.121090000	1.099922419	0.142242080
6.121091000	1.095304132	0.139032771
6.121092000	1.068713188	0.145774331
6.121093000	1.086781979	0.139863711
6.121094000	1.063637495	0.143490187
6.121095000	1.073716521	0.143005625
6.121096000	1.074446440	0.144215333
6.121097000	1.074340701	0.140673445
6.121098000	1.051180959	0.139805521
6.121099000	1.073574185	0.138412954
6.121100000	1.080008984	0.136844252
6.121101000	1.043213606	0.141166912
6.121102000	1.079890847	0.140627572
6.121103000	1.040277243	0.144397976
6.121104000	1.105965137	0.140940610
6.121105000	1.067365527	0.139876361
6.121106000	1.074051142	0.137355496
6.121107000	1.093602419	0.135862944
6.121108000	1.061056137	0.139632232
6.121109000	1.077658296	0.140414686
6.121110000	1.060504198	0.138552038
6.121111000	1.073121190	0.136243227
6.121112000	1.062164187	0.141836065
6.121113000	1.069327950	0.136594448
6.121114000	1.051249743	0.140941076
6.121115000	1.055056930	0.139101132
6.121116000	1.069552302	0.138212551
6.121117000	1.069310308	0.139398057
6.121118000	1.055547476	0.139374097
6.121119000	1.074416757	0.140262836
6.121120000	1.069239497	0.136026146
6.121121000	1.067084193	0.137446035
6.121122000	1.089301348	0.136953608
6.121123000	1.065489173	0.133959475
6.121124000	1.049714565	0.140915077
6.121125000	1.055488706	0.136539478
6.121126000	1.063179493	0.139450821
6.121127000	1.030696511	0.135101979
6.121128000	1.084401846	0.141588141
6.121129000	1.064087987	0.139629103
6.121130000	1.026546478	0.135898755
6.121131000	1.042828321	0.132007602
6.121132000	1.028391123	0.139791290
6.121133000	1.062186599	0.134549839
6.121134000	1.079418898	0.135623859
6.121135000	1.043047667	0.134462554
6.121136000	1.074910402	0.133358499
6.121137000	1.054074645	0.133183438
6.121138000	1.061493516	0.133393977
6.121139000	1.034616709	0.135151580
6.121140000	1.044454455	0.135412770
6.121141000	1.053610563	0.130587039
6.121142000	1.040236592	0.137548833
6.121143000	1.074890614	0.134878432
6.121144000	1.048149586	0.137122852
6.121145000	1.048238397	0.134900394
6.121146000	1.053940773	0.136113522
6.121147000	1.062858224	0.136966233
6.121148000	1.066113234	0.132368236
6.121149000	1.035122156	0.132793027
6.121150000	1.044195414	0.131072616
6.121151000	1.041740775	0.136580974
6.121152000	1.038964629	0.133694906
6.121153000	1.056175232	0.134648742
6.121154000	1.065268397	0.135349844
6.121155000	1.011015415	0.137950571
6.121156000	1.022441983	0.132904530
6.121157000	1.061453819	0.130442471
6.121158000	1.058059573	0.133989801
6.121159000	1.043838859	0.131688314
6.121160000	1.047522783	0.128830776
6.121161000	1.011478662	0.131633162
6.121162000	1.021337748	0.133301383
6.121163000	1.058423400	0.131747528
6.121164000	1.046558142	0.127669646
6.121165000	1.022614241	0.131732223
6.121166000	1.027935147	0.132341563
6.121167000	1.052932501	0.131166426
6.121168000	1.062940717	0.133158521
6.121169000	1.003085852	0.136730435
6.121170000	1.014296174	0.130204026
6.121171000	1.038909554	0.134207789
6.121172000	1.057104945	0.132846398
6.121173000	1.023075461	0.126681763
6.121174000	1.077816844	0.130978216
6.121175000	1.041999459	0.130200972
6.121176000	1.047239065	0.130771612
6.121177000	1.019288898	0.130953714
6.121178000	1.041114688	0.129386311
6.121179000	1.045214176	0.127669529
6.121180000	1.029786706	0.129307989
