D:\KID metingen\Entropy ADR\LT343chip5_BF_20240530_mapping\S21\Power\KID91_92dBm_.dat
Power at KID:92dBm
resonance Frequency in GHz :6.077130
Q=32325.159576, Qc=53440.842011, Qi=81810.462497  S21min=-8.065363


Temperature in K:0.099981
GHz	dB	Rad
6.076414000	-4.877941132	-0.068939216
6.076415000	-4.877561569	-0.070030900
6.076416000	-4.876971245	-0.070148562
6.076417000	-4.875306129	-0.070637452
6.076418000	-4.871217728	-0.070130527
6.076419000	-4.875953674	-0.070124976
6.076420000	-4.867903709	-0.070920912
6.076421000	-4.876564503	-0.071294936
6.076422000	-4.873447895	-0.070775961
6.076423000	-4.876352310	-0.071120033
6.076424000	-4.873353481	-0.070586602
6.076425000	-4.876358986	-0.071237237
6.076426000	-4.869634151	-0.070707202
6.076427000	-4.869363308	-0.071843456
6.076428000	-4.871104240	-0.072593802
6.076429000	-4.872318268	-0.072258127
6.076430000	-4.876904011	-0.071567211
6.076431000	-4.873172283	-0.071652640
6.076432000	-4.880932331	-0.072182235
6.076433000	-4.871614456	-0.071920147
6.076434000	-4.873094082	-0.072748473
6.076435000	-4.870920658	-0.072557674
6.076436000	-4.880694866	-0.072486693
6.076437000	-4.876020432	-0.072183941
6.076438000	-4.874290466	-0.072781613
6.076439000	-4.870760918	-0.073633741
6.076440000	-4.876223087	-0.073266799
6.076441000	-4.875912666	-0.072581551
6.076442000	-4.883946419	-0.073846752
6.076443000	-4.876748562	-0.072453986
6.076444000	-4.877310276	-0.074080029
6.076445000	-4.883514404	-0.073267956
6.076446000	-4.867757320	-0.074318847
6.076447000	-4.875442982	-0.073996389
6.076448000	-4.873251915	-0.073811083
6.076449000	-4.879265785	-0.074064050
6.076450000	-4.878683090	-0.074465496
6.076451000	-4.873415470	-0.073821302
6.076452000	-4.877334118	-0.074156095
6.076453000	-4.872199059	-0.074671284
6.076454000	-4.876886845	-0.075214102
6.076455000	-4.876893997	-0.075338805
6.076456000	-4.876495361	-0.074582659
6.076457000	-4.884458065	-0.075696467
6.076458000	-4.870868206	-0.075753060
6.076459000	-4.880177498	-0.075557584
6.076460000	-4.872390747	-0.075219853
6.076461000	-4.876931190	-0.075184749
6.076462000	-4.877522945	-0.074252185
6.076463000	-4.875605583	-0.074692614
6.076464000	-4.878507137	-0.076378927
6.076465000	-4.879356384	-0.075293523
6.076466000	-4.874680996	-0.075920323
6.076467000	-4.878359795	-0.075761432
6.076468000	-4.882255077	-0.076112278
6.076469000	-4.880094051	-0.075718672
6.076470000	-4.878078938	-0.076275056
6.076471000	-4.875302315	-0.076787723
6.076472000	-4.881347656	-0.076866660
6.076473000	-4.877831459	-0.076995607
6.076474000	-4.881455898	-0.077737081
6.076475000	-4.878188610	-0.077632569
6.076476000	-4.877057076	-0.077674114
6.076477000	-4.885846615	-0.077476707
6.076478000	-4.880971432	-0.077329235
6.076479000	-4.879190445	-0.077828852
6.076480000	-4.880071640	-0.078039309
6.076481000	-4.880686760	-0.078750248
6.076482000	-4.879756927	-0.077720020
6.076483000	-4.878477097	-0.077926499
6.076484000	-4.881568909	-0.078068928
6.076485000	-4.880331993	-0.078574046
6.076486000	-4.874963284	-0.078718473
6.076487000	-4.881330013	-0.079108318
6.076488000	-4.883462906	-0.078976808
6.076489000	-4.873972893	-0.078514009
6.076490000	-4.880365372	-0.078783437
6.076491000	-4.875482559	-0.079771237
6.076492000	-4.884468079	-0.079796296
6.076493000	-4.881791592	-0.079955977
6.076494000	-4.878581524	-0.079596600
6.076495000	-4.883856297	-0.079885870
6.076496000	-4.878955364	-0.079461653
6.076497000	-4.872582912	-0.079922555
6.076498000	-4.883080959	-0.079580496
6.076499000	-4.883813858	-0.080368243
6.076500000	-4.882421494	-0.080147642
6.076501000	-4.881700516	-0.081115393
6.076502000	-4.881760597	-0.081001659
6.076503000	-4.878567219	-0.080626969
6.076504000	-4.880374432	-0.081322054
6.076505000	-4.877978802	-0.081148100
6.076506000	-4.875815868	-0.081030513
6.076507000	-4.883930683	-0.081456252
6.076508000	-4.876229286	-0.081136765
6.076509000	-4.878354549	-0.081487153
6.076510000	-4.883943081	-0.082225690
6.076511000	-4.882203102	-0.082265537
6.076512000	-4.880138397	-0.081684427
6.076513000	-4.878249168	-0.081984673
6.076514000	-4.876124382	-0.083204127
6.076515000	-4.884246826	-0.082685401
6.076516000	-4.884152412	-0.082795015
6.076517000	-4.890022755	-0.082311984
6.076518000	-4.883489609	-0.083182505
6.076519000	-4.880177975	-0.083827215
6.076520000	-4.886654854	-0.082683395
6.076521000	-4.879209518	-0.083500969
6.076522000	-4.879597664	-0.083564369
6.076523000	-4.883996010	-0.083918495
6.076524000	-4.885200024	-0.083383149
6.076525000	-4.885255337	-0.084044237
6.076526000	-4.890312672	-0.084866938
6.076527000	-4.884209633	-0.084952176
6.076528000	-4.879132748	-0.084660917
6.076529000	-4.881094933	-0.084653752
6.076530000	-4.884902477	-0.084892105
6.076531000	-4.890757561	-0.085084460
6.076532000	-4.888977528	-0.084803288
6.076533000	-4.881990433	-0.085651305
6.076534000	-4.883802414	-0.085366588
6.076535000	-4.886035442	-0.085280319
6.076536000	-4.879229069	-0.085173035
6.076537000	-4.885646820	-0.085491641
6.076538000	-4.882959843	-0.086361520
6.076539000	-4.884606361	-0.086330287
6.076540000	-4.882503033	-0.085888776
6.076541000	-4.882553101	-0.086138439
6.076542000	-4.884581566	-0.085998981
6.076543000	-4.878850937	-0.086343428
6.076544000	-4.888565540	-0.086060642
6.076545000	-4.884057522	-0.087104143
6.076546000	-4.887519360	-0.087341622
6.076547000	-4.885257721	-0.087488370
6.076548000	-4.883751392	-0.086750042
6.076549000	-4.891142845	-0.087360863
6.076550000	-4.887101173	-0.087260371
6.076551000	-4.888342857	-0.088227456
6.076552000	-4.888286591	-0.087681333
6.076553000	-4.880654812	-0.087891856
6.076554000	-4.883386612	-0.088045004
6.076555000	-4.882905483	-0.088025272
6.076556000	-4.887541294	-0.088716054
6.076557000	-4.891464710	-0.089324412
6.076558000	-4.884595394	-0.089387928
6.076559000	-4.887166023	-0.089007646
6.076560000	-4.887442112	-0.089183356
6.076561000	-4.880622864	-0.088649359
6.076562000	-4.884426594	-0.089735288
6.076563000	-4.888586044	-0.090183889
6.076564000	-4.876925468	-0.090056598
6.076565000	-4.882689476	-0.089824537
6.076566000	-4.885421276	-0.089992741
6.076567000	-4.880270004	-0.090198220
6.076568000	-4.880484581	-0.089920178
6.076569000	-4.881069660	-0.090442865
6.076570000	-4.880441189	-0.090127979
6.076571000	-4.881920815	-0.091110178
6.076572000	-4.883635998	-0.090397982
6.076573000	-4.886748791	-0.090725235
6.076574000	-4.884993076	-0.091741472
6.076575000	-4.883324623	-0.091425671
6.076576000	-4.882149220	-0.090825711
6.076577000	-4.889820576	-0.090835073
6.076578000	-4.883341312	-0.091717054
6.076579000	-4.884747505	-0.091204496
6.076580000	-4.883650780	-0.091823115
6.076581000	-4.884426594	-0.091568658
6.076582000	-4.885246277	-0.092141920
6.076583000	-4.888400555	-0.091753048
6.076584000	-4.883644581	-0.092140588
6.076585000	-4.886436462	-0.092874181
6.076586000	-4.887354851	-0.092662019
6.076587000	-4.880058289	-0.092594957
6.076588000	-4.891633034	-0.092242080
6.076589000	-4.896738529	-0.093170092
6.076590000	-4.893733025	-0.093021054
6.076591000	-4.888665199	-0.093066145
6.076592000	-4.887594700	-0.092958911
6.076593000	-4.887969971	-0.093819428
6.076594000	-4.885035992	-0.095076832
6.076595000	-4.883823872	-0.094248181
6.076596000	-4.879063606	-0.093982572
6.076597000	-4.881298065	-0.094823640
6.076598000	-4.883472919	-0.094787338
6.076599000	-4.885948658	-0.094992792
6.076600000	-4.883804321	-0.095261147
6.076601000	-4.880963326	-0.094850247
6.076602000	-4.884725571	-0.095293705
6.076603000	-4.885033131	-0.095825280
6.076604000	-4.883640289	-0.096183059
6.076605000	-4.884791374	-0.096118652
6.076606000	-4.886966705	-0.096358311
6.076607000	-4.882406235	-0.095672523
6.076608000	-4.882302284	-0.096050850
6.076609000	-4.888692379	-0.096654946
6.076610000	-4.888514042	-0.096840618
6.076611000	-4.888907433	-0.096786623
6.076612000	-4.889714241	-0.096824839
6.076613000	-4.886503220	-0.097849315
6.076614000	-4.887908459	-0.097589657
6.076615000	-4.881457806	-0.097805715
6.076616000	-4.887209415	-0.097984912
6.076617000	-4.882048607	-0.097692697
6.076618000	-4.889764786	-0.097838904
6.076619000	-4.882309437	-0.097446279
6.076620000	-4.884146214	-0.098143978
6.076621000	-4.886699200	-0.099278701
6.076622000	-4.881811619	-0.098620792
6.076623000	-4.885658264	-0.099288088
6.076624000	-4.885689259	-0.099470248
6.076625000	-4.885548592	-0.099613751
6.076626000	-4.879699230	-0.099815444
6.076627000	-4.887015820	-0.099373825
6.076628000	-4.888441563	-0.099624454
6.076629000	-4.882998943	-0.099407714
6.076630000	-4.892409325	-0.100134133
6.076631000	-4.887205124	-0.100125661
6.076632000	-4.882418156	-0.099968226
6.076633000	-4.891059399	-0.100160107
6.076634000	-4.886998177	-0.100639959
6.076635000	-4.888079643	-0.101463358
6.076636000	-4.890134811	-0.100475525
6.076637000	-4.892391682	-0.100425732
6.076638000	-4.893990993	-0.101135831
6.076639000	-4.889774799	-0.101897329
6.076640000	-4.887612820	-0.101309760
6.076641000	-4.885528564	-0.102877622
6.076642000	-4.893632889	-0.101619777
6.076643000	-4.887471676	-0.103150662
6.076644000	-4.891446590	-0.102398943
6.076645000	-4.889854431	-0.103150954
6.076646000	-4.890661240	-0.102405568
6.076647000	-4.883556366	-0.103107985
6.076648000	-4.892433167	-0.103136564
6.076649000	-4.886414528	-0.102575894
6.076650000	-4.891676426	-0.103485272
6.076651000	-4.883151054	-0.103299491
6.076652000	-4.889873981	-0.104116790
6.076653000	-4.884415627	-0.104496016
6.076654000	-4.885735989	-0.104079839
6.076655000	-4.883196831	-0.104735759
6.076656000	-4.888934135	-0.104835578
6.076657000	-4.887568951	-0.104656330
6.076658000	-4.886923313	-0.105062437
6.076659000	-4.881420135	-0.105789122
6.076660000	-4.884517193	-0.105324909
6.076661000	-4.894134998	-0.105968353
6.076662000	-4.887980461	-0.104720130
6.076663000	-4.888900280	-0.105697019
6.076664000	-4.890284538	-0.105348686
6.076665000	-4.882183075	-0.106497540
6.076666000	-4.886335373	-0.106087280
6.076667000	-4.887076378	-0.105671960
6.076668000	-4.891650677	-0.106362068
6.076669000	-4.880186558	-0.107237433
6.076670000	-4.889688969	-0.107220971
6.076671000	-4.887177467	-0.106716568
6.076672000	-4.892880440	-0.108017914
6.076673000	-4.885837555	-0.108529798
6.076674000	-4.887538433	-0.108655807
6.076675000	-4.884969711	-0.108158953
6.076676000	-4.882236958	-0.108108619
6.076677000	-4.891869545	-0.108958043
6.076678000	-4.892332554	-0.109036989
6.076679000	-4.890593529	-0.109365615
6.076680000	-4.891369820	-0.109119164
6.076681000	-4.887525082	-0.108656373
6.076682000	-4.893976212	-0.109325642
6.076683000	-4.885831833	-0.108856493
6.076684000	-4.891651154	-0.108904963
6.076685000	-4.893709660	-0.109391123
6.076686000	-4.890919685	-0.109877666
6.076687000	-4.890369415	-0.110560825
6.076688000	-4.883331299	-0.110527169
6.076689000	-4.896057129	-0.111105000
6.076690000	-4.888342857	-0.111320541
6.076691000	-4.890602112	-0.111278755
6.076692000	-4.894121170	-0.111291014
6.076693000	-4.889399052	-0.111401360
6.076694000	-4.895561695	-0.111623609
6.076695000	-4.895480633	-0.111564695
6.076696000	-4.891142845	-0.112528094
6.076697000	-4.888918877	-0.111963054
6.076698000	-4.887040615	-0.112809939
6.076699000	-4.893163681	-0.113562141
6.076700000	-4.892342567	-0.113489270
6.076701000	-4.893104076	-0.113250251
6.076702000	-4.903287888	-0.113306602
6.076703000	-4.892180443	-0.113607498
6.076704000	-4.889510155	-0.113231010
6.076705000	-4.899968147	-0.113994630
6.076706000	-4.891805172	-0.113496485
6.076707000	-4.891229630	-0.113629727
6.076708000	-4.889345169	-0.114430023
6.076709000	-4.889917850	-0.114745957
6.076710000	-4.897294044	-0.115282501
6.076711000	-4.897452831	-0.115067984
6.076712000	-4.891650200	-0.114657707
6.076713000	-4.899544239	-0.115898765
6.076714000	-4.888661861	-0.115759673
6.076715000	-4.894431114	-0.116383660
6.076716000	-4.888641357	-0.115406238
6.076717000	-4.895782471	-0.116616237
6.076718000	-4.899016380	-0.116145107
6.076719000	-4.895434380	-0.117174286
6.076720000	-4.893923283	-0.116842423
6.076721000	-4.893231869	-0.116903434
6.076722000	-4.894373894	-0.117582432
6.076723000	-4.895441055	-0.117522885
6.076724000	-4.890264034	-0.117999799
6.076725000	-4.890625954	-0.117539281
6.076726000	-4.891871929	-0.118837788
6.076727000	-4.896805763	-0.117703190
6.076728000	-4.890589714	-0.118862331
6.076729000	-4.893414497	-0.118753540
6.076730000	-4.896758080	-0.118953469
6.076731000	-4.895449162	-0.119403102
6.076732000	-4.900185585	-0.120033764
6.076733000	-4.895925045	-0.119871352
6.076734000	-4.897280693	-0.119700885
6.076735000	-4.895904541	-0.119504852
6.076736000	-4.895973206	-0.120809459
6.076737000	-4.895353794	-0.120102873
6.076738000	-4.895574570	-0.120968550
6.076739000	-4.893372059	-0.120912232
6.076740000	-4.894409657	-0.121049327
6.076741000	-4.894755363	-0.121714310
6.076742000	-4.896625519	-0.121075359
6.076743000	-4.893470287	-0.121044408
6.076744000	-4.893863201	-0.121883762
6.076745000	-4.897382736	-0.122539099
6.076746000	-4.895655155	-0.121490679
6.076747000	-4.893136978	-0.122495690
6.076748000	-4.897337914	-0.122670102
6.076749000	-4.902641773	-0.123524710
6.076750000	-4.901863575	-0.123631736
6.076751000	-4.902837276	-0.124160182
6.076752000	-4.897267818	-0.123392526
6.076753000	-4.895646095	-0.123730797
6.076754000	-4.896660805	-0.123602549
6.076755000	-4.896370888	-0.124283112
6.076756000	-4.902838230	-0.124253983
6.076757000	-4.896592140	-0.125235725
6.076758000	-4.908541679	-0.125178625
6.076759000	-4.896186352	-0.125136522
6.076760000	-4.895293713	-0.125379876
6.076761000	-4.892908573	-0.125001000
6.076762000	-4.894578457	-0.125822918
6.076763000	-4.909907341	-0.126268507
6.076764000	-4.898882389	-0.126537278
6.076765000	-4.898456573	-0.127572507
6.076766000	-4.901866913	-0.127379819
6.076767000	-4.901171207	-0.127715161
6.076768000	-4.900902748	-0.126932491
6.076769000	-4.900889397	-0.127099979
6.076770000	-4.901243687	-0.127914964
6.076771000	-4.900671959	-0.128370806
6.076772000	-4.894753933	-0.128370748
6.076773000	-4.900795937	-0.128969476
6.076774000	-4.900236130	-0.129188272
6.076775000	-4.901642799	-0.129455079
6.076776000	-4.904500961	-0.129240719
6.076777000	-4.901309490	-0.129520176
6.076778000	-4.902369022	-0.129828213
6.076779000	-4.905514717	-0.130064518
6.076780000	-4.906689644	-0.130198450
6.076781000	-4.903202057	-0.128986271
6.076782000	-4.900586128	-0.130324293
6.076783000	-4.896146774	-0.131667691
6.076784000	-4.900494576	-0.131610899
6.076785000	-4.904761791	-0.131699150
6.076786000	-4.906096935	-0.132127553
6.076787000	-4.902862549	-0.132608877
6.076788000	-4.896728039	-0.132206440
6.076789000	-4.904842377	-0.132357825
6.076790000	-4.903451443	-0.132789332
6.076791000	-4.906853676	-0.133447573
6.076792000	-4.903830528	-0.133801641
6.076793000	-4.902822971	-0.135300068
6.076794000	-4.904497623	-0.133482844
6.076795000	-4.904868603	-0.133809855
6.076796000	-4.901409149	-0.134814982
6.076797000	-4.901436329	-0.134875386
6.076798000	-4.903159142	-0.134668366
6.076799000	-4.906892300	-0.134902267
6.076800000	-4.903254509	-0.135454132
6.076801000	-4.904001236	-0.136217136
6.076802000	-4.905094624	-0.136331369
6.076803000	-4.903250694	-0.135531830
6.076804000	-4.900501728	-0.136324661
6.076805000	-4.899528503	-0.137390883
6.076806000	-4.901399136	-0.137301517
6.076807000	-4.891646862	-0.137877492
6.076808000	-4.905142307	-0.137416441
6.076809000	-4.903728485	-0.138536159
6.076810000	-4.912556171	-0.137929366
6.076811000	-4.904548645	-0.138889210
6.076812000	-4.910888672	-0.138591844
6.076813000	-4.907854080	-0.139471178
6.076814000	-4.905694485	-0.138609545
6.076815000	-4.909471512	-0.139895869
6.076816000	-4.905698776	-0.140759615
6.076817000	-4.902152061	-0.140431281
6.076818000	-4.904573441	-0.141383677
6.076819000	-4.908236027	-0.140181293
6.076820000	-4.913324833	-0.141068775
6.076821000	-4.906107426	-0.141484195
6.076822000	-4.909998417	-0.141523959
6.076823000	-4.905613422	-0.141732318
6.076824000	-4.908803940	-0.142536826
6.076825000	-4.905241489	-0.142933587
6.076826000	-4.915438175	-0.143096040
6.076827000	-4.909940720	-0.142723397
6.076828000	-4.909532547	-0.142807769
6.076829000	-4.911086082	-0.144198988
6.076830000	-4.913080215	-0.144221941
6.076831000	-4.906295776	-0.144043276
6.076832000	-4.906013966	-0.144878061
6.076833000	-4.903575420	-0.144501257
6.076834000	-4.909838676	-0.144618486
6.076835000	-4.913928509	-0.145636312
6.076836000	-4.913581848	-0.145568568
6.076837000	-4.908528328	-0.146852745
6.076838000	-4.903340816	-0.146724880
6.076839000	-4.909615040	-0.147028963
6.076840000	-4.914803982	-0.147349707
6.076841000	-4.911982536	-0.147701294
6.076842000	-4.918477058	-0.147678524
6.076843000	-4.906506538	-0.147863664
6.076844000	-4.916741848	-0.148339904
6.076845000	-4.915887356	-0.148998853
6.076846000	-4.914403915	-0.149318982
6.076847000	-4.915995121	-0.149174871
6.076848000	-4.914714813	-0.149272942
6.076849000	-4.910496235	-0.149614526
6.076850000	-4.908395767	-0.150357564
6.076851000	-4.915099621	-0.150277020
6.076852000	-4.914947987	-0.150312324
6.076853000	-4.918476582	-0.150765311
6.076854000	-4.920295715	-0.151272410
6.076855000	-4.913039684	-0.152282531
6.076856000	-4.909340382	-0.152127318
6.076857000	-4.923396587	-0.152900217
6.076858000	-4.916460514	-0.153062620
6.076859000	-4.915971756	-0.152862217
6.076860000	-4.914047241	-0.153334396
6.076861000	-4.918328762	-0.153834404
6.076862000	-4.917147636	-0.154148424
6.076863000	-4.911596298	-0.154841995
6.076864000	-4.918477535	-0.153874602
6.076865000	-4.912855625	-0.155042065
6.076866000	-4.916614056	-0.155508001
6.076867000	-4.921386242	-0.155547583
6.076868000	-4.923104286	-0.156448730
6.076869000	-4.919332027	-0.157455887
6.076870000	-4.911982059	-0.157052552
6.076871000	-4.915311337	-0.157219765
6.076872000	-4.918482780	-0.157773369
6.076873000	-4.918297768	-0.158301474
6.076874000	-4.916703224	-0.158702946
6.076875000	-4.923317909	-0.158241387
6.076876000	-4.924340248	-0.158546402
6.076877000	-4.917640686	-0.159830312
6.076878000	-4.924456120	-0.159670223
6.076879000	-4.914958477	-0.160423598
6.076880000	-4.924094677	-0.161761487
6.076881000	-4.921241283	-0.160977169
6.076882000	-4.917638779	-0.161376377
6.076883000	-4.919991970	-0.161849387
6.076884000	-4.924888134	-0.162311396
6.076885000	-4.924392223	-0.162498416
6.076886000	-4.921242714	-0.161890933
6.076887000	-4.931871414	-0.162708057
6.076888000	-4.922788620	-0.162873539
6.076889000	-4.924436569	-0.163758791
6.076890000	-4.925356865	-0.164676383
6.076891000	-4.924717903	-0.164767213
6.076892000	-4.924179554	-0.165951072
6.076893000	-4.921685219	-0.165401945
6.076894000	-4.922846317	-0.165956881
6.076895000	-4.926959038	-0.166646356
6.076896000	-4.922952175	-0.166397384
6.076897000	-4.928860188	-0.167302593
6.076898000	-4.922383308	-0.167261880
6.076899000	-4.930134773	-0.167986176
6.076900000	-4.927751064	-0.168023677
6.076901000	-4.924609184	-0.168135530
6.076902000	-4.926571846	-0.169261165
6.076903000	-4.933489799	-0.168573869
6.076904000	-4.934650421	-0.169278259
6.076905000	-4.921881199	-0.169966553
6.076906000	-4.925239086	-0.171141340
6.076907000	-4.929214001	-0.170601950
6.076908000	-4.928612709	-0.170809809
6.076909000	-4.928216457	-0.171424400
6.076910000	-4.931700230	-0.171907381
6.076911000	-4.931038380	-0.172207703
6.076912000	-4.934719563	-0.173091855
6.076913000	-4.936859608	-0.173058366
6.076914000	-4.935262203	-0.173518910
6.076915000	-4.932818413	-0.174226945
6.076916000	-4.940043926	-0.174447155
6.076917000	-4.936636925	-0.175024112
6.076918000	-4.937251568	-0.175944500
6.076919000	-4.935286999	-0.175425850
6.076920000	-4.932890892	-0.175887459
6.076921000	-4.947047710	-0.177192341
6.076922000	-4.937318802	-0.177102992
6.076923000	-4.939981937	-0.176867685
6.076924000	-4.935063362	-0.178507577
6.076925000	-4.940313339	-0.179000661
6.076926000	-4.938244820	-0.179868236
6.076927000	-4.938867569	-0.179251115
6.076928000	-4.945720196	-0.179704551
6.076929000	-4.947318077	-0.180179376
6.076930000	-4.942045689	-0.179579133
6.076931000	-4.944719315	-0.180378647
6.076932000	-4.943585396	-0.181068023
6.076933000	-4.940967083	-0.182380462
6.076934000	-4.937108040	-0.181120837
6.076935000	-4.950665951	-0.182658097
6.076936000	-4.948562145	-0.183738641
6.076937000	-4.951435089	-0.183935515
6.076938000	-4.946224689	-0.184125748
6.076939000	-4.953642845	-0.184456762
6.076940000	-4.945183277	-0.185211785
6.076941000	-4.944164753	-0.185663257
6.076942000	-4.949549198	-0.186437838
6.076943000	-4.953967094	-0.186514820
6.076944000	-4.947503090	-0.187620265
6.076945000	-4.945373058	-0.187760314
6.076946000	-4.949167252	-0.188378433
6.076947000	-4.946458340	-0.188893971
6.076948000	-4.953616619	-0.188517916
6.076949000	-4.948358059	-0.189392715
6.076950000	-4.954805851	-0.188833484
6.076951000	-4.952476025	-0.190685147
6.076952000	-4.953883171	-0.190152149
6.076953000	-4.950031281	-0.190592169
6.076954000	-4.954257011	-0.192272508
6.076955000	-4.949811459	-0.193385992
6.076956000	-4.957405090	-0.192901080
6.076957000	-4.953017235	-0.194129963
6.076958000	-4.958500862	-0.193997520
6.076959000	-4.955573082	-0.195042711
6.076960000	-4.958996773	-0.196654689
6.076961000	-4.960985661	-0.196154481
6.076962000	-4.952865124	-0.196016662
6.076963000	-4.962047577	-0.196178699
6.076964000	-4.958849907	-0.198228484
6.076965000	-4.959011078	-0.198539758
6.076966000	-4.960801125	-0.199070742
6.076967000	-4.960332870	-0.198058907
6.076968000	-4.961818695	-0.198652526
6.076969000	-4.960832596	-0.200437227
6.076970000	-4.959301472	-0.200381567
6.076971000	-4.966934681	-0.202014434
6.076972000	-4.962355614	-0.202238123
6.076973000	-4.968402863	-0.201984890
6.076974000	-4.962816238	-0.203380120
6.076975000	-4.970088959	-0.204127935
6.076976000	-4.969842911	-0.204792094
6.076977000	-4.970226765	-0.204824036
6.076978000	-4.964432240	-0.205358515
6.076979000	-4.975914955	-0.206470901
6.076980000	-4.980124474	-0.207601863
6.076981000	-4.970902443	-0.206381968
6.076982000	-4.976883888	-0.207312876
6.076983000	-4.974186420	-0.208255103
6.076984000	-4.973329067	-0.210129735
6.076985000	-4.978140354	-0.210030233
6.076986000	-4.971338272	-0.209369469
6.076987000	-4.977816582	-0.210184763
6.076988000	-4.977721691	-0.210930647
6.076989000	-4.977088928	-0.211738617
6.076990000	-4.978285313	-0.212947243
6.076991000	-4.978136063	-0.213843197
6.076992000	-4.978671551	-0.214168469
6.076993000	-4.975296021	-0.214587267
6.076994000	-4.982458591	-0.216417242
6.076995000	-4.984563828	-0.216579412
6.076996000	-4.987097740	-0.217563982
6.076997000	-4.992617130	-0.218655712
6.076998000	-4.992138386	-0.218669744
6.076999000	-4.988929272	-0.219338430
6.077000000	-4.987945080	-0.218664567
6.077001000	-4.989167690	-0.221101160
6.077002000	-4.988987923	-0.221348334
6.077003000	-4.987058640	-0.221168205
6.077004000	-4.993581295	-0.222229874
6.077005000	-4.992962837	-0.222998662
6.077006000	-4.992912292	-0.224081037
6.077007000	-4.997815609	-0.225063011
6.077008000	-5.002450466	-0.224266077
6.077009000	-4.992371559	-0.226132121
6.077010000	-5.000198841	-0.226957501
6.077011000	-4.994656086	-0.226930120
6.077012000	-5.001415253	-0.228392312
6.077013000	-4.999679565	-0.230289432
6.077014000	-5.002199173	-0.230101912
6.077015000	-5.005485535	-0.230633895
6.077016000	-5.006282330	-0.231508327
6.077017000	-5.004705429	-0.232373921
6.077018000	-5.002001286	-0.233301533
6.077019000	-5.006087780	-0.233571062
6.077020000	-5.014904976	-0.234265498
6.077021000	-5.009336948	-0.235096637
6.077022000	-5.019502640	-0.234737294
6.077023000	-5.008063793	-0.236922733
6.077024000	-5.015785694	-0.238217213
6.077025000	-5.010941982	-0.238033022
6.077026000	-5.017881870	-0.240063066
6.077027000	-5.021443844	-0.240707834
6.077028000	-5.023800373	-0.243345762
6.077029000	-5.026407242	-0.241922585
6.077030000	-5.021393299	-0.242825697
6.077031000	-5.028933048	-0.244557883
6.077032000	-5.024316311	-0.245118312
6.077033000	-5.029593468	-0.245679374
6.077034000	-5.030632973	-0.247474278
6.077035000	-5.029636860	-0.248851382
6.077036000	-5.032437801	-0.249786983
6.077037000	-5.042166710	-0.250202087
6.077038000	-5.038142204	-0.251546501
6.077039000	-5.040024757	-0.252320149
6.077040000	-5.037821770	-0.252679792
6.077041000	-5.036514759	-0.252857625
6.077042000	-5.036175251	-0.254628510
6.077043000	-5.046068668	-0.256595205
6.077044000	-5.048370838	-0.257514561
6.077045000	-5.047562122	-0.259884092
6.077046000	-5.048871994	-0.259455623
6.077047000	-5.050413132	-0.259886722
6.077048000	-5.058450699	-0.262364444
6.077049000	-5.049228668	-0.262403726
6.077050000	-5.051427364	-0.262658008
6.077051000	-5.066948414	-0.265306122
6.077052000	-5.064167500	-0.266503462
6.077053000	-5.069595814	-0.267270686
6.077054000	-5.068688869	-0.268505660
6.077055000	-5.070871830	-0.270054888
6.077056000	-5.076625347	-0.272194771
6.077057000	-5.071638584	-0.271209335
6.077058000	-5.070042133	-0.271425933
6.077059000	-5.080761433	-0.275178011
6.077060000	-5.084431171	-0.274882017
6.077061000	-5.079538345	-0.275897713
6.077062000	-5.085235119	-0.277019470
6.077063000	-5.091657639	-0.279633246
6.077064000	-5.084115028	-0.280050963
6.077065000	-5.083970070	-0.280115644
6.077066000	-5.096784115	-0.281789907
6.077067000	-5.095293045	-0.283801826
6.077068000	-5.100688457	-0.284367348
6.077069000	-5.099214077	-0.284965693
6.077070000	-5.110266685	-0.287900830
6.077071000	-5.105547428	-0.288472444
6.077072000	-5.121179104	-0.290240816
6.077073000	-5.114832401	-0.292724946
6.077074000	-5.119000912	-0.294109857
6.077075000	-5.122527599	-0.294777178
6.077076000	-5.125658035	-0.296599347
6.077077000	-5.126880169	-0.298052634
6.077078000	-5.128670692	-0.298425110
6.077079000	-5.134324074	-0.299712149
6.077080000	-5.139840603	-0.301323129
6.077081000	-5.139781952	-0.302723752
6.077082000	-5.148917198	-0.305819144
6.077083000	-5.150335312	-0.306775119
6.077084000	-5.156614304	-0.308856845
6.077085000	-5.152245045	-0.308439927
6.077086000	-5.151547432	-0.311021129
6.077087000	-5.163951397	-0.312778683
6.077088000	-5.164598942	-0.315760191
6.077089000	-5.172340393	-0.316841468
6.077090000	-5.174308300	-0.319772310
6.077091000	-5.178214550	-0.318883979
6.077092000	-5.183313847	-0.321637122
6.077093000	-5.182275295	-0.323722377
6.077094000	-5.191251278	-0.325546476
6.077095000	-5.201412201	-0.327145804
6.077096000	-5.205696106	-0.329948115
6.077097000	-5.200884342	-0.331145639
6.077098000	-5.210293770	-0.332618034
6.077099000	-5.219073296	-0.336248456
6.077100000	-5.223644257	-0.338730355
6.077101000	-5.232296467	-0.342354518
6.077102000	-5.241527557	-0.345023738
6.077103000	-5.242811203	-0.345599247
6.077104000	-5.260953903	-0.349517622
6.077105000	-5.265161514	-0.353219350
6.077106000	-5.275454044	-0.354790415
6.077107000	-5.279482365	-0.356210945
6.077108000	-5.281518936	-0.359862305
6.077109000	-5.299180031	-0.363060030
6.077110000	-5.297992706	-0.365716899
6.077111000	-5.309355736	-0.367920864
6.077112000	-5.312053680	-0.370709760
6.077113000	-5.329915047	-0.377081806
6.077114000	-5.338853359	-0.379206442
6.077115000	-5.347229481	-0.382407129
6.077116000	-5.367223263	-0.385941543
6.077117000	-5.361124516	-0.387985320
6.077118000	-5.386377335	-0.392868625
6.077119000	-5.395876884	-0.398456237
6.077120000	-5.406024456	-0.399997075
6.077121000	-5.432330608	-0.404818296
6.077122000	-5.431532860	-0.407445204
6.077123000	-5.471894741	-0.419089144
6.077124000	-5.485063076	-0.421246537
6.077125000	-5.518670559	-0.430965278
6.077126000	-5.512210846	-0.428205111
6.077127000	-5.540297985	-0.437233893
6.077128000	-5.581402779	-0.446753196
6.077129000	-5.629246235	-0.459049144
6.077130000	-12.933120728	0.842789751
6.077131000	-12.732343674	0.833851383
6.077132000	-12.666601181	0.833287326
6.077133000	-12.595751762	0.831423513
6.077134000	-12.494346619	0.829902714
6.077135000	-12.445669174	0.825060488
6.077136000	-12.376688004	0.827898486
6.077137000	-12.312709808	0.823565989
6.077138000	-12.276365280	0.824442102
6.077139000	-12.185374260	0.824310675
6.077140000	-12.141607285	0.821613958
6.077141000	-12.133758545	0.822260441
6.077142000	-12.033809662	0.821092511
6.077143000	-11.973668098	0.818049584
6.077144000	-11.934471130	0.818901529
6.077145000	-11.887382507	0.816883452
6.077146000	-11.814251900	0.815074566
6.077147000	-11.803894997	0.814642402
6.077148000	-11.748851776	0.815501671
6.077149000	-11.701316833	0.814072286
6.077150000	-11.660299301	0.812355479
6.077151000	-11.619441032	0.812178112
6.077152000	-11.567304611	0.811587623
6.077153000	-11.510869026	0.808438102
6.077154000	-11.492636681	0.808561074
6.077155000	-11.443741798	0.804268324
6.077156000	-11.381835937	0.804307140
6.077157000	-11.336185455	0.804026243
6.077158000	-11.313542366	0.804863674
6.077159000	-11.271072388	0.802543594
6.077160000	-11.226687431	0.803563652
6.077161000	-11.165678978	0.800026308
6.077162000	-11.127685547	0.799068369
6.077163000	-11.058417320	0.797569675
6.077164000	-11.070308685	0.797371136
6.077165000	-10.985834122	0.795683758
6.077166000	-10.929130554	0.793966019
6.077167000	-10.891663551	0.792304140
6.077168000	-10.852770805	0.791259182
6.077169000	-10.809278488	0.788758274
6.077170000	-10.803140640	0.789836987
6.077171000	-10.757876396	0.787269900
6.077172000	-10.712895393	0.785993180
6.077173000	-10.663576126	0.783892412
6.077174000	-10.642584801	0.783279818
6.077175000	-10.591137886	0.781472864
6.077176000	-10.583917618	0.780804344
6.077177000	-10.541810989	0.778154498
6.077178000	-10.486824036	0.776918126
6.077179000	-10.448190689	0.777294364
6.077180000	-10.423948288	0.774696184
6.077181000	-10.392011642	0.773237837
6.077182000	-10.347293854	0.772684232
6.077183000	-10.316004753	0.768944355
6.077184000	-10.297833443	0.769377252
6.077185000	-10.246114731	0.766885066
6.077186000	-10.227572441	0.767737943
6.077187000	-10.165084839	0.765745166
6.077188000	-10.143820763	0.762933334
6.077189000	-10.111701012	0.763815773
6.077190000	-10.073822021	0.760101928
6.077191000	-10.028943062	0.759335936
6.077192000	-9.997087479	0.758865422
6.077193000	-9.982855797	0.756482825
6.077194000	-9.948914528	0.754451699
6.077195000	-9.898908615	0.753053273
6.077196000	-9.880147934	0.752091805
6.077197000	-9.839640617	0.749970531
6.077198000	-9.792283058	0.745729181
6.077199000	-9.781752586	0.748091804
6.077200000	-9.742452621	0.745682575
6.077201000	-9.726143837	0.744592077
6.077202000	-9.689765930	0.743702848
6.077203000	-9.655049324	0.741248878
6.077204000	-9.652715683	0.740528160
6.077205000	-9.595775604	0.739124874
6.077206000	-9.558485985	0.735392054
6.077207000	-9.543199539	0.735677811
6.077208000	-9.493815422	0.731520750
6.077209000	-9.488686562	0.731102234
6.077210000	-9.436419487	0.726067395
6.077211000	-9.403886795	0.726817608
6.077212000	-9.390228271	0.725644685
6.077213000	-9.366989136	0.725555003
6.077214000	-9.346578598	0.722434777
6.077215000	-9.303556442	0.723830007
6.077216000	-9.294572830	0.722056874
6.077217000	-9.246997833	0.714899296
6.077218000	-9.224389076	0.717356661
6.077219000	-9.201260567	0.715233922
6.077220000	-9.174959183	0.714500354
6.077221000	-9.133828163	0.711719948
6.077222000	-9.109185219	0.710594296
6.077223000	-9.090271950	0.710481911
6.077224000	-9.071482658	0.708669829
6.077225000	-9.034075737	0.706570193
6.077226000	-9.016839027	0.704023812
6.077227000	-8.983507156	0.702802286
6.077228000	-8.969064713	0.700917700
6.077229000	-8.938610077	0.700101375
6.077230000	-8.912998199	0.698704680
6.077231000	-8.883178711	0.695810157
6.077232000	-8.856758118	0.694652414
6.077233000	-8.827419281	0.692946193
6.077234000	-8.812340736	0.691378124
6.077235000	-8.778967857	0.690309997
6.077236000	-8.774618149	0.688956778
6.077237000	-8.758895874	0.689255784
6.077238000	-8.713483810	0.685419368
6.077239000	-8.698641777	0.683770072
6.077240000	-8.665915489	0.680430002
6.077241000	-8.650374413	0.680325007
6.077242000	-8.629398346	0.678478038
6.077243000	-8.603622437	0.677395729
6.077244000	-8.568550110	0.675443433
6.077245000	-8.561403275	0.674028428
6.077246000	-8.520558357	0.672586194
6.077247000	-8.504626274	0.669241596
6.077248000	-8.492129326	0.668717353
6.077249000	-8.462846756	0.663822596
6.077250000	-8.425391197	0.664349636
6.077251000	-8.410084724	0.661924228
6.077252000	-8.413918495	0.661743932
6.077253000	-8.377989769	0.660376998
6.077254000	-8.346323967	0.658089542
6.077255000	-8.320119858	0.656496040
6.077256000	-8.325774193	0.655119452
6.077257000	-8.308680534	0.655740901
6.077258000	-8.280714989	0.652359751
6.077259000	-8.260540009	0.649631210
6.077260000	-8.229328156	0.649460102
6.077261000	-8.205430031	0.647899423
6.077262000	-8.192967415	0.646275294
6.077263000	-8.165426254	0.642113971
6.077264000	-8.158118248	0.642772704
6.077265000	-8.133012772	0.639165186
6.077266000	-8.116080284	0.637170346
6.077267000	-8.072938919	0.635351207
6.077268000	-8.075596809	0.634437743
6.077269000	-8.051237106	0.632367068
6.077270000	-8.032649040	0.630700462
6.077271000	-8.013171196	0.630367434
6.077272000	-7.979781628	0.627111520
6.077273000	-7.970085621	0.624550025
6.077274000	-7.964433670	0.627348141
6.077275000	-7.937407494	0.623038015
6.077276000	-7.906677723	0.620606815
6.077277000	-7.890899181	0.618465101
6.077278000	-7.866243362	0.617753038
6.077279000	-7.862018585	0.616367595
6.077280000	-7.857190132	0.615120836
6.077281000	-7.833353043	0.612670462
6.077282000	-7.810661793	0.611620844
6.077283000	-7.801252842	0.610066423
6.077284000	-7.779567719	0.607950275
6.077285000	-7.754957676	0.606203175
6.077286000	-7.718577862	0.603559322
6.077287000	-7.709234715	0.603417442
6.077288000	-7.699610233	0.599625966
6.077289000	-7.666966915	0.598815832
6.077290000	-7.658515453	0.596360331
6.077291000	-7.640616417	0.595294934
6.077292000	-7.632211685	0.593988054
6.077293000	-7.604490757	0.591388742
6.077294000	-7.604502678	0.591041533
6.077295000	-7.580312729	0.589249958
6.077296000	-7.556044102	0.587554855
6.077297000	-7.543766975	0.584581569
6.077298000	-7.530222893	0.583670435
6.077299000	-7.511665821	0.581623796
6.077300000	-7.497203350	0.580558066
6.077301000	-7.470881939	0.577830722
6.077302000	-7.468613148	0.576893822
6.077303000	-7.451391220	0.576350670
6.077304000	-7.429703712	0.572750609
6.077305000	-7.422259808	0.571304713
6.077306000	-7.385765076	0.569506213
6.077307000	-7.377741814	0.567968038
6.077308000	-7.354592800	0.566433258
6.077309000	-7.348039627	0.564828238
6.077310000	-7.328865051	0.562233919
6.077311000	-7.293797970	0.559254774
6.077312000	-7.288021564	0.558595176
6.077313000	-7.271787167	0.557616364
6.077314000	-7.270585537	0.556316742
6.077315000	-7.256435871	0.553119717
6.077316000	-7.251532078	0.554023926
6.077317000	-7.222935677	0.550268104
6.077318000	-7.214057446	0.549791531
6.077319000	-7.211685181	0.549853083
6.077320000	-7.186863422	0.545931811
6.077321000	-7.158663750	0.543467289
6.077322000	-7.165464878	0.544587082
6.077323000	-7.143802643	0.542490009
6.077324000	-7.122507095	0.538905793
6.077325000	-7.106029034	0.536645302
6.077326000	-7.108360767	0.536187538
6.077327000	-7.068539619	0.533497213
6.077328000	-7.073987484	0.532314736
6.077329000	-7.052696228	0.529603238
6.077330000	-7.033797741	0.528851694
6.077331000	-7.012545586	0.526547927
6.077332000	-7.002974033	0.524280312
6.077333000	-6.994229317	0.523078694
6.077334000	-6.981035233	0.522073583
6.077335000	-6.971343517	0.519201830
6.077336000	-6.958060265	0.518908450
6.077337000	-6.946529388	0.517255659
6.077338000	-6.932595730	0.516738539
6.077339000	-6.917171955	0.513248933
6.077340000	-6.915506363	0.513357590
6.077341000	-6.894454002	0.511073296
6.077342000	-6.888750553	0.509447537
6.077343000	-6.865815639	0.506819130
6.077344000	-6.839072704	0.504391725
6.077345000	-6.841236591	0.504036126
6.077346000	-6.821382046	0.501301959
6.077347000	-6.825786114	0.502181401
6.077348000	-6.800725937	0.498947325
6.077349000	-6.793150425	0.498041817
6.077350000	-6.774517536	0.495844709
6.077351000	-6.773779869	0.494121544
6.077352000	-6.757526875	0.493714180
6.077353000	-6.749619484	0.492181864
6.077354000	-6.734272957	0.490118913
6.077355000	-6.714197159	0.487556552
6.077356000	-6.710201263	0.487504787
6.077357000	-6.694149494	0.483718171
6.077358000	-6.687561989	0.482887099
6.077359000	-6.676104546	0.481942808
6.077360000	-6.657776356	0.479056075
6.077361000	-6.645200729	0.477789142
6.077362000	-6.625636578	0.475863211
6.077363000	-6.624258518	0.474384924
6.077364000	-6.619967461	0.472683730
6.077365000	-6.602871418	0.471295424
6.077366000	-6.590316296	0.471277580
6.077367000	-6.586658478	0.468050029
6.077368000	-6.573271275	0.465743199
6.077369000	-6.561132431	0.464841120
6.077370000	-6.545348167	0.461693396
6.077371000	-6.547965527	0.462633958
6.077372000	-6.529384613	0.459505609
6.077373000	-6.505048752	0.457563266
6.077374000	-6.504219532	0.456812188
6.077375000	-6.496276379	0.455791765
6.077376000	-6.484087944	0.453959810
6.077377000	-6.476799011	0.452379124
6.077378000	-6.471210480	0.450459750
6.077379000	-6.457197666	0.448812718
6.077380000	-6.443809032	0.447719990
6.077381000	-6.426470280	0.445109393
6.077382000	-6.413112164	0.442412942
6.077383000	-6.402628422	0.441566190
6.077384000	-6.403589249	0.440166932
6.077385000	-6.388061523	0.439337324
6.077386000	-6.374236584	0.436541471
6.077387000	-6.369629383	0.436475358
6.077388000	-6.358071804	0.434004011
6.077389000	-6.354360104	0.432625159
6.077390000	-6.333209515	0.429434892
6.077391000	-6.317647457	0.427500771
6.077392000	-6.324651241	0.428944338
6.077393000	-6.311518669	0.425654235
6.077394000	-6.295054436	0.424803755
6.077395000	-6.289817333	0.422474488
6.077396000	-6.283047676	0.421527734
6.077397000	-6.270726204	0.419011280
6.077398000	-6.264693260	0.418287932
6.077399000	-6.245016098	0.415704299
6.077400000	-6.246191502	0.415212946
6.077401000	-6.240831375	0.414168055
6.077402000	-6.230377674	0.412247716
6.077403000	-6.218605518	0.410010627
6.077404000	-6.206635475	0.408981948
6.077405000	-6.196678638	0.406903750
6.077406000	-6.188152790	0.405324363
6.077407000	-6.177407265	0.403426261
6.077408000	-6.171702862	0.402995928
6.077409000	-6.164107800	0.401957927
6.077410000	-6.158237934	0.399798537
6.077411000	-6.152872562	0.398503874
6.077412000	-6.132870674	0.395231215
6.077413000	-6.126784801	0.393438875
6.077414000	-6.125759602	0.393576194
6.077415000	-6.107013702	0.391349392
6.077416000	-6.107545376	0.391789379
6.077417000	-6.088653564	0.389380517
6.077418000	-6.090268135	0.387573928
6.077419000	-6.086253643	0.385706053
6.077420000	-6.069694042	0.384650010
6.077421000	-6.068619728	0.383582915
6.077422000	-6.055295944	0.383031774
6.077423000	-6.051750183	0.381549625
6.077424000	-6.045294762	0.379607980
6.077425000	-6.028424740	0.377515235
6.077426000	-6.024040699	0.377681783
6.077427000	-6.013459206	0.373670330
6.077428000	-6.016849995	0.372922747
6.077429000	-5.999289989	0.372146569
6.077430000	-6.011003494	0.370814522
6.077431000	-5.990901947	0.369092156
6.077432000	-5.983329773	0.368686423
6.077433000	-5.975349903	0.366523504
6.077434000	-5.962697983	0.363101309
6.077435000	-5.962982655	0.362880632
6.077436000	-5.953930855	0.362206719
6.077437000	-5.932949066	0.360037741
6.077438000	-5.941139698	0.358886690
6.077439000	-5.937283516	0.357726117
6.077440000	-5.928428173	0.355874022
6.077441000	-5.924369335	0.355325844
6.077442000	-5.918264866	0.353189689
6.077443000	-5.905622959	0.351969961
6.077444000	-5.897189617	0.350787018
6.077445000	-5.895439625	0.349271446
6.077446000	-5.896225929	0.348255684
6.077447000	-5.893151283	0.347339023
6.077448000	-5.877600193	0.345804310
6.077449000	-5.876921177	0.344510380
6.077450000	-5.864457130	0.342743706
6.077451000	-5.853157520	0.339985670
6.077452000	-5.843450546	0.339402071
6.077453000	-5.838542461	0.339330665
6.077454000	-5.839306355	0.337711829
6.077455000	-5.840797901	0.337059754
6.077456000	-5.826303959	0.335512191
6.077457000	-5.818941593	0.333924548
6.077458000	-5.819843769	0.332778956
6.077459000	-5.812437057	0.331233490
6.077460000	-5.813350677	0.330291264
6.077461000	-5.798124313	0.327601205
6.077462000	-5.790891647	0.326596594
6.077463000	-5.783359528	0.326381510
6.077464000	-5.775179863	0.323931202
6.077465000	-5.772703171	0.323484524
6.077466000	-5.774630547	0.322040158
6.077467000	-5.762748718	0.321071234
6.077468000	-5.760119915	0.319550236
6.077469000	-5.744332790	0.316513000
6.077470000	-5.749102592	0.317261881
6.077471000	-5.740117550	0.315524668
6.077472000	-5.732169628	0.313795378
6.077473000	-5.733180523	0.313228357
6.077474000	-5.726578712	0.312349914
6.077475000	-5.722954273	0.310351910
6.077476000	-5.714732647	0.309605526
6.077477000	-5.708490372	0.308504476
6.077478000	-5.706490040	0.307524998
6.077479000	-5.702589035	0.306424014
6.077480000	-5.690029144	0.305601663
6.077481000	-5.690951824	0.303529025
6.077482000	-5.679871082	0.301056546
6.077483000	-5.677526474	0.300627278
6.077484000	-5.676118851	0.300570652
6.077485000	-5.675475121	0.298381334
6.077486000	-5.664232254	0.298273909
6.077487000	-5.666162968	0.296781640
6.077488000	-5.655198574	0.296640892
6.077489000	-5.663820744	0.295296495
6.077490000	-5.657479763	0.294659300
6.077491000	-5.649851799	0.293105479
6.077492000	-5.636895180	0.290959371
6.077493000	-5.638807297	0.290007357
6.077494000	-5.632123947	0.289469798
6.077495000	-5.624304295	0.286572612
6.077496000	-5.624136448	0.285006606
6.077497000	-5.621778488	0.284787761
6.077498000	-5.609915733	0.284550407
6.077499000	-5.612805367	0.283378083
6.077500000	-5.603710175	0.281522559
6.077501000	-5.590617180	0.281669100
6.077502000	-5.597564220	0.280039511
6.077503000	-5.588737488	0.278823312
6.077504000	-5.590984821	0.278247720
6.077505000	-5.576877594	0.277196737
6.077506000	-5.583844185	0.275662906
6.077507000	-5.567603588	0.274166226
6.077508000	-5.569446564	0.273681847
6.077509000	-5.565831661	0.271860744
6.077510000	-5.561231613	0.272031020
6.077511000	-5.555767059	0.271771911
6.077512000	-5.558076382	0.269919782
6.077513000	-5.548909664	0.269178242
6.077514000	-5.549700737	0.267467826
6.077515000	-5.538349628	0.266041254
6.077516000	-5.540426254	0.265024160
6.077517000	-5.538598061	0.265641297
6.077518000	-5.530809879	0.263800837
6.077519000	-5.529949188	0.262052238
6.077520000	-5.525559425	0.261176591
6.077521000	-5.519789696	0.260748721
6.077522000	-5.515689850	0.260228522
6.077523000	-5.515458584	0.258890367
6.077524000	-5.507992268	0.257522101
6.077525000	-5.504146099	0.255805827
6.077526000	-5.502500057	0.255900536
6.077527000	-5.503377438	0.256132464
6.077528000	-5.493352413	0.255155350
6.077529000	-5.490350246	0.252662565
6.077530000	-5.490255833	0.252390956
6.077531000	-5.483385086	0.250424860
6.077532000	-5.479136467	0.250358315
6.077533000	-5.479537964	0.248686998
6.077534000	-5.474693775	0.247931376
6.077535000	-5.472760677	0.246669287
6.077536000	-5.470156670	0.246219330
6.077537000	-5.467067242	0.246249723
6.077538000	-5.454181671	0.244099686
6.077539000	-5.457203865	0.243167097
6.077540000	-5.452692032	0.242426106
6.077541000	-5.452959061	0.240883836
6.077542000	-5.450306416	0.240066645
6.077543000	-5.442361832	0.238444264
6.077544000	-5.435123444	0.238243894
6.077545000	-5.434778690	0.237731602
6.077546000	-5.436258793	0.236054676
6.077547000	-5.426801682	0.236546579
6.077548000	-5.427785873	0.235211253
6.077549000	-5.423254013	0.233046120
6.077550000	-5.425820827	0.233188116
6.077551000	-5.422060490	0.232166810
6.077552000	-5.419284344	0.231603685
6.077553000	-5.421775818	0.230162699
6.077554000	-5.408725739	0.229391480
6.077555000	-5.412250519	0.228777672
6.077556000	-5.407291412	0.228311019
6.077557000	-5.410825729	0.226487087
6.077558000	-5.404522896	0.225300865
6.077559000	-5.400973320	0.224614868
6.077560000	-5.399472713	0.224551851
6.077561000	-5.395442963	0.223970483
6.077562000	-5.396187782	0.222809861
6.077563000	-5.394547462	0.222219338
6.077564000	-5.386461258	0.220666632
6.077565000	-5.383598328	0.220229307
6.077566000	-5.379840851	0.218789436
6.077567000	-5.378538132	0.218302327
6.077568000	-5.376868248	0.219140774
6.077569000	-5.372620106	0.217128389
6.077570000	-5.375270844	0.216505775
6.077571000	-5.368924618	0.215297233
6.077572000	-5.366969585	0.214983796
6.077573000	-5.360445976	0.214456706
6.077574000	-5.357047558	0.213615846
6.077575000	-5.354952335	0.212169833
6.077576000	-5.357276917	0.211157183
6.077577000	-5.360167027	0.211935242
6.077578000	-5.353317738	0.210489029
6.077579000	-5.344373226	0.209121978
6.077580000	-5.352129459	0.209146080
6.077581000	-5.348220348	0.207049656
6.077582000	-5.345155716	0.206787801
6.077583000	-5.344327450	0.206637565
6.077584000	-5.348004818	0.206270681
6.077585000	-5.337351799	0.205478125
6.077586000	-5.337781429	0.205111524
6.077587000	-5.342410564	0.204347530
6.077588000	-5.330121040	0.202994710
6.077589000	-5.332122803	0.202546217
6.077590000	-5.327521324	0.200925451
6.077591000	-5.324612141	0.201112388
6.077592000	-5.322589874	0.200014467
6.077593000	-5.327558041	0.199943943
6.077594000	-5.321644306	0.198997106
6.077595000	-5.313914776	0.197116897
6.077596000	-5.313386440	0.197366918
6.077597000	-5.317380428	0.196072872
6.077598000	-5.310117722	0.195922320
6.077599000	-5.306768894	0.195574744
6.077600000	-5.313038826	0.193876663
6.077601000	-5.304577827	0.194194577
6.077602000	-5.308608055	0.192417350
6.077603000	-5.303971291	0.192648163
6.077604000	-5.297441959	0.192338021
6.077605000	-5.301576138	0.190834101
6.077606000	-5.299341679	0.189151266
6.077607000	-5.290264130	0.188809882
6.077608000	-5.297121525	0.188702407
6.077609000	-5.288715363	0.188074583
6.077610000	-5.289120197	0.187011699
6.077611000	-5.288900375	0.186695266
6.077612000	-5.283289433	0.185818220
6.077613000	-5.278899193	0.186779821
6.077614000	-5.286324978	0.185540020
6.077615000	-5.270592690	0.184412238
6.077616000	-5.275040627	0.183723760
6.077617000	-5.272565842	0.182457461
6.077618000	-5.272366524	0.182194623
6.077619000	-5.271600723	0.181802922
6.077620000	-5.273455143	0.180624390
6.077621000	-5.264230251	0.180209553
6.077622000	-5.272950172	0.179505946
6.077623000	-5.264673710	0.179921149
6.077624000	-5.264500618	0.178136299
6.077625000	-5.260555267	0.177686907
6.077626000	-5.263946056	0.177498771
6.077627000	-5.256041527	0.175719746
6.077628000	-5.259933472	0.175701837
6.077629000	-5.256850719	0.175363898
6.077630000	-5.254981995	0.175105621
6.077631000	-5.247367859	0.174255440
6.077632000	-5.251542091	0.173946580
6.077633000	-5.247155666	0.173987610
6.077634000	-5.248495579	0.172168488
6.077635000	-5.247366905	0.172282870
6.077636000	-5.247291565	0.171943833
6.077637000	-5.248067379	0.171054404
6.077638000	-5.241420269	0.170771526
6.077639000	-5.236876011	0.170497820
6.077640000	-5.240279198	0.169711871
6.077641000	-5.239905834	0.168704697
6.077642000	-5.242396832	0.167911391
6.077643000	-5.237970352	0.168443158
6.077644000	-5.228027344	0.167515546
6.077645000	-5.238481998	0.166871810
6.077646000	-5.236170292	0.167723588
6.077647000	-5.231311798	0.165527130
6.077648000	-5.224903107	0.165640364
6.077649000	-5.226932526	0.165148511
6.077650000	-5.226413250	0.163029368
6.077651000	-5.226469517	0.162640246
6.077652000	-5.225466728	0.162114838
6.077653000	-5.219547749	0.161785588
6.077654000	-5.220558167	0.161883393
6.077655000	-5.221313477	0.160830628
6.077656000	-5.213898659	0.159669390
6.077657000	-5.221832752	0.159452093
6.077658000	-5.212670803	0.159773121
6.077659000	-5.213314056	0.159160777
6.077660000	-5.207567692	0.157822239
6.077661000	-5.220485210	0.157928083
6.077662000	-5.216722965	0.157085109
6.077663000	-5.213088036	0.156630590
6.077664000	-5.214620113	0.156091267
6.077665000	-5.210353851	0.156346947
6.077666000	-5.207854271	0.154350808
6.077667000	-5.206116676	0.154763082
6.077668000	-5.205033302	0.154243882
6.077669000	-5.207958221	0.155241436
6.077670000	-5.205946445	0.154459115
6.077671000	-5.203970432	0.153670853
6.077672000	-5.197995186	0.153020060
6.077673000	-5.195075035	0.151932674
6.077674000	-5.193325520	0.151311143
6.077675000	-5.186553001	0.151660433
6.077676000	-5.193990707	0.150779159
6.077677000	-5.189983845	0.150100420
6.077678000	-5.195911407	0.150291268
6.077679000	-5.196692944	0.149115350
6.077680000	-5.193986893	0.149173124
6.077681000	-5.189271927	0.148780624
6.077682000	-5.190253735	0.147825214
6.077683000	-5.185765743	0.148556602
6.077684000	-5.192228794	0.147729091
6.077685000	-5.184423923	0.146194295
6.077686000	-5.183614254	0.146193512
6.077687000	-5.185958862	0.146739244
6.077688000	-5.184000492	0.144718088
6.077689000	-5.185354233	0.144640357
6.077690000	-5.181801319	0.144319246
6.077691000	-5.178779602	0.144490105
6.077692000	-5.174738884	0.142957405
6.077693000	-5.182001114	0.143666672
6.077694000	-5.173898697	0.143516453
6.077695000	-5.181262016	0.142212403
6.077696000	-5.173536777	0.140921319
6.077697000	-5.171664238	0.140830788
6.077698000	-5.170173168	0.140311205
6.077699000	-5.163897038	0.140937914
6.077700000	-5.164074421	0.140190614
6.077701000	-5.169871330	0.139748896
6.077702000	-5.164980412	0.138395760
6.077703000	-5.160633087	0.138487115
6.077704000	-5.164799690	0.137506173
6.077705000	-5.163643837	0.137395552
6.077706000	-5.166249752	0.136651057
6.077707000	-5.159118652	0.136829347
6.077708000	-5.167747021	0.136937280
6.077709000	-5.163418293	0.136555541
6.077710000	-5.158207893	0.135917847
6.077711000	-5.157837868	0.135484684
6.077712000	-5.165301323	0.135450778
6.077713000	-5.164948940	0.135592608
6.077714000	-5.155642986	0.134152113
6.077715000	-5.162279606	0.134260104
6.077716000	-5.154794216	0.133890707
6.077717000	-5.157145977	0.133137298
6.077718000	-5.150409222	0.131704626
6.077719000	-5.147933483	0.131879155
6.077720000	-5.148708820	0.131805452
6.077721000	-5.145916462	0.130985498
6.077722000	-5.147411346	0.131019328
6.077723000	-5.153508186	0.132059101
6.077724000	-5.147004128	0.130873187
6.077725000	-5.154557228	0.130039068
6.077726000	-5.146553516	0.129798427
6.077727000	-5.142109871	0.128936678
6.077728000	-5.143797874	0.128885121
6.077729000	-5.133642673	0.128745097
6.077730000	-5.145470619	0.128348069
6.077731000	-5.143100739	0.127156230
6.077732000	-5.139928341	0.127335011
6.077733000	-5.141499519	0.127437135
6.077734000	-5.142267704	0.127903554
6.077735000	-5.150736332	0.126369224
6.077736000	-5.142590046	0.124704798
6.077737000	-5.140202522	0.125224797
6.077738000	-5.140038490	0.124387033
6.077739000	-5.142644882	0.124678758
6.077740000	-5.140539169	0.124404410
6.077741000	-5.133652687	0.124212338
6.077742000	-5.137407780	0.123290801
6.077743000	-5.130376816	0.124086213
6.077744000	-5.127351284	0.122075401
6.077745000	-5.126439571	0.122325905
6.077746000	-5.129543781	0.122609606
6.077747000	-5.126263618	0.121361025
6.077748000	-5.133875847	0.122387906
6.077749000	-5.137910843	0.121405009
6.077750000	-5.128099442	0.120605769
6.077751000	-5.133046627	0.120819305
6.077752000	-5.127362251	0.119353401
6.077753000	-5.123226643	0.119863538
6.077754000	-5.132935047	0.119036684
6.077755000	-5.120777607	0.118475731
6.077756000	-5.122512817	0.119487050
6.077757000	-5.127220631	0.117849148
6.077758000	-5.117845535	0.117941235
6.077759000	-5.127437592	0.117668236
6.077760000	-5.122003078	0.117564689
6.077761000	-5.119944572	0.116933836
6.077762000	-5.120396137	0.116731785
6.077763000	-5.121791840	0.115675126
6.077764000	-5.115851402	0.115898490
6.077765000	-5.121015072	0.115551655
6.077766000	-5.107167244	0.114845035
6.077767000	-5.123609066	0.115087283
6.077768000	-5.119324207	0.113498175
6.077769000	-5.120942116	0.113847773
6.077770000	-5.115658283	0.114985966
6.077771000	-5.111978054	0.114181659
6.077772000	-5.117362976	0.112948407
6.077773000	-5.116134167	0.113455747
6.077774000	-5.113651752	0.112491567
6.077775000	-5.112893581	0.111772471
6.077776000	-5.112838268	0.111902317
6.077777000	-5.113070488	0.112236769
6.077778000	-5.113710880	0.112519338
6.077779000	-5.114329338	0.111746880
6.077780000	-5.110325336	0.111889792
6.077781000	-5.118369102	0.109950095
6.077782000	-5.107973099	0.111233564
6.077783000	-5.112780094	0.110461123
6.077784000	-5.109763622	0.110289499
6.077785000	-5.109799385	0.110049373
6.077786000	-5.098941803	0.108926226
6.077787000	-5.110360622	0.108858066
6.077788000	-5.107850075	0.108339074
6.077789000	-5.107732296	0.108192559
6.077790000	-5.106987476	0.108363068
6.077791000	-5.109255314	0.106921524
6.077792000	-5.103869915	0.107892570
6.077793000	-5.106832027	0.106405644
6.077794000	-5.103257179	0.106674432
6.077795000	-5.093805790	0.106123982
6.077796000	-5.103299618	0.106148757
6.077797000	-5.102262974	0.106092839
6.077798000	-5.101201534	0.104333522
6.077799000	-5.101258278	0.104220737
6.077800000	-5.099826336	0.104624838
6.077801000	-5.097234726	0.104315479
6.077802000	-5.099589348	0.103166367
6.077803000	-5.094911575	0.103416512
6.077804000	-5.092622757	0.104268166
6.077805000	-5.089462280	0.103163088
6.077806000	-5.087283134	0.102836509
6.077807000	-5.090660572	0.103408015
6.077808000	-5.091103554	0.102414689
6.077809000	-5.096992970	0.103025394
6.077810000	-5.096526146	0.102623198
6.077811000	-5.089085102	0.101594702
6.077812000	-5.091283798	0.101550294
6.077813000	-5.093307495	0.101311392
6.077814000	-5.092657089	0.100861500
6.077815000	-5.093737125	0.100364946
6.077816000	-5.090829372	0.099439239
6.077817000	-5.087718010	0.100251071
6.077818000	-5.087641239	0.099845796
6.077819000	-5.088788986	0.099826488
6.077820000	-5.088938713	0.098586478
6.077821000	-5.093196869	0.099266924
6.077822000	-5.082290173	0.099044001
6.077823000	-5.089277744	0.098742315
6.077824000	-5.088526726	0.098246077
6.077825000	-5.090772152	0.098296269
6.077826000	-5.084605217	0.097049360
6.077827000	-5.084933758	0.097738986
6.077828000	-5.081692219	0.097385809
6.077829000	-5.087957382	0.097148671
6.077830000	-5.087224483	0.096218554
6.077831000	-5.078860283	0.095426779
6.077832000	-5.080516815	0.096310425
6.077833000	-5.080195427	0.095467010
6.077834000	-5.081070900	0.094780164
6.077835000	-5.073801041	0.096209391
6.077836000	-5.074116707	0.095301478
6.077837000	-5.082327366	0.095249155
6.077838000	-5.078315735	0.095052863
6.077839000	-5.077628613	0.094668594
6.077840000	-5.075135231	0.093722107
6.077841000	-5.082519531	0.094248622
6.077842000	-5.079762459	0.093348257
6.077843000	-5.073702335	0.093467783
6.077844000	-5.070968628	0.093049434
6.077845000	-5.074840069	0.092088615
6.077846000	-5.068218708	0.091502029
6.077847000	-5.079368114	0.092145299
6.077848000	-5.076722145	0.091864027
6.077849000	-5.075219154	0.091320726
6.077850000	-5.070369720	0.090965943
6.077851000	-5.075906277	0.091372949
6.077852000	-5.072179317	0.090212709
6.077853000	-5.072997093	0.090568899
6.077854000	-5.076652050	0.091061991
6.077855000	-5.069349766	0.090089879
6.077856000	-5.068536758	0.090043907
6.077857000	-5.073920250	0.089817721
6.077858000	-5.068518162	0.090040328
6.077859000	-5.064388275	0.089049790
6.077860000	-5.065759659	0.089162234
6.077861000	-5.067547798	0.088687143
6.077862000	-5.069345951	0.088395668
6.077863000	-5.070427418	0.088986141
6.077864000	-5.069379807	0.087192427
6.077865000	-5.065552235	0.087580324
6.077866000	-5.063133717	0.088053027
6.077867000	-5.063834190	0.087300143
6.077868000	-5.058421135	0.087040751
6.077869000	-5.062680721	0.086788367
6.077870000	-5.064115047	0.086362669
6.077871000	-5.064576149	0.086188831
6.077872000	-5.065526485	0.086161575
6.077873000	-5.053886890	0.086163556
6.077874000	-5.064731598	0.085475079
6.077875000	-5.063020229	0.085685361
6.077876000	-5.063025951	0.086268102
6.077877000	-5.067475796	0.085310479
6.077878000	-5.063550949	0.084993829
6.077879000	-5.056245327	0.085203869
6.077880000	-5.054990292	0.085218159
6.077881000	-5.062151432	0.083601487
6.077882000	-5.061232567	0.084189047
6.077883000	-5.056856632	0.083665003
6.077884000	-5.065686703	0.083199583
6.077885000	-5.059018612	0.083948755
6.077886000	-5.054985046	0.083681282
6.077887000	-5.066150665	0.083208929
6.077888000	-5.058186531	0.083446333
6.077889000	-5.058945179	0.083059650
6.077890000	-5.060673237	0.081679101
6.077891000	-5.049570084	0.081456644
6.077892000	-5.049153328	0.081851141
6.077893000	-5.059885025	0.081614794
6.077894000	-5.059361458	0.081626095
6.077895000	-5.054303646	0.082024072
6.077896000	-5.050812244	0.081452998
6.077897000	-5.054489613	0.080491880
6.077898000	-5.052397728	0.080991281
6.077899000	-5.052995205	0.079774466
6.077900000	-5.051909447	0.080538452
6.077901000	-5.047473431	0.079450859
6.077902000	-5.055629730	0.079693573
6.077903000	-5.049491405	0.079247585
6.077904000	-5.047408104	0.079149505
6.077905000	-5.045352459	0.078514957
6.077906000	-5.053503513	0.078632752
6.077907000	-5.049806118	0.078633327
6.077908000	-5.053067207	0.079528873
6.077909000	-5.050227642	0.077820172
6.077910000	-5.041619301	0.078395914
6.077911000	-5.048558235	0.077879910
6.077912000	-5.051728249	0.077791776
6.077913000	-5.042871475	0.077927564
6.077914000	-5.045686722	0.077709767
6.077915000	-5.057558060	0.078103541
6.077916000	-5.044730663	0.076399867
6.077917000	-5.042432785	0.076764836
6.077918000	-5.046954155	0.075872477
6.077919000	-5.041515827	0.077096766
6.077920000	-5.040357113	0.076227693
6.077921000	-5.047389507	0.075476956
6.077922000	-5.044237137	0.076325964
6.077923000	-5.046201706	0.074665017
6.077924000	-5.051582813	0.074956100
6.077925000	-5.045680523	0.075271410
6.077926000	-5.046630383	0.075469208
6.077927000	-5.038472652	0.075172898
6.077928000	-5.042676926	0.074858129
6.077929000	-5.037661552	0.074506359
6.077930000	-5.038382530	0.074066122
6.077931000	-5.041474342	0.074422536
6.077932000	-5.041019440	0.073666315
6.077933000	-5.043638706	0.074010362
6.077934000	-5.039256096	0.073178732
6.077935000	-5.041080952	0.073788779
6.077936000	-5.042037487	0.072708276
6.077937000	-5.039867401	0.072171125
6.077938000	-5.040526390	0.072982057
6.077939000	-5.036235332	0.072126084
6.077940000	-5.035854816	0.072153448
6.077941000	-5.038987160	0.071954144
6.077942000	-5.028117657	0.072161412
6.077943000	-5.035783768	0.071789444
6.077944000	-5.032367706	0.071810399
6.077945000	-5.032824039	0.071813063
6.077946000	-5.036266327	0.071058464
6.077947000	-5.031211376	0.070635671
6.077948000	-5.045873642	0.070965428
6.077949000	-5.035548210	0.070687686
6.077950000	-5.040360928	0.070083905
6.077951000	-5.041616440	0.071080444
6.077952000	-5.040918350	0.069880515
6.077953000	-5.035755157	0.070914029
6.077954000	-5.030847073	0.069826869
6.077955000	-5.036973476	0.069866242
6.077956000	-5.039681911	0.069391729
6.077957000	-5.033559322	0.069197177
6.077958000	-5.039258480	0.068885782
6.077959000	-5.034059048	0.069205641
6.077960000	-5.032083988	0.068286209
6.077961000	-5.032104492	0.069039568
6.077962000	-5.035752296	0.068941696
6.077963000	-5.033325672	0.068762370
6.077964000	-5.031724930	0.067665347
6.077965000	-5.035895348	0.068956489
6.077966000	-5.033991337	0.067700393
6.077967000	-5.033926010	0.067748363
6.077968000	-5.032828808	0.066983628
6.077969000	-5.033741474	0.067167282
6.077970000	-5.031715870	0.067610132
6.077971000	-5.036583424	0.067192495
6.077972000	-5.031015873	0.066897163
6.077973000	-5.035543919	0.066416941
6.077974000	-5.031822681	0.066917740
6.077975000	-5.033047199	0.066896747
6.077976000	-5.032562256	0.066701757
6.077977000	-5.033638477	0.066642619
6.077978000	-5.030395985	0.066392111
6.077979000	-5.034580231	0.065883056
6.077980000	-5.029213428	0.066564925
6.077981000	-5.032529831	0.064961307
6.077982000	-5.034637928	0.065353819
6.077983000	-5.028569698	0.065377059
6.077984000	-5.027527809	0.065461985
6.077985000	-5.030206203	0.064757383
6.077986000	-5.040297985	0.065469767
6.077987000	-5.031578541	0.064747209
6.077988000	-5.025067806	0.064227789
6.077989000	-5.035820961	0.064704649
6.077990000	-5.030349255	0.064819061
6.077991000	-5.027762413	0.063306706
6.077992000	-5.034885406	0.063589113
6.077993000	-5.032362938	0.063738758
6.077994000	-5.026700974	0.063462908
6.077995000	-5.029263496	0.063444795
6.077996000	-5.028575897	0.062803239
6.077997000	-5.029539108	0.062447158
6.077998000	-5.025657177	0.063045691
6.077999000	-5.030027390	0.062604318
6.078000000	-5.023324490	0.062496110
6.078001000	-5.024851799	0.062614791
6.078002000	-5.024472237	0.062524930
6.078003000	-5.027468681	0.062095566
6.078004000	-5.033774853	0.061194698
6.078005000	-5.033265591	0.062513695
6.078006000	-5.024432659	0.061897427
6.078007000	-5.031780243	0.062266317
6.078008000	-5.023957729	0.061729731
6.078009000	-5.032773018	0.061893899
6.078010000	-5.033757687	0.061906694
6.078011000	-5.028698444	0.060941602
6.078012000	-5.024014473	0.059445580
6.078013000	-5.025506973	0.061434125
6.078014000	-5.024795532	0.060256242
6.078015000	-5.028944016	0.060155886
6.078016000	-5.033178329	0.060246321
6.078017000	-5.026560783	0.059860637
6.078018000	-5.025764942	0.059106730
6.078019000	-5.019847870	0.059234083
6.078020000	-5.027040005	0.059668411
6.078021000	-5.019084930	0.059134901
6.078022000	-5.020476818	0.059023281
6.078023000	-5.022295952	0.058280846
6.078024000	-5.019078732	0.058534059
6.078025000	-5.019756794	0.058580344
6.078026000	-5.020679474	0.059321173
6.078027000	-5.017275810	0.059636520
6.078028000	-5.023506641	0.058469935
6.078029000	-5.021812916	0.058514613
6.078030000	-5.025210381	0.058611066
6.078031000	-5.018430710	0.058532810
6.078032000	-5.023486614	0.057446969
6.078033000	-5.026188374	0.058055609
6.078034000	-5.018702507	0.057299388
6.078035000	-5.019712925	0.057389303
6.078036000	-5.020574570	0.056647638
6.078037000	-5.021965027	0.057315355
6.078038000	-5.028708935	0.056911199
6.078039000	-5.021491051	0.057188571
6.078040000	-5.020885468	0.056376103
6.078041000	-5.014882088	0.055934689
6.078042000	-5.021748543	0.056496969
6.078043000	-5.020115852	0.056125479
6.078044000	-5.022304535	0.055849239
6.078045000	-5.016942501	0.056063257
6.078046000	-5.015140057	0.055564414
6.078047000	-5.015181065	0.054569032
6.078048000	-5.020471096	0.054828278
6.078049000	-5.021614075	0.055770567
6.078050000	-5.018074989	0.055059395
6.078051000	-5.019752502	0.055539421
6.078052000	-5.018523216	0.055148815
6.078053000	-5.019470215	0.055471215
6.078054000	-5.011444569	0.054949535
6.078055000	-5.010966778	0.054867048
6.078056000	-5.019560814	0.054549803
6.078057000	-5.018345833	0.054025348
6.078058000	-5.018510818	0.054470046
6.078059000	-5.019305706	0.054588715
6.078060000	-5.011993885	0.053931272
6.078061000	-5.019524097	0.053944150
6.078062000	-5.015817642	0.054269314
6.078063000	-5.011606216	0.053954291
6.078064000	-5.021904945	0.054230403
6.078065000	-5.011241436	0.053325814
6.078066000	-5.019357204	0.053316955
6.078067000	-5.026217937	0.053213608
6.078068000	-5.021833897	0.053101285
6.078069000	-5.012743473	0.052903591
6.078070000	-5.019008636	0.052697687
6.078071000	-5.017049789	0.052271044
6.078072000	-5.010193348	0.052322822
6.078073000	-5.013337135	0.052372636
6.078074000	-5.014939308	0.051957033
6.078075000	-5.013341904	0.052091793
6.078076000	-5.015230179	0.051133171
6.078077000	-5.017513275	0.051553493
6.078078000	-5.012684822	0.051637345
6.078079000	-5.011692524	0.052286145
6.078080000	-5.023392200	0.050424766
6.078081000	-5.018091679	0.051332172
6.078082000	-5.018982410	0.050876276
6.078083000	-5.015871048	0.051077191
6.078084000	-5.015186787	0.051367738
6.078085000	-5.012799263	0.050537680
6.078086000	-5.011021137	0.050678986
6.078087000	-5.013360500	0.051049698
6.078088000	-5.013088703	0.050344655
6.078089000	-5.019285202	0.050553763
6.078090000	-5.011487961	0.049030202
6.078091000	-5.009139538	0.050007141
6.078092000	-5.007854462	0.049908883
6.078093000	-5.014569283	0.050726353
6.078094000	-5.010048866	0.050029870
6.078095000	-5.012179852	0.048907414
6.078096000	-5.013355732	0.049108104
6.078097000	-5.011720657	0.049637078
6.078098000	-5.016681194	0.049650444
6.078099000	-5.015786171	0.049475300
6.078100000	-5.020175934	0.049763891
6.078101000	-5.011588097	0.048782412
6.078102000	-5.012582779	0.049097102
6.078103000	-5.015107632	0.048961434
6.078104000	-5.007558346	0.048853809
6.078105000	-5.011618614	0.048151476
6.078106000	-5.012367249	0.048267747
6.078107000	-5.014674664	0.048110009
6.078108000	-5.013330936	0.047411071
6.078109000	-5.013199806	0.048296343
6.078110000	-5.013153553	0.048088771
6.078111000	-5.015358925	0.047319013
6.078112000	-5.008845806	0.047100442
6.078113000	-5.006617546	0.047612972
6.078114000	-5.004284859	0.046957872
6.078115000	-5.008479595	0.047888959
6.078116000	-5.011044502	0.047460652
6.078117000	-5.009531498	0.046373320
6.078118000	-5.007425785	0.047105748
6.078119000	-5.006454945	0.046736188
6.078120000	-5.004631519	0.046677624
6.078121000	-5.008559227	0.046608636
6.078122000	-5.006093979	0.045675888
6.078123000	-5.008875370	0.046706294
6.078124000	-5.006742477	0.046709353
6.078125000	-5.008956432	0.046868751
6.078126000	-5.003226757	0.045959378
6.078127000	-5.008526802	0.045460380
6.078128000	-5.008734703	0.045201688
6.078129000	-5.005755901	0.045252117
6.078130000	-5.004058361	0.046010273
6.078131000	-5.002985954	0.045316116
6.078132000	-5.008099079	0.045378126
6.078133000	-5.004169464	0.045682692
6.078134000	-5.006698608	0.044502508
6.078135000	-5.000648022	0.044872841
6.078136000	-5.009386539	0.045476959
6.078137000	-5.001511097	0.044479347
6.078138000	-5.005461693	0.045102356
6.078139000	-5.001710415	0.043951633
6.078140000	-4.996822357	0.044236167
6.078141000	-5.004117966	0.044478090
6.078142000	-5.003087521	0.043731032
6.078143000	-4.999132156	0.043848589
6.078144000	-5.001840591	0.044066295
6.078145000	-4.994217396	0.043337150
6.078146000	-4.998969078	0.044010435
6.078147000	-4.998143196	0.043799458
6.078148000	-5.004113197	0.043788502
6.078149000	-5.005799294	0.043394833
6.078150000	-4.996407986	0.043353333
6.078151000	-5.000269890	0.043189802
6.078152000	-5.003026009	0.043307265
6.078153000	-5.001384258	0.043206610
6.078154000	-5.006127357	0.042856658
6.078155000	-5.004702091	0.042423262
6.078156000	-4.999403000	0.042996927
6.078157000	-4.996913433	0.042169367
6.078158000	-4.995571613	0.042451083
6.078159000	-5.001459122	0.042690381
6.078160000	-4.997810841	0.042359258
6.078161000	-4.996003628	0.042017013
6.078162000	-5.000078678	0.041349824
6.078163000	-4.996924877	0.042076959
6.078164000	-4.998231888	0.041379789
6.078165000	-5.000155926	0.041311583
6.078166000	-4.996961594	0.040990310
6.078167000	-5.005304813	0.041689511
6.078168000	-5.001077652	0.040664631
6.078169000	-4.998908043	0.041075927
6.078170000	-4.993096352	0.041850486
6.078171000	-5.000960350	0.040842276
6.078172000	-5.001794338	0.041148023
6.078173000	-5.002831459	0.040253289
6.078174000	-4.995718479	0.040610856
6.078175000	-5.004108906	0.040350885
6.078176000	-5.000090122	0.041349358
6.078177000	-5.003606796	0.040489041
6.078178000	-5.002845287	0.040888037
6.078179000	-4.998147011	0.041294826
6.078180000	-5.002747059	0.040284011
6.078181000	-5.008183002	0.039450612
6.078182000	-5.004350185	0.040037323
6.078183000	-5.000296593	0.039903266
6.078184000	-5.003785133	0.040203500
6.078185000	-5.003369331	0.039957432
6.078186000	-5.006132126	0.039933776
6.078187000	-5.004267216	0.040269205
6.078188000	-4.995923996	0.040485250
6.078189000	-4.997263432	0.039204906
6.078190000	-4.997722149	0.040116086
6.078191000	-5.001896858	0.039709983
6.078192000	-4.998566151	0.038839529
6.078193000	-5.005512714	0.039538846
6.078194000	-5.003787518	0.039360406
6.078195000	-4.997597694	0.039336770
6.078196000	-4.995834827	0.038388972
6.078197000	-4.999049187	0.039075876
6.078198000	-5.001749516	0.039155001
6.078199000	-4.994618893	0.037895380
6.078200000	-4.997395515	0.038567832
6.078201000	-4.996345997	0.038803385
6.078202000	-4.997427464	0.037940546
6.078203000	-4.995604515	0.038006151
6.078204000	-5.001219749	0.038564865
6.078205000	-4.995312214	0.037029919
6.078206000	-4.994414806	0.037330261
6.078207000	-4.994962692	0.038170089
6.078208000	-5.000016212	0.037906170
6.078209000	-4.998247623	0.037582492
6.078210000	-4.995279789	0.037072713
6.078211000	-4.993241310	0.036680359
6.078212000	-4.997048855	0.037531205
6.078213000	-5.002098083	0.036916123
6.078214000	-4.993334293	0.036616022
6.078215000	-4.996225357	0.037463482
6.078216000	-4.990406513	0.036601512
6.078217000	-4.992514610	0.037080286
6.078218000	-4.994105339	0.036423522
6.078219000	-4.998266697	0.036361441
6.078220000	-4.998919487	0.035563941
6.078221000	-4.997037888	0.035501876
6.078222000	-4.993471146	0.036143315
6.078223000	-4.997830391	0.035785882
6.078224000	-4.995639324	0.036463852
6.078225000	-4.997967720	0.036205779
6.078226000	-4.994828701	0.036041038
6.078227000	-4.996799946	0.035728632
6.078228000	-4.997867107	0.035336203
6.078229000	-4.996412277	0.036252954
6.078230000	-4.990000725	0.035476976
6.078231000	-4.996388435	0.035734995
6.078232000	-4.999941349	0.035034820
6.078233000	-4.994684696	0.034071740
6.078234000	-4.995873928	0.034860541
6.078235000	-4.996950150	0.034906406
6.078236000	-4.990030766	0.034329988
6.078237000	-4.998123169	0.035363350
6.078238000	-4.997771263	0.034719292
6.078239000	-4.997125149	0.034803261
6.078240000	-4.994987965	0.034887853
6.078241000	-4.995669365	0.034576093
6.078242000	-4.989800453	0.035129671
6.078243000	-4.996336937	0.034872667
6.078244000	-4.995248318	0.033969331
6.078245000	-4.988850594	0.034993317
6.078246000	-4.999736309	0.033769671
6.078247000	-4.994935989	0.034118423
6.078248000	-5.000108242	0.033740066
6.078249000	-4.998734474	0.034239736
6.078250000	-4.997560978	0.033643260
6.078251000	-4.995424271	0.033865522
6.078252000	-4.994908810	0.034469847
6.078253000	-4.994201183	0.034889847
6.078254000	-4.993451595	0.033723992
6.078255000	-4.994118690	0.033285398
6.078256000	-4.989886761	0.034251441
6.078257000	-4.996054173	0.033776156
6.078258000	-4.989192963	0.033206132
6.078259000	-4.996750355	0.032928788
6.078260000	-4.993536472	0.033722800
6.078261000	-4.992396355	0.033253201
6.078262000	-4.992908955	0.032885198
6.078263000	-4.990967274	0.033103496
6.078264000	-4.992217541	0.032530685
6.078265000	-4.987360477	0.032409638
6.078266000	-4.987753391	0.032659535
6.078267000	-4.994668007	0.031780689
6.078268000	-4.996726990	0.031860047
6.078269000	-4.990791798	0.031989623
6.078270000	-4.988890171	0.032373786
6.078271000	-4.993313313	0.031863853
6.078272000	-4.982474804	0.031479862
6.078273000	-4.996768475	0.031244805
6.078274000	-4.992313862	0.031796437
6.078275000	-4.991596222	0.032212916
6.078276000	-4.994985580	0.032109831
6.078277000	-4.990695000	0.031130397
6.078278000	-4.995767117	0.030837400
6.078279000	-4.996799946	0.030937539
6.078280000	-4.989977360	0.031840477
6.078281000	-4.993597984	0.031779483
6.078282000	-4.993269920	0.031199554
6.078283000	-4.995810986	0.030899815
6.078284000	-4.990858555	0.031261550
6.078285000	-4.992463112	0.030997019
6.078286000	-4.993421078	0.030695668
6.078287000	-4.990155220	0.030362906
6.078288000	-4.992327690	0.029915062
6.078289000	-4.990861893	0.030180025
6.078290000	-4.992563248	0.029918578
6.078291000	-4.988988876	0.029502509
6.078292000	-4.985522747	0.030374973
6.078293000	-4.992818356	0.029926220
6.078294000	-4.987452984	0.029805196
6.078295000	-4.985651970	0.029570848
6.078296000	-4.987686157	0.029954953
6.078297000	-4.991911888	0.030192721
6.078298000	-4.986144543	0.030231125
6.078299000	-4.990523338	0.029257696
6.078300000	-4.980485916	0.029900633
6.078301000	-4.991188049	0.029604292
6.078302000	-4.990141869	0.029306076
6.078303000	-4.986606598	0.029311440
6.078304000	-4.991021156	0.029716866
6.078305000	-4.985235214	0.028861455
6.078306000	-4.989490509	0.028997732
6.078307000	-4.984865189	0.028957955
6.078308000	-4.985115528	0.029110991
6.078309000	-4.987349987	0.028511813
6.078310000	-4.986185551	0.028531202
6.078311000	-4.986122131	0.028553290
6.078312000	-4.985438824	0.029209578
6.078313000	-4.981999874	0.028838027
6.078314000	-4.994705200	0.028335820
6.078315000	-4.993538380	0.028196154
6.078316000	-4.988858700	0.027731074
6.078317000	-4.986465931	0.029064194
6.078318000	-4.987580776	0.028393196
6.078319000	-4.994120121	0.028908853
6.078320000	-4.988276005	0.028150073
6.078321000	-4.983974457	0.027859690
6.078322000	-4.984381676	0.028419876
6.078323000	-4.990196705	0.027645233
6.078324000	-4.987095833	0.027641760
6.078325000	-4.994030476	0.028066703
6.078326000	-4.983798027	0.027960480
6.078327000	-4.987928867	0.028353428
6.078328000	-4.988089561	0.027910686
6.078329000	-4.988981724	0.027626333
6.078330000	-4.983326912	0.027420208
6.078331000	-4.986885548	0.027267765
6.078332000	-4.992457390	0.027915673
6.078333000	-4.987065315	0.027861482
6.078334000	-4.986371517	0.026994117
6.078335000	-4.989024639	0.027033888
6.078336000	-4.987447262	0.027306635
6.078337000	-4.990096092	0.026553329
6.078338000	-4.994941235	0.026550892
6.078339000	-4.988749981	0.027001312
6.078340000	-4.985856056	0.026807563
6.078341000	-4.988178730	0.026076498
6.078342000	-4.992702007	0.026584111
6.078343000	-4.994354248	0.027313259
6.078344000	-4.988276958	0.027549994
6.078345000	-4.985912800	0.027189345
6.078346000	-4.989398003	0.026565200
6.078347000	-4.985577583	0.026195435
6.078348000	-4.990346432	0.026005213
6.078349000	-4.987841129	0.025975514
6.078350000	-4.982474804	0.026345344
6.078351000	-4.990805149	0.025986452
6.078352000	-4.977044106	0.026065891
6.078353000	-4.988825798	0.025960594
6.078354000	-4.986025333	0.025990218
6.078355000	-4.977764130	0.025159114
6.078356000	-4.984943867	0.025188760
6.078357000	-4.983302116	0.025153860
6.078358000	-4.990174294	0.025944045
6.078359000	-4.984210014	0.025909682
6.078360000	-4.991581917	0.025205919
6.078361000	-4.985648632	0.025253758
6.078362000	-4.989198685	0.024604943
6.078363000	-4.982542515	0.025066688
6.078364000	-4.990655422	0.025181203
6.078365000	-4.983723640	0.025298168
6.078366000	-4.988505363	0.024912276
6.078367000	-4.981482506	0.024648698
6.078368000	-4.988684654	0.025094642
6.078369000	-4.992682457	0.024977988
6.078370000	-4.983633041	0.024882621
6.078371000	-4.986031055	0.024995575
6.078372000	-4.992843151	0.024950509
6.078373000	-4.986092567	0.024851494
6.078374000	-4.993515968	0.024457221
6.078375000	-4.984922886	0.025288248
6.078376000	-4.989353180	0.024824473
6.078377000	-4.988903999	0.024573501
6.078378000	-4.987668037	0.024177206
6.078379000	-4.991793156	0.023745160
6.078380000	-4.988508701	0.023649374
6.078381000	-4.985352993	0.023966120
6.078382000	-4.984898090	0.023560060
6.078383000	-4.988516808	0.023824335
6.078384000	-4.987226486	0.023484387
6.078385000	-4.991380692	0.023483430
6.078386000	-4.985980034	0.023019364
6.078387000	-4.981971264	0.023240169
6.078388000	-4.985692978	0.023797675
6.078389000	-4.990708828	0.023722266
6.078390000	-4.981687546	0.023119064
6.078391000	-4.979542732	0.022728424
6.078392000	-4.980722904	0.023109607
6.078393000	-4.983757496	0.022633952
6.078394000	-4.980189323	0.022854337
6.078395000	-4.986321926	0.022940395
6.078396000	-4.981131077	0.022287067
6.078397000	-4.982549667	0.023201744
6.078398000	-4.986120701	0.022572781
6.078399000	-4.987295628	0.022409797
6.078400000	-4.990832329	0.021882933
6.078401000	-4.981675625	0.022494230
6.078402000	-4.980740547	0.022260596
6.078403000	-4.987248898	0.022124252
6.078404000	-4.983174801	0.022045974
6.078405000	-4.981196404	0.021827876
6.078406000	-4.984220982	0.021895483
6.078407000	-4.971021175	0.021814057
6.078408000	-4.976616859	0.021978657
6.078409000	-4.980012417	0.021810879
6.078410000	-4.981361389	0.021878740
6.078411000	-4.979370594	0.021094739
6.078412000	-4.974781513	0.021655480
6.078413000	-4.976819515	0.021536337
6.078414000	-4.979105473	0.021052363
