D:\KID metingen\Entropy ADR\LT343chip5_BF_20240530_mapping\S21\Power\KID94_110dBm_.dat
Power at KID:110dBm
resonance Frequency in GHz :6.112090
Q=42741.888110, Qc=46770.936794, Qi=496166.292426  S21min=-21.295471


Temperature in K:0.099981
GHz	dB	Rad
6.111180000	0.738083124	0.095690307
6.111181000	0.722296953	0.093392890
6.111182000	0.720861197	0.092443132
6.111183000	0.754071414	0.092334916
6.111184000	0.739657164	0.093605851
6.111185000	0.724349260	0.095637793
6.111186000	0.758681715	0.091226367
6.111187000	0.725663602	0.096388763
6.111188000	0.679230273	0.094165198
6.111189000	0.771362066	0.095233900
6.111190000	0.729514837	0.095425722
6.111191000	0.714329243	0.087097860
6.111192000	0.766729891	0.089499082
6.111193000	0.782544971	0.086369027
6.111194000	0.697146237	0.088344344
6.111195000	0.739471197	0.098571207
6.111196000	0.774980187	0.093729430
6.111197000	0.747071147	0.093177532
6.111198000	0.726420641	0.084921974
6.111199000	0.695358813	0.086413860
6.111200000	0.762655199	0.093334658
6.111201000	0.723927259	0.088352699
6.111202000	0.722019911	0.090432920
6.111203000	0.730534196	0.087763300
6.111204000	0.727949381	0.091681418
6.111205000	0.702194810	0.082726772
6.111206000	0.703707457	0.092082015
6.111207000	0.727527916	0.091339817
6.111208000	0.723803520	0.090558463
6.111209000	0.769512296	0.093706810
6.111210000	0.748191655	0.088638432
6.111211000	0.721841455	0.090552504
6.111212000	0.747901976	0.091480765
6.111213000	0.731941044	0.094109380
6.111214000	0.724057913	0.088635211
6.111215000	0.731899023	0.090020030
6.111216000	0.705282092	0.091092044
6.111217000	0.754520655	0.091214125
6.111218000	0.727265477	0.094667138
6.111219000	0.729666591	0.092373182
6.111220000	0.681580961	0.092147895
6.111221000	0.717477679	0.086230942
6.111222000	0.718227863	0.087403049
6.111223000	0.663426042	0.086928707
6.111224000	0.729507327	0.085272645
6.111225000	0.727114677	0.091872982
6.111226000	0.719230771	0.086658355
6.111227000	0.719696105	0.090967807
6.111228000	0.703932047	0.094195642
6.111229000	0.730497122	0.086718326
6.111230000	0.736125946	0.084754785
6.111231000	0.724892378	0.089973691
6.111232000	0.720792353	0.089107556
6.111233000	0.708942592	0.088637666
6.111234000	0.722956657	0.087613972
6.111235000	0.756452262	0.086659362
6.111236000	0.707732379	0.089012847
6.111237000	0.699235559	0.084992622
6.111238000	0.661381483	0.087260179
6.111239000	0.741108835	0.082692850
6.111240000	0.698111176	0.086771822
6.111241000	0.739748061	0.088661951
6.111242000	0.711401701	0.084684994
6.111243000	0.727968752	0.085081797
6.111244000	0.713271081	0.089387737
6.111245000	0.672829270	0.082859455
6.111246000	0.709697545	0.087654352
6.111247000	0.728192091	0.087112249
6.111248000	0.763287604	0.085049847
6.111249000	0.719044566	0.088890833
6.111250000	0.725780904	0.081922505
6.111251000	0.770685196	0.087344293
6.111252000	0.659063995	0.087980248
6.111253000	0.744016528	0.085779512
6.111254000	0.732067704	0.079737581
6.111255000	0.734439969	0.084394635
6.111256000	0.755713820	0.090627771
6.111257000	0.727488458	0.084672436
6.111258000	0.722133756	0.084395267
6.111259000	0.774630487	0.080830809
6.111260000	0.741846681	0.082636441
6.111261000	0.704766572	0.085702371
6.111262000	0.692304432	0.084114120
6.111263000	0.662978947	0.084121236
6.111264000	0.675687134	0.084003707
6.111265000	0.700846314	0.084066641
6.111266000	0.675172389	0.083595994
6.111267000	0.729157567	0.082551095
6.111268000	0.696240246	0.084462861
6.111269000	0.748745382	0.082655973
6.111270000	0.709117889	0.088255827
6.111271000	0.680536628	0.081919310
6.111272000	0.737067521	0.087144506
6.111273000	0.735707402	0.085394976
6.111274000	0.680371583	0.088753089
6.111275000	0.725510418	0.085213265
6.111276000	0.740377486	0.086441440
6.111277000	0.717873216	0.086573525
6.111278000	0.749738634	0.083912736
6.111279000	0.730185211	0.086636683
6.111280000	0.702982187	0.082934948
6.111281000	0.715405643	0.086800068
6.111282000	0.717455864	0.086681200
6.111283000	0.687413275	0.088879589
6.111284000	0.743019760	0.085025296
6.111285000	0.761504769	0.079675272
6.111286000	0.677723646	0.081141034
6.111287000	0.715255439	0.085323687
6.111288000	0.720269263	0.083868211
6.111289000	0.717037916	0.082555530
6.111290000	0.705023706	0.078740810
6.111291000	0.713861287	0.085675265
6.111292000	0.743097365	0.082287200
6.111293000	0.684659183	0.082242517
6.111294000	0.689937711	0.086889667
6.111295000	0.699527383	0.083804478
6.111296000	0.750565946	0.084161541
6.111297000	0.696904778	0.079190285
6.111298000	0.704496682	0.082691377
6.111299000	0.710590184	0.078635049
6.111300000	0.696761966	0.083909332
6.111301000	0.743678570	0.082946782
6.111302000	0.737664878	0.085522342
6.111303000	0.782455325	0.075557259
6.111304000	0.723286033	0.082345915
6.111305000	0.717276096	0.079341145
6.111306000	0.724506855	0.081072266
6.111307000	0.724359274	0.081217874
6.111308000	0.754223347	0.077308495
6.111309000	0.695977688	0.083359073
6.111310000	0.725497603	0.082518720
6.111311000	0.763301134	0.081908857
6.111312000	0.702802896	0.079735867
6.111313000	0.700775564	0.080853321
6.111314000	0.733393371	0.080081437
6.111315000	0.766962588	0.074217231
6.111316000	0.728880942	0.082940291
6.111317000	0.704763055	0.078240161
6.111318000	0.740394175	0.076151186
6.111319000	0.740457475	0.079245954
6.111320000	0.738149345	0.080795847
6.111321000	0.715704381	0.078897720
6.111322000	0.746355832	0.079623756
6.111323000	0.756527603	0.081074130
6.111324000	0.751332581	0.071185272
6.111325000	0.711820185	0.076372977
6.111326000	0.715381086	0.081125646
6.111327000	0.740621507	0.082067822
6.111328000	0.733481228	0.081873362
6.111329000	0.760232270	0.082355302
6.111330000	0.706935048	0.078592622
6.111331000	0.769024372	0.072687794
6.111332000	0.684266865	0.079637571
6.111333000	0.756490231	0.081085973
6.111334000	0.727199793	0.075600286
6.111335000	0.742864013	0.077958723
6.111336000	0.682943106	0.081348270
6.111337000	0.707269073	0.081835786
6.111338000	0.738237143	0.076418867
6.111339000	0.703917801	0.075077149
6.111340000	0.700542688	0.072155287
6.111341000	0.747825980	0.075635922
6.111342000	0.726271868	0.079194321
6.111343000	0.729704678	0.077903479
6.111344000	0.740144372	0.080483300
6.111345000	0.711883247	0.079485006
6.111346000	0.722795606	0.071323773
6.111347000	0.692808807	0.077781132
6.111348000	0.736657679	0.076354643
6.111349000	0.693105221	0.084175173
6.111350000	0.742458582	0.076132668
6.111351000	0.711037397	0.073568926
6.111352000	0.746249259	0.069712290
6.111353000	0.763757765	0.078764795
6.111354000	0.718245327	0.073972037
6.111355000	0.703530192	0.078374659
6.111356000	0.747335196	0.075506817
6.111357000	0.696510792	0.081063844
6.111358000	0.678888142	0.070851545
6.111359000	0.740665615	0.072444814
6.111360000	0.689876437	0.072623371
6.111361000	0.707101762	0.077875699
6.111362000	0.674095452	0.074506451
6.111363000	0.713316202	0.068884934
6.111364000	0.710102856	0.073606510
6.111365000	0.712246299	0.073492277
6.111366000	0.714986980	0.076494500
6.111367000	0.738905907	0.075072039
6.111368000	0.673355699	0.075862091
6.111369000	0.716220379	0.073210390
6.111370000	0.704912364	0.076304983
6.111371000	0.691644847	0.076200005
6.111372000	0.718183696	0.069986775
6.111373000	0.689110458	0.070513956
6.111374000	0.709691465	0.073271160
6.111375000	0.727347314	0.073464622
6.111376000	0.740105927	0.071209108
6.111377000	0.704015315	0.074896346
6.111378000	0.721441746	0.073327378
6.111379000	0.686461568	0.072234441
6.111380000	0.726957738	0.068089606
6.111381000	0.733417511	0.070159656
6.111382000	0.690396547	0.069605485
6.111383000	0.668428183	0.077290228
6.111384000	0.714284480	0.070787038
6.111385000	0.745100975	0.072774838
6.111386000	0.742026448	0.072782170
6.111387000	0.682350457	0.070532174
6.111388000	0.768416226	0.071018975
6.111389000	0.705954194	0.071690823
6.111390000	0.687897384	0.069868481
6.111391000	0.673365891	0.066568541
6.111392000	0.736863911	0.070183899
6.111393000	0.699212730	0.070524900
6.111394000	0.664167464	0.072041087
6.111395000	0.691404402	0.071149786
6.111396000	0.718205392	0.070052247
6.111397000	0.698737919	0.065645806
6.111398000	0.671529710	0.064933123
6.111399000	0.671347976	0.068874160
6.111400000	0.676779628	0.064786583
6.111401000	0.694971263	0.068568325
6.111402000	0.702454746	0.071141222
6.111403000	0.728420436	0.065887870
6.111404000	0.700353146	0.068028673
6.111405000	0.737021267	0.065924318
6.111406000	0.667951167	0.061026823
6.111407000	0.703414738	0.073419706
6.111408000	0.708120883	0.075047147
6.111409000	0.725360632	0.063556456
6.111410000	0.714389324	0.067170374
6.111411000	0.716653705	0.066288518
6.111412000	0.718933105	0.070972120
6.111413000	0.713829100	0.072702933
6.111414000	0.680860698	0.063637191
6.111415000	0.687944293	0.066395173
6.111416000	0.715836465	0.067704916
6.111417000	0.697059572	0.072597680
6.111418000	0.689436734	0.065199219
6.111419000	0.710540354	0.064345367
6.111420000	0.753441453	0.063483872
6.111421000	0.685747743	0.067585178
6.111422000	0.711698055	0.070160296
6.111423000	0.731961906	0.069628164
6.111424000	0.719456673	0.062954299
6.111425000	0.713077843	0.064323983
6.111426000	0.714184582	0.068141292
6.111427000	0.704012454	0.066665954
6.111428000	0.720934987	0.065637001
6.111429000	0.690065026	0.063990763
6.111430000	0.704550683	0.063266858
6.111431000	0.711573720	0.062145197
6.111432000	0.741742849	0.065345863
6.111433000	0.661243141	0.066105621
6.111434000	0.687147021	0.068744876
6.111435000	0.708748102	0.058757756
6.111436000	0.728844464	0.063811325
6.111437000	0.713967502	0.059985627
6.111438000	0.699054718	0.065844806
6.111439000	0.690660596	0.059974716
6.111440000	0.704703152	0.059102477
6.111441000	0.691554725	0.064559119
6.111442000	0.662756681	0.065020100
6.111443000	0.677849412	0.061180783
6.111444000	0.715777338	0.065163449
6.111445000	0.685735226	0.065335839
6.111446000	0.700697660	0.063095138
6.111447000	0.659952819	0.064315765
6.111448000	0.720252395	0.066921406
6.111449000	0.697353303	0.064122132
6.111450000	0.685728788	0.063664830
6.111451000	0.686649024	0.058522961
6.111452000	0.658061445	0.062057125
6.111453000	0.642975211	0.060614466
6.111454000	0.690971196	0.059506724
6.111455000	0.656747878	0.059564094
6.111456000	0.724322259	0.062788750
6.111457000	0.653236330	0.059548353
6.111458000	0.675566196	0.059595936
6.111459000	0.705193043	0.058881056
6.111460000	0.666360199	0.057943877
6.111461000	0.698067427	0.055482209
6.111462000	0.745099485	0.061053026
6.111463000	0.714643121	0.063475966
6.111464000	0.680825174	0.058932880
6.111465000	0.721565902	0.056553728
6.111466000	0.693294525	0.059352269
6.111467000	0.714110792	0.052919516
6.111468000	0.717022002	0.054105097
6.111469000	0.680709004	0.061274085
6.111470000	0.717748284	0.061630807
6.111471000	0.695907056	0.056024687
6.111472000	0.713693857	0.054408656
6.111473000	0.674892426	0.049496493
6.111474000	0.673653364	0.053231426
6.111475000	0.686795056	0.057436441
6.111476000	0.669083297	0.063244558
6.111477000	0.716632128	0.055028236
6.111478000	0.675770521	0.057855702
6.111479000	0.733877301	0.054195108
6.111480000	0.672357440	0.057704293
6.111481000	0.674830675	0.058650609
6.111482000	0.683686197	0.053777611
6.111483000	0.668224394	0.054609416
6.111484000	0.692141056	0.055227882
6.111485000	0.706607938	0.054107989
6.111486000	0.700153887	0.053668863
6.111487000	0.683779299	0.056274133
6.111488000	0.749144554	0.054885632
6.111489000	0.701944411	0.049151717
6.111490000	0.659372151	0.048894556
6.111491000	0.716575265	0.057310977
6.111492000	0.681331456	0.052785272
6.111493000	0.656567156	0.056837513
6.111494000	0.709952354	0.051770786
6.111495000	0.749686658	0.052885494
6.111496000	0.718447924	0.053183081
6.111497000	0.701038301	0.057235431
6.111498000	0.654012144	0.057003415
6.111499000	0.709344864	0.052853282
6.111500000	0.666652262	0.045906418
6.111501000	0.710773587	0.053348439
6.111502000	0.721846104	0.049755468
6.111503000	0.693075120	0.049846361
6.111504000	0.696114659	0.055431855
6.111505000	0.665001273	0.047293838
6.111506000	0.703550041	0.050956371
6.111507000	0.683330536	0.050180496
6.111508000	0.721670151	0.051993847
6.111509000	0.730709970	0.043069673
6.111510000	0.702700853	0.051733693
6.111511000	0.727935076	0.052131083
6.111512000	0.682772875	0.050668233
6.111513000	0.725631475	0.048504111
6.111514000	0.729840994	0.047296638
6.111515000	0.695296407	0.051115241
6.111516000	0.705094934	0.045490653
6.111517000	0.649896979	0.047716103
6.111518000	0.677745879	0.048319837
6.111519000	0.605914831	0.051773554
6.111520000	0.688727319	0.048728824
6.111521000	0.643519759	0.051008481
6.111522000	0.674220860	0.048619006
6.111523000	0.721151114	0.050903803
6.111524000	0.682520211	0.044043712
6.111525000	0.653289020	0.046321301
6.111526000	0.693080664	0.047430354
6.111527000	0.673628867	0.043749091
6.111528000	0.657431185	0.047625926
6.111529000	0.651075840	0.055196469
6.111530000	0.674595833	0.041611892
6.111531000	0.673161030	0.049194840
6.111532000	0.715043306	0.049868590
6.111533000	0.686277568	0.041961732
6.111534000	0.687402070	0.045880856
6.111535000	0.713118672	0.045622388
6.111536000	0.698418200	0.044466630
6.111537000	0.664888382	0.043389652
6.111538000	0.675435901	0.045327713
6.111539000	0.731024742	0.042478672
6.111540000	0.708261192	0.042255665
6.111541000	0.685346186	0.041593674
6.111542000	0.681120515	0.045117719
6.111543000	0.685294271	0.044163117
6.111544000	0.647662342	0.045871414
6.111545000	0.709565520	0.042637688
6.111546000	0.714132071	0.044799833
6.111547000	0.642549098	0.040547148
6.111548000	0.670470834	0.042052961
6.111549000	0.698355675	0.038052024
6.111550000	0.653531492	0.043704862
6.111551000	0.701915562	0.045055459
6.111552000	0.673739493	0.041913058
6.111553000	0.673942924	0.045037774
6.111554000	0.696532845	0.039856594
6.111555000	0.679785609	0.037766491
6.111556000	0.672443748	0.037372535
6.111557000	0.675148547	0.042494380
6.111558000	0.696311772	0.038798321
6.111559000	0.704647720	0.044208628
6.111560000	0.693173468	0.044774450
6.111561000	0.644951105	0.041901182
6.111562000	0.652091146	0.036103426
6.111563000	0.688402593	0.037269038
6.111564000	0.645054877	0.045936670
6.111565000	0.664999902	0.039100011
6.111566000	0.658268213	0.044274625
6.111567000	0.688333452	0.039800997
6.111568000	0.628363490	0.047190128
6.111569000	0.637505770	0.039475841
6.111570000	0.692234993	0.045059841
6.111571000	0.646751463	0.041188062
6.111572000	0.594576418	0.034497205
6.111573000	0.631101608	0.038977264
6.111574000	0.688929975	0.032487877
6.111575000	0.690685034	0.038072401
6.111576000	0.666861594	0.031853092
6.111577000	0.647913992	0.035501102
6.111578000	0.666621149	0.034615412
6.111579000	0.642428935	0.043806087
6.111580000	0.662614703	0.034469943
6.111581000	0.723829746	0.034902522
6.111582000	0.693058193	0.028559638
6.111583000	0.736490905	0.036471246
6.111584000	0.663754404	0.032320980
6.111585000	0.660553813	0.035093913
6.111586000	0.703650296	0.038569189
6.111587000	0.738949180	0.035410463
6.111588000	0.673034728	0.032227233
6.111589000	0.667385936	0.037091788
6.111590000	0.692942977	0.036024022
6.111591000	0.650890768	0.035647668
6.111592000	0.662285030	0.033762645
6.111593000	0.687464356	0.031104382
6.111594000	0.674250543	0.034032885
6.111595000	0.695597708	0.035215865
6.111596000	0.694234908	0.035573790
6.111597000	0.664485335	0.035505010
6.111598000	0.684656680	0.031863799
6.111599000	0.698727250	0.028090838
6.111600000	0.613765776	0.029985887
6.111601000	0.678498864	0.029839765
6.111602000	0.657385409	0.030942052
6.111603000	0.638163507	0.027500384
6.111604000	0.671360016	0.025194473
6.111605000	0.633981824	0.029266324
6.111606000	0.665796518	0.035073765
6.111607000	0.649548531	0.025326115
6.111608000	0.658981025	0.025690939
6.111609000	0.663171649	0.026623282
6.111610000	0.666085482	0.025659561
6.111611000	0.652641118	0.031292499
6.111612000	0.625939310	0.024428026
6.111613000	0.687868178	0.025339347
6.111614000	0.697421432	0.022946620
6.111615000	0.641541779	0.032330245
6.111616000	0.648450673	0.026839804
6.111617000	0.686127245	0.027971470
6.111618000	0.674614906	0.025284769
6.111619000	0.627282262	0.026234419
6.111620000	0.675592661	0.025778455
6.111621000	0.666484833	0.023845229
6.111622000	0.612004161	0.028714228
6.111623000	0.667316675	0.017254694
6.111624000	0.679331958	0.028442176
6.111625000	0.646346390	0.015243975
6.111626000	0.639888942	0.024909201
6.111627000	0.626649737	0.016725874
6.111628000	0.723625124	0.020888758
6.111629000	0.701613426	0.018641387
6.111630000	0.675723255	0.023003428
6.111631000	0.680595815	0.030692199
6.111632000	0.673282266	0.023074352
6.111633000	0.688508689	0.023161187
6.111634000	0.684676051	0.016039800
6.111635000	0.651563823	0.016844156
6.111636000	0.664555430	0.022039360
6.111637000	0.654113114	0.014393859
6.111638000	0.625496566	0.015834601
6.111639000	0.687019289	0.014853835
6.111640000	0.606090426	0.017172614
6.111641000	0.635163665	0.011484306
6.111642000	0.661608934	0.015715094
6.111643000	0.688242972	0.018934896
6.111644000	0.672373116	0.013857873
6.111645000	0.659533858	0.018771004
6.111646000	0.693425417	0.018310901
6.111647000	0.632646561	0.020792052
6.111648000	0.647584081	0.021240549
6.111649000	0.655408084	0.019751499
6.111650000	0.652681112	0.015561181
6.111651000	0.687610567	0.017751929
6.111652000	0.672291160	0.012948172
6.111653000	0.705412865	0.009128726
6.111654000	0.656555176	0.019198318
6.111655000	0.654492497	0.016160082
6.111656000	0.675006747	0.011665735
6.111657000	0.658041954	0.012430051
6.111658000	0.700679243	0.018006104
6.111659000	0.654936135	0.017793994
6.111660000	0.656145751	0.017572631
6.111661000	0.586160004	0.017438779
6.111662000	0.612335980	0.010211853
6.111663000	0.623224735	0.012495305
6.111664000	0.665733755	0.010588764
6.111665000	0.631618679	0.008952220
6.111666000	0.641253293	0.009290649
6.111667000	0.616128147	0.011611375
6.111668000	0.592254281	0.009118699
6.111669000	0.597810507	0.006274717
6.111670000	0.664614856	0.012001611
6.111671000	0.644860864	0.009298138
6.111672000	0.614884138	0.011086996
6.111673000	0.632469058	0.007089624
6.111674000	0.687787235	0.006033556
6.111675000	0.656545699	0.003403187
6.111676000	0.629033327	0.008111728
6.111677000	0.588183403	0.002558896
6.111678000	0.656300426	0.005737928
6.111679000	0.637273312	0.010381085
6.111680000	0.630967796	0.002683941
6.111681000	0.649394989	0.001171800
6.111682000	0.619284213	0.003256558
6.111683000	0.601684809	0.002114126
6.111684000	0.611519694	0.004120767
6.111685000	0.604644179	-0.001746662
6.111686000	0.627090514	0.003003724
6.111687000	0.573348999	0.006012731
6.111688000	0.657310486	0.002661247
6.111689000	0.630031705	0.007466010
6.111690000	0.623647451	0.002911750
6.111691000	0.661914825	0.000361028
6.111692000	0.672583461	-0.005120772
6.111693000	0.629469633	-0.002142939
6.111694000	0.620750725	0.004021711
6.111695000	0.603997767	-0.002884781
6.111696000	0.597092986	0.003673794
6.111697000	0.617825508	0.001055385
6.111698000	0.586036623	-0.004603092
6.111699000	0.560751438	-0.004723784
6.111700000	0.633619428	0.001541795
6.111701000	0.601893961	-0.001013490
6.111702000	0.663895011	-0.001121214
6.111703000	0.610518992	-0.003074470
6.111704000	0.616203845	-0.001917289
6.111705000	0.658115029	0.000684589
6.111706000	0.619247973	-0.003833541
6.111707000	0.672359169	-0.006084638
6.111708000	0.610903382	-0.009461361
6.111709000	0.629573047	-0.006610968
6.111710000	0.620648324	-0.004910646
6.111711000	0.637188315	-0.008807038
6.111712000	0.649690866	-0.006382802
6.111713000	0.582946956	-0.012271459
6.111714000	0.659017980	-0.008381636
6.111715000	0.609094322	-0.007566391
6.111716000	0.613928258	-0.004774243
6.111717000	0.577360451	-0.008992638
6.111718000	0.614567697	-0.012275718
6.111719000	0.597783864	-0.010110804
6.111720000	0.597903967	-0.008770317
6.111721000	0.580728590	-0.012632600
6.111722000	0.619358063	-0.009368666
6.111723000	0.640701950	-0.010283240
6.111724000	0.612300396	-0.007780606
6.111725000	0.577090740	-0.013293386
6.111726000	0.565347075	-0.011772726
6.111727000	0.622933030	-0.012400719
6.111728000	0.605717123	-0.013293371
6.111729000	0.621337652	-0.016175356
6.111730000	0.602390170	-0.018304643
6.111731000	0.586678147	-0.012814746
6.111732000	0.600899339	-0.018832814
6.111733000	0.582580984	-0.017889947
6.111734000	0.570672393	-0.009138192
6.111735000	0.581034720	-0.014514222
6.111736000	0.593573391	-0.024016978
6.111737000	0.624479234	-0.019118894
6.111738000	0.634250581	-0.020903389
6.111739000	0.589250743	-0.016677544
6.111740000	0.604324877	-0.022730452
6.111741000	0.591867566	-0.023409850
6.111742000	0.589916229	-0.019410597
6.111743000	0.592597961	-0.020350826
6.111744000	0.650434792	-0.019768381
6.111745000	0.574052215	-0.019788194
6.111746000	0.614073634	-0.021200928
6.111747000	0.596365452	-0.021136958
6.111748000	0.592193484	-0.017635644
6.111749000	0.650182426	-0.023880701
6.111750000	0.604609728	-0.023977222
6.111751000	0.631047070	-0.022069938
6.111752000	0.595691741	-0.019648449
6.111753000	0.607894540	-0.024881556
6.111754000	0.534074664	-0.023827096
6.111755000	0.561148524	-0.027009896
6.111756000	0.611376345	-0.030192201
6.111757000	0.553566635	-0.027547876
6.111758000	0.597951174	-0.026905394
6.111759000	0.620410264	-0.026776595
6.111760000	0.634229600	-0.026883045
6.111761000	0.610155165	-0.027608979
6.111762000	0.549867153	-0.032027275
6.111763000	0.609645545	-0.031438452
6.111764000	0.537420273	-0.028392778
6.111765000	0.580465376	-0.036015255
6.111766000	0.557926714	-0.036818510
6.111767000	0.567971945	-0.033001867
6.111768000	0.532544434	-0.035234179
6.111769000	0.599663556	-0.027389730
6.111770000	0.583653152	-0.033253126
6.111771000	0.622465611	-0.031228778
6.111772000	0.542934537	-0.038104721
6.111773000	0.605765522	-0.037799140
6.111774000	0.578758836	-0.038781235
6.111775000	0.555277228	-0.039888627
6.111776000	0.583844185	-0.039814645
6.111777000	0.546101987	-0.042316806
6.111778000	0.550197423	-0.041942636
6.111779000	0.549291134	-0.037043164
6.111780000	0.512196124	-0.042289895
6.111781000	0.504307210	-0.041100241
6.111782000	0.534022450	-0.042779730
6.111783000	0.629141629	-0.043230482
6.111784000	0.533827007	-0.046079690
6.111785000	0.562692106	-0.043663629
6.111786000	0.563155174	-0.046267697
6.111787000	0.513107181	-0.044601669
6.111788000	0.567172408	-0.048049410
6.111789000	0.604930758	-0.046764597
6.111790000	0.566967726	-0.042334840
6.111791000	0.523640513	-0.041551430
6.111792000	0.529436648	-0.046919564
6.111793000	0.538604319	-0.049207190
6.111794000	0.568557739	-0.047211500
6.111795000	0.573665559	-0.047671195
6.111796000	0.528788507	-0.051903216
6.111797000	0.580304682	-0.056630831
6.111798000	0.581776142	-0.054400591
6.111799000	0.534601510	-0.051093986
6.111800000	0.497934699	-0.057055900
6.111801000	0.534226418	-0.050253658
6.111802000	0.577354014	-0.051922000
6.111803000	0.507764041	-0.056902527
6.111804000	0.551561832	-0.053760342
6.111805000	0.521179438	-0.055159621
6.111806000	0.486126482	-0.058943853
6.111807000	0.538827062	-0.058553645
6.111808000	0.559129238	-0.058844779
6.111809000	0.499963522	-0.058875830
6.111810000	0.535544693	-0.055798971
6.111811000	0.533989251	-0.065938050
6.111812000	0.504227161	-0.066512011
6.111813000	0.568646491	-0.060070020
6.111814000	0.478726536	-0.066432237
6.111815000	0.500844598	-0.063217394
6.111816000	0.517050326	-0.069403501
6.111817000	0.512856245	-0.067646468
6.111818000	0.516309679	-0.068727466
6.111819000	0.503627002	-0.070782769
6.111820000	0.508901715	-0.070861265
6.111821000	0.524907947	-0.072794130
6.111822000	0.510441542	-0.072324248
6.111823000	0.508460164	-0.066089334
6.111824000	0.492785096	-0.071060595
6.111825000	0.526278794	-0.075329109
6.111826000	0.504733503	-0.073609315
6.111827000	0.473098755	-0.073479344
6.111828000	0.444265068	-0.082555514
6.111829000	0.454169273	-0.081980920
6.111830000	0.481886089	-0.080996175
6.111831000	0.480729282	-0.079836410
6.111832000	0.412648022	-0.081028216
6.111833000	0.444683313	-0.086091800
6.111834000	0.481833398	-0.079119753
6.111835000	0.467522264	-0.082771654
6.111836000	0.477067679	-0.084538753
6.111837000	0.439525872	-0.081866238
6.111838000	0.515994608	-0.088011973
6.111839000	0.476312608	-0.087887753
6.111840000	0.463842005	-0.080346588
6.111841000	0.443098307	-0.095026639
6.111842000	0.464552850	-0.091214582
6.111843000	0.473106533	-0.092007821
6.111844000	0.459459513	-0.089554576
6.111845000	0.479472131	-0.092613316
6.111846000	0.416733652	-0.095579944
6.111847000	0.446237445	-0.088511482
6.111848000	0.433012217	-0.088963088
6.111849000	0.431297481	-0.094033746
6.111850000	0.447959334	-0.096324897
6.111851000	0.432980120	-0.094804099
6.111852000	0.470884144	-0.098719220
6.111853000	0.474286169	-0.100011120
6.111854000	0.415970623	-0.101964474
6.111855000	0.422638506	-0.096920721
6.111856000	0.441903591	-0.104752104
6.111857000	0.434504300	-0.101160124
6.111858000	0.394205183	-0.102026384
6.111859000	0.358887136	-0.101244796
6.111860000	0.450297505	-0.104319399
6.111861000	0.423182428	-0.103941721
6.111862000	0.419295967	-0.107768317
6.111863000	0.409465641	-0.102786991
6.111864000	0.396806896	-0.107941822
6.111865000	0.373669386	-0.115764825
6.111866000	0.362228513	-0.108226547
6.111867000	0.367641419	-0.110112340
6.111868000	0.385284960	-0.108259670
6.111869000	0.364260495	-0.112426511
6.111870000	0.396919817	-0.115849613
6.111871000	0.373514086	-0.116591778
6.111872000	0.358996958	-0.120091305
6.111873000	0.367941648	-0.118509886
6.111874000	0.343220472	-0.118150476
6.111875000	0.369921833	-0.130821472
6.111876000	0.383247524	-0.122196026
6.111877000	0.395069420	-0.122876738
6.111878000	0.360702038	-0.122982432
6.111879000	0.333378345	-0.120573528
6.111880000	0.367024362	-0.132049514
6.111881000	0.310562640	-0.126251862
6.111882000	0.369265676	-0.123567154
6.111883000	0.361615807	-0.133818302
6.111884000	0.337787479	-0.137179611
6.111885000	0.350121200	-0.135727081
6.111886000	0.312983930	-0.128416538
6.111887000	0.342973769	-0.133977426
6.111888000	0.315708160	-0.142216281
6.111889000	0.364340127	-0.136255086
6.111890000	0.321188062	-0.141553820
6.111891000	0.355727047	-0.142076348
6.111892000	0.329301983	-0.144111270
6.111893000	0.302875370	-0.138039604
6.111894000	0.295442939	-0.145520332
6.111895000	0.361405909	-0.149767708
6.111896000	0.328265309	-0.147117396
6.111897000	0.275526434	-0.147411209
6.111898000	0.307753682	-0.151010239
6.111899000	0.285027981	-0.148741641
6.111900000	0.298169732	-0.155367803
6.111901000	0.287172079	-0.150465223
6.111902000	0.297147900	-0.159586483
6.111903000	0.254617214	-0.157414092
6.111904000	0.234530181	-0.169250479
6.111905000	0.212733880	-0.156473281
6.111906000	0.235439152	-0.160317537
6.111907000	0.215992197	-0.171977356
6.111908000	0.233442798	-0.168237862
6.111909000	0.202595651	-0.167410734
6.111910000	0.208070859	-0.174282172
6.111911000	0.232006699	-0.172933963
6.111912000	0.178971156	-0.182015026
6.111913000	0.205488667	-0.175938658
6.111914000	0.237735450	-0.172348933
6.111915000	0.223300070	-0.184282825
6.111916000	0.257281572	-0.181872830
6.111917000	0.197792560	-0.179198284
6.111918000	0.215377435	-0.183752606
6.111919000	0.226199880	-0.181568198
6.111920000	0.177776217	-0.180074581
6.111921000	0.181986406	-0.188003777
6.111922000	0.175497383	-0.194066363
6.111923000	0.149723545	-0.190515454
6.111924000	0.144259319	-0.197005744
6.111925000	0.160678938	-0.191406897
6.111926000	0.125391051	-0.196650611
6.111927000	0.164298847	-0.197171176
6.111928000	0.110765740	-0.203108677
6.111929000	0.087813243	-0.208074341
6.111930000	0.069845475	-0.205796389
6.111931000	0.069644675	-0.209145797
6.111932000	0.074717060	-0.217553297
6.111933000	0.091084659	-0.214354108
6.111934000	0.103695370	-0.214397051
6.111935000	0.105233267	-0.216655096
6.111936000	0.093117021	-0.220487884
6.111937000	0.078058705	-0.223628233
6.111938000	0.103160031	-0.215224212
6.111939000	0.056809563	-0.217161562
6.111940000	0.088079430	-0.214556025
6.111941000	0.086607561	-0.223310185
6.111942000	0.023925321	-0.228621744
6.111943000	0.018314429	-0.228617183
6.111944000	0.023816017	-0.235348456
6.111945000	-0.061192073	-0.239802376
6.111946000	-0.023125380	-0.239133374
6.111947000	-0.038423017	-0.242849016
6.111948000	-0.126261473	-0.244155979
6.111949000	-0.046381835	-0.253813866
6.111950000	-0.112217128	-0.250019843
6.111951000	-0.052103687	-0.249868776
6.111952000	-0.140601262	-0.262617478
6.111953000	-0.108574122	-0.254326674
6.111954000	-0.108882397	-0.258842597
6.111955000	-0.132953107	-0.267465296
6.111956000	-0.176080361	-0.264317423
6.111957000	-0.111457981	-0.263364711
6.111958000	-0.144159406	-0.263661204
6.111959000	-0.128416419	-0.267926822
6.111960000	-0.171840653	-0.274711708
6.111961000	-0.207206458	-0.271743365
6.111962000	-0.181924284	-0.278962795
6.111963000	-0.197722852	-0.279147902
6.111964000	-0.194550052	-0.282953675
6.111965000	-0.265175372	-0.285357678
6.111966000	-0.296441913	-0.287174852
6.111967000	-0.222582698	-0.292773682
6.111968000	-0.275459796	-0.298386261
6.111969000	-0.309375793	-0.298540891
6.111970000	-0.327298224	-0.305956663
6.111971000	-0.303731263	-0.306121446
6.111972000	-0.339850217	-0.312570723
6.111973000	-0.339937180	-0.315362948
6.111974000	-0.372930080	-0.312832978
6.111975000	-0.368033737	-0.321008450
6.111976000	-0.410264522	-0.318950991
6.111977000	-0.400279522	-0.317725937
6.111978000	-0.373956800	-0.321793749
6.111979000	-0.480168253	-0.330120955
6.111980000	-0.457122028	-0.339036985
6.111981000	-0.509046972	-0.340103315
6.111982000	-0.470129639	-0.341900050
6.111983000	-0.452334166	-0.336173820
6.111984000	-0.551040232	-0.346332215
6.111985000	-0.568825066	-0.347992929
6.111986000	-0.596702874	-0.358128654
6.111987000	-0.694719851	-0.359210164
6.111988000	-0.637984931	-0.371060265
6.111989000	-0.668194830	-0.369470158
6.111990000	-0.716191173	-0.374003658
6.111991000	-0.684314191	-0.375866838
6.111992000	-0.751988649	-0.374953640
6.111993000	-0.790674567	-0.378586825
6.111994000	-0.770799398	-0.388667023
6.111995000	-0.790647626	-0.390273009
6.111996000	-0.896514773	-0.396303704
6.111997000	-0.892579496	-0.408259965
6.111998000	-0.903720081	-0.410107234
6.111999000	-0.963624418	-0.411966719
6.112000000	-1.055302978	-0.425046669
6.112001000	-1.030117869	-0.423881735
6.112002000	-1.034693956	-0.425247438
6.112003000	-1.099643469	-0.430562874
6.112004000	-1.122156501	-0.438971439
6.112005000	-1.217908740	-0.446560117
6.112006000	-1.116299391	-0.442217966
6.112007000	-1.191244125	-0.449154035
6.112008000	-1.245805860	-0.457515363
6.112009000	-1.284370661	-0.454466276
6.112010000	-1.334093809	-0.465558475
6.112011000	-1.366659522	-0.475323854
6.112012000	-1.459047794	-0.487722101
6.112013000	-1.506633043	-0.486883105
6.112014000	-1.439660907	-0.485767574
6.112015000	-1.485517502	-0.484047172
6.112016000	-1.607356429	-0.492598782
6.112017000	-1.496532917	-0.487356848
6.112018000	-1.647387624	-0.502820493
6.112019000	-1.826062083	-0.522132705
6.112020000	-1.759849072	-0.521813692
6.112021000	-1.973075151	-0.530564540
6.112022000	-1.878355503	-0.544069763
6.112023000	-1.966242194	-0.533498045
6.112024000	-2.036021471	-0.547574815
6.112025000	-1.980892301	-0.549231701
6.112026000	-2.042154074	-0.554885925
6.112027000	-2.130995989	-0.554670708
6.112028000	-2.203322411	-0.566757099
6.112029000	-2.267162800	-0.572290881
6.112030000	-2.324370623	-0.577892175
6.112031000	-2.486217737	-0.595227556
6.112032000	-2.472743988	-0.592100738
6.112033000	-2.525665522	-0.605732794
6.112034000	-2.814410210	-0.626288137
6.112035000	-2.988713264	-0.626009237
6.112036000	-3.059053659	-0.637634934
6.112037000	-3.087739944	-0.646227756
6.112038000	-3.154104948	-0.651267389
6.112039000	-3.118478775	-0.645496386
6.112040000	-3.414996624	-0.667327782
6.112041000	-3.387572765	-0.664072933
6.112042000	-3.534939051	-0.687995643
6.112043000	-3.704366922	-0.682121975
6.112044000	-3.891949415	-0.705368575
6.112045000	-3.903140306	-0.695091636
6.112046000	-3.933744431	-0.700455775
6.112047000	-4.233327389	-0.714804421
6.112048000	-4.319261551	-0.718932387
6.112049000	-4.560206890	-0.727705639
6.112050000	-4.758368969	-0.742436049
6.112051000	-5.013098717	-0.746460884
6.112052000	-4.973224163	-0.753348950
6.112053000	-4.832282066	-0.758695579
6.112054000	-5.247119427	-0.766456763
6.112055000	-5.598393917	-0.780014650
6.112056000	-5.798345566	-0.778472746
6.112057000	-5.986437321	-0.799132551
6.112058000	-6.142087936	-0.819241215
6.112059000	-6.455271244	-0.807212515
6.112060000	-6.609657288	-0.814633613
6.112061000	-6.882735729	-0.827918193
6.112062000	-7.355747700	-0.839377509
6.112063000	-7.165485859	-0.836553560
6.112064000	-7.424594879	-0.833272678
6.112065000	-7.803748608	-0.848787989
6.112066000	-8.018914223	-0.848831598
6.112067000	-8.446219444	-0.866495347
6.112068000	-8.803791046	-0.860452035
6.112069000	-9.375787735	-0.864289384
6.112070000	-9.465059280	-0.855156073
6.112071000	-9.602596283	-0.858021834
6.112072000	-10.255154610	-0.868943990
6.112073000	-11.290008545	-0.877107245
6.112074000	-11.231880188	-0.836174259
6.112075000	-12.243554115	-0.832695105
6.112076000	-12.370350838	-0.847506609
6.112077000	-12.155971527	-0.824052615
6.112078000	-13.249832153	-0.832677928
6.112079000	-13.237025261	-0.808151280
6.112080000	-14.752707481	-0.779505121
6.112081000	-14.472903252	-0.754043237
6.112082000	-14.860336304	-0.735633603
6.112083000	-16.474584579	-0.642396599
6.112084000	-17.034955978	-0.605276528
6.112085000	-18.031244278	-0.509393807
6.112086000	-18.168552399	-0.487517836
6.112087000	-19.286073685	-0.321892353
6.112088000	-19.524515152	-0.297106412
6.112089000	-20.407848358	0.018147333
6.112090000	-20.512926102	0.041208540
6.112091000	-20.498891830	0.160648768
6.112092000	-19.862943649	0.414326946
6.112093000	-19.473176956	0.522457678
6.112094000	-19.351316452	0.506146548
6.112095000	-18.511655807	0.673309708
6.112096000	-18.249237061	0.730072989
6.112097000	-16.965526581	0.886984443
6.112098000	-15.887385368	0.922874733
6.112099000	-16.216375351	0.901176429
6.112100000	-14.537187576	0.992920064
6.112101000	-13.980893135	1.022096060
6.112102000	-13.303791046	1.045365829
6.112103000	-13.763048172	1.039522987
6.112104000	-13.293074608	1.051138031
6.112105000	-13.009885788	1.104690073
6.112106000	-12.115814209	1.068809170
6.112107000	-11.356182098	1.091027657
6.112108000	-11.450345993	1.083344836
6.112109000	-10.471898079	1.091416611
6.112110000	-10.721496582	1.118338041
6.112111000	-10.172530174	1.114025717
6.112112000	-9.426977158	1.095727204
6.112113000	-9.624981880	1.110803359
6.112114000	-8.900374413	1.117485962
6.112115000	-8.558178902	1.091013941
6.112116000	-8.625963211	1.097654933
6.112117000	-8.452072144	1.117499145
6.112118000	-7.644624710	1.097574040
6.112119000	-7.647461891	1.077059177
6.112120000	-7.348731518	1.094705016
6.112121000	-7.151668072	1.086077439
6.112122000	-7.269948483	1.073989751
6.112123000	-7.050811291	1.068417086
6.112124000	-6.869221687	1.064621083
6.112125000	-6.334405899	1.063046489
6.112126000	-6.424259663	1.051816604
6.112127000	-5.993262768	1.040848642
6.112128000	-6.071529388	1.042204124
6.112129000	-5.742887020	1.040022529
6.112130000	-5.532067299	1.035958279
6.112131000	-5.622973919	1.042039674
6.112132000	-5.472990990	1.028233647
6.112133000	-5.389918804	1.009425804
6.112134000	-5.243978024	1.009959568
6.112135000	-5.156331539	1.008825461
6.112136000	-5.042149067	0.998639536
6.112137000	-4.623571396	0.982328207
6.112138000	-4.741720200	0.991841950
6.112139000	-4.375595570	0.962520880
6.112140000	-4.366448879	0.967380882
6.112141000	-4.221954823	0.965797034
6.112142000	-4.120753288	0.947481676
6.112143000	-4.073411942	0.944058116
6.112144000	-4.114507675	0.958892522
6.112145000	-3.886539459	0.933554142
6.112146000	-3.793465853	0.929067249
6.112147000	-3.677864552	0.935775419
6.112148000	-3.789426327	0.930076187
6.112149000	-3.462660074	0.908219225
6.112150000	-3.481909752	0.922282846
6.112151000	-3.446727753	0.906557545
6.112152000	-3.231078625	0.898614335
6.112153000	-3.217935085	0.892278341
6.112154000	-3.107295990	0.882526844
6.112155000	-3.029154778	0.876730008
6.112156000	-2.897748232	0.861199917
6.112157000	-2.868538380	0.865418631
6.112158000	-2.816965818	0.869918241
6.112159000	-2.752472639	0.858883833
6.112160000	-2.723723888	0.849249248
6.112161000	-2.639311552	0.849061429
6.112162000	-2.639436483	0.850643147
6.112163000	-2.598216057	0.841389794
6.112164000	-2.500461817	0.840330788
6.112165000	-2.415768147	0.822917642
6.112166000	-2.364182711	0.821341251
6.112167000	-2.245275497	0.817050898
6.112168000	-2.220797777	0.806130939
6.112169000	-2.215761423	0.806343326
6.112170000	-2.192797422	0.810965775
6.112171000	-2.152258873	0.790713234
6.112172000	-2.116607904	0.795127623
6.112173000	-2.056203127	0.790782542
6.112174000	-1.971956730	0.786974089
6.112175000	-1.999335408	0.781688913
6.112176000	-1.813380837	0.763485274
6.112177000	-1.854252100	0.770439587
6.112178000	-1.769699216	0.762628136
6.112179000	-1.756792188	0.758749641
6.112180000	-1.711732984	0.754544044
6.112181000	-1.753548026	0.758346439
6.112182000	-1.615258098	0.748192738
6.112183000	-1.635780454	0.751370888
6.112184000	-1.566942930	0.741307534
6.112185000	-1.499593973	0.733645220
6.112186000	-1.498711586	0.725938898
6.112187000	-1.480081320	0.736747869
6.112188000	-1.456211209	0.729560197
6.112189000	-1.340524435	0.703198831
6.112190000	-1.307914734	0.711208488
6.112191000	-1.298009515	0.706760542
6.112192000	-1.326577067	0.712565235
6.112193000	-1.275839925	0.696946727
6.112194000	-1.158946157	0.695746174
6.112195000	-1.181307197	0.688466690
6.112196000	-1.112161279	0.676834335
6.112197000	-1.171089292	0.683897305
6.112198000	-1.135346770	0.684048306
6.112199000	-1.161766052	0.670866391
6.112200000	-1.106936097	0.673098652
6.112201000	-1.032774568	0.668485791
6.112202000	-1.049926877	0.665249651
6.112203000	-0.996928751	0.666764124
6.112204000	-1.045793772	0.664406694
6.112205000	-0.970721126	0.658584158
6.112206000	-0.935540199	0.654555927
6.112207000	-0.950157464	0.648573069
6.112208000	-1.002870560	0.659467063
6.112209000	-0.878969610	0.650862655
6.112210000	-0.823252797	0.642185144
6.112211000	-0.821817994	0.638358515
6.112212000	-0.784932494	0.630412175
6.112213000	-0.748321891	0.632055345
6.112214000	-0.715675175	0.624552954
6.112215000	-0.735871553	0.623996620
6.112216000	-0.728549480	0.619648343
6.112217000	-0.713699341	0.612009998
6.112218000	-0.672456205	0.616584710
6.112219000	-0.643077433	0.610419026
6.112220000	-0.666694582	0.613770880
6.112221000	-0.665082097	0.598501713
6.112222000	-0.637998164	0.602421686
6.112223000	-0.561088383	0.595367172
6.112224000	-0.630637109	0.601978802
6.112225000	-0.566411614	0.597314076
6.112226000	-0.520491302	0.593725733
6.112227000	-0.542163372	0.587824567
6.112228000	-0.443015605	0.578249771
6.112229000	-0.482387602	0.583675362
6.112230000	-0.503129840	0.572461656
6.112231000	-0.488320500	0.578279998
6.112232000	-0.402742147	0.567389799
6.112233000	-0.459156483	0.565669863
6.112234000	-0.512223244	0.571050714
6.112235000	-0.359632522	0.564640884
6.112236000	-0.425777644	0.568790888
6.112237000	-0.408127844	0.558051957
6.112238000	-0.365191370	0.561877921
6.112239000	-0.420660913	0.559968168
6.112240000	-0.340966761	0.553137194
6.112241000	-0.378706336	0.554750104
6.112242000	-0.344484091	0.549004134
6.112243000	-0.367348969	0.554501365
6.112244000	-0.293856680	0.546823671
6.112245000	-0.350037366	0.536980161
6.112246000	-0.248923913	0.537812233
6.112247000	-0.255948961	0.535817092
6.112248000	-0.265128106	0.538350291
6.112249000	-0.274416476	0.530615872
6.112250000	-0.272852093	0.533877978
6.112251000	-0.231152743	0.531298773
6.112252000	-0.235915720	0.522346757
6.112253000	-0.194699124	0.530516869
6.112254000	-0.179447949	0.520374719
6.112255000	-0.227103144	0.521941557
6.112256000	-0.194555163	0.517525570
6.112257000	-0.215727732	0.513766185
6.112258000	-0.235066727	0.517710260
6.112259000	-0.231712550	0.519686892
6.112260000	-0.149470359	0.514774025
6.112261000	-0.152964041	0.511519742
6.112262000	-0.155683056	0.511442544
6.112263000	-0.165195003	0.509139908
6.112264000	-0.105511561	0.496088854
6.112265000	-0.137449741	0.500804980
6.112266000	-0.121349528	0.495437412
6.112267000	-0.119538888	0.497926702
6.112268000	-0.113510802	0.487970108
6.112269000	-0.051503193	0.493613080
6.112270000	-0.117675923	0.494591692
6.112271000	-0.054750461	0.492672185
6.112272000	-0.089139983	0.493761018
6.112273000	-0.042474948	0.485720402
6.112274000	-0.030042278	0.487997072
6.112275000	-0.009645038	0.484198472
6.112276000	-0.107502155	0.479178514
6.112277000	-0.016663883	0.487416470
6.112278000	-0.007749096	0.474671480
6.112279000	-0.064300478	0.475449655
6.112280000	0.013582908	0.478036217
6.112281000	-0.014521278	0.466281224
6.112282000	0.021996804	0.476408460
6.112283000	0.028881395	0.477195823
6.112284000	0.063204445	0.460799972
6.112285000	0.017379839	0.471339099
6.112286000	0.038297188	0.467239030
6.112287000	0.059447765	0.463114159
6.112288000	0.082785390	0.459952854
6.112289000	0.017681621	0.461922228
6.112290000	0.045000125	0.461810575
6.112291000	0.018736027	0.456782028
6.112292000	0.102133170	0.455429675
6.112293000	0.071755975	0.452049790
6.112294000	0.090383999	0.451142884
6.112295000	0.081059568	0.451271615
6.112296000	0.105619378	0.449100173
6.112297000	0.102209121	0.447592491
6.112298000	0.044058114	0.451368354
6.112299000	0.114948355	0.450725101
6.112300000	0.088285148	0.450116402
6.112301000	0.095648468	0.443403438
6.112302000	0.091923043	0.448488678
6.112303000	0.104798771	0.439451740
6.112304000	0.079075105	0.440222026
6.112305000	0.143126443	0.435167480
6.112306000	0.056739241	0.436538408
6.112307000	0.150924072	0.440033208
6.112308000	0.147477016	0.436310209
6.112309000	0.170569122	0.433999683
6.112310000	0.132004350	0.433999517
6.112311000	0.193920687	0.434220426
6.112312000	0.153662100	0.428319460
6.112313000	0.141202226	0.431513856
6.112314000	0.202258453	0.427476836
6.112315000	0.180013254	0.426685944
6.112316000	0.198644921	0.423265879
6.112317000	0.229972050	0.423143474
6.112318000	0.197789058	0.426773163
6.112319000	0.185065061	0.423410256
6.112320000	0.205495581	0.421191310
6.112321000	0.192643866	0.416876723
6.112322000	0.234774247	0.418541931
6.112323000	0.166022658	0.422064427
6.112324000	0.211079821	0.414985512
6.112325000	0.186850578	0.415696210
6.112326000	0.196133316	0.416310501
6.112327000	0.183365628	0.413029254
6.112328000	0.234988302	0.409481457
6.112329000	0.247857407	0.409493974
6.112330000	0.290526986	0.407651799
6.112331000	0.229187936	0.410961309
6.112332000	0.241706848	0.404421784
6.112333000	0.161331400	0.404840799
6.112334000	0.229334325	0.403680527
6.112335000	0.260586500	0.406845827
6.112336000	0.238220081	0.397872938
6.112337000	0.229434222	0.398857242
6.112338000	0.217731655	0.399337011
6.112339000	0.235287681	0.401466807
6.112340000	0.268127412	0.389120526
6.112341000	0.201104835	0.399131148
6.112342000	0.247364491	0.398486497
6.112343000	0.294393122	0.391809153
6.112344000	0.273758441	0.391968044
6.112345000	0.270620883	0.397764081
6.112346000	0.278147817	0.389838414
6.112347000	0.327243090	0.388787431
6.112348000	0.251786411	0.389517137
6.112349000	0.278698057	0.388691324
6.112350000	0.288832068	0.386588858
6.112351000	0.280000001	0.389494633
6.112352000	0.289392352	0.383816541
6.112353000	0.279251575	0.391709085
6.112354000	0.284910649	0.385236804
6.112355000	0.320924371	0.378856170
6.112356000	0.265279561	0.383458246
6.112357000	0.295693874	0.377450554
6.112358000	0.308615297	0.385409078
6.112359000	0.380726546	0.377476586
6.112360000	0.334294587	0.375475254
6.112361000	0.338369936	0.377984984
6.112362000	0.351734549	0.378057921
6.112363000	0.334797531	0.379104244
6.112364000	0.339003712	0.377639239
6.112365000	0.365243703	0.373801257
6.112366000	0.296411335	0.367613968
6.112367000	0.331295639	0.377775859
6.112368000	0.313303530	0.375162466
6.112369000	0.315128148	0.375227114
6.112370000	0.373356014	0.372907567
6.112371000	0.337826192	0.367576018
6.112372000	0.314015806	0.368042871
6.112373000	0.331014663	0.372895217
6.112374000	0.369788557	0.359955083
6.112375000	0.376662463	0.371177811
6.112376000	0.344568908	0.363916436
6.112377000	0.378153294	0.365106369
6.112378000	0.240711764	0.365629281
6.112379000	0.341380805	0.358488181
6.112380000	0.429945260	0.359047844
6.112381000	0.330190003	0.371419126
6.112382000	0.324982792	0.358883028
6.112383000	0.370876282	0.355107897
6.112384000	0.338512719	0.363993068
6.112385000	0.387648463	0.362998078
6.112386000	0.338511139	0.357353708
6.112387000	0.422073901	0.360473701
6.112388000	0.369347662	0.354782159
6.112389000	0.414179862	0.356155418
6.112390000	0.364789695	0.353805412
6.112391000	0.347889721	0.352901801
6.112392000	0.404369473	0.351735103
6.112393000	0.387504220	0.357259532
6.112394000	0.356546372	0.350068031
6.112395000	0.403650165	0.353757175
6.112396000	0.372141719	0.351786036
6.112397000	0.383176327	0.355063655
6.112398000	0.402087003	0.349178935
6.112399000	0.364224583	0.351377374
6.112400000	0.403583795	0.348071060
6.112401000	0.389305502	0.347830377
6.112402000	0.421499044	0.343555237
6.112403000	0.404585093	0.345151503
6.112404000	0.376729608	0.350702396
6.112405000	0.467120618	0.346698800
6.112406000	0.409310102	0.340987950
6.112407000	0.386568546	0.343421480
6.112408000	0.383104056	0.344014766
6.112409000	0.382652700	0.345826481
6.112410000	0.387265444	0.344490773
6.112411000	0.373982340	0.338747566
6.112412000	0.400819659	0.335479801
6.112413000	0.439656705	0.343823651
6.112414000	0.459939897	0.336127948
6.112415000	0.378847569	0.336701160
6.112416000	0.389133871	0.342523229
6.112417000	0.424223930	0.334828425
6.112418000	0.411654264	0.342095659
6.112419000	0.441200703	0.338997737
6.112420000	0.411580563	0.334883619
6.112421000	0.410878807	0.336322325
6.112422000	0.407286733	0.334846201
6.112423000	0.346495390	0.331052429
6.112424000	0.415435016	0.338076749
6.112425000	0.419295490	0.334652889
6.112426000	0.384782523	0.332356179
6.112427000	0.415868938	0.329313584
6.112428000	0.395533711	0.331645348
6.112429000	0.376802057	0.326551120
6.112430000	0.405988872	0.331046104
6.112431000	0.407512754	0.328219657
6.112432000	0.390850246	0.325547042
6.112433000	0.437569857	0.332545130
6.112434000	0.443763912	0.326750891
6.112435000	0.476443559	0.321342310
6.112436000	0.420207679	0.325852107
6.112437000	0.437554330	0.325848479
6.112438000	0.435010135	0.329896617
6.112439000	0.478667408	0.321012078
6.112440000	0.443055868	0.327597010
6.112441000	0.514462769	0.327307658
6.112442000	0.488525122	0.319328960
6.112443000	0.425985962	0.322193956
6.112444000	0.415689230	0.318192556
6.112445000	0.415920377	0.318268057
6.112446000	0.466765881	0.321050394
6.112447000	0.492744684	0.324739405
6.112448000	0.463931382	0.317373801
6.112449000	0.502429008	0.322320023
6.112450000	0.484167129	0.319464615
6.112451000	0.422343850	0.317983198
6.112452000	0.485966533	0.318259901
6.112453000	0.427381039	0.316111096
6.112454000	0.471463680	0.318694129
6.112455000	0.407694191	0.318982616
6.112456000	0.467997342	0.315727967
6.112457000	0.446526915	0.319416811
6.112458000	0.490704834	0.313415478
6.112459000	0.460932255	0.316700687
6.112460000	0.424242496	0.318334936
6.112461000	0.475257695	0.311954401
6.112462000	0.433605701	0.312249046
6.112463000	0.504842758	0.313426397
6.112464000	0.483818650	0.310444522
6.112465000	0.545247078	0.311153156
6.112466000	0.467177302	0.308011425
6.112467000	0.460790515	0.309316340
6.112468000	0.510951281	0.310684672
6.112469000	0.474551558	0.303087373
6.112470000	0.489980757	0.305182215
6.112471000	0.465959609	0.307143567
6.112472000	0.468523830	0.313202125
6.112473000	0.496680915	0.310468157
6.112474000	0.438658893	0.313555926
6.112475000	0.490735680	0.303651597
6.112476000	0.515927255	0.307770109
6.112477000	0.448836744	0.307026987
6.112478000	0.464888752	0.302756808
6.112479000	0.517726898	0.304328339
6.112480000	0.450406104	0.309265940
6.112481000	0.492244512	0.300752746
6.112482000	0.502451301	0.304159661
6.112483000	0.486190915	0.305513379
6.112484000	0.492981166	0.296054730
6.112485000	0.496433765	0.303783523
6.112486000	0.438235283	0.302916964
6.112487000	0.475471437	0.305941915
6.112488000	0.453379780	0.302157231
6.112489000	0.478844762	0.300712765
6.112490000	0.483400106	0.297263439
6.112491000	0.479436547	0.295449260
6.112492000	0.511787176	0.297169296
6.112493000	0.525954783	0.298799051
6.112494000	0.514894605	0.302498448
6.112495000	0.500365496	0.303213107
6.112496000	0.448017716	0.297130714
6.112497000	0.481274605	0.298698716
6.112498000	0.527787626	0.300246246
6.112499000	0.542773843	0.298323410
6.112500000	0.486280501	0.295774199
6.112501000	0.461227953	0.295489441
6.112502000	0.472261369	0.293920939
6.112503000	0.470970631	0.294516422
6.112504000	0.527534664	0.293607551
6.112505000	0.494697422	0.292477772
6.112506000	0.535370708	0.294914897
6.112507000	0.494121462	0.295400891
6.112508000	0.513949871	0.292387824
6.112509000	0.502992988	0.291467369
6.112510000	0.486572534	0.292461626
6.112511000	0.548177540	0.289868573
6.112512000	0.463515311	0.295164003
6.112513000	0.515012324	0.288264851
6.112514000	0.504671395	0.293115599
6.112515000	0.506588697	0.298028632
6.112516000	0.516530275	0.292414355
6.112517000	0.535686493	0.295985554
6.112518000	0.462991387	0.293921405
6.112519000	0.486444205	0.292423144
6.112520000	0.517664135	0.293638344
6.112521000	0.469598591	0.292900016
6.112522000	0.514164209	0.288659331
6.112523000	0.506717324	0.282426702
6.112524000	0.502157331	0.289664741
6.112525000	0.525470614	0.291815044
6.112526000	0.536093056	0.289177549
6.112527000	0.487222195	0.286748613
6.112528000	0.503044844	0.288784101
6.112529000	0.496227622	0.283594498
6.112530000	0.514359951	0.282293544
6.112531000	0.557403147	0.288157559
6.112532000	0.510974407	0.284320410
6.112533000	0.505901635	0.287274421
6.112534000	0.486696333	0.281092359
6.112535000	0.500814974	0.286652107
6.112536000	0.517888546	0.288194643
6.112537000	0.562163353	0.281754154
6.112538000	0.506574869	0.286041477
6.112539000	0.513337672	0.283159504
6.112540000	0.570712328	0.282091710
6.112541000	0.514088750	0.279748494
6.112542000	0.564744532	0.280908867
6.112543000	0.494835019	0.282734397
6.112544000	0.560489655	0.281423423
6.112545000	0.562009215	0.279722529
6.112546000	0.542896450	0.282759464
6.112547000	0.536293447	0.282081723
6.112548000	0.528292596	0.281614005
6.112549000	0.556539953	0.280749976
6.112550000	0.556679010	0.279914509
6.112551000	0.551478565	0.279164796
6.112552000	0.530512869	0.278109136
6.112553000	0.569750905	0.281113364
6.112554000	0.530673981	0.277451168
6.112555000	0.521399975	0.277424553
6.112556000	0.536451995	0.278793635
6.112557000	0.552348077	0.274547191
6.112558000	0.519087315	0.273529564
6.112559000	0.516745925	0.269169570
6.112560000	0.567087352	0.278996468
6.112561000	0.516070664	0.269844531
6.112562000	0.539500833	0.277074065
6.112563000	0.488022476	0.279181341
6.112564000	0.537270188	0.270672059
6.112565000	0.536289752	0.278782133
6.112566000	0.514079690	0.275009849
6.112567000	0.498272449	0.273571026
6.112568000	0.528374970	0.275642366
6.112569000	0.531685233	0.273237565
6.112570000	0.577487826	0.273823177
6.112571000	0.568374097	0.262619775
6.112572000	0.589866638	0.265837323
6.112573000	0.552555561	0.273183736
6.112574000	0.552370191	0.269539682
6.112575000	0.529951394	0.270498154
6.112576000	0.558062017	0.270458939
6.112577000	0.541388273	0.275573041
6.112578000	0.555924833	0.271537569
6.112579000	0.497887135	0.269791751
6.112580000	0.558574021	0.269198831
6.112581000	0.563794196	0.271223749
6.112582000	0.528488755	0.266040355
6.112583000	0.543723106	0.274353413
6.112584000	0.574290872	0.274512137
6.112585000	0.534666717	0.268277178
6.112586000	0.573421419	0.264830115
6.112587000	0.551608264	0.271086546
6.112588000	0.519470096	0.260733191
6.112589000	0.534025371	0.270135015
6.112590000	0.516740024	0.266289178
6.112591000	0.530140698	0.262168169
6.112592000	0.529760540	0.262178156
6.112593000	0.532612801	0.266015122
6.112594000	0.552622795	0.267819830
6.112595000	0.578723133	0.267172249
6.112596000	0.529566526	0.263216705
6.112597000	0.544359267	0.262807195
6.112598000	0.507166624	0.267239810
6.112599000	0.540427923	0.264996180
6.112600000	0.576000810	0.264204439
6.112601000	0.524721801	0.262250810
6.112602000	0.551771283	0.257054034
6.112603000	0.536534071	0.261338927
6.112604000	0.563891292	0.259287145
6.112605000	0.560257792	0.261703464
6.112606000	0.518656194	0.264054120
6.112607000	0.545839131	0.255916681
6.112608000	0.559175551	0.256064986
6.112609000	0.551631331	0.261567443
6.112610000	0.549278557	0.262502878
6.112611000	0.545930326	0.264960493
6.112612000	0.558130562	0.260234930
6.112613000	0.558262527	0.263182617
6.112614000	0.507046700	0.257279487
6.112615000	0.550980687	0.261548069
6.112616000	0.530334473	0.259936540
6.112617000	0.597130477	0.259905015
6.112618000	0.543316126	0.259382020
6.112619000	0.583185852	0.256557088
6.112620000	0.571432590	0.263883445
6.112621000	0.531731069	0.262338129
6.112622000	0.551498473	0.258751749
6.112623000	0.560804725	0.258519771
6.112624000	0.509004951	0.253131631
6.112625000	0.561370730	0.261053270
6.112626000	0.519004703	0.254561998
6.112627000	0.576041579	0.257462713
6.112628000	0.572365165	0.256325809
6.112629000	0.546462119	0.260257301
6.112630000	0.565539300	0.254748020
6.112631000	0.501955211	0.255333849
6.112632000	0.545613945	0.252797404
6.112633000	0.578304172	0.260674951
6.112634000	0.533228159	0.256682756
6.112635000	0.563217282	0.256717960
6.112636000	0.545176268	0.260911373
6.112637000	0.567873299	0.255355453
6.112638000	0.585670769	0.255380071
6.112639000	0.571076751	0.260306753
6.112640000	0.591723502	0.253547583
6.112641000	0.560641110	0.253540942
6.112642000	0.585175693	0.258909825
6.112643000	0.569117904	0.247949386
6.112644000	0.545397937	0.251694289
6.112645000	0.527645528	0.255029616
6.112646000	0.615630269	0.253111990
6.112647000	0.584103107	0.250210376
6.112648000	0.534548581	0.253199608
6.112649000	0.524161398	0.252756574
6.112650000	0.583456457	0.249082411
6.112651000	0.634177625	0.248012735
6.112652000	0.549649060	0.248350774
6.112653000	0.614524662	0.248994077
6.112654000	0.578278899	0.251643306
6.112655000	0.570337951	0.253667925
6.112656000	0.609043479	0.253176572
6.112657000	0.588986874	0.253601129
6.112658000	0.545625627	0.240439787
6.112659000	0.594680250	0.255310396
6.112660000	0.563435435	0.242123837
6.112661000	0.607743502	0.249302954
6.112662000	0.571383059	0.252938984
6.112663000	0.530859530	0.249352722
6.112664000	0.550358176	0.243741075
6.112665000	0.515731096	0.250446981
6.112666000	0.534558535	0.251399378
6.112667000	0.583607435	0.246160124
6.112668000	0.555488884	0.247473079
6.112669000	0.549205542	0.245468401
6.112670000	0.587780774	0.246619503
6.112671000	0.555842638	0.248463143
6.112672000	0.581597328	0.247741642
6.112673000	0.567072570	0.247201853
6.112674000	0.520579934	0.250209777
6.112675000	0.579759181	0.241929476
6.112676000	0.550651789	0.243035920
6.112677000	0.607169151	0.243812731
6.112678000	0.549981236	0.242968625
6.112679000	0.617963910	0.247947039
6.112680000	0.610922754	0.246311675
6.112681000	0.541322410	0.244041230
6.112682000	0.581165671	0.244852412
6.112683000	0.599273741	0.243867176
6.112684000	0.582431436	0.243589708
6.112685000	0.571273804	0.242328734
6.112686000	0.571953297	0.241849864
6.112687000	0.565440297	0.243855391
6.112688000	0.572451234	0.238475656
6.112689000	0.557229578	0.244446080
6.112690000	0.613073230	0.235962198
6.112691000	0.529440343	0.238956423
6.112692000	0.548415422	0.244023453
6.112693000	0.618498981	0.248836168
6.112694000	0.563050389	0.237689691
6.112695000	0.578819513	0.242801778
6.112696000	0.560965896	0.237271491
6.112697000	0.609568536	0.239843639
6.112698000	0.579210758	0.237119891
6.112699000	0.569884300	0.240556750
6.112700000	0.547239065	0.239408545
6.112701000	0.592103362	0.235300352
6.112702000	0.555941164	0.242878494
6.112703000	0.580159068	0.245183227
6.112704000	0.581833899	0.235492999
6.112705000	0.562342525	0.236503302
6.112706000	0.598716497	0.239853026
6.112707000	0.575685680	0.240040363
6.112708000	0.647587180	0.245310459
6.112709000	0.536574364	0.237858652
6.112710000	0.599481523	0.242427987
6.112711000	0.558007061	0.240337622
6.112712000	0.535063982	0.233888278
6.112713000	0.532192171	0.236006140
6.112714000	0.550566077	0.235526555
6.112715000	0.619225025	0.241570765
6.112716000	0.557211697	0.239354699
6.112717000	0.572046638	0.238098036
6.112718000	0.622380495	0.238274454
6.112719000	0.575425565	0.234718701
6.112720000	0.576537788	0.229307508
6.112721000	0.577618062	0.239301319
6.112722000	0.565592587	0.237979975
6.112723000	0.563886404	0.237257193
6.112724000	0.627581060	0.230500537
6.112725000	0.606404126	0.232006571
6.112726000	0.547097266	0.237067027
6.112727000	0.575835705	0.239612693
6.112728000	0.580433846	0.233911331
6.112729000	0.578325093	0.234602388
6.112730000	0.564426839	0.231776058
6.112731000	0.536596298	0.230494845
6.112732000	0.562674403	0.239526007
6.112733000	0.571186841	0.235614006
6.112734000	0.579253435	0.232659745
6.112735000	0.597465456	0.229773344
6.112736000	0.583067238	0.231073034
6.112737000	0.574901760	0.233133771
6.112738000	0.569274008	0.233519031
6.112739000	0.577949882	0.237429650
6.112740000	0.620351672	0.232236469
6.112741000	0.578350246	0.228993637
6.112742000	0.600523531	0.233533029
6.112743000	0.616214335	0.235124650
6.112744000	0.534032881	0.231339549
6.112745000	0.562880814	0.230292927
6.112746000	0.637659252	0.232161451
6.112747000	0.626475334	0.229536573
6.112748000	0.525831103	0.226719914
6.112749000	0.574826896	0.235072552
6.112750000	0.562506378	0.234245757
6.112751000	0.574404716	0.231415416
6.112752000	0.559855461	0.231552036
6.112753000	0.568027198	0.231160868
6.112754000	0.580654562	0.226309471
6.112755000	0.536989868	0.227983034
6.112756000	0.566221356	0.229548507
6.112757000	0.583787203	0.232451120
6.112758000	0.561316133	0.225065009
6.112759000	0.607752502	0.235615338
6.112760000	0.592678547	0.226700223
6.112761000	0.573919654	0.235383609
6.112762000	0.587490976	0.229631931
6.112763000	0.595447302	0.226311118
6.112764000	0.591281354	0.225638154
6.112765000	0.608330846	0.233017141
6.112766000	0.611045718	0.228357641
6.112767000	0.592163503	0.224110016
6.112768000	0.602910876	0.232143891
6.112769000	0.613849044	0.229403232
6.112770000	0.655694783	0.227628767
6.112771000	0.578233957	0.232143957
6.112772000	0.570310533	0.230283573
6.112773000	0.587962747	0.227657346
6.112774000	0.544467032	0.226106438
6.112775000	0.517463446	0.225180890
6.112776000	0.586542666	0.229995752
6.112777000	0.572956324	0.221089292
6.112778000	0.552644014	0.222868217
6.112779000	0.584888816	0.233206242
6.112780000	0.586798728	0.220291559
6.112781000	0.588591874	0.227727604
6.112782000	0.598945498	0.223404145
6.112783000	0.514354587	0.217528329
6.112784000	0.614036083	0.223459106
6.112785000	0.615477204	0.228160184
6.112786000	0.535045207	0.225267808
6.112787000	0.594109476	0.224918019
6.112788000	0.586803615	0.222294655
6.112789000	0.578797519	0.224277395
6.112790000	0.641445518	0.229564153
6.112791000	0.538781881	0.220679398
6.112792000	0.603720665	0.224198050
6.112793000	0.572034776	0.224967986
6.112794000	0.553252101	0.225098781
6.112795000	0.625730693	0.224521441
6.112796000	0.561876059	0.227462503
6.112797000	0.602093816	0.224080471
6.112798000	0.596114397	0.224235967
6.112799000	0.579541743	0.228379696
6.112800000	0.594654560	0.221605479
6.112801000	0.562313855	0.228242826
6.112802000	0.578721523	0.223371222
6.112803000	0.609985590	0.223520259
6.112804000	0.610815525	0.223239612
6.112805000	0.581686080	0.226737857
6.112806000	0.606469989	0.224349800
6.112807000	0.555510759	0.219861791
6.112808000	0.619487584	0.218823957
6.112809000	0.610954940	0.225452632
6.112810000	0.548936546	0.226883332
6.112811000	0.592825651	0.215816832
6.112812000	0.546545923	0.222464781
6.112813000	0.591805816	0.218512634
6.112814000	0.619348824	0.220498719
6.112815000	0.594224930	0.220058149
6.112816000	0.591626167	0.221013991
6.112817000	0.628188729	0.224048064
6.112818000	0.635883629	0.222963691
6.112819000	0.590126514	0.223557443
6.112820000	0.561828971	0.217041221
6.112821000	0.583881676	0.222899309
6.112822000	0.614296973	0.220036511
6.112823000	0.631778955	0.219116356
6.112824000	0.557191849	0.224918252
6.112825000	0.573877335	0.215336365
6.112826000	0.595948994	0.220000575
6.112827000	0.606515288	0.222870747
6.112828000	0.604374290	0.215545057
6.112829000	0.579009891	0.220601135
6.112830000	0.577236950	0.213465161
6.112831000	0.651694179	0.222000942
6.112832000	0.585870564	0.214293188
6.112833000	0.608736455	0.218565181
6.112834000	0.606005609	0.221542129
6.112835000	0.581104398	0.215610271
6.112836000	0.566715062	0.218214043
6.112837000	0.599581659	0.211052387
6.112838000	0.577795565	0.218503929
6.112839000	0.579703271	0.223577184
6.112840000	0.589814126	0.218459204
6.112841000	0.568103611	0.218139558
6.112842000	0.548776507	0.218795645
6.112843000	0.574174464	0.212099509
6.112844000	0.566134512	0.217934112
6.112845000	0.510038018	0.217753816
6.112846000	0.553327501	0.218720627
6.112847000	0.586109757	0.217669011
6.112848000	0.589985549	0.217796809
6.112849000	0.558356762	0.222075877
6.112850000	0.635614514	0.221335035
6.112851000	0.614010990	0.217663035
6.112852000	0.597629249	0.217886208
6.112853000	0.624806643	0.218889787
6.112854000	0.555294812	0.216998743
6.112855000	0.590090811	0.213509569
6.112856000	0.581498027	0.213376328
6.112857000	0.581827044	0.215811839
6.112858000	0.628244340	0.211459468
6.112859000	0.605021417	0.222153941
6.112860000	0.532412112	0.211165089
6.112861000	0.557862580	0.218244004
6.112862000	0.595689535	0.218285383
6.112863000	0.590834856	0.211759939
6.112864000	0.591057599	0.217898825
6.112865000	0.617382884	0.219148164
6.112866000	0.603912950	0.214663234
6.112867000	0.587909102	0.217594925
6.112868000	0.593892336	0.214140256
6.112869000	0.612911046	0.215886224
6.112870000	0.556081057	0.215543659
6.112871000	0.563382745	0.213553345
6.112872000	0.632428169	0.216664067
6.112873000	0.613935471	0.213065005
6.112874000	0.598058820	0.215363795
6.112875000	0.557722390	0.209706126
6.112876000	0.621190786	0.216219003
6.112877000	0.632681787	0.213943715
6.112878000	0.581948876	0.216761905
6.112879000	0.582521439	0.212806478
6.112880000	0.583292365	0.211590912
6.112881000	0.598274171	0.207905513
6.112882000	0.551024854	0.206469436
6.112883000	0.582116365	0.212265341
6.112884000	0.614222229	0.212230603
6.112885000	0.587912440	0.220939672
6.112886000	0.587379336	0.211072045
6.112887000	0.625429392	0.217033248
6.112888000	0.580058515	0.209565844
6.112889000	0.605482519	0.210014270
6.112890000	0.625482738	0.208079068
6.112891000	0.636140823	0.211093533
6.112892000	0.575569153	0.209174259
6.112893000	0.592443526	0.216793264
6.112894000	0.592582166	0.209666761
6.112895000	0.608531773	0.208528410
6.112896000	0.613547385	0.204872572
6.112897000	0.610827625	0.208802482
6.112898000	0.615108490	0.212290208
6.112899000	0.610213578	0.214054535
6.112900000	0.584295571	0.208394702
6.112901000	0.580482602	0.213402277
6.112902000	0.512956142	0.208967348
6.112903000	0.607313395	0.215052405
6.112904000	0.594833553	0.211350811
6.112905000	0.569185555	0.204025171
6.112906000	0.605590701	0.206588813
6.112907000	0.608158231	0.209755145
6.112908000	0.621248603	0.203857907
6.112909000	0.644849420	0.212973791
6.112910000	0.632154286	0.212007413
6.112911000	0.553742588	0.203989068
6.112912000	0.586380184	0.211849521
6.112913000	0.608357251	0.206541841
6.112914000	0.582442462	0.206029715
6.112915000	0.531042933	0.207087673
6.112916000	0.523251414	0.212648819
6.112917000	0.614224911	0.212542909
6.112918000	0.609133124	0.208687483
6.112919000	0.604800642	0.207331369
6.112920000	0.554781079	0.199960654
6.112921000	0.593968391	0.213321367
6.112922000	0.580493152	0.203404987
6.112923000	0.610478461	0.207295133
6.112924000	0.603878260	0.203617224
6.112925000	0.626692951	0.201546017
6.112926000	0.566351414	0.202966631
6.112927000	0.565175593	0.209840532
6.112928000	0.570423484	0.211764833
6.112929000	0.624253750	0.204699816
6.112930000	0.605929077	0.204152370
6.112931000	0.639990509	0.207504640
6.112932000	0.564967692	0.201983425
6.112933000	0.604448617	0.209333117
6.112934000	0.581207156	0.205374295
6.112935000	0.564613342	0.204457069
6.112936000	0.536518037	0.204906893
6.112937000	0.578773797	0.202391887
6.112938000	0.580988407	0.206638780
6.112939000	0.613198161	0.196997954
6.112940000	0.574019551	0.201702711
6.112941000	0.604854703	0.201967146
6.112942000	0.618347764	0.206013054
6.112943000	0.574776530	0.198859953
6.112944000	0.587225378	0.201781174
6.112945000	0.579283178	0.205885655
6.112946000	0.603436947	0.208130134
6.112947000	0.619952142	0.202930911
6.112948000	0.571810961	0.206138272
6.112949000	0.630369186	0.201846855
6.112950000	0.584180415	0.208093698
6.112951000	0.613949239	0.204344384
6.112952000	0.582954884	0.205363342
6.112953000	0.523360789	0.204457518
6.112954000	0.651175439	0.204759038
6.112955000	0.588002026	0.207451144
6.112956000	0.600629985	0.204205666
6.112957000	0.589006722	0.201871522
6.112958000	0.570307374	0.202512096
6.112959000	0.585469842	0.204814665
6.112960000	0.577792346	0.201683503
6.112961000	0.672379255	0.200901965
6.112962000	0.570568919	0.198467420
6.112963000	0.622969151	0.203009424
6.112964000	0.611787379	0.202910488
6.112965000	0.631854415	0.202730774
6.112966000	0.601935983	0.199636015
6.112967000	0.580161273	0.193262155
6.112968000	0.610313714	0.200861402
6.112969000	0.626185596	0.203821156
6.112970000	0.638571680	0.199320297
6.112971000	0.612765968	0.194822351
6.112972000	0.572919726	0.201340504
6.112973000	0.616910994	0.196758669
6.112974000	0.610213220	0.203590576
6.112975000	0.585152149	0.201778062
6.112976000	0.599535167	0.195259043
6.112977000	0.573365092	0.198428171
6.112978000	0.573734462	0.201668639
6.112979000	0.554751515	0.198033358
6.112980000	0.606927276	0.198874051
6.112981000	0.555127621	0.202389857
6.112982000	0.601163924	0.201786268
6.112983000	0.641833961	0.202466006
6.112984000	0.622864902	0.203879363
6.112985000	0.598413706	0.197131678
6.112986000	0.631247103	0.201733004
6.112987000	0.554028690	0.199073489
6.112988000	0.616094470	0.196209059
6.112989000	0.577809989	0.197593470
6.112990000	0.584767401	0.194046539
6.112991000	0.601454139	0.198353187
6.112992000	0.624109864	0.200111888
6.112993000	0.573311448	0.198706339
6.112994000	0.600667477	0.197608783
6.112995000	0.645007849	0.194452272
6.112996000	0.585572362	0.195106993
6.112997000	0.577254891	0.196323059
6.112998000	0.605088770	0.201588461
6.112999000	0.571042657	0.194961302
6.113000000	0.557796419	0.201487944
6.113001000	0.594254255	0.201882608
6.113002000	0.589178324	0.194270078
6.113003000	0.604276538	0.198055845
6.113004000	0.556057572	0.193761880
6.113005000	0.524078906	0.201330950
6.113006000	0.555417001	0.198060489
6.113007000	0.602771997	0.202202437
6.113008000	0.622805536	0.195260225
6.113009000	0.586436093	0.194697599
6.113010000	0.574458838	0.190488040
6.113011000	0.613432705	0.195669170
6.113012000	0.578982413	0.197509231
6.113013000	0.628209352	0.194050550
6.113014000	0.606318474	0.195510179
6.113015000	0.610612810	0.198044743
6.113016000	0.635642350	0.200650979
6.113017000	0.597834885	0.199480187
6.113018000	0.602867246	0.190052247
6.113019000	0.612750828	0.197201819
6.113020000	0.590832174	0.195147540
6.113021000	0.539543867	0.198880343
6.113022000	0.599506021	0.193877062
6.113023000	0.618930817	0.197386343
6.113024000	0.620322704	0.195876081
6.113025000	0.632049561	0.190585495
6.113026000	0.624245882	0.194629172
6.113027000	0.574138045	0.194935203
6.113028000	0.594933927	0.197373127
6.113029000	0.604199231	0.187951212
6.113030000	0.561005116	0.194771002
6.113031000	0.613975763	0.197060006
6.113032000	0.593398452	0.194035087
6.113033000	0.524018943	0.186484077
6.113034000	0.545895398	0.191045173
6.113035000	0.559704065	0.195723365
6.113036000	0.628973961	0.196496914
6.113037000	0.550611377	0.190634098
6.113038000	0.560301185	0.195140549
6.113039000	0.589259982	0.193308094
6.113040000	0.587227404	0.193627124
6.113041000	0.599235892	0.189589539
6.113042000	0.622222781	0.191550641
6.113043000	0.598667443	0.197258561
6.113044000	0.578496397	0.187286854
6.113045000	0.594245613	0.187614173
6.113046000	0.601589262	0.196668604
6.113047000	0.597392201	0.189636527
6.113048000	0.575564265	0.193187919
6.113049000	0.582249045	0.196101767
6.113050000	0.617353201	0.194940113
6.113051000	0.591502070	0.194155179
6.113052000	0.593968034	0.189698429
6.113053000	0.572255492	0.192324323
6.113054000	0.592749596	0.196262788
6.113055000	0.582763493	0.190507348
6.113056000	0.611783683	0.193402803
6.113057000	0.589678764	0.189085453
6.113058000	0.635014892	0.191609197
6.113059000	0.566814959	0.190577106
6.113060000	0.603380442	0.192877045
6.113061000	0.611089230	0.194404285
6.113062000	0.578314304	0.196393067
6.113063000	0.603418708	0.191748198
6.113064000	0.556491315	0.187951595
6.113065000	0.561688125	0.193809867
6.113066000	0.608474076	0.192827727
6.113067000	0.552223980	0.193449392
6.113068000	0.615363181	0.189996320
6.113069000	0.597049117	0.192418632
6.113070000	0.539224505	0.191868822
6.113071000	0.594356775	0.188269560
6.113072000	0.562093914	0.190135670
6.113073000	0.596734941	0.192215999
6.113074000	0.581335187	0.193120192
6.113075000	0.641490936	0.187911714
6.113076000	0.581161380	0.194359394
6.113077000	0.564620674	0.185765872
6.113078000	0.568908811	0.192288720
6.113079000	0.573050857	0.186817388
6.113080000	0.582686245	0.182283606
6.113081000	0.575149417	0.192767839
6.113082000	0.644128501	0.192797000
6.113083000	0.633342803	0.191872434
6.113084000	0.615111709	0.194576891
6.113085000	0.589387417	0.192163767
6.113086000	0.611555099	0.190489355
6.113087000	0.599528670	0.187517084
6.113088000	0.570326924	0.188089847
6.113089000	0.640418112	0.186435408
6.113090000	0.570830762	0.184093707
6.113091000	0.616453290	0.189292297
6.113092000	0.602070153	0.190268046
6.113093000	0.551119506	0.187850928
6.113094000	0.554269552	0.186179927
6.113095000	0.684029400	0.191954693
6.113096000	0.601921976	0.190190631
6.113097000	0.621932566	0.185465568
6.113098000	0.583553016	0.186942374
6.113099000	0.578690767	0.187669317
6.113100000	0.616030037	0.190368664
6.113101000	0.566029906	0.189162951
6.113102000	0.624207318	0.185509377
6.113103000	0.600495994	0.185831852
6.113104000	0.582108736	0.189232076
6.113105000	0.611743331	0.183750509
6.113106000	0.546452880	0.184016475
6.113107000	0.586955249	0.188258824
6.113108000	0.602152586	0.190048435
6.113109000	0.625450790	0.185865291
6.113110000	0.609495997	0.190455399
6.113111000	0.644008100	0.187724211
6.113112000	0.565099716	0.182538454
6.113113000	0.599617600	0.183905072
6.113114000	0.544740796	0.188436906
6.113115000	0.653226137	0.182949263
6.113116000	0.504067481	0.182430163
6.113117000	0.599260390	0.190579969
6.113118000	0.596203506	0.187254263
6.113119000	0.538957834	0.185917040
6.113120000	0.550789952	0.186965660
6.113121000	0.635117710	0.184210786
6.113122000	0.564871252	0.189904108
6.113123000	0.616373181	0.185932902
6.113124000	0.620174944	0.185381262
6.113125000	0.611776292	0.187723978
6.113126000	0.580371201	0.182754786
6.113127000	0.584136665	0.185480282
6.113128000	0.579648674	0.186761345
6.113129000	0.637431145	0.184825627
6.113130000	0.609388292	0.186916724
6.113131000	0.624448001	0.181972116
6.113132000	0.585858464	0.184797614
6.113133000	0.548505008	0.183735029
6.113134000	0.592432678	0.178818434
6.113135000	0.598740995	0.185919237
6.113136000	0.573625445	0.179531695
6.113137000	0.608139098	0.183707798
6.113138000	0.604860127	0.185340599
6.113139000	0.582536697	0.184003675
6.113140000	0.620577097	0.185302965
6.113141000	0.570756793	0.185536374
6.113142000	0.579061091	0.183583112
6.113143000	0.586390018	0.185844885
6.113144000	0.596546412	0.181360738
6.113145000	0.562820733	0.182603951
6.113146000	0.558611214	0.182629517
6.113147000	0.603007734	0.189270476
6.113148000	0.575172246	0.183439851
6.113149000	0.584794641	0.179990092
6.113150000	0.564183176	0.182261369
6.113151000	0.609332263	0.176429862
6.113152000	0.579548299	0.182833016
6.113153000	0.535337627	0.181938960
6.113154000	0.589300394	0.185168975
6.113155000	0.638088346	0.179541233
6.113156000	0.612279654	0.181183654
6.113157000	0.586293459	0.173659625
6.113158000	0.599090159	0.185624708
6.113159000	0.596245587	0.180859581
6.113160000	0.613161445	0.180988078
6.113161000	0.579181373	0.183219974
6.113162000	0.584518135	0.189243445
6.113163000	0.588038385	0.184946784
6.113164000	0.582873106	0.183869319
6.113165000	0.503001809	0.177488884
6.113166000	0.586952448	0.182907119
6.113167000	0.593454838	0.178984882
6.113168000	0.598908722	0.183357193
6.113169000	0.573721230	0.181935598
6.113170000	0.613111377	0.179019270
6.113171000	0.636620045	0.179406294
6.113172000	0.611300886	0.184946567
6.113173000	0.619956017	0.177995467
6.113174000	0.596454203	0.183074465
6.113175000	0.588122547	0.180504015
6.113176000	0.616526842	0.182929972
6.113177000	0.581251502	0.179303546
6.113178000	0.570827842	0.176431193
6.113179000	0.611545563	0.177465981
6.113180000	0.590871394	0.178440199
